-0.0232757567165836	0.283375581047727
0.115262188097065	0.522904050182642
0.27832722872128	-0.546251291263859
-1.26774434681571	-0.740056008437851
-0.0864883714881938	0.233360744903148
-0.316799171907497	1.43009842286916
0.156035293558954	0.574614600448801
0.314102339175677	-1.58577280160908
-0.559251880596826	-0.940387796367768
0.585563248858203	-0.490007063877318
-1.12870535266688	0.206464081537455
-0.759275060665563	0.395378117885128
-0.434724878953553	0.250033068564821
0.136983713783993	-1.22459699570026
-0.52254353560576	-0.46178452422246
-0.700179541285016	-0.18877291883916
1.8194658765426	0.792720865988057
-0.294832022707305	-0.825454446011638
-0.156418972652476	0.319593311754127
0.161323700747828	-1.30613699902007
0.0855564982873228	-0.464417509088182
-0.640014200098698	1.71865918975972
-0.410296651638544	0.83550485696456
-1.88282524536907	-1.08977267534673
0.586830552084674	-2.82762178757701
-2.38917497854276	-1.20919983109905
3.64815955439843	-1.18627388192383
-2.52873952878629	0.613459593907483
-0.11049967178639	2.2516729621049
-2.18326789742225	-1.98532814225102
0.595263620265066	0.1813179567144
-0.133825215544315	0.717153617441811
0.821931965573401	-0.10790589059096
0.0592394245609023	0.140264449007211
0.378002030993062	0.875234358063983
-1.46978923565627	-0.509911356268316
-0.191695526400108	-0.288327294733386
-0.0569907119052338	0.866486753767111
-0.499507980150727	0.0247593920589559
0.173865032023528	-3.33512992034475
-0.0395910192472841	0.373910589373356
-3.41804148415991	-0.113428649089917
-0.70043095647042	-8.64694484123378
-0.234094440773317	0.486548303200517
-7.90292515842434	0.850148856605031
-5.34869385399503	2.73904101537258
-0.0682370641769051	0.0395719454015343
2.59170540372373	5.09968596044207
-1.75687319018784	0.103437366115128
0.0650392193602806	0.153037801450525
0.346479184937461	0.0631347809852091
-0.174125975345943	0.574365559338126
2.23713655086355	-1.03685227692273
0.322936246591543	0.135585447955617
0.85591377050044	1.10864043139059
-0.110555172555466	-1.3390577856078
0.9570024318298	1.00556789711462
0.085841422706669	0.465020085689814
-0.377997224777091	-0.0319872756152527
0.0311888633799294	-0.437629153273032
0.116380875176898	0.713534417714471
1.5490145239612	2.53037208652599
-1.69451142707818	1.39383251908195
0.0774831844957864	-0.34681206005477
1.05183275444551	-1.95129042294912
1.76037559983298	0.98933661419693
0.902843919393071	-0.100993819123503
0.0329930692046245	0.78020778818289
0.506079376797766	0.0153809681872524
0.227194410046202	0.245295768731702
1.40793685483181	0.984978653200649
-0.200295975516071	-0.321534514882083
0.145353484106168	0.792861462789021
0.157295860129817	0.76405031027929
0.890356016939411	-0.666218481071994
-4.17150361131095	0.32150804651857
0.123781595613315	0.890875483826668
0.652090695536829	4.25385447687609
0.653562622143803	1.57386108741795
0.640749781730236	1.20903145936521
2.23694239986239	-2.08420322456909
-0.214257735938827	-1.22517780735401
0.850661432610401	-0.187375119909092
-2.07431421043643	-0.123731103638619
0.219987179703501	0.580913641767083
0.272178492213997	-1.46171447717714
0.131128901112283	-0.756251557941138
1.51920247637953	-0.872468814054591
0.296247709160392	1.07266506550835
0.511058400283551	-0.548160867644383
-0.00787311870778238	-1.18759851928427
-0.711086128093719	-0.200549722597519
-0.627397068547015	-0.019437361877495
-0.439019886963075	-2.24837516749906
-2.52073508062164	-0.506335150821229
-1.37274428692811	1.77007897137276
5.81096888430535	-8.35524794800679
-4.76537620047848	-13.9971631578251
-13.7224204893352	1.24104775834616
-7.25357962307718	-0.979279249818342
-8.18025022001272	8.24452873805853
6.01521304079543	8.58133849259213
-0.88191916690283	0.023502316447433
-0.341998926836383	0.594396971048833
0.105012955115419	-0.162003543857794
-1.15122871724827	-0.480021275203903
-1.7372954143997	1.49571180703375
0.159828919443994	-0.213495372791817
2.44932305209299	-2.26071356348315
-1.82171086644174	-1.44563827732578
-0.528122882020492	1.67831568084298
-0.280051446608095	-0.348352229212104
-0.965346306767402	0.226338784412855
0.242434474692047	0.704846666348835
-1.0772477631426	0.467242113553179
-0.0747959136315975	0.739375080649244
1.22595511817595	0.768239470050911
0.912250974714309	0.171527489254082
0.412558749871122	-0.342949284128074
-0.37978353497764	-1.21210833157721
-0.172497373979335	0.651497858145059
1.79481803961581	1.11408711608201
-0.839170207608907	0.888818353840081
-0.512894984730331	0.370071855801565
-0.248883848837355	1.65414019111542
0.434888776126726	-0.468578773924233
-0.316556994380873	0.152415397891421
-0.235212514685958	-0.448195196077304
-0.0856166626040114	-0.43120833164911
0.00340347301146418	-1.42411499837661
-0.826173730873364	0.123429969675238
0.837702135286631	0.0973766353039679
0.218087116956035	1.0446858487983
0.280543177512401	-1.81292513491626
-1.35259848127853	0.897571421758087
1.10841194100828	-0.530935682609946
-1.21519203304749	0.273320808494266
1.0873947314004	0.27509835297658
-0.795612708339133	0.0814502990355018
-0.38105743190906	-0.691216151261523
-0.688299434756684	-0.0043071127879934
-0.353195538899975	-0.383785968867229
-1.17462006966131	-0.31616820782452
0.279541629959113	0.0119804183739507
-0.417378061939936	0.726020721255715
-0.460211915014896	-0.286211088883528
0.0265195658959357	-0.394052225207982
0.384245740677033	-0.505389962695512
-0.112324985017955	-0.0296774720871954
0.291122618782428	0.229715562613799
-0.690400831279132	1.6168524915134
0.807034717151318	-0.952161256015325
0.0865834964899803	0.30975195901512
2.09822287439657	-0.133818368695686
-0.680260758008094	-0.567795672650512
0.044375829869609	-0.690116860951604
-1.09857973100077	0.364496433151051
-0.51289372797944	-0.158325558243309
-0.60344431217826	-0.0309156272241956
-0.853377787204045	-0.638052466943817
-1.64798137802485	0.23129190786925
-0.382725401785762	1.4278734161176
0.722223802274565	-0.510516416665539
-0.524534514424501	1.07339762045921
-0.443123014662946	-1.68852876073029
0.23933681332532	1.27221615780536
1.11736372822535	-0.554444847831085
0.820084714398716	0.292420158108302
-1.58153559494526	0.837886644854533
2.01528022069258	1.34968028615562
0.0381571399360094	2.23360700633187
0.786144265536763	0.798952211300025
0.225257532041054	-1.74303853755834
1.65486696647134	-0.364750694567852
0.159751615370737	0.372704990491584
0.664132958509602	0.210816182220727
0.207667085693572	-0.0414414372718831
0.267533145804307	0.441450852649597
-0.669410516506914	-2.44568399478876
0.181077801261952	0.0909570671022614
0.7952876752475	-0.426553821675944
-0.335752029881577	-1.35407451228299
1.16730305003444	-0.0941366635334095
-0.394770242592715	2.7351618902418
1.37416125484169	0.978613215494739
-2.47095730484109	0.0682516281050141
-6.70590294630291	8.36398748493935
2.01991643560014	9.35050085302727
-9.64025320047765	-4.75778354290437
8.14567492428541	1.56722523123766
5.71942084132634	-4.82401628606025
0.301508864482529	9.10747638339244
0.943006159241206	-0.00250596798472214
0.633521517359556	1.09039137738814
0.959699901004632	-0.0571230474911095
0.17094027383521	0.460145522666166
1.48234633983608	0.858510224304886
-0.600475266934565	0.224703092608604
-0.155403601486189	-0.340335981066115
0.0728185227109952	1.26924305202731
-0.817193418917739	-0.451588754799389
-1.48109130545189	2.17121343173974
2.16742800231138	-0.231097668622876
1.55858918660533	2.15131516183195
-4.00755008961496	1.90390657959054
3.95939776002373	0.424288447646335
1.59133346551506	5.40187584267203
2.47043213101757	1.97898526875437
-1.15337852302554	-2.72633664765436
3.12550720241424	-2.58138506992583
-0.387677718888369	0.621652941161454
0.560706133054421	0.21218129251115
0.222707448808488	-0.0640694953505401
0.0895250851970474	0.490382036352422
-0.380742018344567	-4.692907424633
0.256073634178124	0.0617678559474248
-0.748969895596524	-1.09810808556881
-0.478283162257344	0.344789435886408
-0.841060905922028	0.64230073589601
-1.24934055063476	-0.843766681921319
-0.564740567013801	0.341595348510687
-0.641559431914246	1.27160460467274
-7.03058820394173	-10.4286275267892
-4.49864601403514	-4.98141279966644
-11.3498149220774	8.40318964261819
-3.95795302366847	8.78578451337251
-1.98056343972477	4.78506718225085
9.98607286606896	4.29940126249346
-1.13411714003158	-0.263154957446024
-0.454829515879031	-0.411282427507563
0.046222758960838	0.0733605560896098
-0.657233102783797	-0.035492769667659
-0.168137271343512	0.567988763333932
0.00702253277205958	0.020010618633784
-0.346219786809092	-0.235918570451543
-0.343358578526162	0.730604712815213
-0.331739052691749	-0.396593010832016
0.719268250335076	-5.38319278175833
-3.46792442615751	-0.00233968272750663
-4.1129217477355	-0.792536726833953
0.722563518053409	-7.87009367806746
-4.6954149356424	-0.867767390687564
-6.12356210440364	-0.482687812307656
-5.91877486797401	2.22797023881518
1.03710499235402	3.77266924308987
1.94367949281845	4.33351429076522
0.0846867224347454	-0.229313065256883
-0.531490711273986	-0.370704111576556
-0.0894166569652749	-0.175546433461197
0.60227909739932	-0.701689894416519
0.90512832834498	4.57533477101885
0.217161936223621	-0.0378710729483849
0.667668723378967	0.876900805766275
0.379859759145903	-0.214820717747724
0.783153239037531	-1.60378291249636
7.05017925538016	0.389676794602296
-0.00380975449931755	-6.08524058294301
1.23012943274887	-4.97254314389591
-6.11741958862657	4.29537335774786
5.14661280938429	0.95596623667155
1.39601721103963	3.55218327722704
6.39225158284068	3.7620498934324
-0.517895896769761	-4.72369446448616
2.07080671927681	-3.99636172217036
-0.826152786317051	-1.28262370967392
-0.279255144823884	0.130882106131231
-0.980963069219967	-0.750251434335262
-3.39701096609614	-2.33105877702268
7.90598521648406	2.3696021733642
0.65849779316694	-1.83824834160112
0.731169790105425	-1.75203977028226
-1.04833240466217	0.123251684866299
0.41508949225702	-0.875722544234713
-1.23856108921831	-0.524930832462105
-0.284390618713468	1.05176848647338
0.0315575302315029	0.0574403415982238
-2.63211809598691	0.777893284172339
1.02592034082298	3.24411288416687
1.45918040862046	-1.34383689793367
1.72274880825541	1.7524464104347
1.99849867952342	-2.01817022046892
-1.29654566514576	-0.636445864648161
0.0331588160612144	0.0723550296280831
1.04857506226338	1.16024164946192
0.630640707758671	0.0983684381378202
-0.384544896542893	-0.190352324634034
-1.07920696306928	0.391492787002183
0.0695592668444131	-0.24508535268223
-0.577797321454736	0.678947146649515
0.118496488945355	0.836389271287514
0.273559484447688	0.016100938847839
-3.19201669152273	-4.20612830167806
-0.752012059555285	2.91049408440312
-4.51468567145082	2.41683202866125
-5.82902379909344	1.50131784486201
1.27782422150493	1.41901217256015
1.28489233615179	5.57928511869558
3.67943630697396	3.12847695403561
0.266007710747761	-1.45746774026432
2.90606532772925	-3.50762143360618
-0.915583401209694	-0.593733898195513
-0.403901049846101	-0.0723040144275586
-0.0945125297395932	0.00164702092449542
-0.306130107843906	-0.326819383373523
4.67756537856735	2.37920041687837
-0.110098548980094	-0.237438269430449
-0.115180384542272	0.595420682095073
0.183700874665819	-1.4302837722942
1.10522001170032	0.801845338093572
0.0885193840090607	-0.00624420535819075
0.64036721073889	-1.44304124933363
1.37133859774804	0.701938155035181
4.91592503752856	-0.342951102803743
6.33139158105622	5.08766664055836
-4.68518935551096	7.20820576223565
-2.67076607605282	-3.61157394079788
0.956232930188697	-6.31474807596464
6.94076513648766	1.14646296250379
1.10843303087035	0.0311054281962206
0.762923848961331	0.470992819917897
0.447324466131324	-0.0367319897832778
0.356030683126148	0.841391319287522
1.92778543689009	0.476651659240743
0.872569104823706	-0.491951211078209
3.13399883183783	2.10600451607319
-2.99023338901498	-0.114407978905128
-4.63070732261407	-2.63347809339452
1.19257996201695	0.224555657223187
-1.2180809576416	0.828532231575249
-0.165760788637059	-0.550809444382355
0.74801542575429	1.28476227360984
-0.935272956056117	1.00460533018033
0.786823782168226	-0.533666326386682
0.539677558593369	-0.622350429137273
1.26742583434614	0.496135626668286
-0.446913995425302	-0.37548011839368
-0.365167280676058	-0.78431312763494
-0.262392125129934	-1.31457424025678
-0.246407336954621	-0.0298578522544129
0.573099952966716	-0.380087856448258
0.665961243941172	-2.33900041842382
-0.508698985939966	-0.84574660309428
-0.297975707658095	-0.199126178026626
0.688804119268683	-0.628364846920311
-0.212666208193998	-1.00264775390761
1.95334050418129	1.48922081000299
-0.934824942244383	-2.03968827346805
-2.26425154808453	2.01487659398017
-1.0901615504401	-1.58743669393587
-0.45124528969356	1.06496791646284
0.579366877976331	-2.6033071772985
-0.526118785631812	1.75893545261205
1.00724632797779	-0.253384584158552
-1.91337004083516	0.320722460971398
0.153170302420336	-0.541009983953009
-0.764607115921862	-0.452647703820875
1.42371821237264	-1.64682897072945
-0.205856245836558	-0.0548144226057789
0.542932305530791	-0.701878068890394
-0.747377367293482	-0.347902149041191
0.321200086631151	-1.13923188544899
-0.514662409442205	-0.669773954126484
-0.0292113118033077	0.100121477061451
-1.25781135583208	-2.28583403792683
-1.28989379835887	2.76621327060265
3.12651343273539	0.234411367478746
-2.91773590512113	-11.8228421557668
-11.3548872238937	12.4370060682602
15.2124892350468	8.50101951727256
-7.10226999761357	6.15904222787617
13.136947991326	3.30165562039862
-0.124356732540329	-14.3535646509151
-0.479627982423517	0.595306711568642
0.562601991649708	1.27364943388909
-1.29510468403862	0.330489501076722
-0.481761282915719	0.249175831777953
-0.96926554651349	1.096892160256
0.190315554037593	0.00378872558908217
0.0449934603701671	-2.51277577582378
4.52075353578865	-1.65191879812607
-0.151894601468101	-4.86127581938402
-0.00590021222132008	0.871584260155692
0.484488363954351	1.15427597219569
1.06802552661153	-0.508418164431807
0.0257920632012676	-1.25833555161536
-0.702312295315225	-0.86471546667518
-1.79637113299584	0.640922721701315
-1.41685332380532	1.13508069750959
0.0323079995248518	1.16068287079934
1.7481065290055	1.32551488214307
0.372071604400505	-0.902922190747066
-0.0475548826987803	-1.8719419324072
-0.147154679411228	0.624582303915981
1.17284342102841	-0.52724933900732
0.291807210791506	-1.95565796659661
-0.381610432424137	0.398900548438123
-0.0492793438952528	-0.211597588026275
0.258210677028395	0.0965346207525108
-0.479775245463941	-0.385417276689462
1.22894965537383	0.475931677802156
0.924257958979325	0.487720582038813
2.03305018596096	-2.73082265297825
2.42960834393346	-1.36499917352906
-3.2752965041074	-0.401885745664441
-2.09677084324708	-0.356455900168708
-3.22992658518068	-2.42853671984935
0.222170599636143	3.2735659671215
-0.117790978127791	3.1605241275003
1.01409638048898	0.745558894952783
1.57195381457639	-2.89705741887102
-0.0634749645405577	0.375120768932761
2.52594371732208	2.54542768418696
0.850878500925902	-1.94192758995818
-0.755413172496496	0.889107453113437
-0.539757748114371	0.576369822382704
0.113944727573329	-0.609152287287842
-0.511526340670301	-0.83809940769886
1.76207666951931	-0.130859278407935
-0.405384102198647	-0.0378761030679248
0.437247816392126	1.09836066410332
1.35489593005135	-3.91254601553819
-0.938909486163593	0.662734530713245
-3.47978612451254	-3.14230798050386
-5.53780856794383	-1.15796260640643
-0.665682312117158	1.68566611813863
-1.28301202766197	6.1794765768453
3.57860908340605	-0.729542241284814
7.43762383481325	0.643046666221533
-0.909527623768354	0.518094316180114
3.40871506053257	4.72880259756736
7.41279184557236	-0.612027411817087
6.77251394344929	10.3223809971917
0.345639735964103	1.21631075244641
0.0904119178776426	-0.156361746514092
0.0410963447547143	0.0487171754162176
-0.127236689933563	0.217361721161223
-1.18328466235206	2.72772851238723
-3.18651860583703	-0.858698640789545
3.13584450784384	-1.16703337371028
0.570408225530822	-1.26447427847869
-0.00230835071324873	2.81261097899347
-2.65014560793652	-2.0917521265353
-1.75703184557936	0.308082429140659
1.90115457950361	-0.326392693729017
1.39433865874586	-0.409642286174536
0.788545941955572	0.756196186230453
0.653486278148364	0.763682982654018
0.828715661681937	1.57082643624803
2.60290884723574	-0.541136210993887
2.78625123817644	-2.3775863256396
2.90126179278046	-2.20758721157865
-1.91110961103377	-1.64362686087292
-1.0523623362692	-2.77845419721564
-6.07353463882666	4.94454021185621
4.33249400202988	4.91711513362828
2.32866627295147	3.52490785443769
-31.7389945546476	-45.9743985019953
-35.7231366121662	30.7349235944308
-30.8820925126509	12.8769032870701
-20.5025883090147	39.6526189081266
35.1832615495898	13.731372604342
20.9055249488912	17.4067846075535
0.260951989836809	0.962305428221665
0.668514495071451	-0.614127176150188
0.218991546340853	0.0805999692616136
1.09311063792016	2.0820882884464
-9.5069500718899	1.3925082382109
-0.441107946631944	0.466231830660182
-0.312976848783408	-0.225412001037199
0.953542248046646	2.54881544373034
-0.541218268772187	1.11332753136641
-0.151890658323915	1.67963172786938
-0.373829407126772	-1.20516822278819
2.41373553998074	-0.209890169216825
2.04884310165547	2.7112336143657
-0.354882852271449	-3.39431235263319
3.92645048456256	-0.4398669790881
0.748632577439518	-2.19331717644599
-2.35267960992004	1.62664628835708
-1.58786518878095	-2.29099215687303
0.817593058068437	-0.50574824023927
-0.316780946057307	0.0747183046337325
0.0597168645267713	0.276364155554351
0.314681777867656	0.359917984112032
1.69775488981566	-1.4647382217341
0.591932115863212	-0.0855575241079155
-0.612865061703942	0.382534932186689
-0.842323131680151	0.440938493341482
0.403279156836883	-0.0292649041385806
4.59239156545463	9.85394075095825
3.05013152269937	-1.24226257713422
-0.167665593698457	2.75653969418522
3.08543636354127	10.9903437734805
7.30728592080228	-4.1827226068458
-1.21460602773049	-4.70520361599496
9.2387932733741	-7.4620456368781
-6.36802702261097	-5.95401848392934
-4.63275048138923	1.25437447784351
-0.96946409165419	3.89157048649028
-7.6140202244849	13.7594184337037
-0.245423430931942	2.39301860700254
-6.31579815613047	-0.35913087649285
-5.37737683699991	7.86278102781266
-3.79414720564803	7.79543372964344
-0.232643033912354	0.485422440778894
0.592980006998794	0.778507362263803
0.134948805501065	-0.352390335958899
1.32223665047147	4.16982362789081
3.02779337906613	-1.8181712183599
2.85618308170307	0.0933554061217256
2.10238636780844	0.114176546052945
-0.743010645126511	-2.72156378743805
1.95966581465557	-1.85016464370768
-0.521581915658044	-1.4593740201259
-1.53576668706782	1.47765371910401
-2.08583784369918	-0.621309436384909
-0.584332956836935	0.371238516537938
0.825711896235478	0.313751602711179
0.157785547951362	-0.191171668500005
-0.603177152026359	0.460908875443931
-1.69311744676253	-4.69422659957473
0.0423415229318862	-0.26317665366835
-0.143776431089037	2.64281427708131
0.663598552023369	0.396973130709149
1.41956861317075	0.850511365173869
2.33369781394188	0.21745571081522
-1.09554944882967	0.0137643701420503
0.168762112839625	-2.8914625325595
-4.68329798663004	-2.59549021593835
0.387095386772499	3.77616158045193
-4.01635005210654	4.36448725335591
-0.0502488751303384	4.71510595986479
2.53552276333213	-1.87570032793144
4.87522131662561	0.962198960670816
0.903483392408635	-0.819499765462432
-0.696813301940571	0.170954103600091
-0.203979365027871	0.284935987246618
-0.125649199209485	-0.291112852532742
2.10717775658305	3.01957798033425
-0.213344875310131	0.15465177201201
1.19322702162091	-0.874513748794678
-0.51476948897267	-0.830271373011479
-0.478631215737565	-0.280270052317665
0.00752813685827786	-0.851551610868706
-0.497313668162864	-0.465201989649883
-0.598671355063675	0.108105269402814
-1.82432782444192	3.39015788462339
5.01687785669223	1.8898853391445
1.55495790213057	-3.46655270428332
3.46763868447714	0.0322906399039398
-0.512956422256019	-4.5160929702862
-3.09626446725803	-0.0314928700587542
-0.320940626788466	0.310049110160257
-0.219195455258609	1.70269546150858
-0.0553856610241026	0.409623000286954
-0.488189886000479	-0.41635854918829
-1.63730062465419	1.0685589763115
0.298731077434813	-0.0803965814787855
-0.223289842903295	1.10185121118561
0.18575442641472	-0.847464163882018
-0.583690368098848	-0.498084599784655
-2.58885882777266	-1.65723931291482
-1.85948904272846	1.27231985707651
0.455706733654474	-3.42289929341741
3.90106807487772	3.62390763868419
-0.611946926067188	-1.03738273420363
0.909912480162283	1.7409111476381
1.16225339357769	-5.19848415838743
-1.27183239805371	0.277890036993431
-0.147496080433328	-0.962899996462416
1.1688025210218	2.22699644465308
-2.42721841917326	4.46134069141243
0.897155616510409	1.69644502170519
-1.58779866269037	1.04558588319626
0.216893180890791	5.38287707591823
-3.89326766995702	0.920944717975035
1.00001632036819	0.0996842798581244
-0.525924408852266	0.430611505364168
-0.0833521295150702	-1.27317033913897
1.33946460093247	-1.89201725007424
-0.816936224157981	-0.0556956676093203
-1.84206775903524	-1.37621218196084
3.66852635209883	2.32464359646559
0.406924207093123	-1.87099646627931
2.33664537677626	-2.57236593208262
0.801536350688609	-2.88362795896505
-1.5544734674427	-0.00925421246159787
-1.95855389680427	-1.44794663773206
1.29027996010945	-1.0538571493965
-0.483506123662776	-0.27666889344347
-0.0654347192966805	0.100250569328308
0.533180166145168	-0.426521287170465
-2.47874453200235	6.15818800003802
0.405054082945043	0.103668575655453
0.120867135974171	1.44178668981636
1.2214478773827	1.96895222222364
1.70663617530053	-2.55224135818591
-2.50343118222278	-0.459335575227304
-1.91385582919042	1.12935631757049
0.63984215210798	2.59795476980343
-0.566487019344169	0.387848467925888
1.79205871348584	2.3284709672569
1.1454787710441	-1.43702879957814
0.0548905833651981	0.240856134388299
1.05633187948359	-1.85766110603895
-1.23711242255765	0.00597296161811268
-0.017037118922565	0.231096734728039
-1.78023668352364	0.327578329473369
0.0155305778228867	-0.465546091628471
1.02140896811965	-0.737115492199366
-1.63869090020049	0.635691992241508
0.181268042231115	0.0488936135893503
-4.56580965451133	4.66993941332306
4.33318212424955	-0.545839311815615
5.38628329598386	4.70963691595817
1.02417170616598	-0.544851584961021
-0.714049013818748	0.57574255643916
-0.704435724162877	-1.11507367733087
5.84304617842599	8.10719871804792
-1.45742107164091	-3.71275076969344
8.06337776259542	-6.15228663375874
3.36350664831569	-7.24339106004415
-2.05407647719785	2.54530734694156
-7.61666702909791	-3.36557555173602
0.100504696810711	-0.0715805555218399
-0.291657919910544	-0.409115866430544
-0.244352497107614	0.0427504184462987
-0.242499315598835	-0.158859353080919
2.79300942771062	-0.582251430649225
-0.47424416958406	0.21304969438427
-0.820198310051019	-0.310313561989871
-0.717742696788523	-0.475160717146691
-0.900120545004443	0.303934059100359
-0.414767154037635	-0.285519292848114
0.894480799929178	0.707727250535037
0.344758760522876	-0.633998223755623
-0.866259812228574	-0.894334558243537
-1.43867221510425	-1.0623106106887
-1.49138380814851	1.89900678989854
-0.164399984174921	1.13982056774592
-0.0808187678915715	1.43449624623455
1.99579333963183	0.210156481666817
-0.400621621504349	-0.41883482078181
-0.0553966350727071	-1.23422754496347
-0.287709464196326	0.304550013317189
0.184551150196155	-0.200583636300602
0.0172604905029656	-0.909276693836963
-0.410626193697893	0.0551330265744392
0.129883226836915	0.11910441251371
0.838762390486786	-1.04862638837617
-0.90168321405654	-0.856413300450136
4.28567513488708	-0.51765976147596
-4.38383198197396	-3.75115326624236
-2.33183667490332	5.49171420797702
-5.62847597757805	-1.68728355858294
3.65270472805832	4.39736624321359
2.38423530644171	-6.41060809014053
1.63408352043823	4.29479170443508
1.51855354866475	-4.5698962292142
-5.89444593481337	0.104110446539877
-0.740236386470935	0.0460197267460574
-0.776557232856172	1.42888756156306
-0.827431256925503	-2.38204749809498
-0.823577852442	0.474175434720849
-0.982950997474279	-0.0410867955978139
-0.689116492709387	0.108211786350134
0.0860439847760558	-1.06221802663245
7.95481273506027	1.75621336369461
1.09607342509128	5.86248634689979
-0.352155602305837	1.15701283037915
-2.72335596961741	-1.97373127214527
2.18641379267391	-2.51132346493442
0.903960932915387	0.0805200323586915
-3.7317979288702	-5.81688616859432
5.49949629201225	-2.67635837277726
-0.946244306788612	-0.568823699345386
-2.9996387361302	5.14953937072615
-3.7842729317153	-2.38652914888399
1.09748792801715	-0.532153706834343
0.432013721171089	-0.0897077947401641
0.368826142704128	0.0869904445415227
0.833670742847062	0.717406901853297
1.90745574467464	-1.04086872802149
0.869461161716462	-1.35854513776126
-0.094047374539488	-0.416763238541258
-0.214364902090473	0.625805709785544
-0.32909620162026	-0.0810933976839236
1.6172544830849	-1.72998387399744
0.382526770960927	-0.879433618033385
-1.99966164199231	-1.61788326957694
2.61382902915592	-4.78119412937381
-0.058755068631431	-2.30128863641757
-4.96360306742785	-2.36462649084899
-4.01925236847895	-0.726481437400163
-1.96776535635217	0.837133903401388
-0.39010708960635	4.26555306419221
-0.815314170700395	0.166473592984471
-0.562391806327038	-0.585330168229329
0.12739199751935	0.0450508967545597
0.124282160822694	0.48212495513333
0.146979404601414	0.550416182486658
0.0746680746722038	0.15210038795678
0.242793191433515	-0.286553126852281
-0.744939734438439	0.457304888675802
-0.52878843493387	-0.672536234133539
0.743090802788317	-1.28517889904868
-0.468323104586567	-0.105115405722612
-1.27721641733107	-0.716148053658505
2.85190968478268	-1.01379864670994
-0.775628931456072	-1.70903966332174
-1.21807614440378	-2.2493182275248
-1.59332269596463	-1.57105482632039
-0.942062176809946	1.01759751973178
-1.0758261006059	1.36961266302888
0.197275999964974	-0.284166496212239
-0.835289887212993	-0.155534952301798
-0.179096183462567	0.102728292333416
-0.0767975525149187	-0.487191034776643
0.360163968814352	2.93803723776644
-0.0498110171578813	0.227530828647021
0.620063203233897	-0.353988073613998
0.562588229744458	0.636768100792462
-0.0680250210468116	-1.09652114446359
-2.10058689914248	1.56950142158783
-0.555681636323038	1.31876495696812
2.09264294145576	1.93572313941751
-1.98084380880188	-3.69211815927841
-3.50515729591314	0.280086314139437
-2.74545245091656	2.64543199507084
-3.77714313339369	1.32125476305018
0.729452427980662	3.41360389250325
2.23188033729176	2.90249814480795
0.89603143911969	1.377324990628
-0.66523657649048	-1.41529976741392
0.176704099764371	-0.175607462998192
3.05054331205254	1.59932885886709
0.118007020152796	-1.01918328969517
-0.141158320260098	0.167551307590485
0.176498527159948	1.99215837650998
0.158483682749752	0.639072674350731
1.50745849982397	0.665470685434506
2.50492572692174	1.5941197451259
-0.765545404189376	-0.033748147636766
1.4013007464628	-2.75420189098088
-1.56714332896118	-3.99705967485406
-0.300218320551524	2.38000315565685
-4.83212549729188	1.61863021890441
-2.53629857948711	3.34179653614836
1.96843766494929	-0.723649670963754
3.58246165627207	2.81703303728835
1.32535870020363	-0.879575348443975
-0.446547319842691	0.00720959024080763
-0.197229962138453	0.175264562054525
0.237261810278288	-0.389916062192287
1.11918709310504	1.91534014381575
-0.184002708612235	0.0594776465230336
1.57900096599457	-3.94178748638976
3.39541988002458	2.61213251938209
-1.82076932126574	-2.76269796526211
0.636516924225738	1.1141643679323
-0.37702902194616	0.422785328053063
1.12762946320558	-0.498610650287206
-0.926763534651579	-0.463254841269105
-0.332630349792222	0.213940153607061
-0.166313055018297	0.795110396022987
-0.925458524574535	0.990028085873687
0.200924704803985	0.535510014636837
0.956283494970012	0.52244360401858
1.29197301989658	0.0466498112308452
-0.0195277488033435	-0.0427163867456613
-0.0506809948423368	-0.222127391662077
0.981264181733264	0.186078447350074
0.807220495712072	0.296671299230451
-0.371139458015789	-0.275869428619085
-2.54557215458626	0.454452085078002
0.869811989884653	1.6682462052354
-0.156615872320841	2.396657977632
5.85860513552244	-1.02144023424944
-2.16526032348027	-0.557951049674328
-0.769940022674299	-6.33611193577499
51.8551163842419	-78.0163293302466
-46.055024031003	7.88224337558346
-74.0440238156652	-61.9701149227477
-75.2305124390233	-3.4622275179878
24.564876109904	28.5980079215776
-12.2241157376017	75.1321364260245
6.52303203749265	-2.68056280964363
-0.389538878904396	-1.37797517230328
-1.19442950646855	-0.0694372662077962
0.586916013029292	-2.1923010384212
-15.8881094818598	15.5714629670817
-1.2885816530074	-0.576065437170004
0.785946646674805	1.23444183521844
-0.163698967045295	-0.76886463447979
-0.750347789090212	-0.551195109212766
2.65105562142116	-6.33145005612359
-2.45672529143306	-0.687650867477116
1.50962822347689	-1.45004799465094
-3.0036731353488	6.87643435088372
4.76143628025206	1.34096829952435
1.67036382716941	-1.81093792280381
7.48613250376355	-0.0587759169100617
-0.2378625966111	-5.13362713616453
-2.30066652772643	-1.73555653066099
-2.00604662914846	1.51603137875014
-8.79307727098285	2.18366111031416
-1.37438793473825	1.34486616494675
-2.50420153688283	-2.55700654224844
-5.0795288786084	1.34749952922038
-4.89089380919877	0.390197026968729
-1.31226970632915	0.223912938659193
-0.0809548353730833	1.0667835549736
0.456918953654406	1.47113523685323
-0.700706017119494	6.11019944613776
0.583399095667423	1.60279772989295
5.40217360960422	-0.073535862303365
24.8634520198393	-0.679912292917776
-9.5854156070965	-8.61761256557798
-1.27990167349188	-26.9779238928601
-11.7670507396445	-17.8526067875675
-2.58476947524702	10.8708533254258
-17.970521172094	12.9342816135736
3.56596445015435	3.29449558832369
9.04188107802189	6.60657678972542
0.455796659110823	-1.02912227308229
0.512562932636598	1.62076213496778
-9.48589057303532	2.69133860616399
-0.532863453079113	-0.99485231888549
-0.620301190047518	-0.240502343956671
0.0214251748135029	0.497170144123874
-0.457386375666772	-0.321856203906792
-7.94138060753064	2.19403895334853
2.1650672324559	7.34330516932133
1.23354067326699	6.01553743577566
-8.37721020997154	3.89320713458355
3.06429852109801	0.0353937306243635
0.642828083884447	6.99366477911908
7.43195733183164	4.34683083730042
-1.18152143956299	-3.19467066021562
3.65926092205093	-4.68367436269442
-1.24342518196748	-0.569971831088906
0.0982322911850401	0.0793851722252495
-1.38005267925872	-0.212526334098233
-3.82690316896899	-0.00855708049500916
8.41230215933799	1.36521966744861
-0.334077356470404	-1.91052048185463
1.06618870934193	-0.677726112898699
0.530293722534515	1.17186051088617
0.59686484268874	-1.22520559241532
0.328969479830428	0.31152614831356
0.857537960999779	-0.0160245657457493
-0.00741424541800566	-1.35327643139082
0.438663716974644	1.93504436496126
1.9903752617446	1.00766195773881
1.54810467749533	-1.22661713384372
1.60647676673602	-0.745328882492417
0.00606619046121079	-2.09625387060324
-1.33221835246355	-1.03810610166965
0.348297607425316	-0.0259856069224894
0.961668026323406	2.27104813301879
-0.0410103769580472	0.0111825830520186
-1.41514323589819	-0.102159248213157
0.82659189395201	1.39362269842938
0.236815920753647	0.220964739791521
0.3199702856438	0.321104904303138
0.0372234935101047	0.0331001266776945
0.360472783353697	-1.11979749688356
2.53017179265326	0.940712669391853
0.840896887805455	-2.34662338324275
1.0257109693838	-0.490980303932975
-1.71614310581765	1.48072047408851
2.77435592675539	1.59092527996197
0.515060928663881	-0.0960154587271925
1.79948254417767	1.67588582203425
0.788344684613108	-2.57243539290387
0.395615333356971	-0.74163683367505
-0.27391743564831	-0.804927268457446
0.564417958253226	0.0252962068157865
0.192003080330897	-0.65041472273976
-0.834310628365582	-1.49851222162231
1.75700862742062	-1.24199278576095
0.857529442935182	-0.186000676168663
0.285847363198019	0.363296460335238
0.2900382472396	0.434515146999711
1.41039005252992	-1.12787986458423
-1.89674126041555	0.443270502320745
-0.428570489438492	-0.1362621745352
-1.56986411552983	3.47966865943424
3.48674665384051	0.0731193881004957
-3.20762055897238	0.551902232715097
-1.46095333535742	-2.02325140408337
-2.75709641697236	-3.50565464173822
1.02933024138309	2.90266213738708
-1.30470389864725	3.3522712821985
1.45406822673074	0.82687836125519
2.20684040045522	-2.42484034068181
0.103361445053873	0.179635573726366
2.33556818297355	2.32747552723399
0.798107303219287	-1.1806841500952
-0.677510808276924	0.626833334579793
-0.121228810523223	-0.59519894436981
-0.43365923204126	0.564728453228375
0.948545553257742	-0.0488453376930885
-0.350451576676289	0.836085515896522
1.75531863350963	-0.657263374270947
-1.02714534720374	-1.64592295933443
-0.264867053385541	2.21599777128403
1.93651135459128	-2.58548198643779
-2.17556646682066	-2.70811837735799
2.32193890903195	-1.31706140594583
-2.89231445729022	-0.797180327437715
-1.72673904814069	2.11575391806781
-0.430817393771619	0.855627644977231
0.163186764109479	1.51335196849297
0.0781501256811141	-0.788982078895099
-1.31795951129703	0.692108549586343
-0.553600059672542	1.8110996973025
-0.199888725141855	-0.508296664307871
-1.38313048317048	-0.46724792321137
0.302557265505333	1.07438257448065
-0.760129003198703	1.36633227347194
-5.63834094455889	-3.19615524860105
1.65780290505294	1.34669759368173
-3.54652271177279	5.82925919234501
-39.4149052519103	-25.2919604049718
13.2222747967969	7.51466178055189
-24.7076670288734	43.2906340216035
-0.74344087133961	36.7643206011596
-0.537089648813834	-12.7216046045654
38.5703599984218	-0.240623867493184
-4.88618142509953	-2.41174626440659
-0.851689163057266	1.07959493309156
0.773134520449073	0.839210194353312
-1.60275988177078	0.666932328541792
8.37102051088965	-5.03946201762146
0.827791074502846	0.720918261184224
-0.190569674350541	1.0350998764132
1.54863747114194	0.938076544698372
1.16621796642543	-0.557596451769384
0.435793535133046	4.64400637481302
3.56789970744308	0.572482702849642
2.51553718667424	-1.45984221416856
4.21141316678121	-3.38653565973712
-2.87337176959979	-2.75718170375075
-0.171467413443191	-3.3528716560228
-4.13845297999971	-0.856494179840722
-0.369936880824343	3.2305574073416
-1.45363400131118	1.45903115692235
0.103329497643918	-0.36052713385237
0.868757344525464	0.232148549928339
0.563661234656512	-0.198221757867648
0.278064422229549	-0.853251289593734
-2.98972049948974	-2.39873649364705
0.203788484469175	-0.142416701165511
0.0809386855124904	0.337868160166805
-0.199070959900598	-0.203752321450795
-0.415512481669315	0.142645655348219
-0.107043196559751	-0.656724889994713
-0.128765245939936	-0.286655366559745
0.738033422098122	-0.0439303015180636
-0.593487589384442	1.0773634639778
0.8238239472109	-1.08768323909067
-1.13609259714351	-0.351126152037912
1.49549181180589	-0.0944469917606401
-1.01896998681313	-0.408697626812091
-0.0570881986453137	0.613701076726439
-0.869444949237681	0.198888481629624
0.0121963654674853	-0.216637327468049
-0.408271780974757	0.292721208021662
-0.537275121076349	-0.0940284650938756
-0.95535035129227	-0.543918393228285
0.406609709907438	0.848324141621977
-0.374810632900103	-0.170315583460257
-1.01067448692086	0.94580366664212
-0.543902621803279	-0.0234388636952811
0.0585367967254924	-0.164516427700812
0.618042505097413	0.0199586246546487
-0.721277122685847	0.189394469208786
0.603149903008117	-0.0679757782205336
-0.28599976205673	-0.619776104336448
-1.00550537701608	-0.200743889598694
0.0791837777611648	-0.26591588363271
-0.30353198902762	0.0921679503499267
0.213247962576387	0.362458592729638
0.114472566530653	-0.212992233534489
-1.26341855323588	-0.0439202303987537
-0.284521966243009	0.274530568710221
-0.575243577197023	-0.394346747325323
0.658518945034545	2.45442695868619
-0.435983662833108	0.669365313497001
-0.264549707033802	0.439898539217157
-0.260281606312544	-0.233163463437237
0.614751267621773	-0.320300476386456
0.804201975590721	-0.552886774700334
0.367136014960037	-0.653979019108106
0.554863721131026	1.08254772303455
0.449284323820666	1.6159362473604
-0.00741664806551754	0.0902308045585429
-1.03782324511905	0.00689137725814587
1.03692651572132	-1.03088815223613
0.124782451811495	-0.0134595760884538
0.322056048791858	0.720607101938529
-0.198520505584998	0.107122458493907
0.770936577750169	-0.417261396893189
-0.0578430344895659	-0.267774624221546
-0.117857879405149	0.0715423566402774
0.209099750283591	-0.153876488473286
0.778782426952242	0.437663447396607
0.494887540882328	0.535715672553969
-0.0310333701741683	-0.583795629594052
-0.62807025709448	-0.429974659208243
-0.458695102099162	-2.6672052362562
-1.6524676761384	-0.00967551850089624
0.832403939536942	0.264179425672583
-0.246800998000504	3.38609237313088
2.46579561009043	-1.63527374408877
-1.30888675369373	-1.00623582149354
3.3232931807033	-1.41436545480137
-2.17680282317357	-1.7412853825413
-0.75840535958207	0.76962292817984
-0.823829392001369	0.881060147144487
-1.3687078523568	1.98536872886696
-0.695851852381943	0.737733310856217
-1.5092127819772	-0.123339906140426
-1.73047673554271	1.24953282942729
-0.301886523070788	0.315110956146052
0.128027955693595	0.702012717056024
-0.169412415374429	0.191623584218736
-0.0215294394371309	-0.690794076718852
0.898554965890999	-0.722748870776379
-0.874524674442237	-0.955342030172621
0.250730153897802	-0.15566895147957
1.37533463044194	-2.31721716857686
-1.22795739977228	0.232726103688528
-3.74041694556548	-0.240144420423532
-1.25973412262462	-0.431306224883265
-0.320026602017153	0.261444811139825
0.535439824594696	2.10510294535418
-0.285693618678525	-1.32055318418906
0.564482999892331	1.44298122211609
-0.289838533048466	0.664864675208514
-1.40705066341856	2.07946588753078
4.43006767933978	-4.09735393225611
5.0296031617447	-3.63257443125391
1.22088577192052	0.249593452203035
0.0965673660525218	0.918042409846034
0.0793776998252011	-1.38355057575628
-3.22238089942285	0.447144480444843
0.261458377213794	-0.178079848530831
0.595512493269277	3.26758433119436
-0.331624779389715	-2.60425897405277
0.164546401381136	0.560904202618283
-1.25098693196246	0.189756643996634
-1.88473933790349	-0.71672536061525
-0.451783863353679	0.0480823668396673
-0.802874844804784	1.41244823981221
-1.24814040649169	1.43801785798273
1.19942620501578	-0.022251525019719
0.608070554732103	-0.230549123563659
0.676318341840123	1.58167928700678
-0.190350805426946	-0.397439585452396
0.604200713528399	-0.0705424338760114
0.983149106956466	-0.650263997256592
-0.579689709924255	-0.0660632198119677
0.440307469068484	-1.35148716807614
-0.614782011495499	0.260718990248381
0.611907389532431	0.50532614508632
-0.437219707402412	0.0408899882645244
-1.65734770603614	0.961439565110097
0.839491188531964	2.26915959936801
0.0392486294699632	-0.922232776000296
1.47129063422969	0.837822309687134
1.28890498096093	-1.52779178758688
-0.635001854024264	0.325804926774422
-0.0325340059360644	0.186489333618988
0.96834082619344	0.675303554652444
0.327177717946951	-0.0324302535114017
-0.296317928984611	0.417009267946289
-1.27850276071789	-0.938168453545686
-0.0257991113413687	-0.15109156366866
2.30735344539812	-1.21686813966718
-1.72099842668571	-2.12335373030323
-0.782028830406498	0.341641271166575
-2.20986872739687	0.269877833283753
-0.0829827531225462	1.32509170653838
0.718284870192443	-0.0477866382100095
-0.618818570158712	5.5400007311546
2.04187471025366	0.649727564880334
-2.88492032757244	2.58894115658804
3.42890026564735	-2.40974623967487
-0.750976981306715	-1.47382117051983
2.45395623710891	1.66693666359485
1.85120694842105	0.445009294875623
5.40063088425122	-2.26196242071341
0.377162023429037	0.907986030034039
-0.0155687655503977	1.56051628015671
5.65307658108021	4.75667713516623
0.0522768955880042	-0.319690530734593
0.524493572669243	2.73783381579225
0.336816814321867	-0.989991403075787
1.04625932589229	-0.798308571114426
1.60351849758074	-0.301754928707217
-1.47349264739977	-0.63142850996245
0.740402429871454	-1.64358107352033
-3.57541178277823	2.9323475346016
1.84694440651264	1.68804352452082
1.54913875925274	3.04414699394621
3.5522864219615	1.58071580042539
0.583042275492764	-2.05677048114189
1.54713368561031	-2.56523797637804
0.0226783561725004	-0.280115982560606
-1.06882513552204	-0.341294428923741
-0.329299002370538	0.158970342308443
-0.281729271193435	-0.645717364040336
1.82914839331381	1.99345181996983
-1.29179899863588	-0.369059048285192
-0.204718360931578	0.681968222299653
0.725182317963248	0.126321534155925
-1.00619480322564	-0.0388545806819205
0.642354339192451	-0.26055671275216
-0.107336976983757	-0.0307010791307528
-0.493432052127875	-0.0837288784078718
-0.332411761672285	-1.67318419321531
0.677132586867144	1.55408380581949
-0.465016879176102	0.0605861443399638
-1.36833822661268	1.19654707434569
1.04314219820612	-0.656254899784888
0.628981744437741	0.498581931077351
-0.194162811700552	-0.723587688271718
1.20182727518125	-1.04006590786573
0.160463081800392	-0.613450948812664
0.943246161726673	-0.223720125664354
-0.0199493139442752	-2.50524634815248
0.304400682014661	0.616900202352305
3.14236690311058	3.06835918381018
1.11487508135779	-2.52029067841578
-0.0849596334688667	2.28223923835976
-0.20860345221967	-0.482008596273055
-0.633420051141278	0.27149667798061
-0.198574566086192	-0.589646754733762
-1.00503777982158	0.784861128675792
-0.130565953476658	2.44405152282865
0.397516094284495	-0.446619688491766
0.50264406207031	0.271017990624333
1.4711992168584	-0.674212391456578
-0.44294204282146	0.398866991017835
0.970761010859499	0.125257249547644
0.168155608169702	1.86750705642452
1.08662581336642	0.635730427444471
0.217208509148502	0.398294687980979
1.4481431517707	0.997020470901692
-0.531800613139112	-0.24829464215145