1.19542777982111	0.00397622569688761
-0.0839471617406612	0.543974978188808
0.588443363847937	0.016294977109353
0.0448307551047261	0.698698775043285
0.322166325550119	0.0188447621173061
0.805208366123618	-0.00974217738490317
0.107350358474463	0.197650232164741
0.526501501538187	-0.0369314963988752
0.38308094018319	0.0693913667306795
0.327931000257149	-0.0195438240008591
0.159525217053956	-0.0206049308434045
0.852218438542977	-0.0198147299159925
0.655220381464955	-0.264959031847412
-0.376150793081184	-0.217124046235456
0.790645096147034	0.0632078396159096
0.137278301248541	0.305657973031355
0.202176640893474	0.248963676380601
0.742191061667814	0.0190717236305605
-0.705299528518603	0.117289184508968
0.113296788155534	0.160944579515826
0.96250287876411	0.235461747274275
0.709536402260013	-0.119981818212006
-0.069849217821968	0.748544812150409
-0.479611240579705	0.186017058771022
0.947660222317457	0.0452225472949118
0.0946698482522376	-0.0781985557430061
-0.365436569046507	0.0476299619654663
0.0918804078466279	-0.196416563182573
-0.227434272543152	0.0668163722833697
-0.0937293542102762	-0.275413587866786
0.245092104779662	-0.0906437715631879
-0.983915969111322	-0.0117876611564864
0.240458961111048	0.0865465067914283
-0.227029726743183	0.173870404284869
0.921287455359726	-0.00889247484884677
-0.296435569039126	-0.0905943671842678
0.159895357916014	0.740276702052836
0.00561250105873132	-0.389393584905769
1.36526437562111	-0.171438148485568
0.249694580419047	0.472084977687076
-0.196346355850028	-0.172869107607267
0.307830424091502	0.218032452173597
0.852979819779238	-0.119439143268075
0.480421133955698	0.00170670544111138
-0.67068725728283	-0.0244687401172897
-0.12889297596564	0.124572966150813
0.760956986112397	-0.226042335472173
-0.427619496790129	-0.40141809191776
-0.561271832822172	-0.0710270906304615
0.779279320381165	0.593326572899026
0.723118310495179	-0.16725608540175
-0.593630834434054	0.642295975576771
0.818493957747711	-0.0302845700151642
-0.574150260874871	-0.122183070354518
0.22440670564448	-0.208025801440626
-0.0967831846320108	-0.0136251007570958
-0.170564294760673	0.32234315521618
-0.427319802616211	-0.229199165792044
-0.373871035392672	-0.405048751838803
1.00328033723115	-0.193761502509515
-0.729040965456082	-0.375451867736462
-0.631279436404563	-0.121481476319236
0.526111376226124	-0.590958611583609
0.550718003049978	-0.0717218274862988
0.0146439022876475	0.0790839064398645
-0.0649452916759268	0.0797401436722032
1.00525899028923	0.0037809703873638
0.00451362909590267	0.0486959411275995
-0.969898670487008	0.480533868453181
0.407694128149984	0.714979418991679
-0.217594465590202	0.544727384062094
0.986345372889528	0.297163571046521
-1.19542777982111	-0.00397622569688769
0.0839471617406612	-0.543974978188807
-0.588443363847937	-0.016294977109353
-0.044830755104726	-0.698698775043285
-0.202176640893474	-0.248963676380601
-0.742191061667814	-0.0190717236305605
0.705299528518603	-0.117289184508968
-0.113296788155534	-0.160944579515826
-0.181813935812236	0.55113554086625
0.0975609877114763	-0.79830592808461
-1.4665275852927	-0.122675578675338
0.00373586524515727	-0.487031345878322
0.0525227406940693	-0.164730759084527
-0.912679624721479	0.134566456722673
-0.49878150712696	-0.235312422118948
0.155813838182331	0.0904841943422255
-0.00367689912123622	0.0533966333999843
0.445470397403759	-0.301698039282182
-0.639954535938969	-0.171196594618336
0.718606821346129	0.0348394163294833
-1.07910127818821	-0.489307563757211
0.860233991681315	-0.418625209489135
-0.0786133344165077	-0.239774590692747
0.262208874586704	-0.71220420314667
1.03518109622028	-0.0191534777826047
-0.112145882837071	-0.0163204479200627
0.174543768968059	-0.160182573808438
-0.139891216843559	-0.32851181281851
0.336995388245945	-0.108900058377905
0.14017375143106	-0.163682892741884
-0.3409637315507	-0.324126122373824
-0.947165769042856	0.0537101226274893
0.130742681352089	-0.0337016542173361
-0.841382041343841	0.103995286919504
0.54844262134968	0.175712041650739
0.134602080344877	-0.0331492743452137
0.681506929075029	-0.0831609204865707
0.525130404125653	0.0722668594520431
0.45383213139288	-0.0385933230537216
-0.288496326984801	-0.125617226633967
-0.0260579262278081	-0.400724308426849
-0.923967329004501	0.00240165406129105
-0.667238310921251	0.105667786071805
0.159137614582385	0.391375732772612
-0.705648451516282	0.241635557757185
0.314872076746854	0.729819079177082
0.729635220976981	0.170908631953907
0.743032986568025	-0.24762137444224
0.196346355850028	0.172869107607267
-0.307830424091502	-0.218032452173597
-0.852979819779238	0.119439143268075
-0.480421133955698	-0.00170670544111136
-0.322166325550119	-0.0188447621173061
-0.805208366123618	0.00974217738490314
-0.107350358474463	-0.197650232164741
-0.526501501538187	0.0369314963988753
-0.96250287876411	-0.235461747274275
-0.709536402260013	0.119981818212006
0.0698492178219686	-0.748544812150409
0.479611240579705	-0.186017058771022
0.67068725728283	0.0244687401172896
0.12889297596564	-0.124572966150813
-0.760956986112397	0.226042335472173
0.427619496790129	0.40141809191776
-0.681506929075029	0.0831609204865706
-0.525130404125653	-0.072266859452043
-0.45383213139288	0.0385933230537216
0.288496326984801	0.125617226633967
-0.336995388245945	0.108900058377905
-0.14017375143106	0.163682892741884
0.3409637315507	0.324126122373824
0.947165769042856	-0.0537101226274893
-0.698860743243112	-0.192519717819861
0.857397661495598	0.0184049733321907
0.586253928808057	-0.397665589681299
0.132717618757122	0.623942479517548
1.51783817349567	0.371345842556291
0.0184886954006658	-0.0567076506821562
0.197985944169327	-0.0502358708987264
-0.464508258197153	1.18974945835061
-0.130742681352089	0.0337016542173361
0.841382041343841	-0.103995286919504
-0.54844262134968	-0.175712041650739
-0.134602080344877	0.0331492743452137
0.499865850667621	0.435197853184975
0.153304403881787	-0.171613143950997
-0.683723415029586	-0.0881863433422191
-0.769771400307395	0.3267548808488
-0.189650300692209	0.631130153561153
0.51656794532476	0.0983842637013439
1.15624684551917	-0.0391642134362196
0.216823907883442	0.52648882590261
-0.218749562003032	-0.167231855885655
-0.705439461864193	-0.265946342948551
0.03715136287441	-0.211052887314361
-0.816444049975541	0.264990648026023
-0.557046045713553	0.101495568990086
0.0491849188547922	0.20331303223636
-0.209347458736566	-0.0339498234928104
-0.835745338187889	-0.0471799952643802
-0.105097398767908	0.39852628643392
-0.292044485264081	-0.181286099091172
0.789205476084756	0.259882309427234
0.784799099396634	-0.275433638180125
0.257392617267554	-0.0399222281946798
0.867629562611977	-0.20892048505544
0.180112513024695	-0.242508725987925
-0.627111172655195	-0.375085219648843
-0.183861364690465	-0.215119800208856
0.0678797687471416	-0.59213704593176
1.14383391299178	0.016149191339581
-0.236781139860462	0.0753019730625103
-0.38308094018319	-0.0693913667306795
-0.327931000257149	0.0195438240008591
-0.159525217053956	0.0206049308434046
-0.852218438542977	0.0198147299159925
0.96989867048701	-0.480533868453182
-0.407694128149983	-0.714979418991681
0.217594465590203	-0.544727384062095
-0.98634537288953	-0.297163571046523
0.698860743243112	0.192519717819861
-0.857397661495598	-0.0184049733321906
-0.586253928808057	0.3976655896813
-0.132717618757122	-0.623942479517548
-0.0146439022876475	-0.0790839064398645
0.0649452916759269	-0.0797401436722032
-1.00525899028923	-0.0037809703873638
-0.00451362909590268	-0.0486959411275995
-0.240458961111048	-0.0865465067914283
0.227029726743183	-0.173870404284869
-0.921287455359726	0.00889247484884675
0.296435569039126	0.0905943671842678
-0.947660222317457	-0.0452225472949118
-0.0946698482522375	0.0781985557430061
0.365436569046506	-0.0476299619654662
-0.0918804078466279	0.196416563182573
0.181813935812236	-0.551135540866251
-0.0975609877114764	0.798305928084611
1.4665275852927	0.122675578675339
-0.00373586524515732	0.487031345878323
0.729040965456082	0.375451867736462
0.631279436404563	0.121481476319236
-0.526111376226123	0.590958611583609
-0.550718003049979	0.0717218274862989
-0.257392617267554	0.0399222281946798
-0.867629562611977	0.20892048505544
-0.180112513024695	0.242508725987925
0.627111172655195	0.375085219648843
0.557046045713553	-0.101495568990086
-0.0491849188547921	-0.20331303223636
0.209347458736566	0.0339498234928104
0.835745338187889	0.0471799952643802
-0.499865850667621	-0.435197853184975
-0.153304403881787	0.171613143950997
0.683723415029586	0.0881863433422191
0.769771400307395	-0.3267548808488
0.183861364690465	0.215119800208856
-0.0678797687471416	0.592137045931759
-1.14383391299178	-0.016149191339581
0.236781139860462	-0.0753019730625103
0.105097398767908	-0.39852628643392
0.292044485264081	0.181286099091172
-0.789205476084756	-0.259882309427234
-0.784799099396634	0.275433638180125
0.218749562003032	0.167231855885655
0.705439461864193	0.265946342948552
-0.03715136287441	0.211052887314361
0.816444049975541	-0.264990648026023
-0.783235406457525	-0.059098461177405
0.619118420620408	0.0124326795309185
0.230643074260779	-0.10597906410514
-0.129676411451037	0.227812989991829
-0.741928892374179	0.210869676479785
-0.429219840414787	-0.272089824511101
-0.555552096628858	-0.0252715182196593
-0.289239996676735	-0.0885918607844509
-0.475743542612883	-0.0975779388637595
0.0585052742723977	-0.08405414605541
0.672210530774648	-0.0126538452561605
-0.58167276579991	0.0567302052827612
0.783235406457525	0.059098461177405
-0.619118420620408	-0.0124326795309185
-0.230643074260779	0.10597906410514
0.129676411451037	-0.227812989991829
-0.159895357916015	-0.740276702052836
-0.00561250105873119	0.389393584905769
-1.36526437562111	0.171438148485569
-0.249694580419048	-0.472084977687076
-0.655220381464955	0.264959031847412
0.376150793081184	0.217124046235456
-0.790645096147033	-0.0632078396159098
-0.137278301248541	-0.305657973031355
0.189650300692209	-0.631130153561153
-0.51656794532476	-0.0983842637013439
-1.15624684551917	0.0391642134362197
-0.216823907883442	-0.52648882590261
-1.03518109622028	0.0191534777826047
0.112145882837071	0.0163204479200627
-0.174543768968058	0.160182573808438
0.139891216843559	0.32851181281851
0.0260579262278081	0.400724308426849
0.923967329004501	-0.00240165406129122
0.667238310921251	-0.105667786071804
-0.159137614582386	-0.391375732772612
0.705648451516282	-0.241635557757185
-0.314872076746854	-0.729819079177083
-0.729635220976981	-0.170908631953907
-0.743032986568026	0.24762137444224
0.170564294760673	-0.32234315521618
0.427319802616211	0.229199165792043
0.373871035392672	0.405048751838803
-1.00328033723115	0.193761502509515
0.227434272543152	-0.0668163722833697
0.0937293542102761	0.275413587866786
-0.245092104779662	0.0906437715631879
0.983915969111322	0.0117876611564864
-1.51783817349567	-0.371345842556291
-0.0184886954006656	0.0567076506821562
-0.197985944169327	0.0502358708987264
0.464508258197152	-1.18974945835061
0.741928892374179	-0.210869676479786
0.429219840414787	0.272089824511101
0.555552096628858	0.0252715182196593
0.289239996676735	0.0885918607844508
0.475743542612883	0.0975779388637595
-0.0585052742723977	0.08405414605541
-0.672210530774648	0.0126538452561605
0.58167276579991	-0.0567302052827614
0.0036768991212363	-0.0533966333999842
-0.445470397403759	0.301698039282181
0.639954535938969	0.171196594618336
-0.718606821346129	-0.0348394163294833
1.07910127818821	0.489307563757211
-0.860233991681315	0.418625209489135
0.0786133344165076	0.239774590692747
-0.262208874586704	0.712204203146671
0.561271832822172	0.0710270906304614
-0.779279320381165	-0.593326572899026
-0.723118310495179	0.16725608540175
0.593630834434055	-0.642295975576771
-0.0525227406940694	0.164730759084527
0.912679624721479	-0.134566456722673
0.49878150712696	0.235312422118948
-0.155813838182331	-0.0904841943422255
-0.818493957747711	0.0302845700151642
0.574150260874871	0.122183070354518
-0.22440670564448	0.208025801440625
0.0967831846320108	0.0136251007570957