0.143188965057468	0.241948128052472
0.531311812497834	0.0899007905186184
-0.657293862086284	0.596708532685255
-0.459029743917745	-0.855073139486676
-0.202066461645524	-0.522100082555078
-0.1022308363863	-0.332231620720141
0.213125943234981	0.150375770699655
0.0840829988881582	-0.153190614581055
-0.965423209631358	0.303330401325688
-0.0967988081346223	0.1262055984882
0.270365296690801	-0.389282630143565
-0.0158107876404592	-0.0343007482938025
0.241651261241242	0.263513296620302
3.03000310594304	4.47848030470708
0.822758842898118	1.27792068397935
-3.17391805628617	5.46376003528121
1.90437381927015	-3.03902708771742
1.06541259423412	1.40522536453132
0.39545776272114	-1.24602386919295
-0.100194676805613	1.18320821894716
1.0695634805789	2.94791082710579
-0.487937477191996	-1.81033064680158
-0.371622619087365	1.24332982511408
0.455105986687263	0.215333131532101
0.343684569380554	0.57757248764398
1.72620865668302	1.12125371645784
0.837688418742326	0.617669928212159
1.11871366684808	1.55138449866303
-0.253930973945399	-0.616784043229838
0.407805247822486	0.227795108518347
-0.0964195090486838	-0.207918025075639
0.0483786030549413	0.250072655803054
0.308353688307701	0.680259153872202
-0.512672293288672	-0.125452238719328
0.0821179174918265	0.328726576223641
0.123467110372051	-0.0354915495485206
0.476354988482778	2.25154206108834
0.855264776693836	-0.888144956565691
1.00227949817697	4.45725690520822
-0.137028606782329	-1.56001418836426
2.70258920781965	-6.36953761929269
1.35738380473601	-2.46055205023698
-0.385032041225316	-6.50744848326818
1.37407157771576	-1.67464421911405
0.708659645816258	1.58567588200331
0.659421197625577	0.642612199825315
0.746267726527655	6.89632284653247
-0.481237777626625	0.247430467440037
0.161479897219507	0.15704506513856
4.36342195659252	-7.10289346967948
-0.108210448948654	0.547315850744699
-0.625968126608082	0.154847119274124
-0.165111043439145	-0.18401660074475
-0.368915342223015	-0.37209415353889
0.642110233301024	-0.161833274362336
0.304451143474398	-0.307086017788281
0.0514038769615443	-0.259188525133323
0.0181725167810151	-0.141410358857198
-0.171905206433317	-0.170206768579014
-0.0912580300811381	-0.0895548264259193
-0.0388562214552025	0.251556605055005
-1.12370133682597	-0.871372370578589
0.212600654659165	0.869466497580342
-0.968663741382138	0.44881358977543
0.400791405385666	-0.416481719493056
-0.494218933876043	-0.805543211709465
0.311623211176972	0.0699559296474212
-0.0633922648581099	-0.485930120133207
-2.05565237515651	-0.243047164919143
0.00858323206958101	1.32856840532825
-0.669588795396839	-1.08110643263513
-0.274211272220288	-0.0682225414944849
0.236273732847602	-0.410718688464114
0.434303043538782	0.361872266901514
0.397941843164995	0.0519647980476236
0.306448705906094	0.227112813655951
-0.00583776472343253	0.00348222816975287
-0.00723641307263338	0.00919095130502106
-0.0259200318037459	-0.109308064344475
-0.0413896532048745	-0.0166469220122111
-0.00545442022028146	0.00677107270502857
-0.00113504251264383	0.005259176474111
0.0137997516826008	0.0374202437851545
0.0138534760900419	0.00959235982912935
0.73013185916407	0.444678963138691
0.85064463063055	-0.906782267844913
2.4585179292194	-0.0691384656635045
0.87792362560256	-1.32309289588919
-0.647970672586222	0.449743833123647
-0.927097555210149	0.257911058361962
-0.57806259142381	0.726821644395681
-1.39677117823613	-0.483631740240632
-0.149001716854037	-0.891016606763091
0.0876157336074492	-0.422204223286288
-0.661980000594247	-0.766948707173949
0.133207783063825	0.156444790154345
-0.434755926342513	-3.32476055888331
0.775405792734408	0.116786873976634
0.722479328119644	-0.0909829710793015
0.664391737106217	0.0675669473827947
-0.134394204427271	0.119946045719564
-0.152784802771003	0.139544346083079
-0.325788418744653	0.175956768448851
-0.216205352250126	0.0788551396975271
-0.173987984465165	0.154316167364891
-0.118428063585157	0.0685311011286385
-0.0225283078357905	0.180785891622046
0.0525946642943692	0.13053243481774
0.169381220397816	0.211775744941534
1.10867581524719	-1.43372467203903
1.16058993683497	0.772704462122443
6.75724023917402	-0.840879459611768
-0.157702981465782	0.0556845343251627
-0.168980190650234	0.257615863654363
0.353640732762267	-0.310098294507239
0.562131338402748	-1.32292147850057
2.04603815606807	0.121676243221792
-1.48925145960748	-0.282002887741328
0.548519699156705	0.620431392938793
0.668975990864972	-0.164602182366573
-0.0631441278259961	-0.0387205322585559
1.60218194452586	-0.211593075986058
1.27093940377547	0.409608604311834
1.98459199796736	0.00743509451494318
-0.0109852056540565	0.0322532282843793
-0.0283544228176863	0.0942415036411617
-0.0379777381472074	0.0615738454903889
-0.0279235372314079	-0.171515771475671
-0.175371650245113	0.46233989756519
0.342328307267754	0.306200993212345
-0.379278148978965	0.159450902830237
-0.078980160973181	0.0894759744247464
0.454492909177449	0.708181306928328
1.21760296018422	0.544885030857886
0.795217990524099	0.41271071427522
0.987435901247985	0.842266017358128
0.0150938278305229	-0.054635075420388
-0.0413629751262292	0.159206392880162
0.0131300346907127	-0.0219208524673895
-0.0435419444973541	0.012244562360387
0.0781401531315367	-0.0122314738483873
-0.24493181412825	0.229690799092194
0.0386158901292257	0.0178142619519821
0.0444459396084451	0.015618295804473
0.145531861146594	0.24157191606618
2.48722412549275	0.871529532166889
1.18669726372066	1.29083057350402
9.14233999981317	0.574386422541831
0.16237408647248	-0.132106588203683
0.081107832578605	-0.375876280947851
-0.2785232200768	0.464249984112415
-0.259451886301226	1.63246435985891
-2.32411174374982	0.418606370387013
2.07877954969348	0.0863500069053897
-0.855042511364665	-0.586082530577934
-0.728424964901145	0.348164796735578
-0.556314576990594	-0.73713170819974
0.611896583041951	-0.176780375640023
0.575632900232112	-0.684422878103001
0.455233164374038	-0.310918519293424
0.497654207816102	0.343997834457822
0.712780826153564	0.344194213518249
0.381655876208461	-0.158535874858955
0.256689822029202	-1.18753093535488
-0.757161186974258	-0.548800410485188
-0.305051116360126	-0.211746115457237
-0.406634894292232	0.475573827693867
-0.069717800942474	0.336075154822726
0.0963508004375979	0.0344070786520349
1.70795147882338	-0.412587786996759
1.34701326773089	0.449321467562013
2.2081935253027	-0.190589069202991
-0.0198816093066292	-0.0239950824345243
-0.0254472729784928	0.0845349232015384
0.0241549744438926	-0.0358837919820909
0.0118418611227273	0.0402465910579386
-0.16444482324271	-0.193469397843269
0.0255008454605512	0.0653313087943425
0.029421412029557	-0.0276394198286581
0.0155242985875891	-0.00106881901239025
-0.00347717438168787	0.118668710386635
1.65208415980915	-0.918915864738065
1.48903064382254	0.806678544249483
3.16780393890758	-1.58238369110502
0.14363752102298	-0.310380781576449
0.641554838190783	-0.612513776705412
0.249425065402223	-0.325291509596253
1.24463352168999	1.52959622367223
3.4694256880916	-1.46791321901749
-1.46965386354405	-2.38821028986335
2.43333819595083	1.27623058969793
0.585651189415268	-0.344114219737408
-0.424845117459651	-0.701920021555294
0.529348908830844	-0.398077347634597
0.551185558799671	-0.969922815034077
0.394001297338018	-0.46325457363381
-0.674216794531895	-0.552463325755021
-1.00541555057385	-0.63390759843395
-0.539471196066897	0.172756825089122
-0.245657883520482	1.59216918673305
1.27091022636207	0.803629372279451
0.506345630022353	0.338085876795254
0.655734427587815	-0.743290823617478
0.105572371110147	-0.537331339395474
-0.498597302392677	-0.00436098887468873
1.46304507165555	-0.0264373878256656
1.12688386955964	0.354028689414195
1.66390280039514	0.266252811241775
-0.075523968509035	-0.052323313736061
-0.11363283537957	-0.0765068446799497
-0.11729257031987	0.0297925514098035
1.81944588132828	-0.318420388389479
-0.109173677999985	-0.231827245481212
-0.0513752526242925	-0.0790963066549158
-0.205020650983433	0.184301714651706
0.0630837450202192	0.0469024653841031
0.0933903237556323	0.105413458498613
1.68986101476377	-0.34853074455053
1.32508503251062	0.453879742294884
2.18581247506198	-0.122894447142053
-0.690989015280655	0.234073386662717
0.0418767701798755	-0.577770527092032
-0.248640496366578	0.146214973258181
0.321688981250349	-0.180184927335241
0.873272963255118	-0.309956443057781
0.0784633578459558	-0.286925030547657
0.447249836406369	0.383154753661178
0.0488296293798664	0.0238477893369065
0.0187281348420313	0.164632950710746
0.0445894798244171	-0.683431246854166
-0.629463615525414	0.301376676443622
-0.331432736833507	-0.315043895416142
-0.00104588159212446	0.161974905234495
-0.0484355572221448	-0.00885288383898122
0.00351901182118584	0.0362972722002129
-0.0336720204988628	-0.0303188912415418
-0.167898724746999	0.0733107175781635
-0.0348681999660581	-0.0187201524398739
0.0505952349451534	0.00829058007309937
0.00423935683618915	-0.000907294363350421
0.164478138657196	0.266530229707713
0.306035673956055	0.0211422389057576
-0.0812507150412518	0.712924930433971
-0.778180079034183	-3.05342146145679
-0.0611090336009813	-0.49706132343565
-0.25448149278343	-0.0981187790149995
0.12654337819158	-0.0241969061250227
-0.0609075477276243	-0.113119549525186
0.90890975502113	-0.34205177113867
-0.322502516218333	-0.142822585526695
0.1141629375709	0.225847628530602
0.0688451384485003	0.153896876329911
-0.125239175088596	0.213716351141123
1.72669065099453	0.0430624801095769
1.17226326006182	0.48440932867014
2.0320187464181	0.421273507257579
0.00667750655596313	-0.0390513477556098
-0.0623103947407775	-0.108953832879852
0.0402251565101686	0.0490020171103998
0.0634824271782381	0.0628144870401787
-0.0601535946205319	-0.032496117663459
-0.128386634042488	0.0927920102824865
-0.0515928394412333	-0.0756935380366255
-0.0113206357827626	0.0178519075483441
-0.385117067912204	-0.258669259113398
-0.562619976359602	-2.28806019692988
-0.10092624544969	0.920202751218146
-1.03953899612548	0.018039088398881
-1.01191071682001	-0.0611288982501313
-0.695203367244445	2.1295306794729
-0.706695821133682	-0.548706479021618
-0.123497154027446	1.13177151437763
2.87305212407226	0.0518384633850525
0.689568276654519	-2.7763939977436
1.63469698349126	1.44168732090125
0.576880139327862	0.101643604266126
-0.218152850580155	-0.104568622377868
0.299719842290853	-0.0609916702477556
0.144210738579546	-0.278168967522783
0.19252773014143	-0.10985040533896
0.00373202072042862	0.00258760587836587
0.0181334167245308	0.0131944205213368
-0.00347363370299638	0.00365720583757567
-0.00477922453768341	0.00536036013360451
-0.0182709256322671	-0.00626138408772063
-0.024955661197172	0.0142066894378219
-0.0088261383014322	-0.0110601480213865
-0.00364129796533847	-0.00368882918243015
0.0849915293346116	0.116254399135827
1.87118382208982	-0.412787298936057
1.32936874569994	0.514001968002916
2.43975164407374	-0.0765694381055348
-0.0157868055242342	0.0276276347130985
0.122549860000922	-0.131555599117253
-0.0146045011739019	0.00704007542434792
0.0467326693240968	0.0147462394834289
0.170431755719509	-0.060550770187837
0.0779971320025237	0.0836223539520035
0.00375186161818267	0.064697949355664
-0.00467930862730979	0.00486515271296034
0.722321354376076	-3.3892994287599
1.10593325423848	-0.037413959866472
1.02985982115122	0.105366585938612
1.15089690732664	0.0653531191175904
0.275384310575191	0.335835648920656
0.312055780716798	0.343379563562103
0.548820255048895	0.701287603410944
0.215524802723066	0.483600607093462
0.416798547821871	0.577706118469694
0.124676988406672	0.45943561879975
0.446864131387907	0.221930458199003
0.427407124684373	0.0137423274550228
0.150408745907467	0.21567940007329
1.87103644766868	-0.0703752468293957
-0.235659643525905	1.21535879061613
-1.6683368500987	-0.705002789016726
-0.292467439419732	-0.17358576409387
-0.518043333149486	0.0148269495986516
0.0824295123164819	-0.207261035120878
-0.247726746587788	-0.168389031771442
-0.637850039100024	0.771270713028727
0.185957992726948	0.43396478471504
-0.777715156270073	-0.355814789758287
-0.134287412605934	0.0123808144897932
0.0732824257719649	0.110001969339857
0.792620984665227	0.533769565993433
0.586647247404684	0.136500786734285
0.525870903962382	0.390477333252404
-0.388799939327635	-0.500540160334642
0.200063081847914	-0.529363680496819
-0.345667308345598	-0.137459641347842
0.572091521960333	-0.106677750190178
1.52029826553499	-0.464100117557076
0.232722406463101	-0.263902311182558
0.316488963439191	0.324669464127423
0.0242526355340023	0.0324441025115107
0.151280818466996	0.271235637949819
-0.410025823632806	2.40888604444817
1.70173931999689	1.00084657721715
3.99995461570036	2.18531821312757
-0.32428601288239	-0.0581245857484956
0.510211270229521	-1.3088243269474
0.553526933791265	-0.609722508173416
0.223793864719272	-0.135195720987311
-0.551588377681232	-0.0231331956046152
-1.2086111778851	-0.66798991136139
-0.319652753115439	-0.465214158544762
0.126107321058638	-0.0110608446136603
0.179671377105964	0.306071351169558
0.721438098935153	0.362499392717174
0.727061993396976	0.992840067009473
2.20287997576321	1.46804551132597
1.13117014149359	0.516542954865716
-0.404296170260578	0.471982192448993
0.462038560813842	0.0644429791222324
-0.423651792751139	0.0527192393821868
-0.879816287917523	0.513972808679921
0.800938872474645	-0.283102641580485
-0.481429371575282	-0.0501538862097883
-0.0654932218118803	0.189835669452007
0.387576490381275	-0.209421150928368
0.447249092834529	0.589028225903671
0.399489837782199	0.185189553334857
0.258354220405823	0.387643890114192
-0.000237773293915531	0.0131912073638239
0.0839885308101197	-0.085095136301346
0.0109982039417648	0.00513106071856825
0.00230312598608547	-0.00779983193586025
0.0244050522794569	-0.017573096870329
-0.0240296005599397	-0.0416259556187103
0.015957855158202	0.00686912457741607
0.00584796588727235	0.00524790386433983
0.0693308613233015	-0.200947393016741
1.4745705897269	-0.31630588545291
1.30531708793314	0.325194163395615
1.82025144627608	-0.168786761949373
0.163895602852328	-0.106992982857368
0.0985601124516121	0.206158304426221
0.0442105269642684	-0.0369266739882546
-0.185146133576094	0.00415636999758658
-0.00526808422245764	-0.251269673879053
-0.0031614716666113	-0.0422383080965455
-0.0697715926073675	0.0274305965036735
0.0339074281284213	0.0303276549885204
0.104724354950607	0.150983702117314
2.56900732044869	-0.673245120721765
1.17450780386048	0.378836755266686
2.09946040736916	0.488064140344599
-0.184384406484566	-0.284601603605502
-0.558453397394931	-0.515051523928512
1.11536487992656	0.0379425448390834
0.782472191620267	-0.374410300397
-1.14571321617327	1.08497506397844
-0.0224023019245641	0.926644097054192
-0.592080305846174	-1.10827548013469
-0.0744252476336755	-0.223741776785284
0.4157644727348	0.563236825610793
-1.41040895018728	2.67956598137906
0.500196773727478	0.924496927277752
-0.847777676516938	1.55688864997714
-1.56934048420194	0.292315629373071
0.332810702865901	-1.98523249688031
1.02083826168102	-0.973708534464505
0.255182579750008	-0.548704792771425
1.15511963867287	-0.674201084235512
-2.88193621932135	1.23115097521087
0.646113212735083	0.149212116622892
0.626954443428837	0.217575170450195
0.150077932405697	0.152644234685247
-0.453932877250571	-4.54028562571547
-0.0502005912134369	0.567855756909395
-0.631080256308143	0.2180884508171
-0.0876779473539553	-0.155401983219926
-0.2017890337239	-0.316863668319991
0.484583852009545	-0.0206464010537963
0.263495877348067	-0.173869058264349
0.0761820105774516	-0.170674463002845
0.0338701541563618	-0.093753186497607
-0.0946792445039211	-0.142015180004601
-0.0497180359833449	-0.0754561992695043
0.173545082216324	0.26713746173251
-0.632828997670305	0.209863595673558
2.5557473677928	-1.80010946847868
9.97640619088585	-46.9703488717537
0.998514324560435	-0.643400656867639
2.1210133815771	-1.32335200959122
0.420990436570716	2.71275157287322
1.15719384416675	1.43464003126947
1.26376370308926	0.623515803750425
0.676939778932783	0.358111078066569
1.02807266708846	-0.486677494620384
0.55979526345094	-0.30056101234592
0.0854931839008853	0.202468261187382
2.41186289356718	0.0854302317547607
1.4646428879038	0.590596333578888
2.67302598713913	-0.10767961774885
0.0169004664423639	-0.189429370454178
-0.121561054088758	-0.406510574248346
0.37534733058389	0.440471919216465
0.546656332156619	0.188452181597216
-1.15143411749516	0.185366627242517
-0.39712543280295	0.51442546044909
0.448043157440246	-1.0971096342197
0.112462946936164	-0.201586266232787
0.179908858847835	0.273300582267719
0.462159094145538	0.300959158233591
0.113414377423853	1.03794814985997
1.57084956800206	5.07668828074263
0.683124647575898	1.19743906182749
-0.550568701198936	0.131037855651993
0.329058518607504	0.358757322770587
-0.3696676568782	-0.156126075059845
0.718927152100241	-0.341687537014541
-0.549548485205108	-0.335395257866156
0.227964141419927	0.284631988867157
0.0536102254471904	0.277207298654671
0.152080228262352	0.26613337661078
-0.0936576113055214	0.600974528059037
3.85755756666404	-3.76113199832207
2.13287951676739	0.113429678339577
0.271871803846328	0.926692168499686
0.240656606741722	1.35696910261857
1.34936475649778	1.72513159109842
-1.60670335014781	1.77120778991947
-1.04851683683395	0.0903892827286841
-0.35422385775066	-0.22159339047403
-2.41624286287466	1.84005295191607
0.079649370634507	-0.0328829495353439
0.317406718599939	0.0630667043116261
1.3979123813665	-0.623678180503776
1.49453458441406	0.386672302136014
1.97123516292205	-0.692839748531868
0.012566347683684	-0.00890433619568481
0.0266377774367761	0.212170797424854
-0.055839337479355	-0.007606287570129
-0.00706212764574924	0.00997133108757308
-0.0568492331777637	0.0825835161277305
0.14158976925917	-0.012791777805997
-0.04432902000572	-0.00734672341359628
-0.0175763693642101	-0.0148278552265921
-1.24299304421769	1.39847553250738
1.01324531456702	-0.844709828069498
1.93278047607323	2.85434551346006
0.111578404691372	-1.96004553359966
2.96187574879816	-4.91803441317811
2.77048319582627	-1.36231843668787
0.824199516250717	-4.2651299929596
2.64948195829445	-0.368502668396355
-1.35135104763442	-0.788496443521724
-1.24448689242946	-0.150931374880162
-2.85335352998524	-3.3319482225099
2.49141859686554	0.494541496890372
0.41177081607606	0.700983063789723
0.882813968116168	-0.497311702260104
1.86814193379615	-0.256440968196596
0.966374083977907	-0.843101629531188
0.0274807783538631	0.0191768856017211
-0.0542515069555357	-0.0935066047790529
0.00880215336585243	0.0124780003635814
0.00731436301245666	-0.0254698258805747
-0.0103869398728729	0.0447023555275773
0.000721960691787757	-0.20044799666978
-0.0189361240523708	0.0160377156555132
-0.0200859607731882	0.0183356247112926
0.167623967200117	0.266217742682058
0.181455703760605	0.14264171985342
-0.383100214287294	0.521115014988155
0.943649981333549	-3.70821442530792
-0.129972600993385	-0.622220213696795
-0.153314397926466	-0.227164688736184
0.15493128256613	0.0626592864737488
0.0190545521554487	-0.130906006467421
-1.06403986993671	0.304678863413964
-0.00530793340237766	0.138626726898061
0.0505184378501886	-0.306959120319315
-0.0303738766826499	-0.0165890769758619
0.154582285378439	0.504542768207815
0.720364208217679	-0.616529712934635
3.05282338340437	-0.291781852308899
0.609751718113254	-1.14650430704282
0.0172737938810058	-0.094000881800515
0.148550979084203	0.0300080626679256
0.0949729821828462	0.0902811054340177
0.0385263656256667	0.0307800312299839
-0.00931636919348712	-0.0335187158523354
0.122487367517719	-0.205709067726228
0.00811486284509643	-0.0263300125620031
-0.0161153360535996	0.0311645254698613
0.112743772538793	0.256844988023088
2.42404393955757	0.294207992746634
1.19122051731886	0.773220301079153
3.23362835586519	1.17053446177146
0.0558421579369794	-0.118715013969858
-0.194514274275446	-0.0992211035326983
0.0309888433915558	0.165619971524866
-0.167780904969813	0.134558478761867
-0.533308876266774	0.175030591762747
0.446811832799221	-0.0771370556737422
-0.186691802123217	-0.0973541776302096
-0.160171295059509	0.0045388717350199
0.186314010445606	-0.200332952216919
1.68501853334946	-0.385359220344261
1.09154171032858	0.598629145509178
2.59439397930816	0.708451925739207
0.52203347506167	-0.861046314152324
1.22518609943387	1.24619731936585
0.212526904848671	-0.316377418237148
-1.09928779336692	0.486618887544908
-2.80067247545896	1.18522823029047
-0.832658026235344	2.37899963039907
-2.89951970896371	-1.31493402823478
-0.794360734328426	-0.32359753074566
0.419077973681444	-0.322458908286298
0.505149962342067	0.495877257603383
0.437127324217618	0.137557689308194
0.326025192578284	0.341278996565143
0.0110479331117085	0.0403770171042114
-0.274556157380227	-0.602824652345656
0.00816398956768507	0.00671341860942663
0.00902804697259895	-0.0113363166510086
0.038891351839401	-0.0348224135713076
0.000564956498951314	-0.046704272808575
0.0557293182322324	0.0163702166456717
0.0190683198155271	0.0099388059240623
0.0394407509726127	-0.265773279730037
0.268630447904091	0.230493156473394
0.264467778065183	-0.0106460913775479
0.197114150309426	0.118732940686324
0.00771793646872776	0.00556464018310212
-0.00406461736811043	-0.026093992142342
0.00437265165744442	0.00667674179909071
-0.000612687628287824	-0.00822947195978964
-0.0194063786412324	0.00160046189703676
0.0125391233547333	0.0149092538647788
-0.00834986405362145	-0.00507167429904395
-0.0027329583209045	0.000474703170546374
0.186101156514089	0.297259450070796
1.00896241652838	0.84008929287956
0.694373842246041	1.06510061311265
1.33177248626486	3.26783436631711
-0.146780558944073	-0.16369793463642
0.178408177104995	-0.656194919570222
0.462213447530973	0.0462670868750058
0.173897709533561	-0.0346325580008685
-0.643928265063173	0.313543267587643
0.831846196651404	0.0598664244967855
-0.35518771173617	-0.0633151844377306
-0.104852647365546	0.100799127515998
0.125302236762109	-0.339637955271561
0.355464863453727	0.322162063657251
0.350123795808785	0.0297829263598541
0.261176934395258	0.187670463418023
-0.0584684107116357	0.105107383951692
-0.0810609086058351	-0.0257587943812118
-0.00146169883602146	0.0124228446789679
0.0302111597692933	0.00641586421285051
-0.0259014384466963	0.211485029930819
-0.00632596505256408	0.0135845735823783
0.0213865726220584	-0.00330081945338559
-0.000661838876472967	-0.00780815109150629
0.00644237173051524	0.0582654710776982
-0.148705814890004	-0.267573008288196
-0.214058057299246	0.0923013919100375
-0.153257299288736	-0.0857503013109287
0.0211869539374706	0.0382510312142256
-0.0119154188941595	0.0149620935510673
0.0120339312662727	0.00441222896437144
-0.0192090335170616	0.000641707941346366
0.0441459623650227	-0.0534071793443126
0.00859506024883895	0.000698736701214428
-0.00160069424228199	-0.00710312991558225
-0.00133727580947997	-0.00339996892504021
0.214624321404056	0.216939903814773
-2.32836658488972	12.1424430701367
0.605820886052626	2.51723678270385
-2.84133859081957	-2.76142692155036
-1.04302126395621	-0.403941133122403
-1.36212680638847	-4.87096376037578
2.94736254952816	-0.615233965609268
0.889599369616584	-0.466202714167863
-3.72824004013621	3.60853230620374
4.89765606387291	-1.74633734419585
-2.39368070837897	0.292707816508898
-0.498974727642649	0.861747730888241
0.252609661645394	0.331607379624553
0.877998089385518	-0.890149397051881
1.95328600238545	0.697075583017479
1.27617380142067	-1.80802943925269
0.0756828931421194	-0.0574029609226439
0.225344231402355	0.165652701184227
-0.0544239572995311	0.160809807224569
0.00329521735981876	0.065373365787397
-0.0368405973795252	-0.258829216251744
-0.0893079284630431	0.29447058511072
0.0559626906434008	-0.116883180109383
-0.0243844102806813	-0.0443008798125732
0.17596296134313	0.270898808114166
-1.46959672943513	-0.147519792593228
2.26984075147455	0.664198433097049
-8.87830715792424	-35.2700340053087
-0.0715541754999312	0.587645705782983
-1.25511573610486	0.779260205743785
-0.105440289971874	0.423255072355563
-0.543688978394473	-2.65496892184864
-3.353703927571	-4.42699353971736
-2.96265262125917	-1.05945501674018
7.70600074968107	-4.86505954075384
1.13293253349729	-0.452035075004937
0.296514996869051	-0.240259187710887
0.272809215951719	-0.0214539024920485
0.193457408575296	-0.151857531192187
0.193394950160081	-0.0279475211387016
-0.337399643509884	-0.497610854449854
0.668954671259073	-0.06631039134808
-0.0585210064766645	-0.0200138770866711
-0.0303666262271455	0.0933818998684946
1.19794976306312	0.24488107537038
0.111683597074113	0.1484663107889
0.113711575379622	-0.13541181318178
0.0507284442919127	-0.0960511350762544
0.0896829337059312	0.259101111247403
0.34370474971313	-0.871991511805976
-0.168954016136325	1.49890846662647
-0.967342768786635	-0.820519332666499
0.124596926855547	-0.233108920407547
0.222972390012114	-0.260935526317966
0.150095105218701	0.324927089452719
0.19625181984682	0.0157536409112284
-0.404681474589608	-0.364214165061932
-0.1805549759987	-0.0834729168461653
0.645423828730405	-0.00293295650732088
0.0466645077212884	-0.0157357400811621
0.157546370109675	0.269930403117836
0.627779749076803	0.863310779245135
0.866713726037167	2.16473077618244
6.10320011163267	-0.925526391508245
2.49811291339057	1.51298341493516
-1.13506087081797	0.819738136131802
1.11799015544149	0.327805999370008
-0.893440796745903	-0.0491764837954578
-1.50421872176402	-0.337858243526848
-0.892380953032072	0.117495430802484
0.81716584448474	-2.52734433406864
0.183427666130328	-0.178409431987763
0.501627408741215	0.39829596392579
1.131138408458	0.916173925437512
0.66965811044565	0.494334102735291
0.636828840936139	1.08021573066101
-0.323620140156753	-0.136865617364033
-0.00196163095408881	0.200097722448545
-0.0525159645325072	-0.0694567199832062
-0.0400775204631001	0.0665984438045969
0.161905834776156	-0.362920024552124
0.08030897994543	0.339056502718591
0.112194071224446	-0.0802979092333021
0.0815147852399947	-0.0775757764191174
1.80584658530691	0.320554612983158
1.06951688859002	-0.327747024499523
1.38332177724464	-0.0318939024474945
1.21829671044806	-0.441280711014236
0.289267722160355	-0.0922262337660841
0.141318528093602	-0.175996874815119
0.130639492307039	-4.95184615445065e-05
0.0579725665417514	-0.0887179211287785
-0.236213549542417	0.280592883574556
-0.352679213508091	-0.00836119032197957
-0.113108257061397	0.156365803927266
-0.0415354063502064	0.143805628012091
-0.160403161372009	0.15704021271617
1.81292319282428	-0.27921587407838
1.19739477879632	0.819269374957226
3.73159439542727	0.277370574504737
-0.253200006335132	0.220527918176861
-0.651849489930667	0.329521688912409
-0.307103527491559	0.300687255430514
-0.396175990091116	-2.60658933136973
-3.28451344617105	1.14925226387113
1.50246134217617	4.27230386352727
-2.36608410752095	-0.964687303046109
-0.900724770659515	0.357402921608078
0.29063922183684	-0.403582116807427
1.33974743137935	-0.31603086917723
1.32425923326107	0.285415580561459
1.70157293084234	-0.258432808516376
0.00514579150925013	-0.00608246066490261
0.00335303917737313	-0.0134096650920184
-0.0743768034451303	0.382557064267808
0.175790180358086	-0.0655581248836666
0.00387963481320216	-0.0105764011183425
-0.00130052300198342	-0.00689898058839632
-0.0423876653225449	-0.133480811148096
-0.0760154616570582	0.0109207880588662
0.091356359501615	0.095200360703967
1.60385561292878	-0.362079777822822
1.35326227005424	0.415441443800127
2.06817946194447	-0.227030071027266
-0.106666676894536	-0.161403679673741
0.125981992054598	-0.370567642952818
-0.0858287820878512	-0.138553998371493
0.481073980988029	0.0791747552627059
1.11229226098779	-0.244356021932137
0.141974584975434	-0.400135708729039
0.536513597552296	0.551469562352158
0.0701016257028553	0.0403304880373948
0.17357440972162	0.263468509639949
0.167894740296052	0.627021353049446
-0.926728023056236	1.70908838202616
-14.1278108167015	-9.67234064462273
-0.566248037109617	-0.522618060561083
-1.02397099942503	-0.458339504126023
0.378673960199841	-0.467555453479667
-0.31983529342805	-0.601592461118878
-1.55726442528747	1.05910652171872
-0.0850970302092546	0.832559655392839
-1.21010429646284	-1.58131279350561
-0.229984225623071	-0.129593359579948
0.386162429097688	-0.329193516257003
0.482304880828666	0.481455882200561
0.426729633185527	0.126114141365457
0.316087438851043	0.323388834772248
0.0111266478394575	0.0627578026790448
-0.633118941276814	-0.0449676789985979
0.00713716504929851	0.0100734580965745
0.0162238345423019	-0.0104557389429276
-0.0119812120942528	0.0028097099534321
-0.0054474516189754	0.00444286418017962
0.00935841618327494	0.0450468399950218
0.0147214594953927	0.015811166951324
0.0451185053510775	0.568527457055292
0.706628286572023	-0.521058339942387
2.51251708737426	-1.61630866909866
0.517295003941355	-0.901499163459352
-0.0162553963519332	0.0364223460162252
-0.0100038059348155	0.0691599947021584
-0.0474622978257475	-0.300665363173952
-0.139305091455531	-0.0237922227586785
0.165288003825041	-0.058204131873916
0.0720242028174126	-0.0739817335431392
-0.0937740173715802	1.25708995836796
-0.0322054998541691	0.072000208280985
-0.0870017578188159	0.170469155987516
1.77090891999799	-0.0219882809088285
1.20600079733442	0.486726093169277
2.10930295057265	0.337096308135867
-0.00350222099232043	-0.0380692359241513
-0.087796067508018	-0.101971352122627
0.0566189881567677	0.0290106947029901
0.0753943416124291	0.0402831190767538
-0.0297568567586879	0.206325078969301
0.275866424624159	-0.0431494636608984
-0.101387727194923	0.0756751192273771
-0.0167697925041885	0.0541581615037295
0.0629587946807219	0.285399342483311
-0.1382789521274	-0.423132019233386
-0.181460167104491	0.694628695653658
-0.518455145971844	-0.100857336607275
0.177373048323428	-0.492390491289557
-0.123276493106286	-0.308702522685972
0.171773225768151	0.106121771731268
0.0523471662144799	-0.171379179242938
1.02511830024757	-0.107537259958911
-0.172765431249555	-0.396846268927976
-0.0328167387155493	0.365318514358983
-0.0523974006279584	0.223123194488491
-0.318347148007723	1.38377734771725
0.737010200856703	-0.146050439441133
0.832439721934947	-0.480764465449089
0.629143100295049	-0.264093591016807
-0.0236842062527453	-0.435683093957715
0.00562398560049894	-0.48529146181055
-0.319120073877401	-0.389955153147932
0.246563228082903	-0.984772797918108
0.401462642364849	0.00739371333406298
0.137231559832692	0.0464310731967461
0.0881449666529425	-0.348247150779755
-0.0630507064373227	0.011904145656399
0.236431641452297	-0.0972109554928024
3.49832484319178	-1.43248637901789
1.01107413141602	1.13734869414672
4.2307250848184	19.8535943862949
-1.1480762723779	1.32770622299907
-0.840229843405206	3.22152732516086
-1.29041908421718	-11.3536939763079
-10.9234063243797	-9.92544161400466
16.4534788636526	-31.0527626529781
5.59873793809971	4.03174209021294
2.21320347407892	-5.55481211992822
-1.6915278339482	-6.84026624699743
0.151702037893625	-0.0670706292369748
-0.88226798148009	-2.49756707346359
-0.314803109262464	1.41611619686991
-1.27897801268027	-0.479737816718296
-0.911907269765528	0.0582355446292695
-2.36425857887765	1.69684715159974
-0.104715545548827	-0.566498057082615
-1.21723365327646	-0.552685661369555
-3.74722710110938	1.1822907764001
-0.242278751706249	2.83621888767279
-2.83114557573392	-1.8947703478052
-0.748108138160232	-0.0950168200130977
0.145370982045028	-0.322247873416225
1.41742384219702	-0.300391304211029
1.32200237619907	0.301787248501268
1.75335831311332	-0.217295673963907
0.021026326180837	-0.00820134471769037
-0.114806861696322	-0.108334383640787
0.00182997210205761	0.00578433110039903
0.0130892583388094	0.00431564775758665
0.0472559606004812	-0.0171982914756782
-0.0693119022737609	0.00624808314540593
0.0228989725070515	0.0014431855484052
0.0056806920426894	-0.00470099087800575
11.1608276480303	1.88152556539631
0.979900210045524	0.0951730108576547
0.906175141183208	0.0215486970372751
0.919190326641846	0.102947573663188
-0.21820266981404	-0.269724806645014
-0.223893973481509	-0.269956648413536
-0.359032065430568	-0.279224108673004
-0.226201170140788	-0.35671517824787
0.115514139000475	0.0235820296233441
0.0283078482529939	0.0257018172003198
0.0425860553890864	-0.0537509783703977
-0.0184779993761594	-0.0048455987507728
-0.332025565291345	-0.132615739748564
0.384730214345459	-0.0661084025960664
0.244197501181594	-0.348035850901849
0.265965887523937	-0.132181091904236
0.00613933814455659	0.0157152937620274
0.0137160831278235	0.029010102349073
-0.0515134139932576	0.0158365912142431
-0.0263174516624805	0.0216414379149396
0.0168588683643241	0.00434395722403453
0.0146711023558157	-0.00108186631506144
0.035704750036779	-0.00756877141986101
0.00210590406992503	-0.0091786108956823
0.136503501920944	0.202511155779314
0.400967396431626	-1.36869454004127
0.281887763106694	0.660863539818645
-0.97097433536786	0.779281662188351
-0.0649751091333152	0.179555411752688
0.0670765654370574	0.172082303231253
0.153936414228232	-0.214310942699209
0.105704804323242	0.440996056980668
-0.970413672098963	-0.334352253880587
-0.457210337404127	0.233203589535803
0.302524628151648	-1.12903760949626
0.0069448960127427	-0.172472138282215
0.0310379528980905	-0.195765060954692
1.49994537545724	-0.279383608445443
1.30201766598602	0.347916785669546
1.856644066034	-0.135803686889988
-0.0200028671033382	-0.0129745247612846
0.0770938212115227	0.0667419757157127
-0.0139938676153265	-0.0137056800903656
0.00894626282252116	0.0205416522029603
0.0461672516722346	-0.0113207787184344
-0.0651244619348287	-0.00076697189941977
0.0206634148225594	0.00313575474404311
0.00550689431461668	-0.00335298445989602
0.248630405837784	-0.582922858570049
0.515254086539987	0.309339252237409
0.457247393602568	0.0194101031320819
0.379984223404465	0.204182219686113
-0.0121733681276116	0.0137950257983994
0.0496526774584892	0.0520770922440145
0.0018785918756642	-0.00430928914289886
-0.0032200579797481	-0.00626441450415189
0.0252224296486905	-0.0188028818531111
-0.0213979119588168	-0.0143129284367091
0.0115033318129771	0.00875739454066146
0.00532611529383723	0.00504244276925312
0.834325047400263	0.0959471021425355
0.358897511277243	-1.65688538588245
-0.289729911840304	1.2741268248451
-1.13189614819784	-0.532266221509669
1.15181387127994	-0.855684597352928
-0.973203552767999	-1.44327433259752
-2.29642737957377	-1.20276546692865
-0.960326111913561	-0.229323203431841
2.34159230141104	0.419109187197931
1.36178624240207	-1.14496522607129
1.52549553234181	2.19753300724642
0.427602353084237	0.416700218366628
-0.0371477777813137	0.829118567906071
0.73364429449188	-0.409267343484394
1.59463398764486	-0.938406529304955
0.65776792079486	-0.685314406736327
0.0210497136319738	0.00609398612506055
-0.0579973774718097	-0.0481774211490427
0.00857438552997339	0.00641967332003692
-0.00199768499188944	-0.0187006118035866
-0.0455155128507546	-0.0277134125264388
0.0812096261441624	0.0690404756581398
-0.0171537270973361	-0.0241583202594354
-0.0110275294927337	0.000895608217390121
0.236933816902121	0.71696342797886
1.05916920636512	2.26224863174941
0.707725149348214	0.705762720191672
0.355192817142561	1.75297252362201
-1.18406375162811	0.274765546492245
-0.976183786822923	-1.20756416845934
0.267213989837594	-1.13968701395932
-0.0882917907037352	-0.575167829433821
-0.25126593225351	1.30577247258344
-0.586059851890013	-1.27260122671542
-0.292068301137401	0.582364492548591
0.195043789778686	0.157421943881679
0.11249706176382	0.712899222876223
1.3586690982527	0.540988687500278
0.899199983422465	0.456835044901846
1.25978378401013	0.874756098030324
-0.220988326758194	0.0217130328603728
-0.187358644772344	-0.249713820675966
0.0605841857362708	-0.234852556945335
-0.00629442203319545	-0.121603720400155
-0.0466845510884441	0.212760525595074
-0.22714747400797	-0.245890667731912
-0.0543754626651695	0.111858740544194
0.0463267372885331	0.0280680180407183
0.172884378884979	0.266459130123353
-0.0564039275468102	0.37715013222261
-1.74372678043917	0.305193273547898
-70.8389497087734	-82.2245441728553
0.279770756507456	0.576185445310376
0.581007464030772	0.319277548264696
0.0575827007388012	-1.08341040995977
1.4613831161967	1.13710751710413
-3.27448296418268	1.04828356497731
-0.978518875345603	1.50331416066091
-1.78997362542383	-4.90423165102726
-0.296317002249818	-0.637710831602976
0.0521975734049667	-0.307740579354527
1.69606796580488	-0.351883747570631
1.11269972944695	0.63536439719626
2.75746061573581	0.661298510681693
0.545166762147941	-0.365756653887032
0.680274283035124	-0.763834299052503
3.07134211850479	3.11626119766113
1.83607003818864	0.17450010755033
-3.17736645453851	1.34453683324907
-0.988678622456902	3.08109088214526
-3.23377496715824	-1.14335484289934
-1.03550271644529	-0.235044119148495
0.202637948733653	0.230626972233929
-25.4075758729538	-5.90373948872014
2.20060776172348	2.16731926902829
-0.0524804110512402	-5.10651181582292
-0.778565702801287	-0.67988159626576
9.87067923314688	-2.08922835716004
2.86651496126075	-0.373388352323859
0.904028806350044	0.1689110371179
-1.33931254173738	-1.88405676369398
-1.83388635480916	-9.64687987950507
0.623087167424048	-1.67298257149974
0.513747267210984	0.265217297124738
0.199745476691645	-0.19744325269664
1.42695113470413	-0.370595536970624
1.33182960750215	0.339063215310015
1.85192808567785	-0.257328986313558
0.0201671671840049	-0.292268204248666
0.440701492013061	0.1970840512173
-0.0121864017542222	-0.103541137974146
-0.122712548059589	0.173569716442504
-0.000535567856030956	0.00432708061638199
0.00120200896377786	0.00229505122112949
-0.0189677297081506	-0.138337342415917
-0.0763640642281669	-0.00246248643725821
1.17078511178937	0.125614329866507
0.93232238999256	-0.309967904491906
1.22529577668201	-0.116778314828485
1.06064360012651	-0.351559499893578
0.0650205927482351	0.407819190903268
0.0333314063661719	0.243596544716311
0.465783566002562	0.0760918448055802
-0.0577636158638004	0.258411556331242
-0.337102899195623	-0.260918855657871
-0.0420559385648229	-0.122109994252133
-0.230794489014812	0.0806690984321056
0.0569086778604354	0.0301111896786413
0.1610413081613	-0.293000419821823
0.292698252161787	-0.13800549153759
0.148267116446618	-0.292785291439272
0.197233293460245	-0.131467242128032
0.342888784739434	0.378627371459832
0.0372312646923633	0.110270043197819
0.0756320195635449	-0.116778847172337
-0.0264796740108015	0.0927273030706825
1.28617971679845	0.378881856450199
0.203996911898056	0.132756836951914
0.0924775215720605	-0.248127335279872
0.0171979316678746	-0.153952311852187
0.123946970250265	0.162860348688754
2.07434680761088	-0.709173484764753
1.36342872963976	0.561102952653661
2.79222805518879	-0.184936404016041
-0.0378276083222514	0.0424466630698642
-0.268281550328469	0.235950730032695
-0.0587004164385202	-0.161705646583205
-0.00199630609501511	-0.0771823851067447
-0.063366694416504	0.250669134831201
0.225747054711846	0.260821876278675
-0.168843443806405	-0.050508870527909
-0.0153455623113473	-0.0366196292257388
0.171210889060453	0.291767640551524
0.105581528286167	-1.28049854303311
1.42863585638894	0.982997622131584
-0.914797736628533	-4.82041779861692
-0.200310498164335	1.40296978181281
-0.658346903279774	-0.297344575393148
0.0757359450966966	0.530604571892252
-0.194183766876605	-0.456378256304783
-0.864961215262539	-0.799703705527997
0.50831559610516	0.806482866707096
-0.0916301291636114	-0.552966266481568
-0.226923876732819	-0.017796727950848
0.396259737971267	0.862530486354171
0.861879866102777	-0.443968657657601
1.73095882520367	-0.376688847922336
0.915350442606325	-0.740856610384396
-0.00927707198953976	-0.0556777460505314
0.0680445626355487	0.0534788833296827
0.0304350976045618	0.0259753244708978
0.0198643066442168	0.013503420188357
0.0101722671043108	0.0847777842719657
-0.114575466143445	-0.0826502574612913
-0.0126751988763603	0.0341429625980673
-0.00489741809420248	0.0268609904931025
0.154141192872448	0.159291706061009
0.95685676721234	-0.351634006228345
0.0154474029155091	-0.0484305212271164
0.0440829800479707	-0.0224607690658523
0.167132373809275	0.396697780118449
0.10436713395448	0.210537452768961
0.220037375235239	-0.176318640029124
-0.032642166228572	0.313775955475096
0.822382181995921	-0.152500606719795
0.154163646696319	-0.0527388569278196
-0.117419859893752	-0.159954590284597
-0.076620004047622	-0.0739166526804565
0.0477653374327385	0.105073573775347
1.64861836470459	-0.533469131086843
2.27471394309996	0.475281890959118
1.5318438335652	-1.33881221901883
3.09129800671972	-1.84592292488843
0.656026263623487	2.47708427356835
1.03765570576118	-1.13966885697917
-0.986930548231667	1.33305891118582
-1.87906154026651	1.01355255000803
0.597162961476796	0.73531444995889
-1.94886026354288	-0.678358232969487
-0.119606349283605	0.15394585032428
0.138472983585544	0.293948441570142
0.423351846566061	-0.866736291594793
0.943345193078133	1.56277720371837
-1.07976854749697	-2.14229607866639
-0.317766384886754	0.799435548405184
-0.300390544268534	-0.205396243378748
-0.0427288224779971	0.312811992107325
-0.086878503003859	-0.246593385702755
0.412157427190025	0.104492799007017
-0.0318606795037432	-0.376971008623644
-0.0181764072839635	0.228899112574602
-0.111274858698489	0.12935647127863
-0.113491934559783	-0.523661081430973
2.19596200632274	-0.808904524264154
1.32065814416747	0.811026666667274
4.19794233458053	-0.352962268076252
-1.14475301037567	1.16369583438162
-1.21294590742303	1.84608501258506
-8.35148381825116	-0.760854689175414
-2.9393275386117	1.01342809895505
4.39647569768852	-4.58254134134876
-0.100939655301594	-6.73042583701305
6.13322669032556	-1.10127046400404
2.13428080408856	-0.611094053675133
-1.19296108702958	1.90026917379207
0.920282366054875	0.541232107663379
0.61595495985335	0.202398430202082
0.57996232109622	0.49086077963542
0.733788943637045	0.559137615113821
0.618640714842082	0.849689084993899
-0.088316349750234	1.04602532234676
0.130367752200108	0.694217843044325
0.448562796684409	-0.467385811743584
0.293871438193957	0.0445341354841359
0.0417239473836081	-0.348338466483508
-0.1100337385604	-0.00103359359077806
1.93419931593496	-2.05071519708118
1.12663768841027	-0.292071531612275
1.31108679507431	0.0119725640982889
1.26294053114301	-0.339888741734578
-0.180875757415555	0.220042928880689
-0.142704357228973	0.00810181909619673
0.023739205938936	0.162366371925113
-0.107816913449428	-0.0682190536505192
-0.356034918325564	0.809190261756584
-0.51330830274443	0.388033754206402
-0.0304104964636761	0.555585695216959
0.160040727888896	0.432170647944136
0.173438017173328	0.267175485531992
-0.400389260454786	0.526297685792518
-26.5813849686148	-33.6415406244414
-15.7147318438128	246.174380029818
-43.2347502816696	-21.1471544164414
18.8004489398786	-13.1898266713427
-21.5974736818808	-1.5328935216061
12.9771725533239	0.519392034501261
2.83474949130009	1.03261020830348
1.57922038750685	-0.282883472827987
-14.604798154416	-22.2678044520017
-2.01396452005573	2.72265833131299
0.0740832852899825	0.104558889770417
0.542779603153106	-1.37984982284666
0.0279945737629496	2.04046846168184
-1.1694805237682	-1.27702436217555
0.632539506754116	-0.23837871334129
1.28202522639676	-0.778063672945385
0.664597607613229	0.66778015719171
1.60188448424885	0.473230404432749
0.659077061440032	-2.20766999875573
-0.650523673362058	0.345904570601531
0.659230385969967	1.46936883081751
-0.132887451046962	-0.0224724946334949
-0.0455357278184633	-0.301387052560339
1.44511837190879	-0.233450983894042
1.26669854778015	0.333141408665601
1.78308383189199	-0.0782276711030287
-0.0200925600217732	0.00555756773731797
-0.0346452701616393	0.0256387683631584
-0.108486876532817	0.0849791352176531
0.168718687671802	-0.078470236704604
-0.0181539054424417	-0.0101257974301467
-0.0142170455498089	0.00196772123320279
-0.0360138809001785	-0.112390545435502
-0.0616405894550713	0.0110530660045837
0.152151880019229	-0.289641396981741
0.308830902648694	0.344794920554636
0.31443964203171	0.0554420681074724
0.217925826065333	0.200498878456241
-0.00996329820697272	-0.000263574995119544
-0.0121238233590128	0.0576762766163181
0.000441825691784266	-0.00303596723860181
-0.00491012929352705	-0.00465366792963999
-0.0226008712324526	-0.00072928535472811
0.0156107040879975	0.0219953225269553
-0.0095671813073115	-0.0066693689408571
-0.00344929826724501	0.00036170431409978
0.0348769587393806	0.0708367696103329
-0.283353130552098	-0.317058102578657
-0.21528537905293	0.190850487251134
-0.220582387402352	-0.0548546691325382
0.00640402656788013	-0.0204523906448217
0.00732427416931096	-0.0409540088669296
0.0628963296249724	0.0402467363407279
0.0471279658789048	0.00307122726699055
-0.0410177220750296	-0.00376701790889042
-0.0100438118027801	0.0165151771739726
-0.00278905773588596	0.00784844714743224
-0.000706593221636148	0.000805836966612027
0.0382406910631808	0.035838614831862
-0.257731965864025	-0.143667088829042
-0.121359800628162	0.147912780240915
-0.15570552222508	-0.00206520541114753
0.00891985936643564	0.0375821893562426
0.00679584283242598	0.00903056923591348
0.00275078102580336	-0.0092351431275843
-0.000546055114942994	0.0131363363755986
0.146161813377564	-0.0841012879685275
0.00359706582450869	-0.018561753588718
-0.0189914018686654	0.00702375475371409
-0.00968592372530393	0.00532521742213093
0.188978366291934	-0.159001554210211
2.36913184515939	-0.602409908615142
1.23607234793028	0.812500170122104
4.27005513807203	0.537956273734537
-0.800981209453102	0.684517654655355
-1.24020707962358	-1.43957068467831
-0.43199456636409	0.274026053794954
1.71688609200082	-1.37330540450143
4.27852091135833	-3.77324244647052
0.0178299082383195	-4.50807545701397
5.91791527816748	0.714404167531525
1.47789263461613	0.0947555476784544
0.189141651071472	0.261896745379962
-0.975831272607031	0.140783526100421
5.22353025636682	-3.5062197919
-1.480947106705	-3.64089478477395
0.0582077890579759	1.2060886730071
-0.147480806904246	1.71082124102594
0.952569159976596	2.38900187554257
-2.38576712050111	1.63635358610836
-1.37716826502871	-0.237504888194951
-0.390442078939241	-0.337420685302001
-3.25814735369192	1.22225189362818
0.112763233147104	-0.0353957840711594
0.172777957680798	0.265689652078369
0.0693728938266174	0.890228060800163
-0.24425997433417	2.86554417935815
76.7391220591007	96.2509776443428
0.475855094658466	0.297511024134102
1.00109804345585	-0.110327386989836
-1.43657765354259	-0.427193516685804
-4.83976278794963	0.522834732138993
-2.95337195359025	-6.31885994213308
2.43085846587429	6.25172737900385
0.82561942613241	-2.93715548070559
-1.62607409704967	-1.83619755739918
0.391048123201344	0.61425358822532
0.945265752843205	-0.730517029841505
2.13012342262378	0.0522092659471041
1.07272201728002	-1.17647728979904
0.216779169230859	2.1158326154476
-0.25012364341224	-0.112853213624838
0.36116128685738	0.357426484503564
-0.102913669705511	-0.121942623176521
0.157523580490724	-0.43134569283521
0.248429229996168	-0.186423066309679
0.0685184383533393	-0.478494343817259
-0.0368339834839514	0.119637478777404
0.175714436316338	0.270594401755604
-1.41535867278456	0.237119203356016
2.5567142077415	0.856146041101655
-53.5895946556157	-56.4378642362454
-0.165486803677088	0.623368407703225
-1.28357605307145	1.02807664248445
-0.234024329812433	0.482187501163154
-3.54487119597788	-5.19837161122829
-6.1674018711505	3.03007781749787
5.94575776318252	-2.59127102991754
-3.10062027908803	-0.794137511979322
-1.04848473383285	2.25754441945659
-0.395583044195883	1.68705211129366
1.20392727811158	-1.45672827510098
0.345187275740513	1.64720724444633
-2.07349279369839	-1.57324299801041
-0.673739202919425	1.85709426896615
-0.935869181932142	3.40085404973654
-1.20064792039834	1.57086872252399
-0.146148094573197	4.25944850618056
-1.62327688855276	-0.564153271570864
-1.9489139251848	0.407222007462194
-1.17771098011972	-1.96689088885533
1.33181217557742	-2.16471842847106
-1.06647218919727	-1.0736756934672
0.672754837342898	0.0217527942348375
0.674397006142347	-0.261128270325798
0.573314498682011	-0.0713443354366377
0.141790922194618	0.122262058098722
0.180701978283391	0.116249576160441
0.121622853569456	-0.0113700529872564
0.262870149564403	-0.187292800036471
0.0661628374928221	0.151408535563496
0.011179078799733	0.0364004218137865
0.0620702389438353	-0.0557410169298742
-0.0145875062853825	-0.0117776111578045
0.173605946251449	0.265917675369171
-0.553109220407944	0.900942821325192
3.65386005911649	4.39792185324267
51.2190070743598	-18.8879530172013
0.890000830656094	0.242849261913111
1.86704564501888	-0.117769194977371
-3.09508287489611	1.5755770293243
-0.970474295011894	2.75289086124614
-0.834655799207735	-4.89398959765933
-2.22046725407749	-2.0056253984511
7.65575274087147	0.480468103933196
1.29989262242037	0.359504824482057
0.124346532235413	-0.0484236642337015
-0.177189308630894	0.364514546318064
0.112130551996063	0.187129722179124
-0.046766769836863	0.19898634120953
0.00116247175487665	0.00164301962494717
0.0210770284382622	0.0199850163921122
0.00294233722673106	0.00544983397824769
-0.00177607373242173	-0.00214969338791224
0.0137471525829514	2.73087732565194e-05
0.019125410025594	-0.0145582506841742
0.00511577345015765	0.0048494586141873
0.000877067970881404	0.00181269410106169
0.0725616587610099	0.0988373565415475
0.928647084171113	0.326912301190156
0.516802565343389	-0.20964588043332
0.497556799958995	0.0338696688265837
0.312305486148217	0.464538342722925
-0.0669469435387863	0.478839780481677
0.380076968490639	0.0798789987238332
-0.499452620349776	0.237402937261093
-1.3925062022301	0.593734663125599
-0.128923008158547	0.243170316592528
-0.351341014360921	-0.058266688462386
-0.0271380091980681	-0.0125529438743437
0.173197222806392	0.267521881420223
-0.242457815858954	0.117052494767109
-0.084319918633736	-1.10994591163426
-26.6137467484629	-2.19905490813673
0.153190833935809	0.760425756009798
0.123256538406016	0.50937358608195
0.64533104789294	-0.160773334446215
-0.232981871890107	0.761438129034658
1.30938537851676	0.0317973465495486
0.307380450827998	-0.0178827592825323
-0.108816299789287	-0.382148564437956
-0.0967257873908303	-0.193389679178943
3.19148285987359	2.86171103430924
1.15971065112573	-1.31564431138679
0.468119457129347	1.80554791945133
-1.7706306003564	-2.03172636602194
1.22556594146179	3.68651422704299
1.18740690294536	5.59476569892982
0.380828944091806	3.51441665888585
1.95056786256015	6.39717445093455
2.22222069057246	3.19667800418358
2.40812853837367	1.57166022480085
2.07007221003064	5.78457679879126
-0.635144336807829	1.79737898529699
0.0672499808025437	0.111289095124271
1.53948299972146	-1.42946448850465
-0.00515379514129654	3.08997861613812
-0.697637702997803	-1.84417606074289
-0.814033976945728	0.354723921154987
-1.67625570754398	0.883790816975353
-1.32639612139128	-0.843503341117094
-2.19312360822997	-1.07988854769663
-1.20956772382435	2.07343352727044
0.868858984998759	-0.208598181603671
-0.674993289106431	-2.4178008918127
0.134081725870186	0.0725508388365306
0.202225269803005	0.198986226930364
2.70005960558574	2.0527192056182
0.246022058927279	1.01579312807547
-1.68905412942194	1.17171045370558
0.161047003892822	-0.016699720606126
0.120810122702254	-0.126032562176686
-0.294622163258758	-0.0439698338053486
0.337233044005798	-0.314959914649206
0.0289274330348538	0.963307338511133
0.382465140531973	0.375328399728751
-1.23060355185839	0.340232876840737
-0.187125685838511	0.0722167137091465
0.161390518260524	0.217034780386802
-0.0719416956015743	-1.99881440466328
0.965289046600752	0.234669392970665
1.96509355319987	1.01397285637631
-0.271804601483408	0.185052469655879
0.295981377196235	0.413486141047109
0.126249361714475	-0.437490074532225
0.47138664089216	0.010697297597744
1.43536241111226	0.433357056015513
-0.931368826488827	-0.211314743425243
0.248698895445928	0.418040081038711
0.318078826157235	0.191436919924142
0.0511273776799145	0.140849553295597
2.96244437111486	0.812820473652579
0.685868200403843	0.791249344333042
0.197326290579542	2.58471282462683
0.3471901047226	1.02943829628891
0.920851622090147	2.21461225931392
-3.26237251038386	-0.370684660302639
-1.98127624284649	0.635019197875157
3.42116382090655	-0.934658312472819
1.05771883975471	-1.58000291004969
-0.70191220474208	1.91737904166403
-0.171465388149859	0.29511990285905
0.00282136439623054	0.283151869559413
0.414953743412085	-0.667079117500345
-2.50316739965737	0.47230763770564
-0.19966788456999	-0.76694241144698
-0.0287666358344084	-0.0103297166701994
0.0786916713411737	-0.069722051170536
0.020008135719529	-0.0426147898705497
0.0233320471515373	-0.00983437901985891
-0.0382728095819428	0.010465777827634
-0.0231486412835967	-0.10728117742111
-0.0499289594235718	0.000179438991908342
0.00506977805414657	0.00447605457083102
0.202128053008233	0.673682195475204
0.406865348380051	2.08164126719706
0.640116387568419	0.696637239186273
0.141675009164618	1.52956400735042
0.159439237164777	-0.761466166796067
-0.145995844543515	1.03106617921513
0.131574737404401	-0.270083282670719
-0.364805385465495	0.211129346846471
-0.55477011079945	1.20921409182829
0.0293089211159314	-1.2487647795351
-0.4298556015798	0.457339361042214
0.119253037442581	0.186907070727019
0.157429615498158	-0.2914775334624
0.328194818891809	0.370417727873367
0.340116275581505	0.0637305891431528
0.238149317100785	0.218765408533282
-0.0705209995562893	0.122144676151902
-0.0831962583171657	-0.0728118162684725
-0.00476329092086343	0.0142410800654375
0.0334514770660322	0.0111459263579349
0.0274101433956332	-0.349367833425408
0.039621101708802	-0.0313916428661665
-0.0367770916124679	-0.0297670417923879
-0.0269435759081712	-0.0151178476251666
0.422842824972121	0.1626911620758
0.934812365695322	1.03806446565231
0.480762296385648	0.446155415718826
0.229818400585013	0.884908576894498
-0.021524044894143	-0.00285245756413517
0.173982584253648	-0.123078766589842
0.0392804278404921	0.0128765859596298
0.0144032774584562	-0.00487859268383552
-0.0714208209379082	-0.00310174536992474
0.12855663621357	0.101269182447453
-0.0332914932597525	-0.0184000722820742
-0.0138716690085388	0.0027804680321181
0.170642075385169	0.266656029725022
0.524106074155842	0.0377972219989238
0.136728846451157	0.928139127746114
-10.5345195944365	-10.3766865176825
0.0538381251716782	0.265108459838682
0.416195440623582	-0.110142732730806
-0.265211167143497	-0.257449138882588
0.109372521214654	-0.345541364163107
0.727098788001375	-0.849125253617126
-0.48481628711063	0.74860711835845
0.391891696744685	-0.0708620706306988
0.237701165661334	-0.187109165029547
0.219886421576814	0.364397107142451
1.38652253675104	-0.114917774084857
0.872613550990841	0.878125365809504
3.84281991207323	2.3254054742576
0.0985546560263468	0.22474210042328
-0.232775443334625	0.508883822322116
0.0601200303468984	0.170878590451765
-0.92498338275673	-0.763772795908189
-2.12150709134595	-0.634000316178727
-1.25996985546723	0.302469908700528
1.10437751523905	-4.96622514522761
0.32798865704533	-0.519913181046759
0.555184790543011	0.764135314088419
3.57352919878591	2.38805160694209
0.832731957727825	0.83491755258224
0.672981487857774	2.96473489058633
-0.220532118204697	-1.00861507979993
2.13194709832961	0.629127332353202
-0.0691579743923364	-0.493776697665372
-0.221881375830967	1.03974406526742
1.24425662374163	-1.18714957404495
3.04825526880268	5.04431496421716
0.90403952432918	-0.280237641555585
0.912305850120644	-0.572466635764133
0.0581251405499751	0.0964553243645332
1.30125860167638	-0.64180356859694
1.81774102630979	0.434975825376965
1.67603207847411	-1.15297284078126
-2.67363668985316	0.829240175065115
0.0133716980953756	-2.05555969669809
-0.976787331375204	0.630219140224885
1.07070297014629	-0.790264355617806
2.105617180189	-0.756864777590795
-0.300565519796628	-0.89315670585713
1.5925913624749	0.909644614241076
0.182164554387994	-0.0752493406326876
0.649261493735996	-0.0495286948418916
0.742993531131529	0.666461143544777
0.529588299203429	0.257841649968067
0.422054060623533	0.550822099308509
0.00710971315300669	0.0192464016908854
0.0284064488412425	0.0328678763020261
-0.059440992394289	-0.0563718148447811
-0.0648418783524398	-0.000323719014348415
0.0914531556940214	-0.0571238001624078
0.0302666574841288	-0.0797617135213053
0.152744080703141	0.0558759824301681
0.0375630597491896	0.0331156143306193
0.0634986213746593	0.270593699750638
0.449435049851971	-0.857086982191622
-1.51701267852065	1.88046235356445
-0.461956132183705	-0.916970087479451
0.137297955922557	0.0794198155345758
0.257793659189705	0.126620273427827
0.0310661817360908	0.426524120893496
0.0464473495918515	0.377364671733485
0.0954143201006357	-0.0305777307834064
0.0391031830825033	-0.0425712951176598
0.541624433374756	-0.125940370557932
0.0528080752233239	0.0436911606463345
0.010349578360799	0.0564735403403864
-0.163886315111275	-0.259968331043264
-0.205724003904595	0.101681495558613
-0.156434903988788	-0.0772086537550736
0.0255191522607875	0.036385287854099
-0.0118127055863076	0.0159267576015669
0.0125328143726813	0.0040227439200826
-0.0193608287199456	0.00138267367902347
-0.0432802233872711	0.0618491293037979
-0.00794741059124763	0.00264577387250378
0.00260785584738379	0.00171136164076844
0.0004901155877093	0.000385389202360827
-0.185964432275332	0.184433863297838
2.24174375593257	-0.359301799791013
0.896712738591373	0.926580348744593
3.38444923958451	4.91663436537931
-0.41390619697068	0.217259614606011
-1.15435921993508	0.220962519300151
-0.460709527141916	0.218074171328946
3.65751947603548	-3.11585188035677
-2.76220589937551	-6.82481559019026
-2.07307378157505	-2.12478459069921
-1.14259271159263	8.23427754859902
1.15411895878995	1.50968010189127
0.64090949973357	0.322858780231405
1.30358799356063	0.867267476659245
0.740227214238943	0.460593114577997
0.816338667934271	1.03158017754939
0.0669709508281709	-0.496380445316176
0.217579556385258	-0.0245859061521896
-0.0830029487551443	-0.169573428787145
0.149232903373861	0.100130900460651
0.315076389783217	0.474792160618414
-0.167135778147377	0.0654781665329339
0.12564008984108	0.137869049640265
0.0355370931712913	-0.0549991522679614
0.14727965832604	0.164963654074949
2.86564650479587	-1.04941708615483
3.96492928843404	0.0219804015575473
1.00719188988001	-1.69194629192294
3.3776212642904	-3.28452837434904
0.815497139950647	2.79815678079066
0.925074804640354	-1.85480371761534
-0.77790034225189	1.44889461636611
-0.223328669354194	0.187284188589967
-0.0471665299725118	0.145028821223547
2.0825165669475	-0.478225531652825
-0.210692890455531	-0.302944060077151
0.149340019358173	0.345960503915251
0.700179819224272	-0.881915910079737
2.34449479704255	1.68785533551326
0.322625634891525	-1.92816960070723
-0.917988047807964	0.772034991271757
-0.17189935509332	-0.455180091304778
-0.263740423828587	0.407676066082589
0.076425776506265	-0.303608124329537
0.265031436739247	-0.426763907372629
0.0638147591036484	-0.296612906897643
0.989684605465102	0.7262094158553
0.034147039146287	0.0989372939573473
0.900434869382206	-0.223930406208272
2.48826984278358	-1.14713308231478
1.30005715839109	0.948515404420693
6.08486239418767	-0.852098180208028
-1.2984125336447	-0.433802634095132
-0.526469964574482	-2.02819198659786
-0.838963984894209	-0.235033221775169
2.88104736662871	-2.15346712289847
6.31448641159948	-4.34328084095533
2.59335214414331	-5.62245743983698
10.7248180494561	0.199098265286436
2.89031537096962	1.39565794094282
0.144829235038315	-0.128240173111027
1.50417049468736	-0.370801521575272
1.34871918683205	0.360188247251672
1.9209384981232	-0.257581845621129
-0.0147634530453848	-0.0161281171025164
0.0610401103304585	0.109667528645313
-0.0175827178178562	-0.0207867020128537
0.00747177034713704	0.0189312387863573
-0.0632583762310012	0.0238147898061288
0.0719579127588774	0.0125667731527057
-0.0186464555992828	-0.0141070337472018
-0.00650152853484639	-0.0080107951759795
0.286790175024094	-0.123039960671727
1.85638692202747	-0.970302774022143
0.903286080837569	0.985991680529377
6.79054946806958	10.9220920768157
0.403063565798616	-0.67134913370231
0.0925676668266543	-1.43572453507452
0.844518917010605	5.81868069041781
7.87798617888013	4.24942542140466
-5.057760311282	18.1606707332064
-4.6582017519478	-1.49298849758377
-0.52605310109496	4.00996863974783
2.25538888885362	3.93613605689152
-0.924597933750056	-0.707322682634694
0.614880423382478	0.000954539406572831
0.594631497147788	-0.305951456742558
0.505457465619341	-0.0932498783573805
0.133185486839327	0.0401321407036707
0.166575102979162	0.0226695174334678
0.0809463185138632	-0.0630019272739999
0.0919150713526309	-0.317012023357694
-0.152028670326945	-0.113569602337539
-0.0585159696033226	-0.040955767590774
-0.0734903175806021	0.0925356877875146
-0.0148373917906171	0.065639754188259
0.13518971722372	0.433838605251876
0.733507027903524	-0.656294444966847
4.77523625185332	0.71543210155783
0.399313847550701	-1.27553683371915
-1.52230874261211	-0.181133392382953
0.18785022458183	-0.49032903449353
-0.701490120864264	0.240782111832571
0.250112260422806	-0.200409848088722
0.0972075651177655	-0.0367836786126438
0.0373207841451374	-0.042024856206922
-0.942230212633007	-0.66433883858189
-0.00876731175027396	0.0951309291173938
0.735097069326776	0.613209962451882
-1.20262402035236	0.643393390200533
0.0958110707823717	0.434712962157446
-0.318405219128585	0.359887353651535
1.07774421230794	0.132774811086836
-0.975696635056723	0.959353421053549
-0.607176078909296	0.169570789653564
-0.269039514241069	0.239755718473244
-1.35096903857563	0.167675789636498
1.19422925661445	-0.362191166848209
-0.38210742919115	-0.273213792610838
-0.268257278560423	-0.202060354155889
0.0626931606358142	0.13549594840644
-0.190062766359532	-0.745414478145048
-0.354066209756232	0.334668644897464
-0.360025830100327	-0.146401828423514
-0.0411753661131079	-0.192210807197151
-0.0472078916017815	-0.0552775942369328
0.0330355787963739	0.0287595513103658
0.00756649560431948	-0.0403437236083521
0.502388749849139	-0.317457071549489
-0.0670778634765445	-0.0999135608999304
-0.0255627004978936	0.118071748322713
-0.0141815855918771	0.0673810419615665
0.220308872152163	0.203226616871712
0.441626426066044	3.3507740507823
-0.130323054399654	1.24662487005157
-1.83050870536865	0.114985816138868
1.74970619998892	0.503934484116318
-0.472853004196078	0.568201484734636
0.606361032538158	0.0772596925479391
-0.500407655436173	0.122409521414982
0.757120479624705	-1.35681451612445
-0.8122716270049	0.277347419579954
0.501964182874355	0.146426741722785
0.317421301730007	0.207973118605695
-0.150383251395772	2.08601328287963
0.859180583252651	-1.36428554673936
2.60324055803112	1.67011288575078
0.353257897166789	-2.2569896080091
-2.35164370840208	4.09981685347587
-1.58761548413047	1.17751176360236
0.751950734670412	3.73189244985244
-1.56122135058901	0.509501225554198
2.72983351262829	-0.612852307061902
2.21767171765853	-1.06860350250816
4.80827959951877	-0.129320849973205
-2.35060183193208	3.68563816386684
0.630385361119491	0.355073235142798
0.054937524324378	-0.279941465497117
-0.170929729384444	-0.431493303255421
0.0324181644300487	-0.270973457649116
-1.05351907180889	-1.70547554405508
0.110574620257401	0.273093813009663
-0.261136859307334	0.0415573930727754
0.01050739386891	0.114597330873518
-1.09594393622103	-0.169760932664801
-0.11060900397138	0.00456148346249054
0.19265995547736	0.157421841208685
0.0208779819447754	-0.0314396294811469
0.173505254222227	0.267231163631397
-0.450645169383614	0.587717837119231
21.6934920034693	14.9980209382108
66.6781761969617	155.757231270986
-1.02005048334994	5.35124150437724
-1.43851584783759	9.89507285847058
-11.5887716174375	3.54509521522064
-10.2096944605773	5.23594657041684
2.21754507053427	2.01599359493012
1.73989478195612	0.378038644511656
10.144015135491	13.3722026642921
-0.497121888088818	2.38120918014936
0.00848673498822766	-0.0865307600918073
1.55984907015424	-0.284511303141684
1.30381960688346	0.399484891255472
1.98478819957064	-0.110017025827479
-0.0705537103008849	-0.140355301478446
-0.164766865383703	-0.226674184430219
0.661582434994231	-0.215471559947924
0.244268160240714	-0.296325271610758
-0.027582984037019	0.672662181894114
0.489412617810722	0.30104725410724
-0.450109916598827	0.381107602456763
-0.0850021427771242	0.12976301313166
0.19901880112211	0.366718202001907
1.39204118213755	-0.232523324739218
0.90839323040141	0.982318782917155
6.2638629043023	1.67624944288283
0.0738097140039274	0.247054020152464
-0.232343138335146	0.552456538109485
0.0371567469253346	0.20236453665984
-1.67715427607364	-0.993936096984729
-1.36676234960469	1.79979044712922
1.54428174477063	-2.78143191533031
-1.06326469424847	0.370072640586002
-0.0695476892598171	0.87154221343337
0.0821083115100885	0.147303284129329
2.70169850984101	-0.860495045583934
1.08187783840044	0.529885950900867
2.37257073030835	1.17595341436934
-0.416469743138426	-0.303660907842416
-1.09466717001853	-0.518729788512546
1.47834974825801	-0.615013546203101
0.822515281469523	-0.821274772525334
-1.25129602422188	1.80697219631177
0.220744161285526	1.26236222547751
-0.838417632198003	-1.27664429074915
-0.101704222086811	-0.258426136974316
2.40588756678496	0.378555574183394
1.00405176153516	-0.155062225616359
1.13351107122546	0.0126569991394124
1.12423189926089	-0.153214286536672
0.167989720492089	0.347051676728739
0.155571171466563	0.3149137297352
0.509009982551607	0.291201454962304
0.086108402610441	0.44195763447073
-0.26576033406661	-0.107027095460155
-0.0607027209367625	-0.0782571477335234
-0.150742430691298	0.105272700204555
0.0495132226604214	0.0162565225514223
-0.0215684644812956	0.116686072390761
2.72660680881054	-1.71582784202088
0.988527680904357	0.88759923809239
3.65080073847683	5.8172150301121
0.325314077550464	-0.234318110548902
1.57777731776808	-0.51543974940538
0.381384342338263	-0.0836835638377585
-3.70556390886113	1.06692399386143
-3.50717741802102	11.5710330510593
2.14865835481965	4.03304834321387
0.387141856859493	-6.7707228334034
-0.031744081943315	-1.8220335343571
0.285254708527483	-0.0628531613511581
1.38528933938667	-0.45217420004413
1.44824966516242	0.352679289089855
1.86146681250218	-0.51747043988305
-0.447521655221012	-0.129735267354769
0.503775766796864	-0.295389780899376
-0.177176766743415	-0.0235131571285473
0.198625405212672	0.154142712534084
0.453788775109431	0.417051704713143
0.45975052846913	0.009360914593657
-0.0656927567522897	0.670876355683339
-0.0411035847254954	0.145995457056066
0.263802590099187	-0.343327050717031
1.9441416822897	-0.88300476637398
0.891604270146031	0.989759713462001
5.53132739355083	10.1699366457208
1.22257491212956	-0.69279242262791
2.23595455147883	2.09462710064755
0.627193596712355	-0.185499007519476
-6.92741225573465	-4.85865155322448
-13.0511358915318	10.5294808029737
-5.14099014080255	-1.72367695586366
-1.68893480570653	4.83574171254531
2.07109299215346	4.65304594234238
0.184396374518015	0.252717981883879
-1.02146275205978	2.65479394097681
1.71333746820186	2.66356495887184
-2.85674614630768	-9.7979284607442
5.57215595071361	2.00623956886038
-2.14479885407861	2.00314440605664
2.32487744728458	0.213654798255747
-1.81502341134797	0.0947351554601026
-3.32341600400899	-0.384076909374453
-1.87837292863113	0.513367401267766
0.443917070781958	-5.34274716074656
0.300654767904446	-0.470260528668949
0.485554294360201	0.687296372507192
1.22274362484692	0.588032385638333
0.786273642363194	0.414994213413781
0.958705729102471	0.860393065560646
-0.074728599713513	0.0981374970483219
-0.044303671923541	-0.138971400997531
0.00482049394760539	-0.0883378427752286
-0.00940313185640165	-0.0428152900243749
0.0732413452320428	-0.112799267456191
-0.0443892045453888	0.228705027984626
0.0546653595516469	-0.0212192503166032
0.0445921810215296	-0.0209983422400559
-0.0251136943055297	0.328551969993706
0.447296067324453	-0.61534327709984
-3.8213332435401	-1.78350060510776
-0.0272792231750978	-0.812582625821603
-0.0891684051081287	0.104054525877043
-0.113820567379964	0.138146767129501
0.0864960042054514	0.302994113287589
-0.405496712069706	-0.0336159326504084
-0.0354092497825906	-0.146506766561378
-0.000792796314670654	-0.0942517320539391
-0.514605546435748	0.186236798207606
0.00378888219054153	0.0210846862330402
1.49264236570984	0.0395750630246943
0.643630777471196	-1.71499082989037
2.0996121786249	2.55085711949973
-0.382438592276693	-2.33098440752619
-1.43156723022557	2.72166460961913
0.341901083321221	1.77073027800112
4.94388474237867	5.66585149022804
0.310252957957416	1.52838199006825
-1.11046376573003	-3.18212385800473
-1.28282332763044	-1.75992011418581
-0.353318540204782	-6.18437712013568
1.09956572839155	-0.558493292547337
-0.0552344837098037	0.172826635829707
1.80068208404742	-0.060290137033891
1.20504027787097	0.499934842771359
2.16951820782649	0.351688170838777
0.0279363928951295	-0.0494488141253566
-0.0674939482566186	-0.0053282703732939
0.0147625829681174	0.0323167323024371
-0.0617688438552601	0.0469328248949807
0.0360252837828565	-0.170165812167663
-0.152838032442569	0.086945380804185
0.0730810677287988	-0.0980671042485171
-0.0118734393796091	-0.0190795355623305
0.038069067220137	0.83179322353972
1.38875149371185	0.404961584152856
0.927702644373594	0.415240710467205
1.3143186689926	0.745151346735997
-0.0194015356507494	-0.0402164771152388
0.0355793251863918	0.132092570658901
-0.00262605738434647	-0.0209834966065823
-0.0219296089751201	0.0296897508608992
0.0231050361011489	0.100956523853994
-0.0547207978602546	-0.182564116134316
-0.00863481660302517	0.0555411322172288
0.0172507296479935	0.0127177216224568
0.772072852835545	0.00583682988238358
0.92982177800174	0.821043458655598
0.632427043910919	0.359845497535763
0.564955411433517	0.762963157967548
0.15888295492101	-0.392053835494807
0.14897853203876	0.0428551098605281
-0.0275233432054623	-0.133579285929555
0.0678234049834453	0.0986965630808719
0.115587822920538	-0.722608021662991
0.40241113155837	0.100610658725448
0.0536103962540485	-0.223825109556683
0.00612846478165533	-0.180704315874276
0.136146457256043	0.31539071087535
0.510787912622106	-0.836875296409931
1.30500532475652	1.95695077413714
-0.41041205313297	-1.98665253117186
0.105539454884017	-0.172078826184165
0.327815063869739	-0.0804550277733185
0.0754391582122037	0.367797616262021
0.103235235867664	0.0898580237476721
0.327366499150697	0.0463630006625533
0.0108736666642607	-0.318757306958571
-0.00148229593469807	0.205107424896245
-0.0887310313784312	0.0972699549039127
0.0816901518574224	0.114476671062303
-0.629557655479157	-0.703117732510506
-0.228282150365138	0.420601637564529
-0.41994449511672	-0.0169263581563218
-0.00712659020809909	0.00129919433526009
0.097171026603146	0.0458409568493813
-0.0037428221582024	-0.00183820397982018
0.00404927927530961	0.0148466602122716
0.0422232185930013	0.0298163449869838
-0.0497563008467722	0.0643978408087143
-0.0162598276832875	0.0106346183171324
-0.00231273623572992	-0.000751211986594436
0.198832430424201	-0.220527453102944
0.255227302644435	0.434083363422657
0.298405046686299	0.112605580450993
0.174842208488633	0.251731819643809
0.0101458147003935	-0.00252732047054976
0.00675636805740141	-0.0174481971094017
0.0346462536132433	0.033513113753981
-0.00954121884605378	-0.0213906645480131
0.0199894204303724	-0.0162397295025443
-0.00204006418539121	-0.0141635278461559
0.00667172891261675	0.0256384808339187
0.00363724867210534	0.0105737553814304
7.03470262427322	-1.67469310071694
1.62347633035064	-2.65324226224575
1.18187155654239	1.45881574647782
-3.6252251068651	-6.78419159214575
-3.29208477203868	-3.48314016199264
-2.80969108194135	-6.54622446754599
-2.39671780358917	-2.68965389108903
-7.0020424277723	-10.018184367776
-2.76693348900115	-15.6957999932566
-5.83268584235872	-12.8441262341319
-0.0597880298776086	-20.0328851289905
6.32100821684152	-9.79495907613038
0.194161498374755	-4.23272637536747
1.0033752625674	-0.0545968634848
1.09671954499018	-0.0653084642319611
1.02150503380019	-0.125621939868174
-0.240646388363233	-0.431419690622822
-0.259231512595952	-0.459516764163838
-0.364752816520723	-0.831228073256124
-0.110320769666245	-0.565005462239254
-0.392052486181293	-0.667416982251137
-0.140439577395623	-0.51439284752015
-0.519970849184301	-0.318734138840766
-0.534913145730128	-0.0393141767843024
0.185592142328527	0.0905520098608872
1.70562082712019	-0.687128561576308
1.43986650420496	0.463273785413387
2.32793073747043	-0.521775729764873
-0.0655380788894093	-0.0265374323103281
-0.0284905588194124	0.146611985143908
0.0889157314129645	-0.109087066511998
0.0578990519800533	0.0736098829145014
0.224440375383321	0.453543634116608
-0.128709671144949	-0.127565562106605
-0.019730541585636	0.115236922537631
0.0332058565654026	0.0771573612555446
2.73270058767836	-6.91514140338972
1.18586561270329	-0.44470684210638
1.50579637483339	0.0500042829364523
1.37207909541576	-0.576997574730923
-0.832210264149215	1.27788353727021
-0.843434523002798	1.25792796954169
-1.17365817371023	1.98938575901662
-1.19952644477462	1.10377387467061
-1.1810760080025	2.357397449353
-1.43074363413126	1.61501151589197
-0.368768147464923	2.12713895549623
0.457615589804628	2.00839988076414
0.209283064573272	0.207507357704639
0.665951958609468	7.84405457393381
-0.0101938616798391	2.27984239929375
-2.45376169542339	-1.72880012442071
-0.908191026572038	-0.298616845182003
-1.5058565168209	-2.64434072594812
2.30796380476335	-0.486959975407822
0.648085627103974	-0.552966399522327
0.515597209568994	-2.61305793830751
-2.19949084693538	0.984159027983214
1.21657612602582	-0.0542226203234886
0.658396388126626	0.464341806322994
0.248044835903714	-0.106767978854582
3.51356781677177	-1.45162932790243
1.0137016225529	1.13506089348206
4.50886627589367	19.5366247379307
-0.853867695502496	0.421372700646128
-2.16435692765896	-2.1870944946847
-0.525268456315621	0.0177795654552871
8.97621980062397	8.71420440456728
17.4151679341413	-28.0913292535364
5.58180320471841	4.21525744880979
2.45990007194743	-5.50159021070525
-1.60765002958488	-6.83480622340933
1.32876174909364	0.934916864780637
5.12093628155897	-2.04596310659717
0.95999525001987	1.05515579344854
-0.140080698852896	8.44984463643338
-0.696860429983029	-1.51550158466082
2.64766527040485	-4.00322721737834
-0.336624189031813	-0.935586390020776
-1.16411871593433	5.11186395363234
6.86904447805193	4.74668191747887
-1.60364844789285	11.9267406922287
3.81226409074132	3.15743231815722
3.9311502578523	-1.02140009968784
0.158006967136348	0.168882212174782
3.95901523457898	-1.56454014890002
-2.75345609218179	1.46265997178273
-0.429541065990218	-1.28346780262685
-0.723211361688277	-0.547077724486004
-1.41900457794242	-0.946170143197544
0.757222504086745	-2.0493083920136
0.191532684622926	-1.87158298234351
-0.406244979513003	0.0999021272498033
-0.174377446922193	0.176294443445779
-2.51725895395537	0.189332627463674
-0.290930964255393	-0.202346140850664
-0.0454437214433378	-0.307583584071035
0.322412655719368	0.162968685452139
0.283795206309879	-0.0783294698033545
0.236492583644747	0.067766963030488
0.00735548151908036	-0.00258301071659243
0.0145444466630698	-0.0103981814058249
0.00761399315030072	-0.0203768347780612
-0.024862559612899	0.00745780012055271
0.00388161600004347	0.00778414761839332
0.00516435468044858	0.00375841674163616
0.0179760132416099	0.0184535304529613
0.00828334571538545	0.000491106695502659
0.14574032781991	-0.564909783283637
1.35388767072358	-0.252931154346749
1.29518604008529	0.255610593525449
1.63305493149669	-0.186013435904473
0.0189960853579746	-0.0141969158472256
-0.129416087055055	-0.0424161996767429
-0.000471838180996675	0.0060638005020912
0.00679511712202168	0.00789641549970202
-0.0399410071220275	0.0245119954399949
0.0587763565306769	-0.00815220245014607
-0.0169759547534454	-0.00615984638721294
-0.00856254511426766	-0.00452440063866916
0.107658332149203	0.111081693118116
-0.874955971213638	-0.838363158258358
-0.191377504525696	0.404341062528654
-0.414905732112708	0.0174635300647469
-0.0947835987975004	-0.165453543775708
-0.0779615596667487	-0.0146388383258654
0.0373963016334811	0.000130451180479666
-0.0176891977115253	-0.0377772078320322
-0.37094797900862	0.33161080001532
0.0105150265307314	-0.00599087263646588
0.0255491626331786	-0.0543378997077429
0.00153757432503255	0.00144025982135734
-0.657827242268501	-0.106421371029337
1.41063524358053	-0.0370872127068655
1.1325353067039	0.311782016071822
1.58455562986809	0.197238802382654
-0.0358211224540963	-0.0774593847257664
-0.05455485976057	-0.0927475741987399
-0.0841037863510472	0.00012027050265584
-0.574309120289401	0.803894739935004
-0.0967378662611448	0.220599100695809
-0.0381587735114901	0.0874155520317855
0.141250023475421	0.0881710597421585
0.114433311249919	-0.00507964960606225
0.0677576623044038	0.0574958125860307
-0.45565344340642	-0.195054292277321
-0.125681801314798	0.24249012495571
-0.232003570197242	0.0328700967580799
0.0156241312513875	0.0450391465878073
0.0161396998327861	0.0145142234312601
0.00256316064864859	-0.0219611125678347
0.00673161048664897	0.0273731190975294
-0.148304510406118	0.100596450973364
0.00622968731416554	0.0118898790261488
0.0103589898021209	0.000662910829234271
0.000980429371641501	0.00158520898246511
0.251660786741758	-0.0650544907187399
-0.0771682589249104	-1.78754126156424
-0.216996122668096	1.03819309109693
-1.04842962161962	-0.231448436105377
0.791792126157215	0.143138747563314
2.44850292351917	-0.538420585048814
0.0353996948469147	0.448895386137273
0.831106248618655	0.467353601392324
2.4116032898429	-0.737256889201594
0.380945398600115	-1.93821268987447
2.02761919197754	1.17485667360564
0.541432361056234	0.0776746594171116
0.0238415823164065	-0.273591769351066
1.45102621438084	-0.276466281694971
1.28834047902724	0.314685136534054
1.77407201138758	-0.134958008191849
0.103038985421873	-0.098050315403885
0.124616120057534	0.0914039679073131
0.019874317822712	-0.0322997632974833
-0.144489831457916	0.00608145532237561
-0.233184727752265	0.497342001202707
-0.0981843808788271	0.077079775605095
0.0978177102357552	0.0990147537079117
0.090044699592656	0.0369094509882296
0.288315816489718	-0.297241591563239
0.227107715189229	0.0486793851023982
0.146767050131286	-0.128197547426755
0.151011687463646	-0.0136387284553859
0.407601519523481	0.422007779283566
-0.502994793377664	0.526967834005822
0.0546633458829828	-0.0025344625406229
0.00359175364702251	-0.0895984930615383
-1.08540597134152	-0.129129630427392
-0.134258481086923	-0.0927996824652749
-0.0579246128342218	0.153129845464929
-0.0153976409765887	0.0963651205196944
0.319341165087583	0.199435476682882
1.24975711861777	-0.807681574812512
1.626433157972	0.454953634972083
1.93639317439861	-1.13300557665691
0.0390014470003304	-0.00979580063048722
0.0809746023891443	0.242647714278978
-0.0866762051561553	0.0361571046600873
-0.0191417329572794	0.0239477613365022
0.116371153578144	-0.122509668399752
-0.19103191659615	0.109367985715389
0.0764718761860849	-0.0217646776043047
0.0142363743084021	-0.0284299484459647
0.179343109792835	0.272891205140625
0.55809000883457	0.436494054380756
0.180526515991776	1.19193643976293
0.780990760083705	6.41142838536594
-0.136107738105208	-0.32532232478
0.318319189232469	-0.69617013699681
0.617145640173805	0.364029881123483
0.264054645525632	-0.0137340480377012
0.563464964717224	-0.41250111042346
-0.553897651851215	-0.380252865072443
0.275020047850147	0.255635280850369
0.0347012531960159	0.247143076783555
0.178718933617254	-0.148093143902205
0.158432268596417	-0.0634736835865548
0.0187669916083451	-0.149116420096984
0.0806603075664196	-0.0756423057057231
-0.311963761788831	-0.367481265793175
-0.0580777620724899	-0.0589465667238323
-0.00581168793936435	0.0938906611482304
-0.0152724628239259	-0.069256229383839
-1.27585254293884	-0.167036970214469
-0.139522913033796	-0.00595362095428468
0.0490792098002767	0.139099808818724
0.0407825498382435	0.0733051722784587
0.207092618958002	0.171771151708247
5.15853894261429	3.04896184438879
0.197784836805015	0.685538936814633
-0.74451034236349	0.77972681007362
0.0164566785730357	-0.00358594836735015
0.993300219199293	-0.3506527818065
-0.0282819608776199	0.0499693224339077
-0.0140773708269333	0.0115179122713015
0.0600955220374268	0.0111529624263108
-0.30888110675951	-0.898862845263788
0.0107666873818556	0.0353404981996749
-0.0117288588367643	0.00733754515337749