-0.476674579854772	1.39021422865037
-1.29844997247647	-1.2196045063245
-0.764646329572566	-1.2599190848863
-0.632475814125228	1.63621945199524
0.762183648861616	1.03895197450882
0.890826645963481	0.494195135503632
5.02135687243537	-1.0117452091872
0.385118959855325	-0.567191329233389
1.4402765604998	-0.895362471051605
-0.826431157342018	-0.540204215479367
1.2221425211649	0.673457462312746
1.67418215945262	-0.859707932002865
-1.5535863914613	-0.319872347161748
-0.0557922699099802	-0.385391767360539
-0.437785802082032	0.626568239564542
1.95724690362791	-0.847937450618815
-0.722383160457201	-5.2492013989815
12.4158124515962	3.10990643798784
0.632808720224721	-5.45766860240239
1.50832217304411	0.464631271444483
-2.70652812577713	0.835903765317345
-3.28603827054499	-6.51308122716229
0.259755563851518	-0.259334498967666
-0.829687173820068	0.34607475272062
-3.55956935523692	-3.07835991246536
74.6829659805463	90.3042471710599
-178.609867550086	40.310259189877
0.564146023655956	0.438325175789289
-1.59469622921234	0.332519222425896
0.523580284096536	-1.3884999642214
-2.01812367139474	0.815238376133226
1.14206685387489	-0.863280960168992
-1.41856345751798	-0.0415968798186809
-5.6268553419388	1.46967226369551
0.797343705129301	1.27726474070685
5.14075458113174	-3.06816760092904
-1.40596771171752	0.465239611932311
-0.500307094329221	-1.12638882971855
-1.41212772399256	0.239715967070742
-0.392991175069789	0.683284935415699
-1.20630989205882	-0.57298516364386
0.714013084678062	0.865300291893282
-10.7103246915794	1.86091717871942
2.2164367802026	-5.10801249628892
1.63094736751731	9.06608124347657
-0.703647064506919	0.000202566080092166
-0.155512506666926	-0.637200498821402
-0.292546254251358	-0.135442293587114
-0.0936004432450633	-0.345256296410632
0.00906832863274441	-0.578097885525468
-0.768471276252249	-0.154267665068548
-0.806629943344844	1.12721172104855
0.697205697404899	2.25440449607301
-0.256518224184586	2.41110909553672
-0.317417639206805	0.533124143464624
-0.695334225902895	-1.35699528724539
-0.0101902178487564	-2.21496988945683
-0.85066632762419	1.93714352253206
1.0864465669767	-0.974948894064175
-1.53182882300688	1.02639550809185
2.80942256462892	2.89738255253697
-5.98940377504877	6.58092385775099
9.74212972683761	-7.24671683909232
-2.64263962476045	1.32007329115765
-0.54753398492247	-1.48067416710687
-0.614963294192962	-0.235115515841806
-0.533200680877215	0.65702423265814
-2.30150741565898	-0.570220434539789
0.605221923669919	1.03130446578044
-17.776252051491	-3.29057002947713
11.5938030950056	-12.810042855494
-3.90187791069264	2.95280161252748
-0.751175224667407	0.875476795581614
-0.678049073224845	-0.357077784631791
-1.22345635557123	-0.68268638660517
-1.20815911085995	1.040170276513
-0.425283394894753	0.152139198254336
0.024360026406887	0.629130079968588
-3.53613630237526	-4.20507541348947
0.582021349627352	-2.37030022726388
-7.07228972361404	-0.850004325202283
-0.203412484932011	0.505814421809312
0.489622229244108	0.435409025288602
-0.178595913226902	-2.07310744428537
-1.59711185815396	1.55344367662402
0.887973051676179	-1.18942433663292
-1.57422751465497	1.11352783069697
0.341281048490021	-1.6975155235288
-6.14679464732756	2.49147430175957
-5.40224217128479	-0.516495005642286
0.112165534235005	0.257843325242097
-1.11673136541667	1.08768912290808
1.1985200557468	-2.54279610722035
-2.67168333166798	1.0702416740681
0.543727336486295	-0.577629131945015
-1.11413015138875	0.698604567906197
-2.22131338078942	-2.91512900768878
-14.8023293219287	-3.7450890511888
-30.2523606481582	-6.14405070059413
-0.894089059105222	-0.267560907320317
0.78659003029739	0.0318377618012573
0.629344660392666	-0.119707996765214
-0.882461798346378	-0.0907884660332664
-0.397938099479453	-0.61125247199572
-0.574603799768696	1.05756873253182
2.05678019395807	-1.87461258701353
-0.592149242406658	2.42707540063962
2.67579939177901	-4.36675588564707
-0.954713894402254	0.791210914063275
-0.489359337253716	-0.770538464882855
-2.08710027833021	-0.737877291357182
-0.856516033218055	1.8719851743601
-0.188978951957538	-0.865721687595181
-0.327550214618004	1.42906183068276
-5.89467401526772	-9.38888645077339
1.00066973375635	-2.82856783341466
-16.4080981167298	11.2229283131854
-0.535854001429687	0.760427075291043
-0.852067285892239	-1.78035886397623
0.182698638677838	-1.30334964361869
-0.71122436265023	1.21925029982904
-0.171602762698842	-0.953095796250407
0.431133197027363	0.073655175645217
5.24120111713522	0.875205583824123
-1.53381223913705	1.07845226528751
-0.879171208325559	2.81527301860644
-0.270727035937044	1.51435887938964
-1.14524120171517	-1.27281230936973
-0.865727931878728	-0.964473469926628
-0.501050559786665	2.07489423307972
0.1344983666703	0.26826374519251
-0.757504027117109	1.33665853220992
5.39207163570007	-1.03213271289525
-0.534836110389337	0.402183020335649
-1.5961586076747	-2.04490617775471
-1.1857817625194	0.130511759723259
0.65986284082913	-0.485251411603183
-0.278527362860645	0.168914964545949
-0.407891263764942	0.283906634128646
-0.694468449105265	-0.50595214114579
0.801319202364439	0.981787609962422
-3.3871172848726	0.495492731774138
3.57046524697338	-1.02589243191473
1.87480379724577	-0.96164710743617
-1.13193273887778	0.891288550863362
-0.116152398918225	-0.793719243079592
-0.895091410403208	0.223793734890573
0.382854296156319	0.56832940198095
-0.820754446694472	0.834723124331261
-0.388778295672157	0.610384931593383
-1.9949114972487	0.752135659805552
-1.87393105661244	-1.50172994062305
-0.738058433681213	-1.72802196155392
-1.55811180851549	-0.695648018101572
1.16869301811861	-0.969038713469452
-1.03028862076302	-0.491848550309371
-0.759102340048671	0.579265166718164
-1.26685500489322	0.392855201095996
0.650996982053174	0.506803458379637
2.59006814396212	2.14915224076897
-4.06184868533271	-4.87601664326397
5.65713648108058	-2.68313155242323
-0.967947960146088	0.0997120073748319
0.510129807100557	-0.30101737368281
0.50200901559824	-0.00830657001113237
-0.75092387586816	-0.259528977631155
-0.381264364391457	-0.494600473131331
-0.619671263776706	0.712765265568057
2.13944260495047	-1.42400042588549
0.361289662311187	2.96599370429178
0.93072205749066	-6.48498927708135
-1.7703503573216	1.6017214504068
-1.17999124978912	-2.0224002267251
0.643185003987267	-0.0551503189456713
0.403422268413723	1.53102461000721
-0.210053587956645	-1.39988353121208
-0.750543532502968	1.43686683428046
2.31817780540797	0.153723299116319
-0.269168579634904	2.4322944282597
-4.20410948750808	3.06221156135372
-0.876623058067889	1.68936009473828
-1.27152091471353	-0.614273884724206
-0.932352978726406	-0.378633102566808
-1.25482281886999	0.649700418286241
-0.813678505976939	0.0799113754213706
0.117394510852663	0.67561905383062
-3.61994398560094	-1.5282710521133
0.447512055801574	-4.23462386890636
-4.95971182024123	0.90770522079357
-0.846794117117043	-0.0667119440530335
-0.349430581339957	-0.778925157501703
-1.48702005602467	-1.88463437388859
1.278422345475	-1.24123205338429
1.49512308747752	-0.929532323879346
-1.55439085642974	0.530465258346676
-2.54205149723741	4.8409087110141
2.85856440915968	5.34636601830906
-1.04923096844125	-32.8934154717358
-0.967476306557123	0.271721845323323
0.673635964452104	0.227998021091708
-0.237392618056302	-0.0336517664202577
-0.765768172060042	0.367297003307738
-0.528238130181247	-0.728905151506418
0.150909189247201	0.836683560455703
-1.13762898087015	-1.55552585559921
2.03009828690286	1.51567895295658
2.02057132008269	-1.93876932411786
-0.0760028764428659	0.74943656167976
-0.12909496544779	-0.257208241859013
-1.22255427945467	0.391115577578076
0.320947101494246	-0.286054329609729
-0.823346075995782	1.22165658246676
-0.356797451949646	-0.298885847931281
-0.132698901359111	0.0514080130908011
-4.18063812905017	0.265731921642596
-0.283707867670032	-1.13882312161589
-0.0768418639680945	0.460482150943059
-0.64950626710359	-0.0917656650139751
-1.16544229423992	-0.624023942259348
-1.41465304883229	-0.590155605273788
1.79566984558972	0.157069983375445
-1.3065328953677	-0.0670765048435988
3.07195965561073	-7.13242574156338
2.59814560371338	-0.581026925322129
18.138977667517	-7.12874725979384
0.0822206113248438	0.53470272571601
-0.706294217000009	-0.456860044112651
-0.0509278635136395	-1.20369012640064
0.194235011754905	-0.139610946379048
0.650182586217322	-1.15164979535752
-1.36125441164187	0.640285210000025
2.41550384906009	1.52097419309184
-0.767308612603351	2.20737776055332
-2.10676710432918	-7.70780561697414
-1.46971882483944	0.601771534153342
-1.16012172522142	-0.666831741275339
-1.68661994360723	-0.747560104099479
1.86219038087085	2.14734164042708
1.98635640526398	0.778066391081884
-1.95977727909673	-0.774520260106311
0.888229318992422	-2.32712591229561
8.3031920909459	-2.4901525541554
3.20796058408627	3.80857565290179
-0.151948015349857	-0.232482535466385
-1.38062880724582	0.326157618327578
-0.437561229496218	0.0531254362062627
-1.06707559517278	1.73837160203199
1.00234455649506	-0.521670543131512
-1.28305044399511	1.09491740538264
-1.56903496139005	1.87057336752212
-2.39237871962346	-1.06186835263735
3.0385301655078	-4.71034650259234
-0.0978527863089697	-0.606383768368607
-1.35473260031657	-0.38215252132496
0.56236398423606	0.209861672064217
-1.08655065577196	0.492143817062471
-1.31624552918802	-0.597538014254302
0.12763230712326	-0.752999613275149
-1.83380083642196	-0.310875541990418
1.54405734963085	0.344328278725531
-1.20023821325496	2.51559535167744
-0.671545798522898	-0.3517289456998
-0.336005960580312	-0.536545080325708
0.0607938187666903	0.304945833395173
0.208217183811366	-0.33854476590605
-0.130015101890041	0.156440687565253
-0.743664246997951	-0.35268644199972
0.465400881300966	2.84265218245888
-0.178374444341641	1.11515174131357
0.613116731384442	3.9155896090554
0.01876775088511	0.39226219642801
-0.397359955153278	-0.734797521954528
0.167058210744316	-0.0343788594648638
-0.209976807748844	-0.342731030158706
-0.169396823169866	-0.579332470490869
-1.02881096141059	0.284395601444174
1.18180641412267	2.93608981310083
1.39992567503569	1.84432735312886
1.38995624956249	-0.729412105451752
-0.819069063676971	-0.579520134243218
0.501685526731664	0.351024062430293
0.586835677774577	-0.78252120592012
-1.29205003973304	-0.210079059866922
0.652232348973462	-0.283532401284522
-0.861406732621468	-0.254731438386632
0.917029010119596	-1.79313183297381
1.2266329035698	1.26865011513245
-0.313734102483927	6.49088427271725
-1.20436043209523	-1.3779302793093
0.67639215985367	-1.07342427226544
-1.76523911593032	-1.64405481126858
0.552700632353595	-0.604520723370433
0.813979579015966	0.760262238054297
-0.96600177931451	-0.494847418638322
-1.4511974086099	3.47672192281762
8.40720333849097	-1.18476161503279
-12.1481820705974	5.59742941368748
0.0640642001299703	-0.129281345957324
0.106173931806254	-0.382832615214831
-1.61994072343184	0.428912932134766
0.167176711942897	-0.572010738249468
-1.03053998641281	1.28509338187758
-0.256802654351393	-0.593285929365664
-0.256874956458186	-1.74772578351298
-5.11871290033574	0.763500299728079
-2.01670368182405	-2.72512710209195
-0.334968632295272	0.95007190541968
-1.64917183729143	-1.0755762017148
-0.258186722536963	-1.24820006993421
-0.643678297544394	2.02074116934241
0.779716482509267	-1.18106210407275
-1.80756123213702	1.43567723559437
2.99099736199995	-4.61211922679318
-7.01274211447958	-1.20459573987488
-2.99276130124264	-1.24422136699465
-0.718073907012509	-0.0571304800848968
-1.53140805998851	0.473744655507762
-0.527872362027925	-0.761560620428349
-1.38498597376553	2.01327782093102
0.926322712292323	-0.864627025093682
-1.22461676151538	1.09658161989083
-2.94987435449579	0.747188259879765
-3.75315637567553	0.770764772067011
2.15374548968353	-2.48121605279924
-0.217851270890766	1.20460694732852
-1.15546243529718	-0.893014810567474
-0.0229306718247555	-1.35343755793476
0.0529483370329328	0.955826500614881
0.723095927866099	-1.3007132041223
-1.45855475590545	0.743270514850203
4.93989534972949	-0.227886373579113
-0.647469347369422	0.814770488454209
-4.5472209589159	-6.18932339093005
-0.0698384727054291	0.734073533706089
-1.30030094235861	0.0139949737754113
0.173846040586317	-2.24962220272682
-2.33776750089446	2.00106644756082
0.701451396468379	-0.789528074747755
-1.33640825864695	0.846058489140056
-6.92593559636754	-1.50331919050747
-13.1286481125175	3.41569418149045
-5.42207185794078	25.2993393343771
-2.30239348970148	-0.459012444625009
0.13975094756328	-2.16660128430362
1.63589502471664	0.906361080386837
-0.698639955838829	1.71240253195892
-0.559627385714552	-0.838434120344529
-0.166162925044812	0.833312521999883
2.40946625452234	-1.39313590857744
1.08658236225048	1.12023483809835
1.18650057059926	2.37383247506869
-0.203106112263044	-0.636305534285841
-0.432672424358106	-0.982338017695239
0.0853370095385855	-0.148310750052399
-0.119466801683687	0.686618660536618
-1.17381275884341	0.0673737376832518
-0.0652747878892535	-0.392639025383372
2.47398619535833	3.45624701249533
0.11837949917469	-2.5817405089774
-1.31260974073799	1.55627161645073
1.12796616824577	0.336872605581836
-1.28187999021405	0.114601534711833
0.436278403893421	-0.635656496087943
-1.66188227039269	0.69954382189668
-0.112629224744444	-1.37218670545397
-1.19578872925989	0.673722985624292
-7.92323787107486	1.21781530272029
1.13385318862438	5.70268395175489
2.43065551983845	1.40336392169891
0.908132807159473	1.63118634757953
-0.225230880247299	-0.573482152996776
-0.134541152283436	-1.43048659534632
-1.09160788755441	2.13407576198376
1.20349824015827	-1.2090114846373
-1.3717041524715	0.942196052330491
2.34955241533322	-2.53163477743802
-7.48325239758182	0.8837648096746
0.403693677744075	0.729368305226251
-0.865991984858149	-0.611582721526072
0.129839213938553	-0.105820882139178
1.20133243374788	0.744330506148032
0.487433707253817	-0.117594710072478
-0.0277107469402456	0.162461349796505
-0.759366914085052	0.0235412923884363
1.55903640312932	0.855947216509254
0.188612845664859	0.123810039592566
0.80811641677328	3.57716108219772
0.356766794145897	3.67420123310269
-3.59500900113731	0.560918422452696
0.478055241714072	2.06112653233197
-2.50235311801953	0.878894770518718
0.0609756473234815	-0.481717999708062
-0.613968729428839	0.646644351680234
-2.53957756950529	0.747810121296348
0.272967135858267	0.530939610918669
-0.36070655586763	-0.955702166872622
0.673335564490984	1.09451596693849
-1.00055137173257	-1.08617821180452
-0.50370861865073	-0.549690805911115
0.452662972587741	1.49067859006862
-0.810187651114733	0.447209662636695
-1.24964680435387	0.0550125231975719
4.40634632300682	-1.78763991028365
1.10444743281613	-1.9494775568051
1.20929758631728	-0.455893087172192
-0.32605105786008	1.42712170542865
-1.19833457378467	-1.31034153382931
-1.04566239967112	-0.892373624355181
-0.414187654642656	2.22257097239887
0.105776507704064	-0.323134755530751
-0.94116003290976	1.44424727082695
5.42746959599689	-1.72337902597315
-0.512958522147267	0.0105062907550597
-3.41755755781609	-1.98096273947379
-0.709836339721366	-0.22198931439054
0.107009256645972	0.230924439712959
0.105140438870059	-0.14526941859825
-1.14352936019937	-0.0120280627284413
0.0926925770705093	0.823792706865181
0.77609414612052	0.826781849585404
2.09457996259205	-0.779716819158135
-0.137003854480426	-1.33858978367073
1.17597456003529	-0.318150564241227
-1.85962266621893	-1.38347190736788
0.439939100111393	-1.23792592918747
-0.819724828045559	-2.70114769762337
2.51644476228304	-0.864555686253169
-0.323923984922386	-1.3676545258864
-0.509573730513164	0.95289024929297
-0.866743020215897	2.23543811288274
-6.5877938635005	2.79838530033107
14.1402690455029	8.95516235811517
-1.30998446722774	0.269658757598047
-0.452841023641931	-2.14700205889804
0.712404863791716	-1.56238570218412
-0.530184412251566	1.21694504281445
0.106800434636316	-1.25262136618445
-0.57189840848751	1.10528702460985
2.80885618636586	2.99870549075925
-7.03793512489586	2.45877801047913
2.77651690400498	8.02360295054903
-0.883595749558134	-0.302205758534356
0.843554963976105	0.377133790654241
0.957248503521506	-0.908859539586884
-1.5189657304042	-0.112520213921427
-0.393006618630437	-0.233624839501562
0.143695224086117	0.782215889045161
1.54714229708545	-1.56893520096645
0.0221751452984226	-1.35307636111845
5.07954550071063	-0.577848369954896
0.830394481302995	0.71347025475936
0.323332438931532	-0.00703764744070434
-2.08398263929633	-1.35240644618747
1.16814995099927	1.41664934764223
1.78601686079596	1.07540610867065
-1.85073929638564	-0.54031823072769
0.44602412047749	-1.79707803345519
8.85630934393403	-3.15665736841135
4.05900111046547	1.03802150838806
1.54553132712288	0.354726921535811
-0.736220018348201	-1.96111981786837
-1.34897850107403	-0.511920735609257
1.02304356320931	1.95147038434313
1.21359295323832	0.861433400497793
-1.99354515362282	-0.0943318060485663
2.76499680871825	-0.11974946824632
6.09154734991361	-1.9255958689907
1.21417371616512	-2.1061994493847
-0.159992557894669	-0.735603569974198
0.212762064950692	0.0180205286602663
-0.938063532098909	0.58289511907087
-1.23571293134143	-0.0974782338858518
-0.914684386560795	1.08637763377674
-0.226306718013897	-0.0893139533796271
2.37122303746656	-3.04831784525297
-3.90767892469578	-0.502503123959203
-3.2131481560299	-3.35726965673028
-0.538174472524984	0.119104067410819
-0.433987499042543	-0.411086842972686
0.951299430835756	1.81992504202165
0.210513690676534	-1.12060615815425
0.758976356518561	0.321111762389288
-2.02903860651821	-0.485361292251032
12.1594727259427	10.5866422535542
1.420553198382	1.02116456665008
20.9132469822925	10.2813108346791
-1.41403590150044	-0.077850863377008
0.573620989734034	-0.935720914059192
1.38264111592658	0.336492635974964
0.138606096652388	-0.310542804245418
-0.823636391889055	-0.245520117129604
0.209730089740474	0.633324507406001
0.344172412874745	0.536668887369817
1.40254173066982	0.362315478283278
1.78017755190967	-3.33283705733182
0.118560359409504	0.378483171175622
-1.30069999316906	-0.474190094724759
1.29195425261996	0.890601271049807
0.99643626180058	0.421622613939776
0.721121108642107	-0.439775088222726
-1.60666122805986	0.644792153177792
0.778813945107016	-1.71706769441353
0.881810749752657	-0.445395350987862
3.47225405802215	-5.92081223590212
-0.224054989723176	0.888929569685121
-1.27323005968528	0.187726761644291
-0.352072487455443	-1.89611468955286
-1.75719715408611	2.12613169379722
0.876769092445992	-1.15200594402059
-1.59813373131065	1.05065478740793
-3.82604192668335	-0.0914852513988803
-7.63459978956088	3.34371303522562
2.78799358332252	7.28404679536805
1.09051084572275	0.518003733398651
0.231652551876896	1.04931057411264
0.106128126344028	-1.50333720082805
-0.971215281918248	1.33357410948489
0.721906409092542	-1.280210013432
-1.3648075284676	0.969043608529701
-0.385221645748664	-1.75697547629404
-5.57495231966465	2.74263673741092
-0.422447188988001	-1.75380495719861
-1.62113401090471	1.71814744683316
-1.23448327983513	-1.24641715893851
-1.46703664605335	-0.75757562742007
-0.419843224720606	-0.850205033330834
1.26357505329529	0.122335114686563
-1.06300814126987	-0.0515305414311572
-2.43187084285971	0.081627420654969
5.4708451535535	1.71180789880036
1.68369910326501	-9.23841521430825
-0.74274918471338	-0.10177496914307
-0.507898055965205	0.629980590132784
0.332420507856315	0.704673816744182
-0.850470007515064	-0.188741786335676
-0.340849360542685	-0.692677690396628
0.980711874154872	0.568404480598729
1.81691074307006	1.10935217171676
2.09246090218825	-1.0607364684755
0.895835229288811	-0.594605078193513
-0.875158055587832	-0.523634315086412
0.127980926588206	-0.914954129729096
1.15974116130588	0.656093028944172
-0.474672318786197	0.743475177873316
-0.821461648373156	0.0897630630066086
-0.0482771119212497	-0.122529562196228
2.36851337706213	0.132709280109063
0.399127032305414	-1.1994700782419
-1.48157953131889	0.045286030776066
-0.604660952296968	1.50979911158235
1.08551392702166	0.374404702239829
-0.870142359600821	0.840176316295599
0.400221226307738	-0.00429126905228461
-0.624708185481077	0.912422246767473
-0.370794776667026	-0.791533594595444
-1.1502869484774	-0.515061950505032
-3.60336863502592	1.87980896810552
1.8469215007103	-0.800713611995069
0.317092890304916	0.272540277503753
-1.76099628430328	0.328233110984442
0.796475034282484	-0.998705454910606
-2.00863269551525	0.934356965756993
0.635502617506164	-0.243835965990484
0.128221807303672	0.679457679401152
-5.43053669025736	0.765352479252126
-0.65619707704695	-0.430820654976955
-0.420719704326652	-2.26695427606238
-1.23268690166199	0.990097639289235
-0.696113919685301	-2.94411463304896
-0.154876500914724	-0.724317322517224
-0.547271738071691	1.05378592094963
-0.301653365639086	-1.89062498270182
-0.0791128742268382	2.67470150169197
14.3246129026916	10.7047564821133
1.35321318831957	18.9632923415963
2.24383933479425	0.615917731570137
-1.65314460182636	-0.0181279960167508
0.120728585847657	-1.61414507654535
-1.12930723333301	-0.340045868060264
-0.291798128489588	0.528562300046062
-1.53492978395051	0.078319770502285
0.997464389338485	0.41224686761003
-2.63839409403559	9.3334610308186
-2.28974306434723	-9.27287659305332
4.98060052251811	4.04805187337976
5.82595647361504	0.355854923206847
-1.40274545826397	1.67309478307984
-0.419125150619377	1.62833425180293
-7.8251577022777	-2.41411572082431
0.355413310788646	-0.304345014326014
-0.905755595778584	0.425430390713793
3.59686943010131	4.95405702318267
122.963427699351	-84.5836368445947
172.702916486106	-123.168746798271
-0.789945298005221	-0.42093234808991
-0.830796051130244	-0.681374485247289
0.459447851041676	0.941034551102739
-1.41945481366581	0.183831095214477
-0.976752296283844	-0.995980594760349
0.362006496683408	0.192708399197984
-0.569607225805563	-1.93290733930259
3.20000908716152	0.597456901153562
-0.00364623705045318	3.98039130966643
-1.86447184307485	1.55096705745204
-0.839162921273704	-1.96571934595465
0.24859565053979	-1.07461930870061
0.387110092517442	0.290098551794337
0.052926117417489	-1.70150133057461
-1.08480217801742	1.36124987566089
-0.455183192609725	1.30474253692544
-3.49019011924057	2.20729533458909
-4.90166106203368	5.68472805487504
-1.46033160244947	0.130549728159485
0.252566446071102	-0.0194411015250324
-1.81235819646605	-0.290903106406474
-0.77440918471534	2.25895468557964
0.68669225092268	0.00980610793165277
-1.03218486777371	0.625740715046305
-3.56276299464605	-1.87574155076654
-0.99526381744612	-1.58014717164877
0.802315129956555	6.38022353910584
-0.758333033478618	-0.912088823242375
-1.12890253215425	0.341705269232105
0.260676700272659	0.68155033744128
-0.384282331370404	-0.170669829556485
-0.438959094069414	0.258465676523397
-0.766783520014089	-0.675863191330296
0.857244645430796	-0.179532007000325
0.002465037319676	2.29529652828887
-2.53640167624226	2.61214308470064
0.308341659782646	0.627754263861343
-1.70796885098359	0.409422186697746
0.586016422268643	-0.253400952493276
-1.56488483713833	1.1449908273977
0.289811751881503	-0.578052865118919
-0.848927241473062	1.07517665619159
-4.65020495693347	0.56250365207553
-1.00263427267582	0.734233156218359
-0.399209524136085	-2.74199120131071
-0.649244191996307	0.42964338338371
-0.58330130620191	-0.600949774444624
-2.83346580408275	3.45024678435192
2.55589865224384	0.704499259819262
1.92604797304447	-1.52168347642249
-3.27707131494777	2.39530138121512
-49.0864954415009	31.9308526125283
-4.11515030166475	-0.337730525070046
-2.71308868637583	-87.6133419900443
-0.399843797372487	3.53412157507552
-1.7355300081467	-1.0721588840265
-0.363849017747845	-0.610194315995236
-0.546297858599208	0.927726483136265
-1.37545981080082	-2.56746894531802
-0.571480143390298	1.76359020968897
18.7643196748254	11.2030469743674
15.1191873922688	16.1924155635976
0.664167190175933	-1.62088261888327
-2.48232290468801	0.746669066474735
0.0119311973954451	2.21755898597634
-2.10753341589759	0.167624579716748
1.22704882670412	1.91517798563938
1.55173186296401	0.582661034219653
-2.22360023723689	-0.107813355929697
-1.94739253132849	-0.319217526595711
5.53458541776545	-4.26253300656796
-2.8044410054829	2.09685056848522
-1.27996181585354	1.02537373345527
-0.146518427284353	-1.71275054438261
2.09670638113969	0.27541753267905
0.451298522156263	-1.04509443675557
0.00530327898292685	-1.19625254544677
-1.03865460788251	1.52722595349542
-0.452953586907364	2.70494082652307
-0.132989531837776	-0.346715063235991
-7.40364489927251	4.83468443704201
-1.06419559943525	-1.34335125411513
0.10280255965242	-0.807022165842866
-0.621281945716197	-1.31243845641953
1.90695854321589	-0.209441512006311
-0.893809425824587	0.679953394884177
-0.143642022521063	-0.334186187659338
-0.373736069651692	2.9434045987534
-2.41844862464955	-4.26698940275779
-3.5398823497452	8.22901845874555
0.417712843766615	0.453865183759564
-1.41509372262134	0.38812325363774
0.360447509410477	-1.09802836153129
-1.97940806551965	0.991979399677604
-0.224773321448137	1.06547248547921
0.782758824286559	1.27243477159821
-5.11320078978798	0.995274097086162
0.2356008070544	-0.72722174853574
-1.18093359471034	0.0507102418755183
-0.189637955649489	0.674167265331256
0.601051462737706	0.546531289601599
0.0778221826930379	0.110430666428828
-0.976136389627094	0.147120107196387
-0.492369937565173	-0.532547884685904
-0.22740129712591	0.633351596183174
0.127057394167503	-1.37034746718376
1.45661642375378	0.947947300363771
0.91408272880498	-0.905109132983147
-0.69848329441759	-0.665961812253609
-0.518785416050383	0.143414537142153
0.341246203497619	0.38491588018689
-0.941053317547248	-0.319048728623967
-0.345604753830909	-0.490935931008135
-0.610654233302362	-0.21997782090881
1.00328275021672	-1.55329250576403
1.35335684422623	2.31869724745118
-2.79279012457964	3.09219502186332
0.171253058109711	2.84323654674296
-2.49442922011369	0.365171447477622
-1.59611691225542	-1.45586566885844
0.248392145451266	0.601398761311422
1.48615981486595	0.453084726833876
-1.24103503011202	-0.40583260175607
1.11691491596078	-0.0771198561838051
6.47563383317406	-1.35937903016749
2.55605790643152	-3.59410836402303
0.24693647965051	0.445116042093057
-1.75356671689693	0.334386194300395
0.638681565181654	-0.581650233451271
-1.69863946757784	1.10499337104105
0.381213507152779	-0.537116461773735
-0.738854721751522	1.1998292052572
-5.1623191619332	0.233040198868898
-1.78050625853898	0.913207590015542
-1.16510398090597	-2.15384105603676
-1.54733284541365	0.793701563771524
-0.0758429969055435	-0.800678800907618
-0.992922700024417	0.429188205608871
0.606642311130347	1.13343928330236
-0.803449882087963	0.734793216660671
-0.111175067919854	0.283266558337576
-1.86453036869829	-0.599292580165639
-1.79669814400411	-0.737465302822055
0.546057429989515	-3.17843701779103
0.732066595980615	0.104952298407123
-1.4104966079141	0.149377766778961
0.408015770015454	-0.410121978905317
-1.7256177281284	1.32400101298645
0.337312621961821	0.862070383370202
-1.14495657320259	1.08893177092436
-4.61260393180476	1.20100007815054
-1.94533875619411	0.0381367972851989
0.714189762952742	-0.554007390835781
-1.8418390430553	2.78580418059469
-1.23913084726093	-1.43666839220365
-0.774790920548629	-0.351979362272168
-3.12650907328917	-0.286999926007247
0.164361319825814	-0.353247039944955
-0.68977343327141	0.568435257936166
-0.935668763538426	-3.08666099344066
17.3443508740877	-18.9334128178905
-35.6936251897896	-14.3879031709414
1.01924193662474	0.473201240928187
0.069356384410897	1.47946685801175
-1.39137429664626	-0.0677694288459649
-0.459258667129383	0.4056678045244
-0.911602981343982	0.698881965930014
0.344556849190382	0.0230012382097343
0.794218000974728	-1.91703910849838
-3.74920187701454	-2.22130860897952
-1.85405942163009	-0.069653800172657
-0.529070425186019	-0.23653978325576
-0.0125574895016405	0.0666295826970273
-0.410726113047241	0.387169618029089
-0.938802519630193	0.123010172525828
-0.44543938211718	0.957101432769234
-0.56316739345767	0.515705835084098
1.98051003972898	-1.40755455556779
-2.36388112236444	-0.228747540658143
-0.330427641265006	-1.74660426679733
-1.25246328244585	0.892873303885074
-0.393263081376358	-0.408154746585284
-1.07872565233163	0.425085278139543
0.645331686256219	0.328039169593585
-0.694058629780729	1.13027290633826
0.0135560995407474	-0.315148568186195
-0.549322577833797	-2.07495257193689
-4.1314909792911	0.642570537075868
0.147481819670093	-3.48551857765614
-2.02397437204566	1.75495292746197
-1.41004742680476	-2.02574268996423
0.883826190870489	-1.03929857405623
0.760879086237923	1.5658850386922
0.174571084364831	-1.47683627245597
-0.980208079683843	1.25195128915738
1.59844914658074	-0.261035996384488
-2.13735506992872	1.8678090065009
-4.7885515298614	1.89488682449121
0.659416052878313	0.542581250257937
-0.728252691912137	0.293862977535959
-1.74873132931297	-0.625892798722923
-0.692996108991844	-0.985607720057083
1.61139914602324	0.376622888826796
-1.27466967082316	-0.109654816915828
2.74819918692364	-2.63588765873156
3.84003989893678	-1.32888312250854
11.9397500494274	-1.11267316860672
-1.20151681212962	0.433225177989696
0.0814959375558489	-0.804745237826721
-0.641589330526073	-0.076014438740792
-0.286044847185831	0.338318910724225
0.00384962693019718	0.651730974905324
0.878456259360217	0.962069163972077
-1.98067079658086	0.996943017787975
0.690646704233109	-1.394255686835
0.594627352959089	-0.680908921509023
-0.431776659289624	-2.0975174132031
2.38782071423073	0.0767538733250605
-1.17541463340945	-1.80727753015294
-0.597932819031286	0.577024535537311
0.976031735842401	0.824852289818581
-0.802488064433428	-0.725723380262611
-0.400741378844113	0.713745678945802
6.89781486986804	0.555430014526015
-1.32709189728674	6.109806724204
-0.927905035659799	0.855009747542476
-0.231443482875376	-1.21274419585008
-0.166447841175581	-1.07700988346537
-0.654946051244612	0.321112119366413
0.388418835948067	-1.51680850837191
-1.12041734072907	0.915834854711092
2.84732165518188	-0.728534313187812
0.202917889478957	1.9068191838327
-9.81225559934385	1.72431967406107
-0.415153444594843	-0.923396271845273
-0.172481458224554	-1.17985016607763
-1.34679642840209	-1.79099503531561
1.83700333683845	1.49883880363699
1.40856104157683	0.935569135490528
-1.76519907603864	-0.583211904391902
0.0510887781354066	3.20957158843862
11.8296882783504	-1.31310823194696
-7.81386934054253	-4.68049088260415
-0.393352860216489	1.68032864505346
-0.877626670590149	0.210238439822209
-1.94774719412097	-1.20195010070304
0.968842756864553	1.75309928894395
1.83146119714676	0.97895646172269
-1.61754185084696	-0.620093344381429
-1.05439770174994	1.06923541226684
9.01444776657031	-2.21949992798444
0.223405162309336	-3.48616691252365