0.781195872005900                   0
  -0.481661986512300                   0
   2.528981174764600                   0
   0.058118201799900                   0
   1.319253934674300                   0
   0.529504560430300                   0
   1.451629377604600                   0
   2.717571938801600                   0
  -2.347009011671800                   0
  -3.179025814075500                   0
   0.318143052220100                   0
   2.936810720698200                   0
   2.849275917814500                   0
   1.523321185900900                   0
   2.123164818295100                   0
  -1.361784419143800                   0
  -2.056059442798600                   0
   1.075111229400800                   0
  -1.216830263749100                   0
   0.057473926744800                   0
  -0.734864059659300                   0
  -1.407637242824000                   0
   3.540788041555000                   0
  -0.694913552864000                   0
  -0.130884939089500                   0
  -3.547764191244500                   0
  -2.495565984437500                   0
  -3.585390942349200                   0
  -0.214414342576400                   0