-0.072808653089873	-0.169690530107318
-0.927346103250852	0.686240719847709
0.201553723943049	-0.822504357042607
-0.348911097641877	-0.213958496914457
-0.183707142993432	-0.222657746592647
1.01584598833674	-0.346986065671177
0.000477255089407341	0.000199021245701591
-0.0195566675674757	-0.0199451443112829
-0.900456194055577	0.170425277853243
0.781246104455084	-0.0986013840043579
-0.430564299645954	1.31042331054451
-0.208587325743823	0.291459952439076
0.313257636535262	-0.314854517672651
-0.105879380344417	0.0264457257926508
-1.39100514557195	-0.469479318116255
0.765697126077687	-1.59112204911886
-1.42389315085247	-0.964304162383193
-0.114229780122708	0.0930931916304934
-0.0102656052198085	-0.000668559231136805
-0.446212058976168	0.750527916759264
-2.03266882747282	-1.74043088292512
2.78935280937766	-3.50151849589707
0.069236362853642	0.170603913703365
1.88156244267146	-3.0080609600611
0.000767485368103968	0.000193075225524534
-0.0325670308729809	-0.0182329334007194
0.982619553313722	-0.375721455193097
0.33280456063843	-0.799675902165077
1.01063582957548	1.31854700539069
-0.399419818530299	-0.153564149876165
0.691115405559458	-0.248405060017873
-0.683051991068311	0.821984237825941
1.00207534827809	2.06122283860706
0.421089767854927	1.09339495051782
0.311446104331906	-0.023038857952349
-0.166412718245531	-1.98480519929785
-0.0281309842300532	-0.192128934452382
-0.0426581997628694	-0.232974928414164
0.481947292534893	0.692213541367416
-0.243989015907764	0.211360205799815
-0.787603871597774	-0.47051149874403
-0.114012937176071	-0.0871197882475976
-0.397759601473098	-1.77056261040461
0.848874254469569	0.3438485170821
0.231570678395886	-0.527758336757955
-1.42022286909877	-0.182950699136912
-2.12688793323501	-1.02271123940581
1.00530451735682	-1.40419592731512
0.574297645342128	-0.04242777519072
0.33206040658614	0.840358595416357
0.667467283013075	-0.427015531312454
-0.538441435838224	-0.329061674718472
0.0909087669918694	-0.0734073892054126
-0.190934543511451	0.385412046635197
0.0409850345834735	-0.0962875048303872
-0.188275203218566	0.0834828693823659
-1.74130324098792	0.913083767582147
0.2836660716942	0.558151183442077
-2.02976252380442	0.0524463206423428
0.198598292656183	-0.141309487477435
1.07159293706131	0.280364446054018
-0.886803394933556	0.191178470187866
1.04695003344021	-2.14476030467075
0.639563287077771	0.388278145083497
0.0359174607581126	0.153028583042982
0.443645500604461	-1.61600911933692
-0.266528097409176	-0.388749056342575
0.266657916920597	-0.423089224596959
0.362703212151417	0.254361076415962
0.284996367540109	0.445776053515773
-1.08729514855924	-0.0576111504690015
0.831304265028238	-0.752275291175652
-0.522601837454247	-0.188840261047929
0.435485615912487	-0.221854632377368
0.471677019195942	-0.797918223173036
2.10194769648723e-45	1.40129846432482e-45
-1.40129846432482e-45	7.8823038618271e-46
0.430635644512832	-0.860441487597454
-0.1138444451581	0.187724739880594
-0.724047789206435	0.943028678526312
0.292954098263571	-0.287164255176239
-0.47281662187974	0.26143421779846
-0.257664471678131	0.151482158868682
0.727787566310233	-0.907746086965856
-0.432372143503283	0.00682988562099768
-0.328609001440604	0.601664070544676
-0.135348532049726	0.0672313743712312
-0.22649729337217	0.011893967662461
0.248016656438736	-0.256778700726144
0.444308404272273	0.0943562691180116
1.60795012529452	0.137531279400844
-1.40255385874732	-0.396987045769727
-0.849943321833188	0.684149240250882
-1.34042329652144	-1.07203265934932
-0.981341021006946	-0.55499926765814
-0.219385785747505	-2.28842138656141
0.569521657150115	-0.149897189175721
1.07805973223259	1.25303400852511
-0.249942006866881	1.40445425293893
-1.47961720941324	-0.471572181218625
-1.12692730200464	-0.599676373556614
0.52776484330142	0.123783447811194
0.619677855909389	0.527147448633402
-0.240672731203385	0.260848847454578
-2.09639584711041	0.032566162294412
0.898327744925349	1.29827060370769
-0.405215747005219	-0.947898650615419
0.451831545729272	-0.989251372231007
0.19957371154935	-0.584308970377716
0.129727400887684	0.717386688269435
0.0606908997976027	0.397559380650689
0.367910044017872	-0.118650466846647
-0.341250992893845	-0.56297063794049
0.0264956907372022	0.434038988877743
0.281400254179439	0.5113711808078
-0.414653730341719	-0.421721306653262
-0.0431101896006182	0.349194722206084
-0.135650112969079	0.0699848517552749
-0.330433828122535	-0.365485742366231
-0.752513367960542	-0.221765393835881
-0.0242434017818144	0.16308319286555
-0.764433798209643	0.57696208814733
0.496180123730847	-0.611575049919542
1.02055183843562	0.91854786041305
0.752170987832568	0.424008736966357
1.74281083759247	0.497185044257564
-0.0186038250918178	0.0144502726895727
-0.0118250526566744	-0.1280726543092
-0.107371652867112	0.334231037483979
-0.217689134376163	0.148615619018382
-0.169447638734166	-0.606925641298659
-0.200012192885236	-0.045838075921594
-0.168642359442475	0.0369455983321156
-0.721669614989198	0.0719281395349734
1.25729675282366	-0.580821850386111
1.00547320488093	2.07014447613415
0.475606331219321	4.13659779521537
1.54677403326646	1.62127735343237
-0.116457363935597	0.46086925686051
-0.0898343272630159	0.612331433189762
-0.580111309301976	0.0309048634782745
-0.226432887343008	0.597869602039477
-0.0620909443238126	-0.210790936445287
0.628467876452415	0.15794005997884
0.0168933123957914	0.0340111423783571
0.14003777281024	0.132527112018042
-1.44361816893788	-0.256992779934021
0.473166886697478	-0.37626472447801
-0.378743426582237	1.79885182036693
-0.0713532097896219	0.271083847718583
-2.96683236118164	-1.62952798908089
3.35236942267462	-1.95433696580346
0.0904267304939233	-2.19794708925831
0.426646794516499	0.273140353297373
0.607663525247741	-0.851352391262894
-0.992081271227664	-1.1338650755394
0.441626163940927	0.0695457804699886
0.553867393522767	0.351235203840846
0.540820281970274	0.0781094133303851
-0.302722873234262	-0.109325009221745
-0.361279152692743	0.231405026040284
-0.0319225638285128	-0.0482085231073141
0.437168741857488	-0.241210221109096
0.331099828028699	0.367427164989844
-1.37122148524818	0.439501106458463
0.641342265774332	-0.0551904316022148
0.364518502244098	0.876657786425543
-0.0755102181199989	0.0493470023820017
-0.183466485230469	-0.373106816507734
-0.436714157204723	-0.0458712543049962
-0.324672300290056	0.131094690260404
-0.155892398123782	-0.216548050636321
0.567070591390443	-0.443225294106388
-0.598594418522428	0.059887334662117
-0.13915119940503	-0.108659349000375
-0.0256676549795498	0.682566612636236
-0.297613632936828	-0.109073470795756
-0.608675370661391	0.560230143626093
0.335253221411488	-0.376920329342974
-1.10576788485452	-0.224982245872721
-0.755180856642073	-2.08733372450819
0.713147568022812	1.24332531736898
0.0112414103635722	0.920924190242855
-0.717564548294363	-1.57565964324721
-2.39708835520547	-1.11941172629806
1.09514324030104	-2.0265650091223
1.25302064354079	1.65247150814504
-1.44276679630157	-2.49423434335742
-0.977787123780287	-3.1761247262301
3.77747149386768	0.0874334649950545
2.38366887070865	-0.886766989194189
1.2732390801023	0.662688982174674
0.460412863022451	-0.356523222814235
-0.046508248664961	0.159630794493667
-0.983524172525895	-0.761010452608247
1.53702986340258	-0.309211905389706
-1.35519900473022	-1.20809128871009
-0.34914390548351	0.199404600706258
0.836564021722418	0.747040119007958
-1.2470888823322	0.73499839712025
0.189542748365611	-0.171378139031447
0.558879136424829	1.02890227008652
0.677149344301579	-1.39651997720672
1.75847531299977	0.0460480229536456
-0.0345218938942271	-0.0286671105931698
0.116341748687898	-0.170391408658143
-0.0197757973042876	-0.0999019549122462
0.0409459410644263	-0.0657401099211777
0.0940309413968323	0.159599223782981
0.236212817343936	0.11895016857485
-0.357370490478726	0.676506566502882
-0.844888434250417	-0.532800309121505
-0.320634968794133	-1.54486405100964
0.170844171437814	-0.661213639979501
0.252335018707547	-0.520651937495609
0.189653614031002	0.396777590792302
0.489118503145137	0.188061268072005
-0.211350623813145	-2.04077674105268
-0.977271941944736	4.21906543200508
5.88379702748039	3.27547223272813
6.26167825144662	11.4162499143605
-4.58377660455713	2.85401106113314
-0.165299118161315	0.0607147891030601
0.0779475370621072	-0.0738538041817948
-0.234916117031461	1.61640084987986
-0.163036563625446	0.105878033078837
-1.95439178439685	-1.8942222996637
-0.0131717077370847	-0.0147633676207391
0.126996290021282	0.476121433621816
-0.108411149221567	0.307762475967043
-1.24486841882181	-0.0206685029256328
0.136946685620267	1.13989884297259
-0.880196949622105	-0.313708196203335
0.639605661703137	0.0193667793749979
-0.754485288358469	0.135273452812762
0.560950007197608	1.03433918401917
-0.16099168176433	0.51341627891407
0.53435183832178	0.364422384993601
0.182143895868316	0.154725678761423
-0.166107174125609	0.358186910706983
-1.27542956460529	1.2019159519794
-0.43430518234409	-0.8452500370226
-0.35742498748152	-1.14798131146901
-1.79673991963385	1.67872537191973
-2.29576489401919	-0.962199639025484
-1.14305262896725	0.88096021267236
-1.27648824212063	-0.594727670705916
0.724590105616107	-0.642452007505773
-0.476225482694381	0.267833404605621
0.0558150603605396	-0.256840354421781
1.15083198106251	1.0993165283386
1.25875980009392	1.42643229215275
-0.277856159165458	-0.0894474132757806
-0.297384803968164	0.883720206267821
0.0782438716212623	-0.604872242681253
0.234422592339627	-0.784805872247088
-0.374962278020796	0.436515847513047
-1.39705200230513	0.517255612959529
4.53718655784721	-2.31048752204647
1.52386266151573	2.81927694638708
0.47266105874147	-0.269151390043529
1.03129773607807	2.33915362559455
-1.10743309241987	3.72846401377882
4.34386017285363	2.00287323256159
-0.433091673265237	-0.181008830925133
-1.42044414453867	0.0309275522839494
-0.376244253737918	-0.982181819890087
1.72179744364631	-0.384756056698938
1.40647837349519	0.668765382836768
-0.169563398479488	1.2575608084182
0.0576784555399326	-0.378843273871187
-0.461677278991516	0.335250049124868
0.0425884930557812	-0.521067456737362
0.0506110130970452	-0.348918294294668
0.213314069838052	-0.0620566268067423
0.763224238977744	-0.101289316247545
-0.109249566270577	0.31819345257887
-0.31840837797445	0.881825093145176
-0.585292661821469	0.493869850843367
-0.0923945660683169	0.586339943923477
0.0855241854698695	-0.294730375951045
0.49190486505606	-0.19556552910643
0.566514454008953	-0.518374562572297
-0.597544403707188	-1.04703943663404
0.134216502876531	0.670362169085358
-0.628590700387371	-0.0744774306757109
0.580408603210534	-0.252832297733207
-0.253822105490261	0.343181303552499
0.663695907005533	0.0384343550258088
-0.231857970121503	0.604186609138106
1.15035700224483	0.579693846066286
0.0390216549703634	-0.377074040799749
0.0127466158247739	-0.038145883620714
-1.1693029101052	0.279992193393568
-1.31526220236608	-0.933876598335011
2.09656870710635	-1.09119353078832
-0.165266454568472	0.176764615517071
-0.104205247353962	-0.881369733556139
0.276718713069162	-0.314419502063174
-0.357335239086188	-0.439899587053947
-0.683267997612052	-0.270416678535957
-0.537544240041147	-0.874403760647659
0.697051424985327	-0.0892592460755693
0.417761352992613	0.0907664911146931
-0.314086648061281	0.650381769002259
-0.172436246115206	-0.776074240448733
0.00012686220213409	0.000485014823188322
-0.0201085813879136	-0.019428738657582
1.03744529050581	-0.635653198554092
-0.858127673482989	-0.256456238809235
1.11153143958351	-1.10152900673034
0.352625102912934	0.15067207648575
0.275414437827031	0.273148889723589
-0.826399127942302	0.226250663240549
-0.645986381481981	0.0772754421002498
-0.334709180943909	0.472960066974663
0.361421077571179	-0.421405350192299
0.355947412124581	0.0727340704054749
-3.55358707117824	3.93176188916674
-0.390288913595489	-1.77210830024484
-1.68141029041441	-2.79258701990014
0.877032673084525	-4.57856162704431
-1.94886116173595	-7.60286836876901
-0.594560283309073	7.05842660691476
6.60485666292349	2.09524742919004
-4.99297219256644	2.82726428090023
-4.11440058200996	5.74607783046304
-4.41399543661564	-1.28728436140237
-0.50365560783966	4.05454137168221
6.39356422355492	0.212627580224656
5.09547058170475	0.414973756647912
-0.354631146873679	-0.405609420228575
0.121061894574591	0.34507033243944
0.834110767535097	0.258806776037107
-5.51931765929358	-5.52017812053493
1.11017107397658	-4.61144348079113
-1.90728635740843	-1.67444210644097
-0.0719169737248271	1.85519772411595
0.495498451301693	-2.16016891204785
-4.55225255531602	-0.483631951305415
-5.50322062783327	3.16536481116604
-0.777094551022094	-2.8912343378538
-0.772531048268221	0.374040366760561
-0.146378199065094	0.520288102067352
-1.11580937074397	-2.7924141470291
2.76885332927199	-0.676908678718257
-4.8212618876457	-4.31492731517285
-1.94871147970976	-0.159385220627461
-0.260036674181201	0.93067352165801
0.183245671545714	0.788672946905096
-0.149782028442878	-0.0958519606277673
-0.707016663449672	0.38315391125925
-0.275415353686101	-0.924742996443457
0.840864552659289	-0.647634708151224
-0.299026447249328	0.388035513361221
-0.501703692053395	0.925469060331516
-1.04620789015665	0.767857112503763
0.206470257120129	1.60097576873979
0.277600285772834	0.131530501403986
0.030576629832539	-1.87976440491535
0.0264876816548299	-0.105838281082738
0.166062915938013	-0.0171196405218485
1.2053639912899	-0.715580020589055
-0.592783866443754	-0.130111168648883
-0.414837799510996	-1.78296019797244
0.113920913076065	-0.0422361894920524
0.0166295191010448	0.00569032236487917
0.164833427879503	0.0572033314297272
-0.858801217974168	-0.0216862722779529
-0.0491256573181116	-0.932482569237596
1.42866911983897	1.62179460329142
0.63662129587214	-0.0776931446291368
-0.0271782288101549	-0.814414990628941
-0.211964780856416	0.105065594405466
-0.407072544574841	1.97166990670395
-0.245116445051363	1.09230901180694
-1.2185213375592	2.34708208148583
0.496102609791175	-0.11542666972946
0.0268871814614664	-0.772023104116047
-0.335469860248536	0.0503255359311096
0.342333552689939	0.226730096380002
0.0336452494772212	0.7375774819727
-0.841572833219334	-0.521216198910031
-0.168958425550873	1.07711342477204
0.305658579490626	-0.74424427704326
-2.13258072018591	-1.16247471157848
1.93368239317813	4.14655105661407
7.15084472925223	-3.1936434987229
4.37118468952624	-14.5552562014727
6.56583277381307	0.486129816998817
-0.0437071613503012	-0.0730258655662677
-0.0425869668325955	-0.0494633741733095
0.690979218434266	0.312120347481774
0.101892942533813	0.107514895423103
-1.55345106229637	-0.377860220162072
0.0105035840346853	0.00580982580669649
0.0523977367353888	0.0277567103529741
-0.123190379884674	-0.148501450050268
0.484037881445348	0.206663031929287
-0.17063128431442	0.3942138665672
-0.638565319867605	-0.295194170557456
-0.193991494166578	-0.124751405109131
-2.6640590712288	-0.690886202736628
1.34858704611258	0.125740864418866
0.807530283571542	0.560484074655919
0.265371288888696	-0.398533050151733
-2.55661750565151	1.97094365508651
1.63750847334884	-2.37742382564991
0.215408397366853	-0.213732269481577
0.275811434712656	0.0966353497627986
-1.6897965981931	0.198319662259766
0.44934876281762	-0.277684257883388
-0.0996788268199933	1.60552928020682
-0.157092303141729	0.247718486573385
-0.0464133287025862	0.192875785850105
-0.153462913809367	0.0904546809614735
-1.47315284217667	0.74156375336816
0.201128056173936	0.630320678413552
-1.8040092623431	0.0240155933528532
0.223657202342978	-0.133153330904419
-0.00223032234742513	-0.00297687225367209
-0.0307112371257322	-0.0585692603622446
0.090177349314196	0.0704800281101652
0.0481295748371514	-0.118269709800052
-0.206777079557817	-0.0755946998072655
0.000243952564374834	-0.00420404857772829
-0.149178914764735	-0.0387367935116435
0.0902904697618886	0.521404015408202
0.0801171141424794	0.549065947671442
0.172269057841673	0.551490540774918
0.173376603670255	-0.446796658531211
-0.239922113036743	-0.0656881200608237
-0.158594177920856	-0.0999941896301448
-0.481762018063252	1.01560515652012
0.0589597658007788	-1.21253976615802
-0.344655871742403	-0.54944384474615
-0.302477947294871	-0.0515850474786143
0.613444644087816	0.554399029342521
-0.231824843828831	0.124838989298964
0.285461747492126	-0.475402472506073
1.63108370391847	-0.631736944011852
-0.693942584312028	-0.187247772017363
0.42620579584783	-0.818347746030205
0.181521246892924	0.256587339463478
-0.0314184255058729	-0.0655149690576057
-0.38109642406339	0.772203163771066
0.768660102982485	0.0813385886750652
-0.873481363764534	-0.45717227476514
0.31774856642175	-0.0489522947911212
-0.58288759940634	1.30534886273455
0.829705965618751	-0.357005466108317
-0.468113425452768	1.18852009379916
0.609269040729851	0.957473744300824
0.20079878781566	1.09978656153204
1.69941548827303	-0.187862527909619
-0.685138012928999	-2.15601959713949
0.724957094678883	-0.811084753850784
0.213877564298122	1.07383941850931
-0.145830164103874	-2.13445739476301
-0.396531764430955	0.218800228644933
-0.0835279793116493	0.0818631877683294
1.19276326294462	0.308602638809594
0.0772257360215625	-0.00702006336526459
0.442386829248186	0.403588298437333
0.387861563668778	-0.948073439364085
0.110749554292865	-0.561666510499279
0.456612341413963	0.171092201237513
-0.179352307740174	0.0169745606365662
0.428420389844626	-0.43797518477543
-0.110985817518337	0.166927951863993
-0.336954428436524	1.68107179661533
-0.71034192299386	0.479565089413654
-1.89251653267131	0.688395735806168
0.224872441706435	0.276200860207202
0.0558162954825331	-0.0473162985911532
0.0349375078279311	0.449278319539619
0.84545470882677	0.856599267685879
-0.641692022906728	0.0707008984594266
-0.419581977971048	0.702042874261542
0.151980331353743	0.0134250297699014
0.555451857908081	-0.497123352749184
-0.0364453734672647	-0.00514939082144232
5.30012422274636	1.5214491765845
2.85477503314873	-7.59144563564365
-2.97236589339128	-2.21299387787347
-0.205840873209147	0.365197496941043
-0.122246443194612	0.213613520066687
-0.597843947372492	-0.87360442486837
0.540419469659427	-0.242145579257896
-0.9124594608844	-0.173596941064924
0.725899164885037	0.0514753845627452
-0.0688320885792068	0.249137311762467
-0.0246832647358491	-0.0126440921951306
0.0346007810048032	-0.0846754433770974
-0.0433808699271967	-0.0230802059184219
-0.00510924224904281	-0.012153072469837
0.0914913262827054	0.0165872663579397
0.000738831576369857	-0.00138082408238368
-0.0443929015249327	0.0110483817918019
-0.327857073283321	0.460384512724491
-0.45588828104149	-0.51698177726628
0.521175013990733	-0.0821840407012624
0.0697830810864447	0.287256977682944
0.443283674217842	-0.257214968761911
3.18548947138001	-3.88547905924021
0.0103615676123114	-2.36104132887877
-0.0981152440368839	1.37890981024934
-2.26035564043255	3.01456971761022
-4.10998411110267	8.35112099763829
-3.1511580795889	4.68467561427148
-1.32732123521753	-0.425806488247801
0.0270240946899044	-2.38869725418022
0.00200765751004763	-0.0125780537379237
-0.609440923839914	-0.137286163776006
0.370316110650087	0.0204505976931584
-0.207179476118286	-0.397414963379922
-0.284961747751201	0.0489330004380186
0.185079214755481	-0.494798313768031
0.65103639249644	0.0408899111614348
0.668586805778674	0.00521439812641651
-1.03104263504879	1.31100720628392
0.242715273786706	-1.28908229486407
-0.0425981364876141	-0.236992170423979
-0.898588667152469	0.65768168694057
6.11474042093729	1.52509661148393
0.341073400036653	-6.45024971010831
1.29253464387837	21.9899744019257
-5.72054763466456	1.41082139399424
-0.848567702361406	0.204611518190772
-0.819167988333711	0.954317740118068
-1.11879941135494	0.443167913250105
-0.157576519272291	1.9921827172576
0.0753729664077664	0.875510374726245
0.594623925982489	-2.30469524289397
0.703306792436934	0.316491970293396
-0.685520453620263	1.30070400730944
0.365106047153485	0.180305719789975
-0.506320448356345	-0.232017312103099
-0.372425379809999	0.437607943792506
1.1024150430258	1.03015447478341
0.959066336966412	3.66254194161418
-2.21938708788773	3.09460896226262
-0.896034539279441	-0.229950637485147
0.983171490539037	2.37731412106516
3.23306457010992	-1.82466443203752
-3.56106243629049	5.76980440381592
-0.540813512774159	0.816313258693957
-0.246455769753577	0.83282820549767
0.322507737436439	0.136797191175195
0.176316352114734	-0.312167978576308
-0.985037809729682	-0.553317968234265
-0.356041774381283	0.711494611479735
0.316976751514832	0.730145626200583
0.0439959241189783	0.161853831041684
1.15371331065187	-0.921483294968396
-0.338712493053633	-2.26573651412334
-1.03471091121776	-2.24961688074097
0.164421457160635	-0.223210856569253
-0.213238737234016	0.354178403244457
-0.0841025442234559	-0.171824052377878
1.02913320684385	-0.129712779066277
-0.522993424371258	1.15170728410296
-2.29349046050911	-1.54151564735813
-0.658568758245019	-0.248677221762468
-0.510342309516956	-0.19139688709665
-0.0256961983301057	0.0440879843306242
3.50959552130231	-1.91691406233937
2.18813593995082	4.94299248513151
-1.82160811151339	-2.32617323586312
-0.245606031373616	-0.352264718059708
-0.21899248570442	-0.172480522352287
0.081891057866949	0.739772356064009
0.571732191851758	0.175348172531525
0.326566749000556	0.820584541623009
0.262605806243238	-0.961421502473261
-0.843776545957149	-0.408739942153223
1.1120967790016	0.0653474606063554
-0.456298093475443	0.077367174655336
-0.13864754761027	0.792625615514894
1.44885120520804	-0.34985710122377
-1.98490814468099	-1.84537122634997
-0.391239793480124	-1.05284067721274
-1.71055338055552	-0.466514560741744
0.0478159768806683	1.14351621491811
-0.0756613629043235	-0.437402205108193
0.491561379492952	-1.2170681290081
-1.80560496138344	-1.61886957653522
-2.78926590538069	0.875545572873257
0.976732910210439	0.418501475387172
-0.309654863345242	-0.451999264338962
0.398550924673405	-0.20211711441274
-0.475395532374169	0.295260646645662
0.00403321525920174	-0.820729823551755
0.845765662944571	-1.28018273509797
-1.01987902562312	-0.748486291827252
1.44818832045994	-0.125497859189855
1.43558985119221	0.18653113379957
-0.340900692190379	-0.97422038775629
0.117869147941825	-0.579603794594779
-0.323028657101064	-0.28093890322709
-0.492075016804552	-0.135458393858716
-0.0562911907377553	0.0390030733356185
-0.909176314457165	2.77939928797924
3.5605179580974	2.11843942516469
-2.2802414664713	-0.392030961138453
-0.290022063476435	-0.271085482148775
-0.0122614342414484	0.445136564296393
0.0479958843363024	0.0258967813959431
-0.298658976351441	-1.16799189303655
-1.58164486385331	0.573585086582408
-1.31558872301457	-1.20700484511276
0.257095196130699	-0.0625472684001429
-0.041767273804987	-0.101331181475243
0.305504920463106	-0.25687880211912
0.527692184272927	-0.141358238262675
0.348083532348592	-0.249446330500706
-0.158159038551046	0.992747220954581
0.200009321320758	-0.736932989770561
-0.43014943405491	-0.747132687894786
0.0870334164587996	-0.170340988786669
0.663315492438458	0.137242985078082
-0.938939105026805	0.377581121748473
-1.51257306782174	-2.6701613410386
-0.709433934798113	-0.743037682661514
-0.00786730289626619	0.225247307133374
-0.24244921545504	0.769845077762074
-2.73145552450076	-4.89060853628165
4.83891878446658	-0.954533207694115
-9.37461290941062	-14.3013257501443
-3.90896682613294	-1.52633943219705
0.891734495725688	0.0336513331341259
0.178771000071752	-0.498844964650497
0.777139160361078	0.115493843964656
-0.573275551536587	1.67579922122505
-2.25097423706119	0.328686454292323
-0.746526708929386	-0.450864461144912
-0.107671874982202	-2.03656492146841
0.617827521025956	1.03643898087511
0.106958514483001	0.737313502226545
-0.334367944046881	-1.32145107561053
-1.66614898002472	-1.34320679887834
1.96721417241595	-1.07330792487761
-0.0362562777191683	0.0520964362516962
0.0202327065783286	-0.203190298518106
0.315483665416907	0.516041673710106
-0.256627315454911	0.294718350666815
-0.641233405685264	-0.320934316924942
-0.0398937217650482	-0.0964753335646259
0.0544486142143486	0.621844001568583
0.167685594754813	1.20840523413147
0.0138842488536703	-0.425332504221653
-0.506647588715723	0.3243558509736
-0.195966455006831	0.219569168473815
0.167023963813504	-0.499329956356879
0.0470645314880216	0.0118378489541199
-0.506100635237679	0.760618562305984
-1.16277415307996	0.1286186328578
-0.615700030506611	-1.43624814886337
-0.230937120204466	-0.091355083756295
-1.39328721354355	1.02492732725005
-0.0775541625752931	0.316140788842901
-1.07250312310505	-0.689649991735262
0.0105921769586466	-0.639080633156416
-1.06655857996897	0.172168919917086
0.816086291044502	-0.157480760050047
0.0299388821775157	0.350553567166822
0.00103914689564229	-8.04611711945439e-05
-0.0192613235425205	-0.017611970368421
-1.36423008231921	0.848883938616359
0.626255008427721	0.974887712454646
-2.09650590442399	0.0733639218015995
0.134913367842372	-0.424141851902289
0.000403202564816466	7.75295487934565e-05
-0.0218273594989863	-0.011780612939095
-0.543691096659379	-0.238733823180533
0.118960087571529	-0.496278206589338
0.751707463675168	0.582865299181866
0.184844900911566	-0.186401387053495
-0.0558188831485946	-0.0358533541465546
-0.539470244388422	0.333220023634525
0.612061264862492	0.0364505448696701
-0.388800654116608	0.0226061504794523
-0.105856499179963	-0.251349260134253
-0.591983327694184	-0.582420490980108
-0.106491302428231	0.03891708093511
-0.551389460816966	0.00527903034723243
0.796842617715314	-0.707739707145258
-0.317785016390939	-0.503880137502536
-0.523265887803751	0.281833176922354
-0.140787581524904	0.00394353778269794
0.0716664844085532	0.294129760005356
-0.382701376871522	0.511617911778915
0.560940359239403	-0.740920351605572
0.0538008841019197	-0.615729878814435
0.265916955176161	-0.1741091401119
-0.166449193732764	-0.564810708635368
-0.522601837454247	-0.188840261047929
0.435485615912487	-0.221854632377368
0.455178941812419	0.807443392591524
0	-6.01853107621011e-36
0	0
-0.960482008985884	0.0572793358755298
1.58856237718967	-1.95740235628591
1.29487832894882	1.29328030935148
-1.05677977191868	-0.417015680371718
2.27896274695139	-1.3499238630205
-1.57052208754002	-1.21539190756911
4.08750968590188	1.66527965717854
-0.808260776544952	-0.646514721349063
0.976525059805624	-0.579576189541028
-0.00764210110134817	0.691989936037274
0.460270441516064	-0.172105994298314
0.0447695968876664	1.71567515512978
-2.17731534404801	0.187099365757204
-0.536718657758503	-0.812340577159383
0.404116228806736	1.04894604908455
-0.551374400668473	0.543501931775899
0.202192330939097	1.44299154737854
-0.0242267901990191	-1.22667047216641
-0.739007070693907	0.176941929588372
0.110508296259231	-0.332103508005311
-0.492769534068617	-0.125667865130453
-0.41952980070131	-0.187718888548027
0.0218386239784432	-0.395404618695459
0.371175100271847	0.0626704498360804
0.0912661915786686	0.436963966531321
0.171632420420323	-0.652273194214992
0.467684526858547	-0.191995973104339
0.714947755780295	1.13206566323008
-0.80712577076005	-0.17202682152673
0.766151304409153	0.151201171043377
0.0740559936856555	0.298251519428015
0.000248109652033483	0.000153174879816774
-0.0127639980912287	-0.0112833234624009
0.215648679601936	-0.0547241235078779
0.207523930258262	0.136622238429208
-0.409084070972421	0.234388968112911
0.120722365182631	0.0685500112112687
-1.26234754156837	0.269169061359264
-0.0218458495957233	-0.564173657226543
-0.365029019164442	-0.051009989277027
-0.679666291574951	1.10577319858784
-1.68981613572887	-1.02550078375375
-1.68790743568203	-0.151327725054274
0.207470888844527	0.186164902467113
-0.063528393014338	-0.168515696434832
0.668585108461846	-0.101122786476255
-0.348992909431721	0.850957323352869
-1.77674595796418	-0.642311248958898
-0.558998431404077	-0.182517334677828
0.450832112176988	1.04065425723103
-0.304396886435516	-0.758329374839126
-0.284474164295865	-0.32798482578756
0.506841111665	0.0306228669069159
-0.0896459407069804	1.12273000847487
1.40758206252355	-0.625826984845253
-1.21606344774954	-1.28306312039262
-1.67033369336544	-1.1673062396764
0.143662215508288	-0.0978683872917538
-0.350920579282001	-0.496817845853832
-0.807385304389964	0.165233824289842
0.819108772665055	-0.719931723387884
0.131997737597329	-0.0360450765092701
-0.546323836229134	0.887273810543478
0.794371871340446	0.790313951459495
0.192106885038663	0.734445654253316
0.218051644464261	0.190572422165085
-0.140711039930631	-1.36767903947923
-0.342745147636223	0.202658723104566
-0.424933051708637	-0.0644545876837402
0.760316261945287	-0.774955192900796
0.0431514679312327	-0.638942601417577
-0.504274529819359	0.544822213875667
-0.235222898609433	-0.00776316650416631
-2.74179028161987	-0.289224648616726
-1.43008544797204	0.102342673823055
0.487879622584292	-0.0644813456513165
1.36283251360811	0.796272590280314
2.83874297711836	-4.05887666791987
0.67755550985479	-3.14177788732357
-0.727947621714397	-0.559914247722123
-0.746460755619458	-0.00696524347081455
0.290991496560898	0.349123629768861
0.317272728307684	0.811968663275651
-0.508863811157587	0.0661242915368016
0.905974047750065	-0.798282971666129
0.168125562422408	0.441534080648563
0.295700375265125	-0.657064247694132
-0.520079260862657	-0.294992830570232
0.59192494293692	0.21023105437757
0.326173005707729	0.229385573082927
0.0291832059515661	-0.012355688489276
0.097435873459866	-0.391831727445376
0.123194736562209	0.567095378984107
0.0833585460350879	0.234323980008653
0.209018904509063	-0.140457810202109
-0.28168607527486	-0.335602041206022
0.0246871687956143	0.167454075733476
0.334527812942998	0.373086395498637
-0.529516327225849	0.556618566375257
0.325689117966799	-0.838018975552529
-0.491521978464607	-0.632408734226821
-0.311775049995672	-0.0516493494174922
0.0280682862871039	-0.373831931386676
0.722887222585407	0.483098762743026
-0.177639878421455	0.716781464092643
-1.02441713991526	2.02030671086485
2.08376375353553	0.420883475444059
0.106103668882864	-0.721885894096802
-1.70402154339547	-1.40608991204308
-2.86251324503517	-1.08918874547004
2.22215631627506	1.11840558192938
-0.75589575766212	0.570820888041017
0.538139326980559	2.85127698756172
-0.802974034459835	-2.70143043272554
-2.13820821772672	1.64501354695442
0.105412334020459	0.667315702956706
-0.0042775016940432	0.0154222227784396
3.72742892307409	3.81555667230007
-6.54573510210994	4.50675941968245
-3.18789215961475	-1.13839074251535
0.447004462355439	-0.139681936469775
0.048916948210254	-0.189704978286745
-0.483337404223803	0.763687985436613
895.799642998211	970.193720456552
1485.62520550541	-1056.68649308489
-2.08516069278803	0.269440909411581
-192.435142084399	-45.5411855490921
-0.634971620883413	0.161127025266647
-1.05313807924266	0.606380796004997
0.290658925060144	0.579148721610991
0.503898383478614	-0.707797839799151
-0.203535741003829	-1.57063877385848
-0.958412114828148	-1.27384172909009
0.0134065859506816	-0.000380291613385838
-0.475815737886535	0.811375630737867
-0.849393394206218	-2.22365323987058
4.03985861751134	-0.207812967544402
0.0385268556155001	-0.183431526823335
-0.258430350784838	3.40175852580543
0.0953959413800112	-0.558520691654633
-1.85253430891163	-0.922600322675166
0.596333658675251	1.47886379258854
-1.15998784566528	0.609271854770176
0.558952996336537	-0.544653717570799
0.165958717670057	0.39951630334557
-0.488366544372845	-0.68645556472284
0.727173774706641	1.2774987221742
-1.11208501200844	0.748579965864578
0.801271369141973	0.201551396241551
-1.06728955484047	-0.0957948035828782
-0.0203261751463038	-0.893580459281909
-0.0370156202809046	0.177063745424319
-0.481908492095844	0.766956795855509
9465.40133646818	6782.79136778083
-11453.018074114	11913.0125107712
-2.83766739664132	-3.04574356371803
507.679615033551	-690.653692427265
-0.0824458579266032	0.0347646238860252
-0.142767981651344	0.877927974116439
-0.835567262662658	-0.775063600432409
0.636738578607158	-0.0490449126036164
-0.126754839853975	0.401160174249826
-0.0625235006069293	-0.403898437396225
0.993121362089816	-1.47087787166443
0.183766911869208	1.18121876616236
0.355581419069339	0.924548146644301
0.301928746382246	0.0684605614745868
0.0695044970523667	-1.70788504769883
-0.699784091914704	1.07748297266486
0.615664909162168	-0.551860304901753
-0.575695514348046	0.405608339260756
-1.87427195187298	-0.790805762138838
-0.284562202560304	-1.27246746733581
0.150058532503497	-0.274022289378147
-1.5425532912589	0.967250386691159
1.92135453157842	2.17529964455789
1.80000100582422	0.5103401703026
0.392084066651074	0.235676091825383
1.08363211507188	-1.50980654630091
-1.36409836961321	-1.94641652404258
-0.263021649491693	-2.22020505769276
4.07546916544459	0.962650924995019
-2.35395275025322	1.44477463081141
0.405070761489203	5.29267290470638
-6.87760532498629	-0.172178179580284
-3.13539085990693	1.32873506943063
8.40369737575501	-2.7669469954461
0.522601837454247	0.188840261047929
-0.435485615912487	0.221854632377368
-0.926855961008361	-0.00952516941848797
-3.76158192263132e-37	-3.76158192263132e-37
1.88079096131566e-37	0
0.529846364473052	0.803162151721924
0.00412833856438369	-0.000223238254771092
-0.0651125261608679	-0.0223516349213828
-0.0661390693103235	-0.0137936797273789
-0.0371479379466215	-0.0616129250727596
0.125961889620834	-0.0122463712027349
0.0887437916391356	0.103629768850597
0.678968205154544	0.0173089307228142
-0.79909455838411	-0.359267255475405
-0.186943410098997	-0.513483268500168
0.297601532646909	-0.659734002498138
1.6395564947387	0.460502521976498
-1.8121380335278	-0.150887225097061
-0.482738222590206	-0.1121351165068
0.291385235160077	0.05830177621611
-0.777061539735757	0.948945597713461
0.127287745767917	0.573748188855418
-1.08260041763057	-0.738004334831166
0.187139256976398	-0.244975024169021
-0.178710787213968	0.272872729940654
-0.483363244831617	0.136479112928386
-0.258069976958287	0.632820211141471
-0.0340279911962568	0.3868510570916
-0.271636693701455	0.0278706778760907
-0.300714780145465	0.329402654198269
-1.76148553234282	0.102426268291214
2.59627807724995	-1.07475438182372
-0.7271394154511	0.0552467492627077
0.281010977606242	0.0503957025621321
-0.340763048662971	-0.31093685985022
-0.607999497278673	0.143131818629218
-0.0210150819871726	-0.269207764924854
-0.419776914874702	-0.0764664171724038
0.163146372037715	-0.0206945787013938
0.0737670899548877	0.151138911547877
-0.26903426345214	0.117027933224231
-0.538923965863753	-0.482225739932085
2.05690306816773	-0.0462191526132687
-1.10069490991018	1.61826152400769
1.10327083218994	-2.98104831713867
-0.0187526396072126	0.0467484632553572
0.372183630016033	-1.0310994664956
0.319043904665477	-0.248544311806543
0.0261663457693778	0.531088428975266
0.120063766848492	0.110689059132228
-0.242453456585649	-0.625440198520216
-1.08874651049	0.623247114845353
-1.21652515335068	-1.2377405966538
0.37872978554003	-0.194019025659712
4.51597900958475	-2.55068155989312
0.798813669211841	-0.0755309199902306
-0.408809460220748	0.120763890905132
-0.71953591578675	-0.584702671616424
-5.24171279014473	4.37129347139045
-3.16912827235817	2.87734483411989
0.109538769648528	-1.63039956463382
1.23929756305629	0.768838524558063
2.61914900017465	0.574132696506392
-0.738435241892611	0.406406950035039
0.242758621437677	0.283045688904619
1.02060655388805	-0.798790095896256
-0.227440536467442	0.761009399103155
-0.939011533391213	0.877404976665243
1.44156632695361	-0.806313503848854
0.799205428607741	-1.45535269027124
0.701182850838207	0.638406094222872
-1.58677606333944	0.145670298772508
-0.995935455879654	0.733203705947621
-0.029975951498874	-0.586271220397747
-0.352738014442259	0.161207700656305
0.00962632420469339	0.601770944420211
-0.967198771146539	-0.4810028371185
-1.55425824132637	0.765964313771865
0.0865716493130206	0.0937853233569621
-0.0384116727565619	-0.0221712248657715
2.57426028699246	1.92755617639111
0.0796516673895508	0.0416502545397342
-6.79745763001779	-4.86346418571586
0.00427965613021293	-0.000559744435116808
-0.188840261047929	0.522601837454247
-0.221854632377368	-0.435485615912487
-0.471677019195942	0.797918223173036
-5.25486924121806e-46	-8.75811540203011e-47
3.50324616081204e-46	-3.06534039071054e-46
-0.430635644512832	0.860441487597454
0.102409737990168	0.0947509612612558
-0.486958787005912	0.82886033394508
0.418957855710882	-1.06707396441572
-0.947817166541136	-1.34433098825647
-0.162500162991242	0.00316503912555714
1.83761913098146	0.449646423339396
1.81362920448059	0.838512050095571
1.12399796770983	-0.0233656936491807
0.199582336899994	-0.481112450119958
0.681477033598785	1.42862315289253
-1.53629121856776	0.47370182295522
-2.02073622706965	-1.11092407738925
1.41971870066537	0.206437305476357
-0.615780649702472	-0.0799182951333594
-2.01431893587386	-3.27434111864979
2.92648831641835	-0.201451978071361
0.148127238682297	1.01152845816708
-1.14270160117812	-2.10638876496408
-0.688710801579939	0.463322782769726
0.0836327044194944	-0.523190721010343
1.13086027921413	-2.01015990575971
-0.277723109215629	-0.68484253960262
-0.243007134131825	-1.39403601908969
0.122735263052995	0.228604097805258
0.00846846314889169	-8.17886533385141e-05
-0.0497437606916672	-0.0589020455429658
0.254917617525781	-0.0450399223479578
0.0223139352855609	0.208329905104755
-0.461395860934667	0.208116084243118
-0.0115623693557906	0.0216622419798434
1.30823701619756	2.95487996535726
0.689132199857541	-1.20579850657834
0.149812629885084	0.124734142290789
0.83756627005706	-1.03025658667299
-0.0268610633642877	-2.07145723967455
2.74191397953516	-1.83896998492605
-1.90915790796368	2.00663647731932
-1.13900757582885	1.01626792791495
0.310471883180071	-1.01245106162989
1.21320102574457	-1.57742398300399
3.99837120041506	-3.41063990450815
3.26191583928889	0.206794170493296
0.586870150670504	1.17179284599542
-1.38567580333519	-0.199833419538005
-2.18984303044306	-1.62136513104389
-0.832779593439284	-0.432225300943764
0.221404598717659	0.0908820837633843
0.825843107452143	0.755256942754194
0.0444585400259278	0.057661970541327
-0.153719792910032	-0.188368975670554
-0.00728825104300855	-0.100544330190712
0.068763973322174	-0.0515187013763162
0.0714386684748146	0.169568119128512
0.311014527201971	-0.149994165984879
-0.244469018093883	-0.0227587388767311
-0.0899985641772257	0.524118553096388
-0.109682726725779	0.0786986760465493
-0.170453324053902	0.147142808805801
0.139837875267477	-0.247546524322399
0.397588090002275	-0.433502519263648
0.046826874784842	0.250508528633398
0.00292361009427479	-0.273763273012267
0.625325348023832	0.416443498357376
-0.296753127770321	0.103260055653775
-0.71296593583099	0.00323711456596436
-0.015190566192061	-0.0702958148347583
-0.0400572303501671	0.587513329245897
-0.547282182327166	1.09286099729158
0.122262067103644	-0.0396104230749449
-0.0913678124407325	0.0496112790081559
-0.160352100721396	0.150463311577411
0.357324982125697	-0.22349335891653
0.0850898311858491	0.060480854105225
-0.759375832419407	0.550017061409784
0.16977954422418	0.807932495616447
-0.0189411239055708	0.242532527946197
-0.0891780630391889	0.107018774951479
-0.780968313896735	0.025688773805507
0.0849618291243433	-0.450195942622703
-0.0358831453579229	0.826725136793801
0.00434254701764607	-0.726923123155071
-0.0273677675725696	-0.510385371955575
-0.240474806829413	-0.275719701923426
0.24273724866292	0.140239482660786
-0.0670110247039717	-0.00886313192329388
-0.531259267954436	0.772914184011207
-1.02061583500332	-1.8602060323963
-2.95705192218536	0.344086334525669
-0.195835831601614	-0.13577908482612
2.45638398394369	-1.24587442801313
0.966484237995107	-0.693666004608418
-0.730705532760914	0.710192080997941
-0.101794333200711	-0.0317680792235358
0.952639148370955	0.411039212323228
-0.931436766283837	-0.965354123290863
-0.997059833877873	-1.65535009172276
0.540350340160442	-0.0307454822268795
-0.103148227737505	0.874492195243653
0.230756050743864	-0.76302946796515
-0.8218682901568	-0.18110697551204
-0.416094013011055	0.0850648771431977
0.0511026730047318	0.450944283521732
-2.01232897677559	2.70158652737022
-0.21694263929732	-1.02093018165246
0.0968044826875517	-0.000866728125570503
1.08222720091516	0.238092556221537
-2.00998031776112	-0.950336783735799
-2.76309835060301	2.96600506196737
-0.990452792608921	-0.162417880848169
0.383537637870047	-0.907032912579925
1.40279197646054	0.659431851008329
-0.278188744720167	0.471243748113582
0.560102380738873	-0.120386695811819
-0.331968681942278	-0.180320545398322
0.384119971296257	0.11954379329994
-0.578155848550449	0.427373492939694
0.321393182142209	-0.74492286897919
0.00301401782167711	-0.25758308087281
0.0789713304808147	-0.0224633321955568
0.228540975967626	-0.737007632593407
-0.0172479548537345	0.00895973311918504
0.00895919457363608	-0.142109139914123
-0.0641828111935676	-0.0363524484771412
-0.0163890532207218	-0.0677246154614219
0.136108065864644	0.0272979797157334
-0.0587300727147249	0.19088626282547
-0.00521987878999822	-0.0487387350665867
0.0735791665305469	-0.137613849769209
0.827058599512301	0.0441540229675451
-0.836372836013056	0.558088899667643
-0.75553020273019	-2.38494748685635
-0.27278975316898	-0.633252025906487
0.377311303576497	0.165887699728608
-0.231910273468914	0.084016405920974
-1.58863126195732	-0.272761382818919
0.70050945037922	0.407066281372027
-1.14789937602387	-1.27576267061325
0.0629603072456158	-0.260679261462525
0.188840261047929	-0.522601837454247
0.221854632377368	0.435485615912487
-0.471677019195942	0.797918223173036
-4.48415508583941e-44	4.48415508583941e-44
-4.48415508583941e-44	-8.96831017167883e-44
-0.430635644512832	0.860441487597454
-0.205126042704332	-0.209051193531744
0.0726879894607668	0.644028727377654
-0.249862925888092	0.406532078756805
0.159569767586912	0.711968415361631
0.095671791392902	-0.50035782394588
-0.429630972339995	-0.1202194020662
-0.00341639401830475	-0.0101245929401475
-0.0223435661616871	-0.0423028543969607
0.021439795542522	0.0155247624900365
-0.000331499054274813	-0.00381984084471001
-0.047609981030754	-0.0155233568526107
-1.60379144610378e-05	-0.000165868707522363
0.652867129295652	-0.523019390114914
-0.604278692798469	-1.45296623848462
0.16199650784774	-0.122577149243751
0.347459809303803	0.779043843330437
0.147374986864764	0.309939725178456
-0.336004976074634	0.212588659357344
0.0743575383554097	0.0306880895497987
-0.478001058186046	0.924032831312144
0.859074361539607	0.383090167847297
-0.976663719526037	0.425928810715899
-0.0928139215654299	0.30587909131923
0.964194818198177	-0.99990701971756
0.230626724823089	0.0834349072127955
-0.595334559194142	0.79635411030623
-0.21714107858756	0.0901523863690143
-0.358775410443123	-0.722012038523282
-0.427901872390814	-0.0267360886654133
-1.03067004857457	0.32661920008912
0.0254252060222853	-0.160518364848757
-0.481868663629669	0.745148632815255
1.07429606736859	-0.105436381577861
0.478089442865202	-0.80814238286928
0.0861448816878972	0.152988734133984
-1.28031061398912	0.146227040400678
-0.81742812052466	-0.248723351895002
-1.66238683812649	1.19547126123378
0.596564241879805	-0.659349045709352
-0.624537316368982	-0.83446545353935
-0.921959559284361	-0.304953362472147
1.25931192643051	-1.1267436502158
0.188345388536297	0.2222534246787
0.205545279632205	-0.635571479461695
0.0553607156319865	-0.303436092187368
0.248901467332888	0.538521366154362
0.258067924065717	0.586628816353902
-0.102406035342446	0.00227555918248759
-2.09425469617009	0.40018640415557
0.13716811632895	-0.801246180755456
0.464022871853155	1.54316492557017
-2.80242085827199	-0.613141872769292
-2.36630842950485	-3.43838064109128
-1.57304282188647	0.325967846553422
0.118913019288996	0.556328419524461
-0.105083144317846	-0.568049653720371
-0.921413424320396	-0.618592639198122
0.609086368708765	0.206847152649488
-0.532462210266758	0.00334484317948808
0.253998322447075	-0.0426729760188714
-0.26872814942378	-0.612622412808307
-0.150752129394556	0.0497514399011667
0.868630690094814	0.962386012625599
-0.0788683854328751	1.24489510273279
-0.268176096377724	-0.701332253943159
0.60299567797376	-0.196360377050276
0.631007061353269	-0.394035767132324
-1.2679688366924	0.332292606443876
-0.573251545056725	-0.634596011211832
0.14847834668884	-0.771368029567417
-0.351059743588132	-0.240261427674837
-0.463282270395426	-0.503260448954827
-0.224864855595124	-0.34572497389536
-0.0562291447037179	0.906167423646043
-0.144137688563696	0.314821152484499
0.836195552478694	0.0628641979980073
-0.587547325081455	-0.0855061544316199
0.991760642041581	-0.806969429564585
-0.0413229956040493	-0.466922551967771
-0.317032424492386	0.405560921056232
0.303015540281585	0.784668486944102
-0.0941446226305776	0.831928121920004
0.000357429339047244	-0.659810508753635
0.247677934284297	0.0184569049124927
-0.710989780106174	0.238883672597412
-0.0852127906313122	1.27062276974916
0.68299723077669	-0.519741979935453
0.223492150422096	-1.37463576241103
-0.936201762014732	-0.14061836137493
1.62196188317579	1.4478375341623
-0.50735880654547	0.0620322787750779
-0.340789787124523	0.522552635254874
1.17029373959753	0.0938486274361624
1.08124037640081	-0.786119288947039
-0.138908458541472	0.573472739397413
-1.34762810850418	0.166272989367969
0.426855959177251	0.119687160598271
-1.0871024049259	0.941578088121775
-1.81448000735082	-0.00982698710032117
0.190724653609909	1.16353063180817
-0.274185101766924	-0.970971816840665
0.821220886465341	-0.243357131990177
-0.907720851416708	-0.644045520153224
1.12323944800739	0.00884625661483456
-2.57065578431805	0.786442132040298
0.197395035779355	0.173904999571395
-0.211476970530183	-1.04631609117374
0.125079987212676	-0.206560539233194
-0.721406925097735	1.04125748804835
2.03420980024932	0.689807439366062
-0.143239233475864	0.304517029112821
0.821408284156999	0.462907174463861
0.297561307396748	-0.0889984756931804
0.40843486938318	0.344689113177252
0.282090096946008	0.969485699221619
-0.0769242952252042	2.20044917033555
-0.715834883258388	-0.528825743646513
-0.661156656814913	0.989937129759357
0.486606414389765	0.104570874239391
-0.981394706476961	-0.0643093033168393
-0.161544507047261	0.0661044782038579
-0.928819099360362	0.754866638430936
-0.686400417355014	0.337540343551798
0.366579153583097	-0.280771904988449
0.388510875145498	-0.0885018945574763
-0.686003651703689	0.81053106938131
-0.892181177722067	-0.469524344331929
0.0265721138645659	-0.261562368529792
0.0547558410534067	0.484875657727494
-0.893251811373737	0.14319974811053
-1.13178226430218	-2.27371723902599
-1.06944795601286	-0.155713475607211
-0.140221525537335	-0.236757721973742
-0.062370486931306	-0.735044357634026
0.79624413664192	0.87547565723623
-0.347049178859429	0.541963772855952
-0.55586581311719	-0.122540491855983
0.0616485186976961	-0.210949448767532
0.605598315930493	-1.12731121493347
-0.395026945786285	1.75436395015545
-0.556906363095831	-0.924769580606946
2.01202958659453	-0.624021095803503
-0.649841431050562	-1.30289476604209
2.45967638345231	-1.54278140566454
0.111037253068737	-0.408914531595784
-0.74415191316957	-0.186689441054827
-0.00363623544080975	-0.200480938732432
0.420473817072154	-0.209166807419377
0.408318356637601	0.353882351298903
0.0197270233122964	0.857193958312479
-0.558499807019	-0.949947184668901
0.00410489155707816	-0.0091684756456761
-0.00181918231850073	-0.172840417427298
0.0876307441569607	-0.146492649563095
0.00416171644518079	0.103841888993891
1.26823738449894	-0.974132329284216
0.522601837454247	0.188840261047929
-0.435485615912487	0.221854632377368
0.455178941812419	0.807443392591524
-4.01567678150507e-33	5.23205482584895e-33
3.0309181440472e-33	-1.39074499887311e-33
-0.960482008985884	0.0572793358755298
-0.434190417471248	0.186993849015546
0.0863111517416888	0.806853162245697
-0.243022105133645	0.376738418153977
1.01837265153572	0.248050692280606
-0.639111006714976	0.383179708788317
0.800294150482569	-0.252735584266682
-0.0462735245751531	0.0165326702689743
-0.0637456210862841	0.251320709394619
-0.0845552366576094	0.212955278839168
-0.260076508190243	0.140131336685802
-0.0132570164394425	-0.416893743320036
0.121548561894864	0.490273294291464
0.341989425180414	-0.0813301350292173
0.281174406334248	0.0547330358378744
0.668367793587008	0.712919298499659
-0.394152509194213	-0.142429946402552
-0.940061438015518	0.575243597327345
0.0123879776540038	-0.0201841726369383
-0.184400085930961	-0.0734896249684509
-0.0626966399697736	0.114529670375417
0.867429319122807	-2.34953601931818
0.169529062643626	-0.359174421952248
3.29550688423426	-1.50538740706057
-0.0600479405522915	0.00761514342067544
-0.0632849787835557	0.763982432652515
0.890133837750928	1.03597654703771
0.0356924986616002	0.189322851627616
0.1591301886332	0.204399398426928
-0.00695731743295518	-0.361398415281797
0.554758624050183	0.0263414363091476
-0.451784983932032	-0.194600910463564
0.169972342121132	-0.484088568055566
-0.250540914540318	0.011681890995462
-0.115885937720138	-0.168994526049901
0.613737542578022	-0.026169595201611
0.326557904559046	-0.610071039047602
0.184937573260879	-0.339762459323605
-0.456619245501112	0.373190546935234
-0.595242312500664	0.74484502575957
-0.334523090025493	0.429291448509582
-0.31461617571318	-0.0393044876038887
0.12279140788862	0.862351786644903
-0.0079933946477147	1.99615846960907
-0.570979402094482	-0.172416328784185
-0.117109277053393	-0.414627023257894
-0.441437674744701	0.117642899192653
1.67315918613	-0.474333821107505
-0.434174728133472	1.75285722792477
0.467384702761061	0.384155381236539
1.14470096825847	0.376070903380055
0.0113016205749781	0.290648810370229
-0.0736848799285597	0.151666078584097
0.0585075056955722	-0.573699207738181
1.0144698209334	0.688390710556964
-0.155351945009238	0.57640925626879
0.345489058665758	0.495568158181079
-0.310121640065251	-0.293503509055325
-0.578756076364893	0.356842983631127
0.474592740989606	-0.68496025567563
0.56041819632796	0.661923923453834
-0.0408838428919747	-0.059744260711466
-0.358674105442988	0.740624602196365
-0.64406467013257	0.671706771426728
1.3234657135784	0.625724186817019
-0.253531663703465	0.109122091419928
1.5917037124609	-0.224002947452083
-1.26573120721106	-0.264644375265406
0.63447016569305	2.32219985989234
-0.0531831978391461	0.385427456181442
0.477112397481768	0.0793077608793262
0.124155892882326	0.316298111386844
-0.290100232211112	0.563219504151386
-0.956907568542628	-0.755248047077955
-1.68597305573634	-0.612373644841465
0.128811334111533	-0.440049990414624
0.174860493395686	0.312142863619194
-0.204239636631307	1.27808397584328
-2.30739600427004	-1.02167590136095
-0.209757964450166	-1.29212155232552
-0.277021766656463	0.519612292475491
0.120062265887587	0.00877070383468359
0.908144203290127	0.576901479068489
-1.39240232465253	-0.916757820570228
-0.226442016489069	1.69105864565856
0.0671077153185939	0.0637621326713786
-0.036335269641448	-0.04126101647023
1.25635735523102	-0.0276751097156878
0.0800021285505097	0.0861409465589723
-2.85508119816694	0.603671896195267
0.00621236952055388	0.00404641915652868
2.8605268851406	-1.58652533699245
-1.17842667567748	1.41451410750027
-0.314880642986651	0.866822928604901
-1.19136813545887	-0.0293155838687739
2.97149750013317	0.800156500529488
-0.567974387069551	-3.34828884920824
-0.235404522018172	-0.394359837608774
0.426885434020093	-0.413791556342393
-0.414993936650176	-0.587479205622482
0.291518955813938	-0.213570310538493
0.44219229947109	0.237715165296902
-0.0519559136901555	-0.0484835885815463
-1.1838967680786	-1.20115115153727
0.792399822180932	0.601746243626608
0.212585220603443	-0.55819238738127
-1.44748996506213	0.159098142244993
-2.4231600857226	0.658130822182349
-0.261846948335137	-1.23871224174836
1.64261793089264	-0.617750472997131
-0.483167118091547	1.18765250295439
1.78405187648226	2.44380251436316
0.115047443656899	-0.0348167511571874
0.150675959842238	-1.91662377801052
-0.475659966149956	0.0734609582509836
-0.188840261047929	0.522601837454247
-0.221854632377368	-0.435485615912487
0.926855961008361	0.00952516941848797
-1.20370621524202e-34	0
9.62964972193618e-35	-1.44444745829043e-34
-0.529846364473052	-0.803162151721924
0.385985023760659	-0.0836163648288396
-0.578236701549909	-0.396362857226109
-0.788971989647354	-0.813528646733403
0.392055162679265	-0.746774414537972
-0.355944868114923	-0.427982167695031
-0.0450446184663106	-0.154169838293614
0.603331404656027	-0.174325115282344
0.112555968642871	0.0412815795636168
-0.472686761788219	1.50751111942343
-1.73959656559104	-0.570341462035448
-2.15409278054455	-0.0638435043503526
-0.0867657195417013	0.155017444347969
-0.240618446828043	0.0235585594768678
0.0980692888645779	0.563088164130281
-0.0544132841467024	0.652626180575108
0.227244219872735	0.483501879604355
0.178388154212232	-0.351178261338487
-0.260888206361789	-0.0153511014309209
-0.0161081531574752	0.0157197347418078
-0.0187454927444221	-0.142305512588321
-0.138716177296553	0.042661573213222
-0.114727492241682	-0.0621743998848242
0.235689524851123	-0.171958787901193
-0.220397507524185	-0.0871870306726572
-0.962774507987872	2.607475222862
-0.380237735430326	2.1598148146865
0.0401687198348267	0.0773833958474483
1.20528525640447	-0.319022602802592
0.370460113122398	1.99652937082314
-1.27997077221076	-3.52001121561123
-1.40550826583064	2.69429927724593
1.58425779045418	-0.889044117356653
0.254142565570927	0.107784825293821
-1.01573239130563	0.68499853951355
-1.77518465757091	1.70734687486254
1.62451133497979	0.811074867524257
0.210932707505018	-0.38167384671084
0.660578462719363	-0.0177065527345186
0.658616127566381	0.280820918931555
-0.617549420253142	-0.162515441975311
0.0968372661668739	-0.25484022047892
0.125497361665637	0.152633809634387
-0.162660306600315	-0.151231779739392
0.158314029598337	-0.349666687062167
-0.141418192965192	-0.14165294130686
0.0072981970584141	-0.117988083108486
0.285157155317137	0.193632473323188
0.226406028080042	-0.136039739759221
-0.0320926568168815	-0.00824814229172191
-0.495196611704812	0.729684960379932
0.131033790114244	-1.26825996708017
1.22027067014036	0.871114512741108
-0.205818234583764	0.101690444074456
-0.78535517496956	-1.44628813494198
0.0708711996578293	0.0952613699278576
0.16202426510883	-2.38528179979057e-05
1.22494910694094	-0.89411783067255
-0.560862233419819	-0.0923427135514691
-0.789505172667189	-1.87407588317849
0.0838305920562337	-0.0438632139904851
2.33561051398459	1.19415252675617
0.593643682995528	3.47104276619332
-0.0279111598163152	-1.8273246877786
-1.58458305724953	-2.60820554675872
1.79958365908716	-1.63650415585236
-0.712852241630335	2.93107804354939
0.0490914201901689	-0.881225294048253
-0.201321941174243	0.573012800512741
0.889623521750528	0.645490165341889
-0.208227300324676	1.42644940347608
-0.0680079540200672	-1.75052562716336
-0.354001691068875	0.318979519370524
1.44060707141419	-0.332727650653448
0.955148737015574	-0.463294212404464
0.185942066058908	0.132510411918663
-0.659928462465453	-0.0538963372582034
1.00909884029902	-0.52727533391272
-1.85954415291429	1.21909067698785
0.264526585177522	0.338304399458804
0.33581993890991	-0.670586528628339
0.0226643025677197	-0.27045500495213
0.111673372089301	0.548380667896286
0.20995123132717	0.630698718012612
-0.103292273898078	-0.0585543312625383
-0.336898844462404	-0.397730808394084
0.864839007211152	0.226088062152677
-1.20312142073403	0.0433999642239729
0.34011883090369	0.106453953720883
-0.156541184198596	-0.473961022888631
0.0785690360067026	-0.0137917852064818
0.206447187271814	-0.0775268488064031
0.578088442056283	-0.122409233867651
-0.872868884639234	0.231460563205308
0.537331708250757	0.27889907232346
-0.0159278168159766	-0.522139760520682
0.0137953417145499	0.108267887290462
0.0762228318010448	0.258546680669429
0.697270233642722	-0.885134729298832
-0.715998883055709	0.410264316496687
-0.00317798977963084	1.16514359793818
-0.0248191856079055	1.08538084697137
-0.22738291259342	-0.110629456473162
-0.0210520380626818	0.0237002863120785
-0.493202858684499	0.73519750842449
-1.32525700623184	-1.01665743699359
-1.21120642488659	2.17563507411625
-0.102857748668962	0.143175040116338
1.34196009238069	2.01888850601223
0.0101846204196977	-0.00201720789464253
-0.0293583591339476	-0.104660187672789
-0.075832715252512	-0.254965927561297
0.183132332407491	0.16535396990954
0.335608460807526	0.374281717453463
0.00142277796276541	0.0170936740769539
-1.3698947711397	1.33694806844843
0.363721290614754	-0.751826730495026
-0.360756842252597	0.216606456557347
-0.199793104107438	0.165145810186764
0.00330385315594741	-1.77927389840193
-0.832357671420698	-1.75901883507586
0.0875889565135445	-0.036617671008973
-0.2682255884503	0.827840887858098
1.33182670257205	0.43051513944173
-0.660447474054943	0.144098030024249
0.112716260048749	0.471562666788247
0.554167681767594	-0.0539857875199204
0.012491601932808	-0.0114916466700199
-0.448856935130206	0.786534912807127
-1.75797198041801	-2.5880955294679
-4.95947232540842	2.51113853397899
0.18719349784242	-0.00464950153230879
-3.92092403994349	-1.29911284065256
1.10694036313769	0.589772859880573
-0.656460634168198	1.03138743903526
-1.34234669428978	-1.84504772266684
-1.63063502681973	1.85186870613168
-0.935493523037419	0.183843002540232
0.75754128042864	2.42278234048117
0.0821454440896499	0.206827123122296
-0.727343020221496	-0.476055370650374
0.694958896380603	0.405740610380591
-0.833759426534352	0.0178591164653114
0.697810757898343	0.0255563736988711
0.0311725599110399	0.223790080471417
0.0217322394298477	0.866496089951926
0.532521452409446	0.144812713963173
0.073594748412298	-0.610231696732971
-0.775779484896501	0.280720928933447
0.702702361033799	-0.796202541377869
0.872525925247699	0.217916241868908
0.111937641314038	-0.013196176296874
-0.63299735715865	-0.600446299700922
-0.778521352971723	0.942914266523377
0.435958363974041	0.595023428128922
-0.117190225543021	0.539647200143943
-0.228880051694287	0.040765338025338
-0.00603221167031035	0.16817158139922
-0.098908452755865	-0.286088371334751
0.552023959054156	0.438719959934761
-0.16254446552724	0.312361873637292
-0.572049484971422	-0.257981631579563
-0.0692024159672783	-0.210156472189673
-0.016254865619239	-0.228882254454488
-0.527308203170267	-0.0193764765310614
-0.213851743339342	-0.114411850122652
0.0377071730382582	-0.264088042028948
0.309669216344157	0.0501070118527129
0.274940092350372	0.493930742925618
0.103262337259787	-0.529151157224168
-0.298502536923864	0.56129452684798
0.27969903508806	-0.194508617275297
0.141413622180151	-0.306376778058885
-0.228892244769328	0.414436749787824
-0.454308970353631	0.515131508319134
0.2433349275951	-0.998911110726514
0.504860112243608	-0.537319670713664
0.150024347105902	0.208059870729876
-0.259765746509382	0.420681494137655
-0.804046692574047	-0.606908687340447
1.29952364530497	-0.314643626827867
1.09196314899504	0.974216008245389
-1.15857385894394	1.49913463258987
0.238749060539228	0.58032961028199
-0.622564376462499	-0.392695490660387
-0.924477712248475	0.655533150661585
1.34517624035634	1.91311229820246
-0.253329070086112	-0.156573615296847
-0.0261061095112106	-0.418156132843768
-0.541086156594463	-0.792015468970136
0.537288737141139	-0.537558749069673
-0.618363680912727	-0.152231140904435
0.0448738222419134	-0.124930302233153
0.636257337025479	-0.358638762722596
0.0170113038073832	0.772633147322403
-0.647062850166315	0.98574781084645
0.46661245707759	0.124428706690597
0.386463722937841	-0.45046085211266
-0.388816453698458	0.4309181158598
0.171614284567353	0.0216648497220482
0.53188691146043	0.105083048072789
-0.0799257056706427	-0.0239855426045767
-0.0612034905038988	-0.0392518583321301
0.161642313492955	-0.0102441817925196
-0.602859421867199	0.113262899616956
-0.456295346367054	-0.962479535208635
0.0190779730372527	-1.2322788016967
0.582883758126522	0.0279408266088015
0.193325846027716	0.273588138900615
-0.618381251446643	0.838899393195585
-0.254797385647549	-0.934570435070406
1.57327276675868	0.156849899772525
0.373148857021173	0.479096594787557
-0.555618865525783	0.3151919416026
1.41471351218184	-0.0825564777760278
-0.604574517807418	-1.25699270353265
-2.17781540901337	-0.0132364008700572
-1.66204749623669	0.309900698155003
1.01932697698366	-1.18196453677704
2.69448979487147	0.51286809128003
-0.689337356411681	-0.76003423449973
-0.0464246527355546	-0.426351251733536
-0.825193040201367	0.400023457892712
-0.00504261123466018	0.00256925408466214
-0.0277456844884463	-0.0849763733321253
-0.123618927353698	-0.0237857256334997
-0.154535688991718	-0.0364043881174492
0.25044688360298	-0.0293136049760514
-0.00743271635935512	0.0144528444315781
0.188840261047929	-0.522601837454247
0.221854632377368	0.435485615912487
-0.455178941812419	-0.807443392591524
1.63773322435101e-32	-6.56857736453004e-33
2.6929625302464e-33	-1.02215381265475e-33
0.960482008985884	-0.0572793358755298
-0.0682930428701986	0.0707261614487536
-0.310927064352325	0.610573686609969
-0.101385041754797	0.670744549371726
-0.391832690298678	0.434349298461244
-0.145240068486019	-0.246372511004481
0.340697031643921	0.873869805191928
0.472509989889259	-0.124284144687669
-0.731908674312237	0.0886065277352
-0.00714993144496933	0.804916432847337
-0.197764993253332	0.352781601775281
-0.26299732625658	0.146839198847463
-0.670484756934143	0.00353032885299818
-0.00769132077844151	0.00598499520174009
0.000673441730477352	-0.0964553163344692
0.128732605477225	0.0434892456278429
0.0586352607948876	0.120177233032299
-0.253799317556524	-0.00503706801825735
0.0829089928872059	-0.19024586697567
-5.63648473120715	1.21932055921191
0.230846158104659	0.000821563442683953
0.44472950685313	0.132919198841458
0.679336806041347	0.286922736526706
5.94395288482837	-3.49968072585634
-4.88919042841307	2.03248777347867
0.0266198915874904	-0.0196843125491314
-0.0831708494608686	-0.0428300645251667
-0.0245653822746617	-0.0620531361935377
0.0192119244380617	-0.0101008386087561
0.0802775888609786	0.0971282168533807
0.00204196207434237	-0.00225904734387034
-1.24044169458409	-2.31224514328331
-0.774836301094538	0.916506200263654
-0.14180769175662	-0.10669999581984
0.186735437710563	-1.24358993645041
-2.88389603562875	-1.90923245313151
2.78732600759381	-2.63924125920274
1.11009517448887	-0.0727441606179836
-0.0616094576973384	0.137406333106899
-2.99218784450094	-1.00665789398705
2.13075898853166	-1.1126317429779
-0.308317507741419	0.882978377922481
-1.78160397960273	-0.161263249881833
-0.160452072816508	-0.695275524315245
0.101949234090681	-0.358400231437221
-0.0534606101270811	-0.719946053795083
1.56633387148365	0.308066486797237
-1.02214975561792	-1.12811799708467
0.500732793116734	0.0142427578731259
-0.049324820011864	-0.0584509373927952
-0.443190088898449	0.360258598327868
-0.0968270012467953	0.322094749643912
0.857997772103074	-0.0968488957889696
-0.0429927782226471	0.469557243271684
-0.0563219511194173	0.88076167242802
-0.222922648990596	0.0471232919772363
0.259405903318429	0.598005082756573
0.51572885054489	0.106450125462044
0.259655318648902	0.745690551857419
-0.0904652028824072	-1.02701900502325
-0.936154193897322	0.317295546877604
0.222280516645982	0.248961290974805
0.273507541527101	-0.216476628883762
1.13826601110486	-0.358463737980225
-0.607112510760956	0.029512998226751
0.344752975968176	-0.894461683578191
0.223643301960932	0.046167279697151
0.394118560985818	0.247500222891735
-0.0816613736581474	0.278654419885533
1.97207755343112	-0.614374388820786
-0.323233259992113	-0.158080103680515
1.59638956676762	1.00365471861294
0.15369580343751	0.084415473186164
0.504832489167489	1.42805915470806
-3.82536723959079	0.608827363202924
-0.350614895362873	-0.019870647508628
-0.667021283671466	-0.965369752101384
-0.216686542224962	-0.0126443730776786
0.0354941946790038	0.48826574629491
0.0635275642976902	0.161208983781925
-0.807301116027214	1.0213980464592
-0.905919065194542	-0.0938884545313209
0.247321615365928	-0.417880880389375
0.105389660834175	-0.325804924650107
-0.0755952261546758	1.10687036386305
-0.456073810028018	-0.817500764973679
1.29798881596277	0.691389764055404
0.858546752564046	0.140745995163464
0.0398205353783986	-0.855103013516116
0.0596638418004235	-0.22670101036427
-0.0679126113816221	-0.305039305812167
-0.353571276054908	-0.0250770764607252
-0.0428133214891004	0.698394115249398
0.393506153285784	0.30647156248981
0.978704506147768	-0.408796555248173
-0.613979396573369	0.284531722013561
0.567457372240393	1.08157462944977
-1.30383909270198	-1.72070762346561
1.08168011714618	1.88179755947654
0.362057248962877	-0.69441886257288
-0.137402993471796	0.240158820757446
1.80565559977596	-0.309035119018524
2.4876898265333	-2.09436248875122
0.598869237751716	0.402043312007411
-0.548965053379728	0.705221767574593
0.323583583260109	-0.937947340293937
-1.06834576546843	-0.615640335358684
-0.753028392277723	0.0606210563036907
-0.929297588644023	-0.370895568757874
-0.0601173508036526	-0.0916782416083094
-0.471175284464571	0.455772300097981
0.597164053840203	-0.361620379407747
-0.101120547175521	-0.614710904043728
0.254902863712738	-0.159982915250977
-0.0394247053277988	-0.88533446622623
0.00193607013126761	0.00169199078850681
-0.0373464831475953	-0.0227047477145511
0.81780787311267	0.196709051970179
-0.554398520368332	0.497268787641086
-0.456171954763666	-1.23021245087832
-0.291567516319675	-0.24444220342425
-0.648144319141	-1.27298525004932
-1.56318033649364	-2.26651929625359
0.142754938478388	0.0486301027972398
-0.0417812243228828	-0.0970429880117848
-0.266060300112816	-0.0501723289727954
0.450853644620456	-0.141445338391306
-0.541005564153653	-0.355350867209013
-1.57276846607275	0.39759256566528
1.23729050316712	0.444526474551602
0.804473030667259	-2.06513207516648
-0.627392284088143	-2.15970479888448
1.67607877837996	-1.59882582909541
0.0902647400805101	0.0670304041818225
-0.698965766464032	0.859603668849932
-0.116296126690912	0.65349243139174
-1.22295465012968	-0.506871427228208
-0.327898899208017	0.125632377380718
-0.9885118857701	-1.19099409087905
-0.637485938620088	-0.28593017695061
-0.148618603807857	-0.261953795724796
1.08384776170073	1.38101260348571
1.84567882916512	-0.908363951262009
-3.0049722396759	-0.16001958138451
0.123202000286648	-0.598981360371048
-0.0326922866397299	-0.00037946923049794
-0.0977345183246271	0.23173949768273
0.137569914640138	-0.0560931855469534
0.603292703963839	-0.0844145341822094
-0.363180332858593	0.549988560075767
0.0823543230136199	0.517623439243474
-0.266854766584286	-0.20076900111169
0.0738003741988093	-0.10277741649015
2.09444508254287	3.6379417395369
-0.100380917824476	0.227687351723499
6.12457717675156	1.13173263004791
-0.0255498393432515	-0.000700125923475585
25.4329986703169	4.13009485263388
0.0288640249485483	0.13980340422025
-3.7684843999623	4.49649729209504
0.622331273885866	-2.0562380255322
126.325648225481	99.9696095310051
12.7517286115742	9.93127375300621
0.182844342065341	-0.16539835790487
-0.197474382667875	-0.0608054905658997
-0.692559143089433	-0.629820341942428
0.141668397404435	-0.253148947404304
0.808593497637824	0.828293111487938
-0.017390197348826	-0.145674924337883
13.8153217573047	-5.48355345934563
-0.126870841210724	0.123887494795706
0.366110866041023	-0.542015990321238
0.618439092279552	0.348738851418449
4.21729640067884	29.4449029917607
7.77695987100391	5.43602533070286
-0.0293151817620241	0.333795108758008
0.177775882650155	-0.18738479888189
-1.51819488891253	0.245857214618361
0.457646250280865	0.00990514553807229
-0.603672038362377	1.37923878153749
-0.118853167057286	0.242587302681091
0.800279971295305	1.19962135460316
-1.1810803296806	-0.301515499019542
0.00720842476231388	-0.924462411822311
-0.563079858391271	0.328844807083538
1.10914955433678	-1.14836441506299
0.887340364169271	1.01806854307153
-1.83843722108028	0.0997417404532189
1.39568234954397	-0.589417044790119
0.12841803106011	0.203585507941452
-0.571285932073044	-0.457996846874786
-0.721916315840784	-0.548762818878336
-0.727112558660691	0.357226355726337
0.374079115397443	1.10501530366329
0.288620545747036	0.157412770762096
-0.898752759145235	-1.94089447769978
-1.36798086124144	0.640992678145071
3.08165046614618	-2.26168123655842
0.731469719650474	0.573383063284544
0.202557362174139	0.0490532221451624
-0.523275523884871	1.14566335750116
-0.583301403814942	-0.397984130687968
0.976537617563787	-0.294595805875546
0.0854855240022786	-0.474901144298048
0.154867444980625	1.7630920245287
-0.253928880816526	0.0734132074864842
-0.306675577582631	0.194763422242547
-0.270825323193457	0.478537753164931
-0.446466792210101	0.428873475989212
-0.762809365098046	-0.598866251618253
0.176802784491932	0.747142342178603
2.08298496167322	10.7223984511911
0.0752455698719762	0.0730859039220479
0.581639556192546	-0.755777959454978
-0.769606864350794	-0.119881857617567
26.7877046949823	11.2191401014634
-0.0264860308585773	5.77116653228611
-0.415621736979744	-0.924917694626042
0.284888981569742	0.409304138867491
0.454060365408276	0.523980495842162
0.230201674436404	0.744716550091005
-0.861385686327422	-1.70828535823134
0.132938303979236	1.08851218738657
-2.79974979875893	-2.47668596379962
-0.147370109420564	-0.359488876411895
-0.0632949182881547	-0.274877012182602
-0.488106346857413	-0.449349215992979
-1.83270873430911	2.6826507552018
1.79191039326393	-2.98715506855318
0.719366235923897	2.0871100535404
0.0922463089774244	0.120860692224486
0.284315004095173	-3.33373492910537
-1.4607701487302	0.110107589660679
10.4311396034148	-1.76116883861068
0.356743065023966	1.26988771177283
1.2830531205556	-2.20977926790974
-0.885652864068873	2.95447335053513
-2.59126966571888	-0.68244889648459
-4.73926375361213	3.0238275119082
-7.81867244722263	3.76248730282189
3.39813130645863	-7.40959905073506
-1.30336165581094	0.341960519744319
-0.360314822242264	1.24232769473911
0.636745090760542	-0.141478307593403
0.528604873109442	-0.3537243299262
-1.29563860304913	-2.14931425400231
-2.15986212347557	0.00462378570707044
1.99421176238466	3.44838935637179
1.73073695608929	-2.02484743810758
0.279729350890285	-0.0429317209369186
-0.702871403038324	1.74547413172794
0.701834392467595	3.61933342785996
0.477157552970502	-2.94849660310243
-0.297165666079876	-0.624067790955608
0.426735178416118	-0.10694021123066
1.8553764342053	1.46927956061307
-0.430189103730539	0.162380093280539
1.4724583366171	-0.87854029654415
-0.0155860474193177	0.0717873543190038
1.65901813535364	1.09495195147254
0.250616062638122	0.838910714599759
0.119473294072677	-0.0822874013472528
-0.548825555588696	0.816226030384763
-1.5657819219497	-0.0416350073446658
-2.02403672786396	0.445139256823559
0.522601837454247	0.188840261047929
-0.435485615912487	0.221854632377368
0.471677019195942	-0.797918223173036
-5.60873479489268e-33	-7.47980927221196e-33
-5.61946647261974e-34	-1.99329969317789e-33
0.430635644512832	-0.860441487597454
-0.522601837454247	-0.188840261047929
0.435485615912487	-0.221854632377368
-0.926855961008361	-0.00952516941848795
2.63155379162699e-33	1.03512234492581e-32
1.18748518410922e-33	-1.21974424135908e-33
0.529846364473052	0.803162151721924
-0.0100682298772286	-0.0104341009368057
-0.135353854241929	-0.0075829138764909
-0.549927679552962	0.14917436686839
0.344581779982996	-0.134382059970469
0.886638544928252	-0.126005495723195
0.0241134058237275	-0.0312092559549105
-0.180290563617999	0.109646120464007
0.554588422238555	0.131278031298909
-0.631906025863807	0.00837222391655532
0.5113581343418	0.256907175181179
-0.109310937368172	-0.328277160909372
0.0177442066987827	0.105396007784222
1.39601775682531	-1.54963150725495
0.0912270044320562	-1.78167118310501
-0.0126675275072489	-0.0815703250158273
0.637083171348022	0.762305621937283
0.91160994443014	-0.851874178507782
-0.393630330858628	1.37588672746032
-0.0156201771810196	0.0325032864038159
-0.0657675621880465	0.154372742923143
0.394692252513284	-1.41773914008461
0.242057996937522	-0.548147650667642
1.59044662114917	-0.845799938804131
-0.0953715764773663	-0.0134138729723721
-0.368429246507901	0.113095783986881
0.251760879975446	0.0910511541957475
1.42809794132945	-0.341871630938294
-0.279319663922317	-0.33206536945168
0.108551650023186	1.51906660427189
0.034088353071471	-0.0851223944711312
0.971629436278394	-0.559672969984134
0.0220125057553976	0.00614893405872178
0.0579121026042221	0.294463149176468
-0.264949144354702	-0.126423431756075
0.162326266159137	-0.00742462744144055
-1.24762947200453	0.983033625989426
0.432715187016162	1.38535058828304
0.407472192662866	-0.227434567784137
-0.435537930223518	-0.341860438361559
0.751369541575777	0.99473710640654
-1.01689231737917	-0.0512346539034298
1.86464461680012	-1.23977420979365
-0.24555539462051	0.223097845886172
-0.919742547489724	0.697891715366725
0.180259496587849	-0.103333771432208
0.0267835908048971	0.265168517793708
-0.129695218764592	0.247173045990039
0.38641349213968	-0.950107849333363
0.302238103700098	-0.000543015085271674
-0.339126441828307	0.368640696960284
-0.0420247711559541	0.165319525800411
0.14601895553473	0.104835664104417
-0.00937907131457569	-0.355310023058418
-0.0353813200570203	-0.125278081308453
1.29873214206811	2.44313494362954
-1.74240348311688	1.31913144031884
0.295783324133256	-1.21481241279318
0.694200778992233	0.248363696672576
1.50007696328839	-3.84994756017387
3.80541404005832	-0.95046565599834
-0.0175687329049073	0.558127794993673
-0.689716800767767	-0.220361359315363
0.198770175834845	0.657327995867452
-0.0665036782379265	0.441138745366868
0.394836729035776	-0.344635814642968
0.169597843102097	0.227591015136776
-0.160154996502496	0.0927226465942719
0.0943388630526752	0.525985259178708
-0.156279080846827	-0.0229635758368995
-0.765993698401747	0.127578196455347
0.534636097865301	-0.84521676072618
0.320097674792952	1.12860636199481
0.020862635142551	-0.0845187807738213
-0.20733016709523	0.0904216116082177
-0.376253648512047	0.409209798290239
-0.499075056826643	0.329042365943296
-0.396121335629386	-0.94091217046731
-0.0763702357603347	0.69886542971187
-0.969843838550658	0.511397394289188
0.000609973404647604	-0.0199557303554882
-0.114165903633596	0.205539063319837
0.105937080374173	0.223449017225193
-0.133559646358176	-0.0772317449558281
-1.34888763331894	0.831841650026125
-0.476260400042836	0.000927805883876698
-0.73739307919032	1.31779088989204
0.181634984206455	0.538379999633852
0.0796651877675465	0.682760512094153
0.0538209944432343	-0.336944331081201
0.653611149478028	0.106643315451747
0.0300798470931072	0.0635967926319543
-0.475701238463725	0.813290425889325
-0.672259583312691	1.01321233107264
1.05611502081557	-0.112416680314453
0.0563673294641382	-0.255947689388867
-1.23766346605957	-0.839504768012265
-0.14099053299325	-0.321488080804905
-0.0422740320844167	0.687089802906103
0.851985106692301	-0.460646643444517
0.0915859538169945	-0.502576899181761
0.273264965111064	0.0619189809286064
-0.320526845644458	-0.275553597189413
1.00363776121786	1.05837844309582
0.50908616980925	0.630612807445183
0.328162447829091	0.0117491018466894
-0.273125079036626	-0.288101622102803
-0.0473475257156001	1.26920651312737
1.42886400336228	-0.99977731535551
-0.220643947546482	-0.101089793494742
-0.536690670896022	0.237400102929744
-0.270508853011523	0.205874810729855
-0.264180946409568	-0.271434180519889
0.337803091629852	-0.497769783322903
-0.587062246772676	0.660899236484677
0.705476693789663	-1.24632749410406
-0.689139383699909	-0.2167654739834
-0.304843576533739	0.725405153419831
-0.995817690396107	1.1538153900019
-1.52612582478805	0.951836374025441
-0.343917582532066	2.23495782277043
-1.96058419168984	-2.41996381739861
0.353411568592607	-0.958598951343991
0.32278727030016	0.544422432424165
0.34776360041183	0.42766462569361
-1.17190721577658	3.78107473601656
-2.98043988484281	-0.809013811438348
-1.59541686679697	2.89486308854634
-1.16765583589377	-0.798601606662663
-0.588972030904755	0.023206927324041
-0.00919773397780529	0.335306429364814
-1.76180877476008	2.2265452304452
3.59683351670564	-0.112165141547566
-0.36656554533131	-1.30284194873146
1.36575259271564	-1.3679027097582
0.241727243152939	-0.248951058383457
0.257116961664258	-0.0486179917585437
0.258941896378145	0.469367235577129
0.22896658845562	-0.440277284725837
-0.292625975004169	0.00110432656512883
0.0244608405959445	0.0437717449399688
-1.16389156360688	0.750433935146753
0.417223208626873	0.848851224439847
-1.9230437636823	-0.319847785847643
0.187814932811984	-0.360916668827919
-1.27776950496315	-0.0416526077881966
0.109686151161076	0.361767913550371
-0.25188730910681	0.227999486936484
-0.730173293242565	0.391912225223968
-0.57809169987002	-2.19306735862103
1.27825432111781	1.42278323979703
-0.277253771320269	-0.189917528395407
-0.016868447542398	-0.428514138492008
0.179810392729988	-0.508695039732407
0.162392778689311	-0.145535160470748
0.0622258018419261	0.556475598913166
0.169441943859519	-0.342863577651003
1.26636162576008	-0.19721144064766
-0.029180146709994	-1.52575075426255
-0.76313952705577	0.101738146857124
0.275986332369397	-0.103962457122208
0.590174419543024	2.02608852129819
2.43965171696187	0.664756780090265
-0.000869167598114491	0.000613735062123815
-0.00449300274444696	-0.0298804085464769
-0.319197942529089	0.377350920389308
-0.334628427609706	0.286247357184675
-0.165700247383174	-0.8523676094852
-0.099050412520025	0.211303847772833
4.74337373029905	0.179584462995137
-0.901674274035233	-0.115179691480475
-0.332282622199755	-0.142498852363854
0.46124906310927	0.043853527226508
4.00096598491466	-0.889925346138942
-4.13116013205132	0.921560300511789
-0.915137083017764	0.860846221892218
-1.6666061096031	0.158873991941017
-0.510974331400293	0.488017352956037
-0.279718600003018	-0.292420844509834
-0.77969776333521	-1.18517339815882
-1.25896522455768	2.07510723438421
-0.141919552214634	0.504452528639938
0.31172212243184	0.656370357009956
-0.213371455690318	-0.164408212131742
-0.400722225463552	0.0613084048691955
0.610310587594889	-0.218633182770862
0.0791030900752128	1.00946192796575
-0.0038036350663544	0.00356391039370652
-0.0014708347736384	-0.0735971404342571
-0.0144361253788789	-0.088418251594402
0.0490371054062364	-0.0648073569383419
0.077338404336891	0.146014444506023
0.153480855106455	-0.00155283288628796
0.0201278870759115	-0.0298356975563264
0.253763573477089	-0.0583054473453971
0.666114359347124	-0.356780912743512
0.156235727653258	-0.496743425520614
0.260793917565368	0.906569615561075
0.0175919186612026	-0.32096186003246
0.146911090898674	-0.0986045012886783
-0.337259062732752	-0.1423937588622
-0.0549523286132879	-0.100980887265721
0.0809557388627664	-0.084250930472794
0.160937003416076	0.130503329699263
0.258900980098148	0.20415437224179
0.019983770203145	0.0514599437277372
0.197698314521737	-0.316581463248688
-0.469354655588353	1.04647862989312
0.177298676775908	0.686123613613243
0.436695505832832	1.11468304367031
-0.113534842390743	0.0315735339687506
-0.0805498531746207	0.0376631831250605
-0.712627980403673	0.35109026746359
-0.550775581227121	-0.467884904718531
0.224324742331121	-0.239611361097402
0.227575891236471	0.0384450450809912
0.514441383045127	0.409257651138258
-0.284953392543109	-0.629942988927928
-0.722017827161882	0.268198959407704
0.432779749618761	0.326986808063351
0.24986306082449	0.962764851457934
-0.390625246750099	-0.410405176435712
0.551605695280512	0.153423789248553
-0.548634688444676	0.0893068146087839
0.443324713046161	-0.530191394113565
2.11256510044309	-0.681495869735859
-0.654949215598915	-0.294300175385136
0.370089683698134	-0.952618501173972
0.0697199467336907	0.298447469810212
2.31350607131657	-3.00309614802187
-0.247069788096463	1.76048173214875
0.358974079203851	-0.858921191436971
-0.146847637663622	-0.367020176187316
-2.39900384136597	2.9585845573629
-3.02389522639128	2.69847546518968
3.0990744395789	-1.02601462835175
0.326308110255975	-0.343001498551469
-0.0344826527327973	-0.0507635734498397
-0.278995018488362	-1.15139453362346
-2.58076243881766	-0.933277929483621
-3.01175628401883	1.70912528753939
-1.22854407133155	2.81613872475131
-1.04650569952223	-2.61935848370574
-3.55716397737765	7.21884898519
-0.61949716897972	-0.876058236922692
-0.110717495236447	-0.0164292933002931
-0.355549897113674	2.31984129330333
0.639113446581375	-0.216064296684847
-0.550010089367722	0.871606538430235
0.387165201307149	-0.2984210595218
-0.530540514725364	-0.766311374150544
-0.731150220989964	0.600164969913205
-1.57379647167574	0.749354227457493
2.04510780523594	-1.52617825514109
0.808619796208143	1.39944073696514
0.708469080862438	0.214770475178274
-0.185967463352629	0.00509633513801505
1.53047359011603	0.114804499191592
-0.623116227146248	-1.79867962652795
-1.94678645606231	-1.34439108011832
-0.214297523504965	-0.384127160646582
-0.0277864516869872	-0.14906820577034
1.04992905926445	0.437412268671694
-1.66412928026474	-2.14978917511794
2.0640945698337	-1.92072707044313
0.277371127122595	0.494042561095707
-0.581408672566109	0.92759369703203
0.371314168842877	-1.228788350916
-1.87423104467601	-0.768331112858591
-0.453338577928797	0.185165271562377
-1.54699959326928	-1.47603250567024
1.49993007580025	0.775693298487857
-1.00767564284917	-0.567368041539431
-0.912323780686161	-2.50707184501255
2.04934462432738	0.0636623423525172
0.853307344469753	1.21685177973971
0.493956896437576	-1.4558181885559
0.275230770695943	-0.227487151442663
-0.372326543202482	0.86044447511333
-0.184769275917705	0.0843720113421965
0.649976680452775	0.186087154445565
-0.202737559144408	-0.488664928065086
-1.02472590968791	-0.745952860473355
-0.0719696068158788	-0.12186304429473
0.19852468540315	-0.285211109508885
-0.0916842606317609	0.026125860350618
-0.0644787879316233	-0.0316435358471876
0.158200007332708	-0.106556249067417
-0.318087499053402	-0.277681177039228
0.510440493349909	-0.203484129277098
0.495371928672222	-0.0699594068931418
0.335674758497776	0.526726756809764
-0.399793769520446	-0.298194900615907
-0.65288486627683	0.307395594620059
-0.0379863410924705	0.0222018989813693
-0.524310990769401	-0.0224812420762726
-0.294786217982611	0.553155591891819
0.998867990728721	0.251084404843471
1.11410578693178	-0.58320298080235
-0.19672093817671	0.491148701620929
-1.36438260035315	0.108553901632264
0.525257542219445	0.910367675609483
-0.0361265549506007	0.00536528006008273
0.146746213335751	-0.356135817101171
-0.314622971218025	0.172101532674937
0.106105165993447	-0.184937045567532
1.24498323292759	-0.826612677443313
1.53864786692003	0.211617916853515
-1.33068187362873	0.825020834495548
-2.66657124094552	0.0637302551964429
-0.0588428422723678	-0.00237509147978248
-0.195753433300813	-0.931363659030789
0.14119029087209	0.331499188615544
0.213997215253863	0.02851631204079
-0.293742569940033	-0.681121483642567
-0.690497279943752	-0.973863695931665
0.384356014657782	-0.592463615881898
-0.405577790099828	-0.295133588011042
0.0406418925468342	-0.105066670476049
-0.188840261047929	0.522601837454247
-0.221854632377368	-0.435485615912487
-0.455178941812419	-0.807443392591524
-9.87415254690722e-37	1.50463276905253e-36
-1.50463276905253e-36	-1.50463276905253e-36
0.960482008985884	-0.0572793358755298
-0.463649257563142	0.251676691304312
0.554165221614367	0.390499198298925
-0.437655348336411	0.59486239843145
0.434700860573205	0.337578813780874
0.273996266119575	0.253240914642139
-0.0785478144400327	0.131538622389625
-0.299636675667373	-0.106041695060783
-0.587350952448561	0.722243551482492
-0.175628952310924	0.556267757932381
0.362028546047058	0.630201747130566
0.00319272865601149	0.184068168481641
-1.02812761732744	0.536254175619277
0.188840261047929	-0.522601837454247
0.221854632377368	0.435485615912487
0.926855961008361	0.00952516941848796
-8.55289689658296e-34	-5.56714124549435e-34
6.39468926847324e-36	-1.80932090478566e-34
-0.529846364473052	-0.803162151721924
0.372273646526626	0.230870458725926
0.133234165480017	-0.431638017213921
1.01055068018476	0.280494649315381
-0.512911866018676	0.053829200553688
0.777950947487624	-0.197566930381191
-0.0354773304860624	-0.00707101472241917
-0.166924474545104	-0.249568595364072
0.073618782865669	0.210769993097864
0.327492905666083	-0.992565407606159
-0.220590393531529	-0.508995622300223
-1.22324673091607	0.0583551054761057
0.0584861465850301	0.0294976757214823
0.383744145066664	0.0952422870481185
-0.52529731980162	0.671088750927037
-0.804025126802136	0.318810250307323
-0.20467404081888	0.294587989505819
-0.195577150925958	-0.0181522293753721
0.404030597905889	0.884476814792308
0.558250667621489	-0.284439079470986
1.10271680273016	0.255868677093051
0.440263897891628	-0.194179969010619
-0.0107984824842121	-0.200140215389105
0.251375007222681	0.744570500408073
0.846424465085885	-0.881188032545989
-0.761286116282152	2.03657659156039
2.2612062832646	-0.974645243476763
0.494582540112669	1.11664391107703
-0.0555235885051707	-0.364627717306375
1.39753935516151	2.07606043448347
-2.89898034913029	0.838584419632591
2.7871964040193	-1.83711803526173
0.425178280754998	0.311520001084538
0.217210717827694	-0.222555094326929
0.404067084459757	0.392521575100885
-0.508024603159614	2.76764283037846
2.94012522156165	1.55075428931921
0.400008510625798	-0.434471988167379
-1.24136043159761	-0.0212592445063655
0.00625159060365877	-0.819631587427752
-0.597920599869348	-0.157750113621881
-0.400201241399729	-1.17040385847754
1.91537573228332	0.181104412920359
0.271219851229323	1.38030650666881
-0.508436085925452	-1.71996657580302
-0.472815655521089	0.51310016335965
0.012742157945818	0.118908028980837
-0.866883339317786	-0.00410959094292656
-1.16833206936251	0.874630965463193
0.0806855501988253	1.31154252250217
-0.479240932197044	0.108400331120881
0.357529337101277	-1.08461233485856
-0.242393239989342	-1.59178402019013
-0.830687735601619	-2.11103354099368
1.04989610285975	-0.498361335365169
1.00071733282847	2.46895593453393
0.625672640833619	0.0332557224918866
0.0279979591970211	0.227821207220168
0.780660497621842	-0.148457473839994
-0.00172961372426265	-1.62789648552637
2.24010231630591	-1.58032388029482
1.93504386835809	0.493684651395432
0.75426282450788	0.785385772250912
0.256269975016058	-0.13519888699312
-0.118710163936324	1.09898754100464
-1.52869583907692	0.487434748866625
-1.28858812008269	1.00156877620357
