-2.11146396986827	0.238132763964104
-0.334655302449624	-2.02964512591417
1.72619330045391	0.49670244477648
-0.0470987347483769	1.77549988992068
0.182719227689715	0.349251193172484
-1.06747499387691	-0.0463976961084786
1.21377209387216	-0.818957476095501
-1.27965888958057	0.151975729341419
1.90190497180225	-0.801281897500835
1.58330108713266	-0.0862578800453201
3.54112368714932	-5.8318746073423
0.163663219633911	0.585228996581057
0.330698074473419	0.428889221242695
-0.253784775487937	-0.507276323587019
-0.948601761748857	0.585328173146873
0.0192836886815263	0.940259743916823
0.812128855797723	0.952291947830049
-0.224570776259133	-0.0312544640635874
-0.409821372858364	0.132783317058363
-0.783241095199741	-0.643326851546571
0.728673803011302	-0.921780614486132
0.0488457079437277	-0.672507332304423
0.494991299697089	3.8178530054924
-3.72512408886683	0.635952695099959
1.01660921438794	2.18605260296774
-2.67242973264644	1.20489885396091
-1.39594710709768	-0.401924941292049
0.193852477747206	0.137493514666282
0.0947932124068971	0.936805297293612
-1.27423013800961	0.00519490735340743
-2.4925978267687	0.239782537427201
0.925132863413228	-1.46796393430842
-2.5713047133855	4.45380400456501
5.57811302181493	0.238850608890821
-0.0587943436049597	5.59349957502115
2.59550542130216	-1.22453418204546
-1.13992441710646	2.04589239415096
-1.80858857347284	0.734004098116271
0.470801160579235	-1.61962791914464
0.273221803771322	-2.75607428648008
-2.48646971189166	0.562056145821588
-4.40712964323065	0.244205742554439
-6.54060023483	4.11870194787409
-5.30609523671429	9.40265824269715
7.66927090536922	6.13096425442233
-5.96202688685417	7.74548977872266
4.81262946674846	-0.228528989009926
-1.72290849370824	2.99502993527872
-0.776731788586372	0.215961341187729
-0.199927406132073	-0.370082204547613
2.53255920025176	1.45474736058169
0.0192786087737178	0.766574272958625
-4.05758167977194	-1.19384908159769
-24.0991246299101	-17.5021520668852
44.1210846669447	28.1872160647404
0.569311657618928	1.91972748898587
0.0972041584882074	-0.0872820200121167
-0.295769554463068	-1.3130937939383
-0.950561350113802	1.86768780657508
1.07003479260401	-0.722481826259121
-0.922759978161507	1.40463581304725
0.288510998068911	-0.842951119027919
-1.25985798073763	0.583794002577417
3.63739966896128	-1.02038116896193
-5.84998977741919	1.64154275348451
1.68370571759598	-1.94098818913896
-0.589084345623501	-0.427951774994644
-0.142121281539994	-1.078424327592
0.255613708443885	-0.0222252711160997
-0.249291916884503	0.52365452485143
-1.16389285430788	-0.188075534825064
0.343816228737788	-0.0268517269097218
0.780382886391899	-0.12223875955452
0.242654189574462	0.562205983703739
4.03581985615879	3.15168041107189
-1.91883118829831	-2.59094439768848
2.65193196696325	1.56641461496154
0.039758789905235	3.4500159556897
-3.36288503057627	0.226833508152583
0.14948610926535	1.90345869034041
-2.43132763195433	0.80449668918481
0.453414921478044	0.0593792544167524
-0.964329929636119	0.466067008685091
0.260124062937887	-1.15802939736967
-1.62864553011467	0.683950115990641
-2.54676322696583	0.69354596693295
-1.72676821016603	-0.725845874627462
1.97862981006987	-4.97136727556499
1.36497685048326	0.248802766047724
0.623676945948795	1.19118526046277
-0.0959846063607639	-0.939671433222109
-0.853990909500016	0.962643455152203
0.447967411128832	-1.32826613386766
-0.372262050936491	0.57858009568552
0.235344063721028	0.0842908025151657
-0.970160063443434	0.286382493625526
-2.51057070855959	-3.90218182335792
-2.25536584008228	5.98238055172172
1.63189326360308	0.184654312812386
-3.93035522570721	-0.796253669407215
-1.78215327649952	3.56756898921729
-3.20426332140574	0.650150261372902
3.06554662548788	2.35970190357054
2.7572029628036	-0.56289994767314
-4.14999639077363	-0.547153079810815
-4.02762268430627	2.83079975072217
-3.40928856413016	-4.09254181196556
-2.79716641657865	-3.2552240752136
11.0327780713467	-5.32793635215633
2.39141330986668	4.35636386079981
0.181721558914534	0.473567189504373
0.259317633011524	0.790535067096988
-0.584997362934541	0.407998874331085
-0.67171540202753	0.165005155246411
-0.311139993854398	1.13560346100404
-0.6329265596208	0.46408940462953
-0.14798727574786	0.0229616452963122
-0.384687655804618	0.330478498951729
0.794427930541351	-0.623086235645983
-1.89217013225728	0.114557172448309
-0.67295634817204	-0.726872020084616
0.128617116734285	1.47289883692752
0.431564180343611	-0.610962309854726
-1.02893907558973	0.130448839550941
0.493902400508657	0.447898071584116
-0.968104740104094	1.28579101196088
0.151501352197338	0.835529346592616
-0.235523610919898	0.0218219662094563
-0.425504014991805	0.0684106521301159
-0.762275027915082	2.90193176371144
-3.79133903235346	-2.26589621867597
-0.416094474370732	-0.646280285814896
-2.18998610229244	0.461098079342292
-0.550781656069616	-2.13999875139318
1.69392166473395	0.274814515880766
-0.0430158382283429	1.84309637380332
-0.674747012505322	0.023789119778549
-0.296363527153542	0.0822017345128184
0.474080431482086	0.0930882992417497
0.375960941047748	0.247906863553255
2.0006260883651	-0.912239914648957
0.508974173892098	-0.375273853642492
0.087173990295288	-0.0616054763178827
0.643536476815832	-4.82707373864653
1.92989136279052	-4.84545389873364
-0.0777903805325884	-0.234916389545072
-0.711244086783637	0.840144729805367
10.4232256937278	1.17604249603484
-1.25420582898431	11.8795190149559
-0.100136565660046	-0.0829117406538792
-0.365994320231352	0.364125211453169
53.4097041933605	129.604079900713
-16.7098205473687	44.7454689998298
-0.00213838651662341	-0.110215550678093
2.01961901284886	2.58722465074706
-2.53162258329369	2.07587389257659
1.60172073163589	0.625146221521346
-1.99369174428929	1.51004471515585
0.00476475209716592	0.683022623547204
-1.29138995729523	-0.0812170504386521
0.141871743301963	0.994807220846914
0.949130575015995	0.724654854047075
-3.23339733691235	0.347962775240646
-0.918181056295359	-3.73611707763875
-0.53047154834774	2.83207587185329
-1.48463001646105	1.57363944724095
0.735082533725922	1.03279309447733
-1.61419526096556	0.348680156490767
0.874310732092313	1.08640389279317
0.776661733605729	0.499905577432086
-1.69841079875246	0.719207732817032
-0.873195798841703	0.846571431652421
0.717070389170928	1.66651287675641
-3.45709804654257	0.0632619716682208
2.96528033010187	-5.75803099019029
-2.95018521938315	0.88840621533921
-0.38784245424702	0.807686814714582
0.315878071773579	-0.450667614549035
-0.52623848844108	-0.273968726215064
-0.450677539498311	0.447844140651074
-0.0607041651045074	0.888413240962423
1.10049455073829	0.91483822269486
-0.240198913019198	-0.042539557128057
-0.395808451759734	0.0982003657521839
-2.37551076298861	2.29078141534352
1.07776922781548	-2.42434163523339
0.107099315447059	-0.647114066597102
0.661492166981819	3.19838666939601
-2.66146904321715	0.507397048940314
-0.588160915764486	-1.5627564147593
0.0254214886429812	1.12060904077967
-1.37904010628362	-0.909992945591615
1.40917337844553	0.126905057924469
-1.08604901752433	-0.0222435386766779
-0.0300102824215387	1.62984837580619
4.26227526509197	-1.08609478064062
2.87715576272167	-2.37147687295334
2.72104507575925	-2.80942239254362
14.9355288508643	3.55263309334666
-3.35342705677791	15.0218246746842
6.02877972659577	-2.4184324787949
-0.910678798317886	3.62224304276382
-0.835462436202567	0.303542165220964
-0.0626826789666074	-0.473900582425489
-2.28751999307558	1.73424956603169
-1.71098797557284	1.64634271028638
-5.05945456830803	-1.10184038582493
-57.008367832598	0.327178706087241
-57.2987269967232	-83.0185784451851
-0.472731323225654	-0.624431318875585
0.104162324817167	-1.20653094587699
0.198834014343847	-0.122364163772576
-0.414563306692722	0.569396932333857
-1.32642344866377	-0.420772453380065
0.72063106274451	-0.205321807818991
0.984317395482566	-0.339508058378463
-0.458152176068083	-0.359863833417573
4.30054815097581	5.64081690562387
-1.78692975817159	-4.23756143375996
-0.307875359202779	4.35691758567673
0.888634986907218	-1.1312412955038
1.32566662764135	1.38580082475511
-0.373267283816594	1.46945513859317
-0.986847081019248	0.243359589147885
0.624062519517876	-0.334067078930519
-0.857601670263697	1.04627086663843
-0.608619657606625	-1.94170476682674
-2.24274703730379	1.44563001177696
2.80886896901972	0.0662148977278762
-7.4995686067187	0.025605698935682
1.60949359740212	-6.11655331793438
-2.55377087900467	0.527268267697119
-0.255453986268493	-1.39406780325486
-0.664107304588019	0.0247050680407912
-0.757806977613276	0.91316755701242
-2.11496758804854	-1.04597021359447
0.694766168884418	1.07289965670217
-0.721033311196308	1.75490351108639
-2.1908201751881	-0.731260919725621
-8.53163374433099	-4.25069412936241
7.55350915335177	-3.37630368744332
-3.57135963842847	2.33783671263549
-2.17192227686284	0.510328320177508
-0.612869787382031	-2.09891001541435
1.6185257295987	0.541273508645923
-0.153249804459731	1.95181589418551
-0.57573152915742	0.742063902193825
-0.504812645131302	-0.467184187166612
-0.213483606747398	0.144813778474773
-0.498297867213277	1.04317463521591
1.7804637281254	-1.19012838060103
1.24434652321398	0.879847071209045
-4.91367493794032	-1.05079236351048
2.16837234107248	-1.16148287107241
1.380876676296	1.99898502739036
0.875419723569428	-1.03350503741625
-0.957441386101137	1.17143081357253
-0.67329397014953	-1.47668166688974
1.07754497977014	1.04753140852
-0.426006125212811	-1.48200035235919
-1.67426598408539	1.09207275617248
-4.98660923412456	1.62282441301149
6.89242170929365	1.77929593553629
4.11586602332542	-1.01890526404636
0.370769258937618	2.00310660888109
0.210921296558613	-0.0491447883358971
-0.470722253206026	-1.28863400001729
-0.806008713751653	1.89105938364682
0.649380762081337	-0.620539906493239
-0.966053974187594	1.80918834657864
0.408281553133189	0.597559922036758
0.669057349801675	0.337079601690736
3.74854438828951	0.263328455910612
-5.4564937672072	2.38732436340626
-0.516458924483091	0.600157444354655
0.529906247385928	0.319838633713893
-1.54828351502061	0.352411397244326
0.360618351203795	-0.540257943213992
-1.73345854365301	1.14059329247164
-0.771647497083187	-1.23021523724686
-1.00634873014747	0.869731011930531
-1.06745799594859	0.295823532370981
-0.750330305812595	-1.12398687377069
-5.39049083412516	1.4374387408116
0.285842932131583	1.25044213440047
-2.09543072105212	1.77698606974939
1.10783421877181	-3.6175190713075
-4.75528308525913	-0.978179261827541
1.62459377772876	-1.71469245556629
-3.9970941145027	1.19137391972465
4.69486097832505	1.77027483410909
1.33980725540381	-3.60922933579991
-0.304125311788131	0.108751721846513
-0.656190498155721	-0.118961302078043
-6.18992082668306	2.86747050951396
-3.52376244626713	-3.79306192461725
0.257553781125742	-0.0874222696661944
-0.336760288824072	-0.493699637429647
-0.954320336049268	-0.415492196937759
0.134586088909145	0.834926052788298
0.452267146163031	-0.246522276826782
-0.0418783174429341	0.50517461962257
-0.856199982946088	-0.507285444900604
1.16534947124896	-0.00951589402451518
-1.36231014964178	0.884675265199824
2.86922714401435	0.744102041482905
-2.98007528986522	1.0932175111359
2.6048352530039	-8.172528530899
-1.71644448107023	0.428003165596758
-0.823088994503135	1.58187193084672
-0.694967807014029	-1.98339591485054
-1.80319017118188	2.90148978237295
1.26102932801335	-1.87271576002234
-2.36526439749958	1.12205436378474
0.288538489298102	2.09287154887809
-2.70223258792999	0.196725775259905
-2.0175039529093	2.2934964543751
-6.97978428741018	0.634790235844702
2.61933828376645	1.76898665834819
4.43755157286889	-1.57944277544037
1.99492845118644	4.67221606271627
-2.78902789883668	-0.937668225466547
-0.0735702032911178	0.159314869882241
-2.75250165769637	0.545901417845093
1.79856116268792	-0.502392010632582
1.76387538304213	2.74923190839777
-3.23043922181433	1.84555811500787
2.14048517364902	-3.49149906064762
-7.53069321886774	-6.90783467397435
-6.13509746921134	3.19765525173562
1.62428693270195	-0.224663659450386
0.552776845921841	1.58003904866973
1.21144009627893	-1.59716304757822
-1.15027495631093	1.43700945595706
0.791215125963278	-0.411698167675629
-1.86501078192154	0.375095759567331
2.27056840094395	-0.271458974827391
-0.365696915608993	1.95422419445134
-2.3398770160524	-0.00367201762634883
-6.93542448988213	0.142838451552762
2.46964363801409	-4.10852621183781
-0.688320809838149	-0.116190832620078
-0.244702144857807	-0.664964871501199
0.936587304082005	0.270542754545417
0.242394214459295	0.0341531330944973
-0.0178041220817049	0.263269234892372
-0.816005166172916	-0.229394778435035
1.10986375412276	-0.183404001544428
-1.28321939406993	0.579055833888684
1.57076508575	0.85535454283025
-0.501665619243566	-0.0846219064991609
4.91161684850791	-6.33261740408001
-0.161373371255949	-0.125299516704978
1.09446167595155	0.486490083753068
-0.654216291093676	-0.153315861079294
-0.640100246558122	0.59227620364654
-0.390550593924939	-1.09886093735185
0.265442161721759	1.18791266757781
1.34168787388476	0.063054001751992
-0.00759678528642982	-0.403948032611874
-1.65995389663892	-3.80117018756433
1.37213944031056	4.89701403934477
1.19277519991737	2.22969551991728
-1.32459791484571	6.01695050854416
-5.74489424986358	-1.36796308467914
0.446486468382515	-2.96041055696414
0.588337831416367	1.57637979677171
-1.19054811213994	1.3535665938146
0.178056972094991	-1.64788227692007
2.15076049125362	-0.539375924960991
-0.226987070688516	2.32829937654942
4.17071298434532	-1.31685042378536
4.15138602264639	7.41529740949397
-7.90526055049776	3.19689038941227
0.039476922941398	0.857875586632114
0.461618758505375	0.699756411446939
0.155521077065602	-0.071500499766962
-1.16170915541953	0.278711688627512
-0.880077067930971	-0.926215624086619
-0.762942948975932	0.554739189864309
-0.860256053389273	0.306700140333554
-0.747858508593265	-0.928884499822313
0.549115475406893	-1.75979097388822
0.666142078292888	-0.261416943662712
-2.20763129907416	2.03551895440436
-1.3542683691682	0.539040223385172
-0.716847068494171	-0.491550589948384
-0.958810829539004	0.0898040472345131
-0.863620744025787	1.47182372395865
0.767335408485302	-0.245817281279028
-1.05282206940735	0.962919815340849
0.266855693994929	-1.42880169236918
-1.78622064702306	0.641807015408304
-2.63992221305155	-1.7237928340198
-3.59219497336177	-1.17027245189419
2.22753147011052	-3.99346392883366
-0.730803674597866	1.06013724994082
-0.954534856085511	-0.928005100655814
-0.236075158042369	-1.43327064725965
1.53449507517613	-0.0411412334543955
-1.46533322176264	-0.785991159111322
0.169903273236939	0.683952468069776
-0.934832120636435	1.67028798192229
-2.05356551617691	-0.999564963113804
0.92905409758697	0.690602771469632
-3.99493123705816	1.28146293615259
-4.89282536657457	3.9915787779918
0.514368585638313	2.4068222308425
0.260961399391351	-0.516959966020598
-0.524547299586693	-0.971397142003815
-0.600972465474949	1.67578405969043
-0.368519107362577	0.536885859707469
-0.598833741991102	2.34824905087062
-0.164383603454243	-0.108390442596524
-0.16451233823683	0.118716066645252
6.86209489666375	1.49710115303717
-3.22717722523257	4.55887882587417
-0.291665422621801	-0.421428586002386
-2.06201301269323	2.59686329992597
-2.4539840409625	-2.26164242333558
0.687991267406622	-1.4162256085064
0.113934932040529	1.53692715760188
-1.25946359201198	0.483501258300614
0.0635132184511474	-0.977811159146181
0.679295570263584	0.410813477052682
0.826453056993579	0.0772882810200254
4.08968233636253	-0.764905740064865
-0.501716441812128	3.3675751860074
0.902012633267995	-3.25511073602898
-0.065345203858748	0.701960043713922
0.465466878415041	0.60591966175439
-0.136057799292078	0.225698280961815
-0.843808462573332	0.134741138558859
-0.631356524870664	-0.456692249154341
-0.10441362058819	0.580471704139231
0.806073196213374	-0.132907191356782
0.279102277113539	0.318391013614158
-0.0686625277202019	-1.50028700240083
0.811299830078087	1.67500488240754
1.66918058799746	0.00923155443079669
-2.71557297300368	1.05737000710562
-1.09281568979857	-2.62432344719458
2.1088186691513	0.934250948068424
-0.605889348441659	2.39391691331653
-1.71765447898657	-0.296465896822481
0.589156809159486	0.155377687261992
0.585205084211582	1.60590455697906
-1.93999704817892	0.581653898692176
1.30001327738593	-1.66247623421491
3.54262522986629	-0.245368472022031
-3.81350602687951	5.69449433604876
-0.803617278255615	-0.0282325942250475
-0.297878317174114	-0.788328843658299
0.964564877260495	0.278103665385359
0.496025290441098	0.243144785102919
-0.644855766133138	0.602740155645876
-0.0726422277649754	-0.439390405617802
-0.313733013997373	0.268350956366903
-0.896249052201738	0.443006072371266
1.5703050685877	0.563107945981105
-0.955292905429445	-0.397600734944391
-1.64049999867466	-5.16437445964797
0.309101884485921	1.34166986696855
-0.393770761439078	-0.339773284418134
-1.77753819858177	-1.19171204331207
1.41898121692939	1.78715358161607
1.7634249562992	0.857368576661354
-1.81640277978134	-0.700773447493731
0.391435794950366	0.432836917805167
-1.27360534176081	0.465662990083052
1.13153594328205	0.510727439973171
9.13416877613608	-2.53413083184103
1.05902632921272	-1.37510544831718
0.747551843984214	4.07843933260382
-3.68255442178209	0.690839473385112
-0.702499292215241	-2.39138322841039
0.488842950057826	1.13994770726145
-0.135424130447687	1.02854609289298
-0.439026239990472	-1.29662766381672
-0.614573860093598	1.28683382551614
-2.0884669206512	-0.488990234147317
3.40664483581544	-1.03041550080526
6.08747746201941	2.60238373252185
4.91721455894297	-4.26495327385038
-8.30991462882009	1.63305276722012
-1.48543695261845	-8.26301175245704
3.4084402700981	-2.25483234777862
0.0796446032671827	2.40302174705603
-0.846924490227852	0.368510149929595
-0.057375215843782	-0.495447916941876
-0.821585711446531	1.35398580139541
-1.54462264148425	1.26116198032049
4.39120195839849	0.421429493248606
-21.0437091974549	7.12781042273799
-33.263713548446	-25.097760363131
0.517722602760403	-0.591328382322017
-2.1108534302745	-1.09448380897658
-1.22166574817264	-0.835823250891199
0.238987739285672	2.85685373649477
-0.237969860204104	-2.17354059495942
-1.74434782449611	2.22362843094629
-2.30823361065807	-0.968055953201013
0.514636611712387	-2.38135525213198
1.13672453408874	-4.22570689764353
-7.10396623795685	1.90858083982246
-3.22428787469519	0.0475028431485311
0.923448267600244	-6.81067672253666
7.08913269537809	0.993399648781618
0.803602797334293	-3.76671711413457
0.140541575267078	1.47532225542169
-1.53495389220929	2.04912804435422
0.729223264111063	-2.42030751839221
4.10184728258539	-1.14371080581813
0.506097829767137	4.17077688555357
-4.23281421321185	1.90468344296754
6.88852148476006	10.3420959382867
-7.27936722588718	4.66061525773006
-2.16947934670613	-0.450414729710286
0.248939138401861	-2.03325998783928
0.969599480232341	0.590751181794545
-0.437093978945158	1.29982477445034
-0.972793169958855	-0.667499015003857
0.12020101997954	0.661911969917083
1.3476043998672	-0.762917553090523
0.558309404936411	1.07697836722644
3.27278491056543	-1.23654993365102
-1.84766593375288	2.96600002567528
4.57971570375826	-1.07394542214386
0.347719382669295	3.50291946435205
-3.42293051119695	0.524828167908655
0.407039113421196	1.82903267197146
-2.40064483610467	0.912378460781553
-0.420504217648053	-0.00775199167911341
-0.491592748106704	0.263433278361732
0.626660068024716	0.313558381442189
0.438932003434579	0.226504066950787
-2.6808958189362	0.700107457645053
-0.815632715722936	-0.354788463968872
0.391345944235105	1.06223483852639
-5.42705207707998	1.39069727400427
-1.01505758081845	-5.22932556118225
-2.03555720385556	-1.20374811075332
-0.411671730965062	0.104090048882388
-2.91252754165635	-0.205297847821724
1.84654332493278	0.381757371438759
0.228865737569166	3.58454368566737
-4.04032439963436	0.269499725901571
-3.60396492277156	4.26900734441038
-4.76957368596109	-10.2602050284372
-6.23712220388904	2.48787655778294
0.265159110011534	0.377750243205094
-1.69978814551129	0.286072395137146
0.2281737654224	-0.612200127821627
-1.71848586271231	1.34694651557377
0.15303318239606	-0.41132508588735
-0.81598135903499	1.07091188504801
0.838380307823228	0.277828823871049
0.423919406136952	0.0662127144111357
-5.34140970073739	0.649334936827384
-2.50491184244433	1.62953346122813
0.6547551755245	0.748029729959448
-0.469086720835272	-0.184893004607603
-0.53332543515129	-1.24223594087659
0.0147477816020904	0.00808546493580519
-0.0220157295398104	0.623322840218508
-1.21161588051744	0.839232385166033
-0.0736040082855726	-1.29152323307069
0.349851153217354	-1.48999737182542
-0.927041273277569	0.852166860995913
4.86556064227986	2.27525767394099
-1.38904459497856	-1.75016170077194
-7.70941041632416	7.01505368316196
-0.205022709698671	2.37004162844262
1.64696221102402	0.0301319354005662
-0.617700896765165	1.42551099143155
0.668693282912024	-0.850470211950002
0.101357636633925	0.570741922840132
-1.25873800293359	-1.40830851388282
-1.24381638824264	-1.06830111511068
0.457594247201861	-1.34207694408885
-3.30981238470741	0.0139251650814914
-5.42607854999396	4.29301878464806
-0.821851771192747	4.39270897386072
-0.538172087872021	-0.257635729779912
0.00558140978718058	0.399757291199849
0.591414755760055	1.14543171891055
-0.461039384477238	-0.244684995532296
-0.104252058127619	0.222388886364633
-0.984261624384621	-0.0260597243286859
1.39757123289769	-0.171431022278973
0.0223786427063917	0.0645323854935903
1.96632617347432	-0.133611393098756
0.682757299030176	4.04481547310076
3.62945974114621	-2.48752331433512
-1.33773649703379	0.515412426027386
-2.15178469942793	-1.44669071878948
-0.179865181905525	-0.185502990957998
-0.58284358499745	1.32026964636477
1.22913053496325	-0.211721047605545
-1.7580561487253	1.61307923697123
1.06750160478723	1.8557574054427
1.82448478029886	-0.208058069573576
1.91589994498842	-13.052685239496
-12.5110774445297	-6.4252879707376
-0.0871149730903457	2.97949932866391
-1.27418323892676	0.479799935924305
-0.320659154729617	0.0151494332676487
-1.15489967800641	-0.0659938630216879
-0.476809805200848	1.37829751467143
-0.326406523006925	0.665595210984183
-0.254896963718621	0.493373832581833
-0.190646538645671	0.0236473863312669
-0.339199680421002	0.333720637413032
-2.84167040257433	-1.27371951667347
-0.571619917493105	-0.35834111148496
-0.644033505463565	-1.10009458987297
-4.28576063058145	-1.31755310418937
1.7263471826657	-4.17896528285039
-1.14378350360787	-1.76053794485658
-0.262132003592312	0.482627102253327
-2.54618039909714	-0.809751828761658
1.8863643412041	0.961742697207445
1.53909054767274	-2.93356880987879
2.5450537313403	1.51207685049614
-3.90530748358462	4.18261107345951
-0.180136209088125	-10.9005901451535
5.47616371032492	-0.263784277428186
0.269233733500016	0.0315950762644873
-1.74213728188841	0.245285844205198
0.309633554884315	-0.732045466854775
-1.87605302093977	1.30988551768338
0.0905933079982787	0.643324374186607
-0.594289616534648	1.2384153763839
-0.149060892216413	-0.0225600755609658
-0.236123904797854	0.34523465875548
-5.28810459113598	1.25424045879954
-1.2183401255466	0.954020418814519
-0.429613252772757	-0.666234346411673
-1.63809547201286	0.81894495313934
-2.37108007385551	-1.3869552036201
-0.164841883755254	-0.15739374163154
-0.694029418330386	1.28348059611159
1.62821478837532	-0.406178553862877
-1.70064480990005	1.83879733022309
-0.620652039962616	-2.39326276317143
-2.59677754833206	1.49100917699828
-2.31749561235079	-14.5782878443209
-14.4825102745189	-4.23360775821727
0.671342469395569	-4.50880050388561
-1.13462353145461	2.17050769192864
0.8835677673375	1.08072332210882
-1.12080965887019	-1.8438477248649
-0.83929065038718	2.91192200774728
0.266617429345449	-2.01789655384161
-2.27460547244399	2.30122730335902
-1.025277863471	-1.89268412914205
1.46319797435841	-1.12577488341266
0.594009208511482	3.10001893305377
-7.80503329285979	3.01320588727926
-2.14521202159395	-1.26710359580157
0.170435973062632	-1.33794682744429
1.40505628427333	0.748366590830212
-0.0778831936802738	1.1824357260235
-0.884120431485446	0.423786989374661
0.151524988090934	-0.536296380287485
-0.520867375040122	1.0665742727057
1.60964875357696	1.20745268811182
1.11311059612101	-0.739715198486334
3.42970498403879	-0.425271380308932
-8.01296948068781	0.665569881845724
0.371743960700924	4.33804854648113
2.18594851778219	0.48282691404559
-0.683582866730263	-2.68365961163367
-1.75651305737256	0.245740748208668
1.84891573358085	1.36468978719221
1.34497681361431	-0.336681209065121
-2.92554190304556	0.255077122583333
1.51480034390867	-2.14953852791835
1.62166049150808	1.28832529069979
4.36991106000626	1.98318373735694
8.54739476329405	-5.80518521915349
-1.8704504788723	-3.07794170736902
-2.01386817013405	-1.04355824382391
-0.268609225783543	-4.10429764732264
-0.0609666098745689	-0.259213958160562
-0.594789165436311	0.93401279613099
0.718989666105937	-2.74793600935152
0.887144453121245	3.47121060436069
-2.57180234079758	1.38040903007314
1.31129182955202	3.31950604412315
39.5507478072284	12.8186142514924
7.75246632318976	37.6236301194628
-2.05856025287215	-2.82959367991987
-2.09487367690405	-0.134690217352496
0.0454655797934587	-2.11660841905147
1.30685385820798	-0.276264799742009
-0.0896542113060845	1.22764697420869
-0.966370568873188	-0.434365023674339
0.0943745400656483	0.339715916581562
1.39701926859018	-0.380200728252992
0.258950394554218	1.06809529401024
2.99581551547815	0.474682316781687
-3.87345679180546	-0.565633752576007
5.64930641558036	0.496617529728575
-2.69114467669779	5.63272287909336
-5.38178515815425	-2.73192122699328
0.641038382582995	-2.8985468339347
0.572691406061983	1.56331498093869
-0.840116237797898	0.179298989560613
0.0715220890266186	-0.492010924182758
-0.835738031526253	-0.953518735172191
-1.37675462908185	0.020235845014511
4.42819913490096	-0.5467218751209
4.29759647229433	12.0703570916451
23.1524168715344	2.2123708900126
0.271116496653005	-0.956440622882137
1.00453493168825	0.686247119086788
0.944892748652371	1.41430088379776
-1.07681703859595	0.290030190321341
-1.1573696754949	0.164557563541731
0.196575637696834	-0.541797638387576
0.453726642268341	0.24387877556013
0.676432210248765	0.0409762156021175
1.8195287087678	1.00709710160972
3.7532778770962	-0.776067156579322
-1.39920306146202	-3.52736135117844
0.0536972097281014	0.928161077093274
0.210008424998779	0.232008725894811
-0.253202929545343	0.778342075226781
-0.604348094299509	-0.519902073107751
-0.531072980441149	-0.190414306074747
-0.212299416274264	-0.00206406969999165
1.02394738383132	0.0503959510742995
-1.06456621098976	-0.108338264831195
-0.689358258179428	0.0300635445573259
1.84136865009975	4.58993111360594
8.56648654127812	4.27059269451728
-0.0462787467579287	-0.997513342427444
0.994183596659727	0.381973170475541
0.935858281220755	1.36724338398593
-0.921201592229365	0.333340207959616
-1.11101349403496	0.942194777495696
-0.2358438874221	-1.26982927606121
0.030504255614342	-1.28734180728896
-0.961046666275379	1.33566703289856
2.00108745325632	0.740427490747472
2.46312456335709	0.220234180798638
-8.15923775426212	6.69512835788749
-0.146452783936491	-0.261794745936289
0.204727756339884	0.654286832211175
0.592722611990435	0.797159215940984
-0.927510363636512	-0.0127493425686078
-0.89592891916448	-0.729527415735326
1.03643036166909	0.0979152948259713
-0.307055077289528	-0.310851848584015
-0.46964436858204	0.630380320157794
2.12234007273985	0.646881247125179
1.60853817322473	-1.26538505204854
2.11101918430356	-0.792937070216342
0.072478731611362	-0.318572685744033
-0.656865759187877	-0.695124156343755
0.289322608632185	0.378156994276428
-0.186592082500384	-0.283319676612753
-0.550449692105872	-0.282763837108861
-0.482834774835498	0.774386034574632
0.211750709404332	-0.31891794265149
0.351121953709423	0.123573624699044
1.96461889057735	2.98069421647257
2.63155528524379	0.775717746584802
-0.257572164026007	-1.198888380016
-1.2237737754048	1.80257320873257
-1.03376424607844	-2.6281585730597
-0.222833683542563	-0.528243341721106
-0.426260381669443	1.01328285488989
-0.688017589822639	-1.89733793899276
-0.196087435281587	2.37095598049481
1.08227483371164	-1.34007801078613
0.978860985229422	0.884486664677446
14.292716538868	8.94359150436081
4.72274867833029	18.9345974889465
1.59191192761082	-1.70352014801281
2.84655556354386	2.83334246738456
-2.73286041172393	2.91043153047976
2.18611547374854	0.723580547956634
-2.06269810011775	1.71010261028022
0.554506527892081	0.717940540876014
-1.61541123066152	0.00816295311311543
1.05146007297515	-2.07673545998663
-2.31556644452519	0.0524025537566061
-3.19240666587649	0.379864069959562
0.621696509921589	-5.58055913244045
0.89069668175842	-7.24343851638186
0.385272346619908	3.73084469565739
-3.63172377898333	0.568928384477929
0.272429111193694	2.06565941864642
-2.46488551599567	0.783786527198391
-0.59556140166162	-0.620520694790773
-0.195053441328464	0.549028451186396
1.30909233502273	-0.0620047560669198
-0.257346664530347	0.746871787700495
-2.59971281754309	0.886871787348945
-0.480577062976079	1.351917440891
4.33778399073389	0.703249049894542
-3.42381395493343	0.629183657017302
-0.30579688055245	3.04576864530957
-2.67105799256817	0.777162851676947
2.47308224638061	1.71994892104055
1.98505381410744	-0.473157913953377
-3.55708086146285	0.24440534645978
2.76517546951692	-2.82129451870697
2.26141770615655	2.58793114088421
-3.34081273233377	-2.28546343968486
8.79407193354789	-6.27860555428591
-1.92917742250576	-4.1270893511131
-0.317189678079941	0.729091166441306
-0.486921390500567	-0.56629133893546
-0.327969583680284	-0.367565969387399
-0.233443732423754	-0.626439156627159
0.209203246791569	-0.725592922432645
-0.831862113291317	0.1681165510131
0.309792669076372	0.606011861398162
-1.38507503984197	0.177526448067884
0.0701616961873146	1.47777737021217
1.48160774215306	3.56404308372525
3.15769209434952	1.06267157635304
0.861885753857048	3.59857558451054
-3.09257831395715	0.744778414488774
-0.615849853714719	-1.68148509246001
0.0607288006529474	1.09147012323177
-1.35848857252926	-1.10147798472269
1.28674242090624	0.440054398358754
1.7699200525871	-0.366544523166122
-0.426460727411677	-1.01639293305454
4.4787496501983	-1.32144421193174
3.75111315324625	-3.46339934251313
-0.381537346958215	4.09058674528458
-0.681137581287859	0.21857745517163
-0.367039927953039	0.0374051978162998
-3.95915612903791	-5.47133411669837
-4.8942701086966	5.05568816461667
1.84269906375669	-3.41142893644912
-3.55182985143565	2.94368328311619
1.73502749044066	7.41082353155613
-7.96173297899817	1.64526372552164
-0.319843907990219	0.0623303429638645
-6.35239950773514	3.96851339150826
4.98514477467813	4.03037043705476
-0.0837685925072951	-0.184780627248336
-0.520916019106227	-0.658285201846276
0.337474896639004	0.280582177532654
-0.145285568803826	-0.24645401231983
-0.53445876148233	-0.205307840121324
-0.375504247422806	0.51075414244028
0.443362581116592	-0.12128988454842
0.368823719476231	0.226110399866683
1.70648964998736	2.49930539209731
1.57484701065402	0.802287957921934
0.241486183776264	-0.748026629638798
2.33409309099175	4.9805495327245
3.74571888959479	-2.16825430364239
0.918147051195759	-2.38701387702917
-3.36970036834903	2.57459360894289
5.14727779899176	-1.96738557918492
-2.46849728690766	-3.93711742451485
-0.35727690676649	0.165993747863549
-0.719216955788807	-0.216479317815135
4.87752039631002	-4.98372432080116
-6.1494030509816	-3.20946417129137
0.263269196068785	0.127522604777821
0.720865891872187	1.04960855562895
-1.2029058042365	-0.90186821988619
-0.263933314735179	-1.1280369513605
-0.652526976723072	2.34343783986935
0.833812777593056	-1.48845578873897
-1.64197026292484	1.24211834319578
1.54455851441768	0.743624546265256
-1.39869169352172	1.33363056264535
1.68020402720752	-3.77720561637801
-8.25011275446498	0.295135369483165
3.14970205176359	-0.3407087795216
-1.7558605174097	3.38287774627399
-2.453231488529	-2.14878238349134
-0.385956159670874	-0.777987721202288
-0.428738044856018	0.923725336005578
-0.671842659547239	-2.47460705391208
-0.234515672355664	1.87739569732993
0.965221176326532	0.829476488579804
-1.4324576163608	0.832642112658179
10.4160699998188	8.84178360209702
8.34802501541649	17.3619488592686
1.61107456402936	1.61586170149363
-0.751159049331223	0.17278843771627
-0.534066439011008	-0.0130622088059619
-6.12678902466336	-0.439173184254818
0.0168957516530066	7.15090136284667
-0.367432518803005	-3.86692214772388
-1.62917178809025	4.18369145227379
-6.44552611388878	-3.375228374008
2.89098863782828	-6.51755310065378
-0.273019273053434	-0.262668942028965
-4.75949945456574	4.59316959050187
-5.7678223452182	-1.74855769645346
-0.577784240745512	-4.35462319192504
4.66752434940254	-0.506373922443944
0.0534426638697141	-3.06777993119123
-0.080453239388761	1.0785158773026
-0.819553256208865	1.76186485846954
0.373273507175046	-2.0223081679447
-2.44898889399758	1.64331722273265
-2.28305693098303	-2.31964024571249
-3.60832261066744	1.76301036510725
7.27219351605389	6.19347829553044
5.211642847239	-5.20721480956262
-0.239255765151822	-0.838358697747827
-0.264563074044813	-0.970207454532498
0.154127107294208	0.066915500040056
-0.409750726366663	0.464772459461054
-0.829376741763448	-0.130354851304366
-0.519279839304418	-0.12973199217835
-0.453595673695112	-0.24001472691795
-0.0569623046622162	-0.661708608497256
5.71253550551614	5.30379827513089
0.156333167246793	-6.28251210966484
-4.10404532580823	1.31994258984707
-0.910942635364809	2.66961754229599
-2.34638981997638	-1.22675205873631
-0.0321162871149653	-1.38429236590235
0.0984745814273491	1.29678310175948
-0.910048393417215	-0.761564949589051
0.0950910889765142	-0.148512162105933
0.125848299799061	0.067048053042035
-0.790626327236481	0.0433780010400536
4.37766692939664	-0.332279036285666
1.96281424204302	2.11860167979727
1.19119319258944	2.18879465055424
-0.169208087856514	0.858729500568234
0.633398592689817	0.352112102594886
-0.25054631915204	0.279296719214712
-0.633138904813082	0.0903819069889123
-0.33924523362968	-0.507452586810347
0.394338959311948	0.649863444482949
-0.497916919524157	-0.0611725236307289
-0.272028746639883	0.911360161353505
-1.5845646402728	-1.45634353006577
2.24432374818445	2.31494101169267
0.409928705428216	-2.59398492478219
0.148947367868732	1.02659338977865
0.803757056096917	0.644099098851767
0.148586159053406	-0.149892679264726
-1.11961888985188	0.36195161511333
0.0446971698299202	0.158190657420667
0.165494031582553	1.59861633131266
-0.165301377556428	-0.0612792226180064
-0.195660702858851	0.290044352189341
-0.276327997477263	-3.72620835148964
1.50481798354346	2.29346076963111
-0.15308872810186	-0.717109595243299
-0.447631673790666	-0.540877753383861
0.12485644736549	-1.31374918400839
0.148641352839516	-0.165876433873543
-0.408249359592324	0.582149991725491
-1.54254503360973	-0.473691514999382
1.22309188083155	-0.374079647180772
-0.776792043980744	0.0083051368162962
0.104536764714109	1.2746495500829
4.05594698345391	6.3053389280976
-1.7251574700165	-3.71866941067035
3.27535945730604	-2.00749411114613
-0.668196460526329	0.104402559614678
-0.354596539469553	-0.245936482588807
8.51017437164098	1.19972348315953
1.62061370447832	-7.43528291258586
0.118409593608377	-4.28999909301058
-2.18699196660369	4.57967486272488
-7.43477747139656	-6.19949365543391
5.70585521530357	-7.51145945048886
0.180534666625958	0.146719345127553
4.79934600858244	-4.62615935465835
-6.53432983256591	-3.01696025114803
-0.0934027664722051	0.16245444335943
-1.75290574285761	0.311763951375183
0.101816591127074	-0.783332759399456
-1.79247892614632	1.53901073874163
0.754295478126834	-0.340770220242537
-0.824253679822561	0.941220414919411
0.0621347517055425	-0.764215158362875
-1.23099549002286	0.747559864784467
-4.88573914836038	0.769866860211082
-2.97049416552271	0.922886884048638
1.43773559501185	-2.7201051968637
1.88365267508975	-0.150478948816568
0.337827374129626	1.59096753725178
0.753878269238819	-0.782138994273117
-1.14245978218739	1.10437594251182
-0.488793313874933	-1.45784275734539
1.14202070551133	0.354756905179903
-0.0592657733010829	-0.23060488992002
-0.629330400078082	0.415075386597314
-4.85721653276259	0.666807270681963
2.89000561931267	2.70911897819789
1.24366794432266	-0.0171771754999103
-1.87087431007818	2.26356824008735
-2.1657250934432	-2.10714161266772
0.659110485843097	-1.19603777176699
0.0586637834313109	1.55147032238155
-1.23887519542847	1.05227831760473
-0.218595955146034	-1.46369261333319
-0.0272562611460525	-1.48154469895239
-1.20113520550039	1.21869110746699
3.99291604493489	-0.994534097095524
-0.8117602116848	2.29080818394474
-6.87100180383669	5.92454078990792
0.0498972550531061	1.03179748218595
0.0103607697947142	0.126101428099318
-1.16116250924311	0.514493369923222
0.164410136580431	-0.219492156334151
-0.788535143899976	1.39219267582374
-0.586145843166485	-0.27012671130842
-0.0927253110654399	0.0886813895130248
-0.51499183483931	0.378660894634495
-0.374142611155418	0.649730205342047
-3.71454600988417	0.203412365989039
-1.13368845899804	-0.638452079401765
-0.659292354657821	-0.246654752384513
-0.0982975983638797	-0.502855342784438
1.1359819913664	0.436167766645157
0.00884074718012355	-0.0300484597828449
-0.520463751648255	-0.245637167869732
-0.191465857737342	0.517534132680145
0.445006026701863	0.210350520806924
0.3955099675529	0.25908033506916
1.51780305161196	0.837484233355216
1.06401685308875	-0.315131736766418
-0.283552382143636	0.250094385264506
0.213812681893113	0.065965285311477
0.330334910861463	0.75583151967097
-0.085863438347686	2.33602148451545
-0.709958816854669	-0.626760108683586
-0.0669696367053831	0.328133953093969
-0.728413277070614	0.053120555876302
-1.53431967167813	-0.857007004835459
-1.30827313259107	2.43221697532432
0.713305611952782	0.00833383897749389
-0.547607077897695	14.1538040627638
-7.57048574375739	-8.82630017038973
-0.388614899699413	0.981818396962754
0.584215432541686	0.356625634948121
-0.599336140580103	0.611927734098544
-0.170543214576869	-0.0128730522890551
-1.08253332269689	-0.0729160321802203
0.555218643881675	-0.270048802193937
-0.586088170092925	-0.0455145653813377
0.116823187960074	0.704742353913251
-1.61967082724999	-0.915047464432468
-0.213744866574673	2.92853537747793
3.43756477380279	-4.36547422345258
1.27779797561084	0.589927663373187
-0.0563254838850108	0.813906090015941
0.516335005809963	-0.912827776768977
-1.27593196093833	1.12252623440532
0.00217017800961855	-1.08484269862411
-1.70478147812747	0.396272924643241
-1.28186854400002	0.141856804455432
-0.643684429280467	-1.35691950235658
-3.02133612012569	-1.78355506995905
-3.6494436546033	0.525765240144227
-1.45235483885356	2.45197466290788
-0.297252467653483	1.48604779261933
0.787699383404665	0.196328480520978
-0.854177490560874	1.16148662455001
0.515371942019405	-0.490239424200432
-0.317748721567136	0.637485477074566
-0.659799214256476	-0.57290627189599
0.688803457201924	-0.601773980852415
-1.54244041371579	0.973737496793086
-1.8328586212809	-0.0297974300592695
-5.66804609471484	4.0808227892461
-3.02726695167261	-11.4414612861282
-1.25305593992356	-3.5328525137337
0.0801941474088582	-3.60166154764285
-0.0736889711102224	-0.179802415385211
-0.660588715335758	0.8525042236128
-6.41692488151383	3.17527246719553
-3.2866534372138	-5.0245939579773
-0.0675197408717379	-0.0621014270102998
-0.405615820866589	0.305956541095439
66.35902357781	28.8178697360095
-4.82046687983744	-27.825190073463
-0.139182980120288	0.144221613487317
2.80157806610945	2.07491331847556
0.908041595610116	-3.14331401795172
-2.54408545042343	0.0615437159340872
2.49596621899114	2.02949629231095
2.33113838565652	-0.438579875727263
-3.60864776811655	-0.689512254552676
-2.89541783884595	2.00695974345313
-2.59179422902916	-2.95434404193792
3.299129717637	3.17565952147277
11.1099125839572	-4.64958653139608
2.10235284012525	3.50495941777872
-0.556754083145894	-0.383991019064876
-0.0912383097922003	-0.302323794791987
0.880482383059785	0.563911379461079
-0.234522872661648	-0.00389017218315967
-0.895247639744831	0.183160702279499
0.453277471710147	-0.179654458129347
-0.491777183918899	-0.0742741237745003
-0.240647410721233	0.16512708117439
1.96845249922447	0.971263375425273
0.980433973669677	-0.205055684898406
1.33847937344687	-3.56858479791146
0.261809147206656	0.354366482541586
0.919695388361102	0.713103412981693
-0.313521755550869	-0.278115896099689
-0.807528092505848	0.569290826944924
0.0879471233829579	-0.819784945927228
0.209240445932146	1.05556742473913
-0.517064622278441	-0.430098972129402
-0.726518705846955	1.08124372806328
-1.17823238361746	-4.00890557821882
0.38755610121971	4.49778736385085
1.08599336916222	-2.50816168311963
-0.687723091461406	0.107169487269736
-0.414617362634698	-0.262377041826297
6.72525627854866	5.85928830043244
6.38881784689262	-5.59726748089033
2.0378466221566	-3.97423905546803
-3.8969824800143	3.58668826611151
3.34888056596894	10.1427876555733
-10.6872319146336	3.26268998403614
0.221577484836771	0.0282966818966726
6.15474802965446	-3.93746521876666
6.35049907418474	4.62405728736864
0.316113791124696	-2.19887301676282
2.27514986675107	0.59972319839194
1.62332425587068	1.93285292261738
-1.31906987226161	0.696979318745539
-0.888992783190729	0.594753411230454
-0.198417279190082	-0.65382287278062
0.0596444496879786	0.337875424387789
-0.445554351750087	1.50820473063554
2.05683926640481	1.22182313937947
6.86385271120032	-2.09202469469309
-10.8466532731492	5.65262738229682
5.16611130253814	-0.321497959000924
0.509186958420963	5.16849618218728
2.31610156992534	-1.34934214422967
-1.05409877775541	1.92853784919162
-2.06255120470523	0.421997254375479
0.928934383873238	-1.55047403396487
0.295390780848448	1.95527049139777
2.16889004435767	0.440348863049677
-4.48034078293608	0.38015399489077
-4.37154790932983	5.42772026435367
2.07938356133137	-5.36201076613477
-0.971638767483307	-1.5630131386847
-2.16118477973341	0.691390127934253
0.44853551715369	1.55353137386131
0.237517441442351	-1.43950343676509
0.690549740997815	0.192777990219812
-1.92502578098776	-1.08491862319098
-2.10687569416952	-0.497360851296351
-0.0921315191810381	-2.19485622580493
4.09195716266379	0.452238921470791
-4.33651030155228	4.90701480439561
-0.230252009290481	4.5620300350586
-1.6465510977968	-0.340333349440016
0.81238263514696	-0.685767200787132
-0.851312252101474	0.105762426462181
-0.644299443305768	0.788174614246269
-1.30791185906485	-1.17452656007683
0.56630646041593	1.25169577929433
1.38271174487105	-0.987094369940526
0.675396443701313	1.1938594381412
-3.8004290966395	-4.52355935562062
5.16489984125907	3.13514308400628
3.42126795790793	-0.538448308008142
3.16023017974613	1.00272675351658
-0.4804247123337	3.33221590399194
-1.79819860233777	-1.27816910375891
-0.0443381176453625	0.566280645326207
-2.19505082312147	-0.0501080299634436
1.67859582072859	0.0914975994566944
-0.155735385209304	-2.05171046445143
1.70222303192905	-0.0911565074168665
2.67353165505564	-2.50443521919602
-2.79853604533826	-6.07873536385108
4.44178371129025	-1.36573483478234
-0.256444216390041	-0.139812224036327
0.124829585393829	0.541939338332045
0.890908137773867	1.02366427142339
-0.899699000670488	-0.296554193570774
-0.347874499699851	-0.0442615900343261
-0.358018076881539	-0.024214489304981
1.04062978327871	-0.460093435676144
-1.46274308900581	-0.0672138371316741
1.52192177684779	0.411743420758327
5.07752552015289	1.42060083209444
11.129812129887	-1.73560147099201
-0.0640377176059812	0.0368239611409156
-0.356356555823135	-0.595165463563382
0.38822733170082	0.0612721308157135
-0.393768853891163	-0.35429480754619
-0.247635797513572	-0.109098766750723
-0.420202781136151	-0.00554982991095518
0.789432694892924	-0.151220354533716
-1.32642913720592	0.1767518239967
0.626997960803989	2.42502284923974
2.6492859876176	1.28821790709113
7.86767790963871	-1.40295753354974
-0.439467175866426	2.83215603210947
-1.27162017272924	-1.44660652558336
-0.358483024979189	-0.617593516554708
-0.489221966780512	1.08060160315552
-1.40517930684507	-2.18401003809936
-0.626020161087566	2.06823577419782
-1.29921048288454	0.785202184879285
-1.25923668355174	-1.32041432607822
13.5913262634418	7.22230875582997
7.55006900181041	11.6810985426858
-1.91112929550546	1.31882431199997
-0.229406101325492	-0.820573532909798
0.651926919140096	0.153596132428204
0.994814113440541	0.728707508100271
-0.809463952008937	0.324287368728226
-0.7733648688137	-0.532078272892657
0.349692097197917	0.458663070154674
0.796079357596553	0.593650155619106
0.574183414500229	-0.0622350765446481
2.13524433128035	1.3410207219128
1.51238240214954	-3.46829915962125
-1.61859672944776	1.90482219787382
8.38744245396303	-0.457007833862468
0.662919277584825	8.43413633387125
3.39344461113373	-2.18733044163698
-0.792067924278378	2.50479172699969
-1.02103197279221	0.263497113418446
0.10668029033484	-0.667565913781263
0.013122923120484	-2.5004434620911
-1.6455095565485	-0.323522099100419
-4.73783735562467	-0.256954696827535
-18.5167947064796	12.2457977321184
4.54443353103029	37.3554767094575
0.787990619025345	0.377531197770686
-1.1222823535243	-1.59530458929867
-0.985679283779835	-0.361503110137072
0.707912855524975	1.72440537423678
0.408048450297202	0.854037544875212
-1.64324374401197	0.200833743484122
-0.511544146377287	0.468772877607576
0.323536525577597	1.27833603334254
4.57930200416772	-0.858333243410684
3.42031631716274	-3.40313055448119
-2.22930927415194	0.754301113440477
0.251119215310323	-0.319570137604556
0.420638354580385	0.846027537737258
0.532463457238094	1.03526517446024
-1.05823091163413	0.0762713904071837
-1.12206581121237	-0.767882253814927
0.803270013335016	0.00476212822456551
0.263227109479913	-0.647843188648906
-0.937880042791816	0.25197113250704
1.7668088796709	0.873805153212765
2.36562922603788	-1.21811092277911
2.89432505184971	2.04868818875135
0.943694927369756	0.420315175311726
-1.00975184365428	-1.66305658117603
-1.14455699778486	-0.310644524219098
0.938370872134375	1.71632697952566
0.82920954653786	0.693810751635382
-1.93095655637201	0.0936232990650888
1.46091120626508	-0.985810344370477
-1.14200935558587	-0.257956309625404
4.30282047115984	-0.256606668344563
4.67605206459266	-3.40315921489389
1.90565055690797	-3.63158816110922
-0.109786366460355	0.764432490879013
0.436124181786715	0.428696748591246
-0.325199211271962	0.357498132780435
-0.633276765713672	0.0417167026714105
-0.756203439772859	-0.625690482428945
0.239796359121388	0.283052270291653
0.902698745217079	-0.233627972030993
-0.745639130714556	-0.0937944016132213
-0.75255751792805	-0.961574634013641
0.978748671495804	2.02236516474959
3.21353275005957	3.38216234196067
0.578489035847388	0.846494146878343
-1.73558407435647	0.528831028690429
0.277823148921839	-0.390419783960736
-1.52784149813942	1.22489148497527
0.0166925937971199	-1.05999746618784
-0.708317845244984	1.02178404594163
1.31976226939564	0.0100983527667155
-0.628875336477985	0.870809333026419
-6.08848245651281	0.607269698899552
-1.92228312997545	3.95457537150244
3.280743856596	-0.292794833894914
0.771864784682328	2.058314060496
-2.16296408091469	0.915503299591796
0.53835359582579	0.415817617960271
-1.81604565726451	1.12437077413004
-0.649686700346316	1.05031103167473
-1.06339414337425	-0.0129076602639753
-0.0772353270856298	0.0368393499971234
-0.227642536669365	0.377586001137235
-3.55288722702158	0.894158799920611
-0.943297237219059	-1.52508470180098
-1.0418445152621	-0.214137082496451
-1.2269364303477	0.467337118664256
-0.673184292447432	-0.112389821962474
-1.0948419136471	-0.106795174676942
-0.690939752657847	1.63630588178135
0.219382394236201	-0.38612281443523
-0.730384914217506	1.11403645722545
0.650044631579738	0.791216574287474
0.805549135655879	0.158763069120141
-2.60029139195271	-1.36317696606712
-2.86338571907613	-0.211505839742232
-0.508510294272855	1.59130378277047
-2.27484040432149	-0.783225092441874
-0.402349235874715	-4.06637136814991
-0.0419465232860829	-0.267644709497913
-0.591241403495584	0.954699803593505
0.359367057553556	-2.81236256256481
0.955650886193606	3.17226308663999
2.98375279777994	-1.93536245961
-2.02363247743022	-2.13893956175593
36.3417172704696	8.13240690135695
8.80472011283942	35.2351521279794
3.18098537808808	2.50700756901733
0.0193242614349924	-4.87937245633364
-6.02950307215451	0.0810855210744874
1.54994409325738	-2.06723536832433
-4.15346217766234	1.62933529413207
-5.73029201595636	-0.394818232291076
-0.85111767094283	6.80081579250513
-0.397767097580875	-0.0216025753385948
-0.427523948897302	-0.248794612088828
-6.69404223322329	4.07848292820433
3.77303780384699	4.82220398374723
-0.204813165468379	-0.0765826129955526
-0.474729611241612	1.18107788982652
0.633046494879491	0.321270548522391
-0.864043870536461	0.712785097150463
0.191893717672818	0.0203771572780355
-1.21285962377434	0.98087266174269
-0.174200696418462	-1.40986804309204
0.354084635168861	-1.5014729199116
-1.10031256771618	0.868611012382864
-1.92861372109289	-0.413567187875876
-1.99799182446486	1.60096161130863
-7.74816847554579	5.06565856591313
3.40259831890153	6.49561165495795
5.2759876119092	-3.28565611872692
0.94689276402069	-2.70202363940582
-3.66462056402921	2.90449110132188
-6.35563084821571	3.29141189024282
2.78068410262125	7.49621801203691
-0.364424932483159	-0.00211965120505447
-0.458773124454134	-0.1945150622819
6.11518136389095	-6.02081136664829
5.81787138019172	4.53352936088951
-0.115379464426911	-0.121632769702205
-0.221331772858072	1.13667417460969
0.935000658297429	0.0477446765547197
-0.313748958632671	0.24686357574065
-0.452362234482701	0.147911734982222
-0.0549654186334866	-0.316006118328838
0.943212233765472	1.30831115786098
-0.187924220089882	-0.08760510010266
-0.218389272919824	0.321020848016832
-3.80692897856894	-0.905197203073613
4.06360841321924	0.264481882502749
0.197345890576426	-0.784489439035106
0.696671068593047	3.48504511531493
-3.4129886977146	0.851091206732679
0.785091647888784	1.71835156971497
-2.3934762345446	1.09339683455787
-0.601954574163721	0.736367500441132
-0.662645596414711	-0.232684130672898
-0.0922524019743935	0.17309058487511
-0.162213964113746	0.610967639525472
-2.76966463062427	0.56122271723859
0.0895538336372301	-1.0477724092811
-2.11397557547118	-0.0777215179426816
0.813214039691875	1.63644332473333
-0.314285146239305	-0.258591078524527
-0.129650480350081	-1.42345587482771
-0.989527248685179	2.05356310418807
1.15164933329539	-1.17608056066987
-1.32425345328265	1.07583926334287
0.747907736900602	0.111089623540444
-1.03009912823823	0.571406610337929
2.32341913724033	-2.35714951227691
-7.40533567579013	1.2650223356901
1.88618965957831	-0.533639856362723
-0.038251935593072	0.597550986687347
-0.268318030079028	-0.688816813531946
-0.20938864976124	-0.0252595856355143
-0.109264913394631	-0.278303538830647
-0.464927486734317	-1.03439458424956
-1.22346292747592	0.332661386054931
-0.813791952161318	0.24704232653382
-0.739993278552135	-0.871894713232164
0.0543173294389083	2.21994728834865
0.260408182108755	2.08207897216271
-1.15300309672753	2.16142661688561
-2.68593624102746	1.60350265771254
-1.54909742881984	-2.77900802351952
1.37044004902677	-1.18058720193767
0.155262077525771	1.68307343067636
-0.234824260219349	0.145856810384363
-0.732213766827339	-0.201822698604365
1.78184475959133	-0.122365663948486
-0.774738490768286	0.837020788458517
3.20042986272875	-0.39062773752301
-4.3554920381285	2.04423210523606
7.75852850105555	-7.5712564934855
-0.587369235621639	1.36320795616282
-1.33185896171936	-1.26638256499892
-0.0815849702509153	-0.76207754617013
0.119654911058279	1.44230004241517
-0.744900268804696	-0.992944860096199
-0.88556849504339	0.578640470582511
-0.967616534357644	0.335764808382955
-0.790985650597704	-1.04472797444819
4.00133383788114	-0.776162421918733
-0.499259462907299	0.610874109896939
-2.15463402460724	2.28286790482399
-0.271964398237665	-0.111372140977586
-0.735032315826616	-0.813446238499942
0.0268942731851948	0.393833525310329
0.514822629962792	0.159339892823059
-0.64378220085942	0.727340577140102
-0.120869420896948	-0.556520300435463
-0.205101259598412	0.336491107618579
-1.02828251348035	0.480338587515604
2.64668961097568	1.12780296452391
-2.15618059249122	-0.114832497742624
-2.07478061758421	-5.06689127833248
1.70544336671282	-1.7734175506579
2.02534743845065	1.56700967186105
0.806267113508813	-1.18921449936509
-0.845820483081421	1.12716129668379
-0.782868711053983	-1.49340726509787
1.11968825539086	1.31228964511811
1.49744513790791	1.14190935674726
1.13110359364942	-0.734624407663527
-4.70431496502178	2.22879087009648
7.82107170249585	-1.21856443986063
-2.18166179856204	2.11729913454077
-0.158951064215541	1.20856904284102
0.536292497330822	0.117220096640214
-0.733972351519944	0.827190490561587
0.123949534161731	-0.311697749464995
-0.769571639175588	0.540015096189826
-0.526247468065733	-0.627118538649764
0.689337732349199	0.344859812314258
0.622352077410251	0.27821797503993
-1.52568389556871	0.127786137063881
-2.74783689436868	3.08419059523133
2.33255552644248	0.0315914958374107
0.456619700596477	-0.216130088536461
0.458070843853415	0.885576724844659
1.08741713577417	2.03490313032915
-1.34144173471324	-0.294741908058189
-0.197580463837386	0.0382546554304358
-0.555642389512836	0.107805204625965
2.17408384197596	-0.96957415197872
-1.48864760190986	-1.06229327343927
0.805050782624735	0.631839173178643
11.9914525047388	5.87382748299017
13.8053298296568	-2.33847235669379
0.248200242947389	1.87296069145244
-0.753206718323913	0.365076519498764
-0.722477502721348	-0.798918729144313
-0.454856872235241	1.00891267082972
0.543115025585053	0.789283012116322
1.08936888943216	0.443105262878883
-0.22028602924361	-0.0212304770152316
-0.488613147687191	0.12523601084012
3.21417206820277	1.66833496623843
-0.382601710797912	-2.61106271567415
0.284982117923157	-0.585441892640563
-1.68610969102023	0.938438544852112
-0.964134797454758	-1.73462103343801
1.68948568423209	-0.840945047267464
0.812623360818134	1.79716487347931
-0.746317335147486	-0.830682636530609
-0.16236749491878	0.740876004390066
1.98336734692555	-0.132634445023637
-0.227815476787714	1.65456882235969
1.59917224499731	-0.239207160788617
-2.89009765397091	-1.92696026806156
6.07573829747152	0.387022182136952
-0.682304375901997	-0.62211555019407
0.438121644359835	-0.282781910673945
1.09674218923641	1.18051154820316
-0.358629967837553	0.326429130564281
0.0879701346670694	0.32395038304358
-1.0643671403791	-0.073222490216755
1.54293026546769	-0.567223170171228
-0.83353878002673	-0.0478140704204013
1.82537222301039	0.256801720816353
2.42266558110568	1.95334518177807
4.49467145825965	-4.94153784495077
0.263376475004887	0.438023019420413
-1.25746900426204	-1.37277197722086
-0.629372088637042	-0.391050996739721
0.325279814002001	1.63592250644714
-0.660228738510577	0.472703945233776
-1.11532098800634	0.537327373843452
-0.0754349224361779	-0.0744542560114161
-0.0644469045536338	0.146744173067403
4.6278553372351	-1.89789829424068
-0.00542445790380063	-3.01648690386986
-0.848838356177857	-0.319349991919588
-0.336571739243002	-0.155068468427917
-0.318755608080174	-0.597124006731116
0.540058496708104	0.116113843194841
-0.183224886534336	-0.126098987453439
-0.735907689297428	0.197003883555942
0.322047082201479	-0.110442394960451
-0.444963546982471	-0.0110672738001421
-0.368773443570506	0.291768166977741
1.56149209121697	2.00806419458097
0.810249783033409	-0.0736676792832207
0.769041418304539	-3.5067721672319
-1.67967642459527	1.4209029245741
0.569670406806687	1.234976765191
-1.77486011040349	0.363551434763972
1.02806260436324	1.24539450152659
1.04728401273709	0.466286332546933
-1.99341067386564	0.52195675963436
1.82065319145809	-1.21306188165371
-1.36051169218631	-0.72739640699524
-3.3039381597423	-0.310132754491567
3.59073926308518	-5.39896159360295
3.07357227782728	-3.26175966843288
-0.999194846838427	1.2747465048458
0.672398771618497	0.741236075424528
-1.1982488811378	1.04396117596394
0.768644825703879	0.102651181402821
-0.490566909778242	1.20858469258905
-0.129201872411033	-1.14562002365942
-0.124200276198323	0.854277103296745
-1.62261005641888	0.164662655196277
-2.04048530954602	-1.02208544453879
-4.790088413513	1.55562614335315
0.253896363494902	-4.93143380067613
-0.073943391967282	-2.79074895869522
2.85525164651808	0.171836592220807
1.94826837901649	1.7834493914371
-1.30801382863346	0.929458512450916
-1.10982876346002	0.481369847283251
0.0612560239596596	-0.629729912076322
0.674764320562023	0.511087355147553
-0.530637731707675	1.45844843379236
2.34552253016275	1.35698504431827
5.76562357433119	-5.11492393788236
-8.26425008800499	9.57279769094541