0.911916044565303    0.151411477146444
0.314083647890919    0.028658942598873
0.353471153410781    0.019933793620187
0.069717134178944    0.696676037354345
0.628532115602349    0.714803785671714
0.949925238466044    0.104272251462634
0.145062861940456    0.260553810605557
0.358964196100095    0.790777972921589
0.268189222718293    0.822655912553885
0.725932284883331    0.838636102438848
0.645284019431712    0.918189049321046
0.508476034901132    0.304895608059409
0.273795498351051    0.572248573021130
0.855874365530704    0.749376877711968
0.938083647001872    0.283862665255779
0.666741421981623    0.825318639955438
0.620587488184208    0.132500179038640
0.553266169457984    0.593836600565731
0.517087428993535    0.318602005862460
0.900729095001028    0.738172367307817
0.816958362745174    0.378010660770339
0.555556586979469    0.692460380894295
0.404438219575243    0.583523844628330
0.017698662524101    0.378717450460428
0.230932806153088    0.479086700259291
0.724720042625524    0.621278131588358
0.799000828121608    0.338430609351176
0.104682017964675    0.749552414231953
0.090085377569184    0.505435895405850
0.985705024376023    0.237891163796221
0.465277733157821    0.450494814848439
0.111713669455644    0.666180062064624
0.397559450793446    0.982076641010221
0.462550208591062    0.108874042106964
0.373130246617669    0.250229923556028