-1.00295371373772	0.51068153626373
-0.226404336803202	0.0650543494750647
0.25203630650058	-0.0858989714345178
0.459879014364635	-0.212128094155851
-0.170946900444061	0.0589192536335273
-0.244588669105741	0.27807741199345
-0.23508302613559	0.29065338225446
0.0338129921296385	-0.145310539913252
-0.494489727311953	0.0600079196855554
-0.837222457212307	0.592862621368542
-0.410211777640254	0.282955896596611
0.111426977706235	0.00569325188567201
-0.106084207282081	-0.218590398789167
-0.597138895743788	0.0577609563176449
-0.39253853633606	0.469230924590553
0.343067088373161	0.293933394213776
0.473469264275766	-0.359615354759918
-0.161929429323507	-0.239281415725095
-1.70594320694175	0.860921199755865
0.186979357327322	-0.214243645123214
0.516186013526041	0.00824012471679775
-0.0699938493986429	0.00759367604673731
0.192186055672665	0.145628339430348
-0.375671240494195	0.150878897559682
-0.121429523124087	0.176511444320143
-0.512303093280511	0.0752511793979588
-0.090593296443276	-0.382522327378816
-0.929360427568568	0.683128541745364
-0.543739285448575	0.225083239849837
-0.0637261483178752	0.0180714846213215
-0.155758178461684	0.0666013133941993
-0.243428938614198	0.191513160412438
0.159497108309378	-0.0355124594494033
0.407214148812132	-0.246946149017374
0.0736982459573033	-0.134427294826619
-0.33612071007648	0.13650733044888
-0.966207791432215	0.71316545682403
0.0118936684685552	0.133665172340471
0.187802447681022	-0.123871585935095
0.148357778906565	0.311674559298433
1.00517340568316	-0.822014125893037
-1.3771797153442	-1.48961654543403
-1.69081682216018	1.35979533975218
0.750897125087999	1.01549000311967
0.277689759040711	-0.189101835722736
-0.645097828453208	0.54727578904103
-0.427790483830603	0.270387697771411
-0.0910443322095258	0.0573161723030401
-0.00895601012444222	-0.0412521724861361
-0.205699218200639	0.120515304513267
-0.360309816234937	0.221417431258227
-0.219576947530755	0.0859168414143858
0.0765891141011991	-0.12123730572457
0.391335225820322	-0.237296541247419
-0.930700557379617	0.482264883833964
0.17480389730943	-0.0706420722411922
0.320532488210644	-0.0904669838954331
-0.525011222820475	0.217675290044951
-0.0808535863884499	0.0660112475149588
0.196126056690322	-0.288667897676443
-0.198854851430135	0.322896664075194
-0.0746102745968421	0.126542475760569
-0.475451030917842	0.0566746050525011
-1.95744388036562	0.900253657158385
0.407324473414111	0.0839094894247613
0.318247720737729	-0.0024787819397623
0.142577458826666	-0.0641502344174635
-0.0166502025485161	-0.140662486798863
-0.181121917063713	-0.151102358140309
-0.285232522932785	-0.122373785901148
-0.330719855393959	-0.0553621821637371
-0.187069308290585	0.348288828482149
-0.969682481405936	0.713035248079167
0.0748854428928245	0.0160128729397746
-0.394723350004206	0.181487960865757
-0.250561158668052	0.135963435800128
-0.394962439557014	0.172388898061703
0.245737594310808	-0.165856102818501
-0.32095768585676	0.151756325009684
-0.0436161043330694	-0.0945825200391548
0.400105404249909	-0.2017341503661
-1.00124566434858	0.683279045367403
0.0330465672381554	-0.0577526745660161
0.0250181185589955	0.498577517055255
0.682512649562836	-0.423173047403374
-0.156604558475983	-0.451519780452535
0.00997678714967561	-0.498168508036133
-1.3241740574471	-0.273575413015795
-0.536548628773246	1.16859802881339
0.607107333853283	0.244126575293389
-1.48144194027061	1.16914690564129
0.282867596716954	-0.100798500193951
-0.0102266685893739	-0.0977287326551038
0.656597851093143	-0.0614852693516881
-0.102125066169829	-0.192807478657243
-0.666202325879156	-0.0569381091726639
0.0102585412002039	-0.0575841869562168
-0.303261336889885	-0.058577718215465
-0.334678317804852	0.452806510942023
-0.721998424475023	0.396414276968394
-0.0277943810923876	-0.0749225766990603
0.331636703166327	-0.149867503444258
-0.123400371975376	0.541712685011741
-0.677166559346326	-0.0909044938030864
0.377344274586784	-0.704939369636159
0.704192067916192	0.751761836158562
-1.04660223941093	0.637348031717708
-0.309227111430861	-0.479396707176421
-0.897992212818117	0.436831161872118
0.460731140930541	-0.182591625705432
-0.42765141620634	0.26032044466607
0.0540505844719418	-0.113950530639423
0.0109674746789529	0.147236853940414
-0.267776785703081	0.110866756504452
0.140817895491934	-0.198167449199888
-0.161294454260912	0.346883486910553
-0.483952369786247	0.00265832210600603
-1.08822145303866	0.799787725720309
-0.215760572067428	0.0388110139486536
-0.577625351511488	0.152556845554081
-0.117684650171709	0.256956275364122
0.286463116911617	-0.224780720224198
-0.15974262933506	0.155012460836301
0.55611062262587	-0.222846211664801
-0.236128547789068	-0.229083650650369
-0.165787456814294	0.194675062008469
-0.728571404806396	0.582571865642689
-0.0530497045989004	0.122968960835045
0.286789761966157	-0.263170375574459
-0.410881745786261	-0.1104770960673
-0.0127160646729514	0.475228401452121
0.700837617934253	-0.248116442630775
-0.524567774554184	-0.778719198910161
-0.986259336533913	0.644749256956478
0.197288079334391	0.476429756368953
-1.02772238349073	0.598186614731219
0.460376830045539	-0.156349270613589
-0.296020430324915	0.112240503841387
0.0686981244444737	-0.1206330052397
-0.131323579390575	0.24129879805526
-0.289406021839362	0.0180073777383622
0.28682248631042	-0.283139408280876
-0.150328253928665	0.395135005487377
-0.576544500195179	0.0460875934928269
-1.09572149835213	0.600980145192403
-0.201307830207456	0.00745123104031926
0.331052756569661	-0.0855657075609072
0.278002757181537	-0.122096315968535
0.0860590452215869	-0.0779811317435136
-0.437896826284496	0.306154920429858
-0.148953370050142	0.333853984370742
0.0727801594829627	-0.192130570768088
-0.567577160725423	0.0683523136741827
-0.972591959694475	0.901356032395936
0.0673448610576043	-0.125454376547128
-0.361838073299544	0.154510061279002
-0.621031912069697	0.268747227327413
0.26466617140975	-0.0956333372019774
-0.421868857498847	0.113609360516611
-0.0166394667737187	0.0334598313899249
0.154084821112633	0.0186165283460959
0.217059205556002	-0.284905351553778
-1.16952521342844	0.83101320279736
-0.0710715003725406	0.0886036220586237
-0.130373446783133	-0.0355982082521943
-0.277572807925568	0.151849174515358
0.0587155154855565	0.0989051846535658
-0.365343123073324	-0.353191169565491
-0.662994141001156	0.568672920298423
0.796801679475958	0.0251261276002691
0.0640611061918178	-0.457108108978629
-0.636797328090804	0.485194918605166
-0.247046246460108	0.190355706854423
0.19841313941097	0.105390266229046
0.401711245700695	-0.167611481592838
0.106863770465128	-0.508946163075451
-0.519236450931529	-0.462508092204104
-0.866440878297426	0.204465724178258
-0.39566676280148	0.845687280771795
0.482837636523822	0.187413957845045
-0.934515062715317	0.945306033350015
-0.151401194543264	0.116117132223828
0.25094429586498	-0.275406766541468
0.428578605726947	-0.195919687696612
-0.037598770088861	-0.0589884802297924
-0.49948820309373	0.0498224523849169
-0.467710432388744	-0.113666855020052
0.228144253602716	0.0377798084510933
-0.500692688571615	0.504340303511119
-1.18397897307333	0.811620893612787
0.444479667275748	-0.101955322285226
0.127863650303023	-0.34312237037785
-0.578010116095685	0.252001832091067
0.131494289028232	0.132966553369062
0.075707984028415	0.173745837587874
0.187178613742316	-0.368301248211988
-0.744009990087903	-0.114506962839778
-0.220197188148357	0.465205181725405
-1.39835464267744	0.690623334744523
0.61684147039644	-0.20164395474613
-0.0347858977925438	0.128598066350742
-0.338626959665797	0.176750535274375
-0.122203815978583	-0.0893862604729805
0.167325825329781	-0.0958274092449582
0.00210402229896838	0.166146117703323
-0.405640501613276	0.303481857983639
-0.310047669142257	-0.260989465989475
-1.45737080837795	0.841066478136563
-0.111673615448731	0.00649541967947321
-0.320809882327338	0.0396587533475972
-0.186010443955656	-0.0772172341211796
-0.351947112880473	0.471648645011741
0.788895161527257	0.124965985900421
0.313283626948015	-0.634696828162041
-0.553501831908586	-0.125222542266763
0.00316061209040511	0.220840048297244
-1.23829794608146	1.02308545638352
0.116796559654811	-0.280331125822772
0.066893643446453	-0.207248136058629
-0.0314819464697125	-0.109795058680288
0.890520216840891	0.169985246829064
-0.339992262806796	0.522377703287762
-0.548015273709529	0.36148824802611
-0.65813081414928	0.0795383133169981
-0.0800648274907661	-0.576013955130249
-0.998560878311969	0.784193221545176
-0.069621566028443	-0.0201449448873245
0.421292536428079	0.0691005965688072
-0.0750806230680237	-0.0318275882225091
0.158195337510653	-0.654974143377867
-0.111334328899498	-0.0196964827584993
-1.03795906718227	0.294190013172856
-0.0400099960462529	0.0393521546169671
0.0740399574556728	0.471643692511459
-0.431224492998957	0.343640850840922
-0.0718608210950004	0.0166229414063295
0.0733240224787696	-0.0192276527944315
-0.0734761579739916	0.0162123465978895
-0.210403459016804	0.0580607739441925
-0.0632571951789718	0.0174378562114093
0.0667338401820144	-0.0193726596309389
-0.0695197158308674	0.016455101329931
-0.585337064700721	0.431339802159317
-1.06438460181051	0.777430002045595
-0.240109640780754	0.157590589207681
0.0746418821734015	-0.00517042376564497
-0.211944450125194	-0.0607669531788777
-0.320450114259383	-0.206170332292888
-0.695987950460541	0.426383094904523
0.276197803464347	0.549420403335592
0.742392970938537	-0.406862226761156
-0.264806560421998	-0.315295212099185
-0.914935945331323	0.484145887370882
-0.316082647690216	0.0989842959447548
0.342561385359783	-0.100153757516458
0.379521413787319	-0.221236102570166
-0.106664824930689	0.0636347879882926
-0.327961374043145	0.298221593551772
-0.15692858650183	0.276960622773321
-0.0360647881270485	-0.133270543545697
-0.451427341145054	0.0587663309136795
-1.52060231383628	0.824231392052917
0.421937822080914	-0.0404392508080798
-0.0592441207158939	0.213798693105799
0.197100422113042	-0.0932001106671743
0.320842036290022	-0.461135244813919
-0.315922862376235	-0.276086220465032
-0.742517482598424	0.0954236322466994
-0.344783235386064	0.162288222522241
0.144772777975315	0.423788224961522
-1.58821486664633	0.871652494476238
-0.398209079830425	0.0791839353635841
-0.10880494927258	0.0377489871167401
0.153928959171517	-0.0275272062269811
0.142336554329864	-0.0779354643411472
-0.147540873730295	0.0232719165270122
-0.24462232731098	0.113431896562285
0.503636621304578	-0.128491005643145
-0.247382468633699	-0.0363057890359634
-1.50587368249767	0.890274932613467
-0.339012203785162	0.0919507040838169
-0.2001173828747	-0.0156576274784481
-0.0904659391282453	0.0540170854805491
0.342111121004365	0.0915548934190526
0.203239647987126	-0.356178420236356
-0.66427689036097	0.209604292652829
0.33556375112141	0.142359711411868
0.0138128660205781	-0.229662533030972
-1.25164629556895	0.852780232302477
-0.0743896713940787	0.0739862678376
-0.0654577977433153	0.142356708097121
-0.166906059502943	-0.24533425367291
-0.249608404471983	0.0316324313850961
-0.75030084364769	0.375659130191886
0.503683038376561	0.0225124967230697
0.220037428968754	-0.013248288045254
0.039831224231784	-0.328880274559705
-1.48930325099536	0.710210858829098
0.361401089047601	-0.0798136122841038
-0.227973539601093	-0.0385454308372143
0.188681337390629	-0.37267649576936
0.775085333708252	0.149096193795232
-0.0789923516345305	1.05715820912646
-1.2455558332244	0.365750693731831
-0.41820696380219	-0.8328967491718
0.270854900131829	-0.149904155451415
-1.44734935421511	0.953531998913019
0.114138543629081	-0.0620488555551253
-0.30944526599346	0.135677977921306
0.143929957473958	-0.161707329120472
-0.59341151273859	-0.296700774382615
-0.706436025416695	0.562194686380672
0.621652883939668	0.454157507020755
0.450450027406554	-0.462472078665735
-0.166854392449329	-0.207567033777188
-0.942107378522372	0.954182584250864
0.149372037974795	-0.11234638876031
0.255923110500153	-0.266919548699363
-0.424890580100427	0.189719066125978
-0.0278345610524046	-0.0580514446113536
0.498194209556903	-0.0493678515666449
-0.462131077376206	-0.111563171010473
-0.22846602955437	-0.0359300624176706
-0.506568860932981	0.501815589890614
-1.54861287216154	0.965881026729936
0.271857438866925	-0.0730555819257777
-0.36947606007022	0.0304165883836246
-0.137271473474227	0.0911567866829863
-0.00910988816597559	-0.0277158241169237
-0.438891129061644	-0.0103535273400857
-0.347164101660456	0.115250181136916
0.331897918591562	0.0422414529536281
0.310018273689124	-0.233028621854351
-1.43675386906824	0.940586920409843
-0.0396356695796531	0.0626397599207407
0.0361323759935375	-0.0672207142518393
-0.0301569677293366	0.0749152917751372
-0.806459024608095	0.147421412532166
0.082925240014522	-0.107209354526648
-0.0810055759711702	0.131741798018305
0.065185368234678	-0.164092020672624
0.323205818733414	-0.106950265662193
-0.993258300456002	0.639028004903387
0.0843615934654814	0.0734438535877943
-0.0998765203522698	0.149733935080587
0.602501899400534	-0.171727870683733
-0.0233229653144749	-0.326498882280521
-0.251513343475607	-0.690902161590607
-0.927795597135601	0.30849914386093
-0.440892237890409	0.554589426898445
0.400550247105352	0.337797830453196
-1.35168488026133	0.922825079592324
-0.206776354407089	-0.0434694078440235
0.453284811238633	-0.0227907772988484
-0.469837122129621	0.334150620418883
-0.366354923510694	0.0931385944323093
-0.233716452739696	0.0325412306242723
-0.343038990739301	-0.239669625878092
0.439009706406939	-0.355715943723814
0.230440429840999	0.199817309511365
-0.942467954006983	0.86191887734939
0.340491429685717	-0.230393234534414
-0.459345386314066	0.19061909876477
0.286156056301626	-0.025892227413038
0.0596023154674738	-0.280182749223333
-0.179599973265481	0.102926598383918
0.210907546217583	0.000634334319544617
-0.523962620670476	-0.0928368058758434
-0.462867837087916	0.447251549998218
-1.49120220921903	0.952651597866725
-0.348391215538332	0.0971378409982862
-0.213097260858174	0.0739138727599984
-0.153899925057626	-0.117667160698729
0.373933055337975	-0.306847436289788
0.38740939950221	0.474318084396375
-0.874581139972899	0.122428995665175
0.228837424782636	-0.527418058136194
0.180046468353375	0.137840734620447
-0.998578612819327	0.801146443976509
-0.195996400134612	0.0539010176672864
0.0716364863410202	0.168603983446527
-0.500722763733499	0.131399477510959
0.117728401178281	-0.206390933896439
-0.14869809524419	0.551396501208742
-0.874959336146564	-0.0538684270690031
0.428543542032391	-0.675282024923638
0.418772703959019	0.167803792574918
-1.86227668733425	0.883052695834174
1.23861369548404e-32	2.22926391062823e-32
-0.412827138212687	-0.00850620075681504
-4.02037875890835e-32	-5.54186341497427e-32
0.375017361416884	-0.0226724825425624
5.37815936970136e-32	7.79038662504637e-32
-0.290411642801086	0.000933780369438945
-8.94594459167871e-32	-8.19483191336769e-32
0.14228790407979	-0.0453409748361961
-1.56225416111679	0.917298808061814
-0.305500788322002	0.0854515389297565
-0.225717153949256	0.0234730868344303
-0.12824432004673	-0.0501272610354784
0.609422564344973	-0.0992312353559299
-0.319496929379098	0.154259498713019
-0.141510173417736	-0.0107043818972749
0.0121049560597621	-0.100533105502986
0.128161918368006	-0.0413983285245283
-0.818633672429869	0.566514877909232
-0.394260443953251	0.231843834560097
-0.51722242699423	0.253819763838638
0.0309039013849804	-0.00767986531342301
-0.0833557774968754	0.0443021248209845
0.295053196643871	-0.167693403243784
0.0175443288468404	-0.0806464944841874
0.178332194690246	-0.113034788106768
-0.272965988204101	0.150376162549782
-1.38370212721458	0.833794837079948
-0.218833923140569	0.067771771525178
-0.14036672917788	0.0417584414263309
-0.387473441896861	0.118274148048452
-0.0961713342024377	0.110881894392059
0.635162898593231	-0.231623947297203
-0.147768599386147	-0.0123707832980096
0.0712009985051139	-0.0384830316006541
-0.176755340086209	-0.0113861018496852
-1.49818873212304	1.0572909374791
1.18369900751744e-32	-1.32020946035202e-33
0.670340399127102	-0.130506583386212
7.93000244008223e-33	-8.745219527321e-33
-0.0717141274536189	-0.285216350845556
1.79354870933351e-32	-3.04896609656255e-32
-0.672358081302917	-0.095732257704382
1.15931308333604e-32	-4.41470348167948e-32
-0.361784332523778	0.40163690723344
-1.30848664613568	0.619617595799588
0.151754155426924	-0.00223445374637039
-0.0318075522056532	-0.161553477325652
-0.0852059911283139	-0.270262405135633
1.00373648013628	-0.137237043552216
-0.0180296712172411	1.10681145063748
-0.916157204737936	0.568346256341027
-0.816654189357068	-0.574722306074014
0.247436352739705	-0.34270188424024
-1.07824546394524	0.779629912253527
-0.212138057572639	0.0711723344309864
-0.526463710398617	0.308090424973077
-0.254351813812547	-0.0781148610271518
0.410620082461155	0.00320818708716192
-0.243304344305486	0.00684081529413168
0.444798337293278	-0.353825080773861
-0.0529936677268653	0.213843879711184
-0.19841327566618	-0.0360337290009733
-1.44911603799525	0.908498788772977
-0.267473123311716	0.0671577941968349
0.120505554143887	-0.067750643374198
-0.620456211432075	0.133670401352613
0.0158104114342691	0.0632748664525523
0.258234923385309	-0.0524441085401939
0.198350777398885	-0.0800060088866301
0.179595291525273	-0.152614465472599
-0.320918060966606	0.0766763647155886
-0.767713711398103	0.802959182990723
0.264173988473773	-0.192751322383423
0.0688774476363917	-0.0588375238761688
-0.398913763081021	-0.373650002968272
-0.466259596909772	0.8851421172906
1.16217291246301	-0.315796161166896
-0.91718969828796	-0.969473619747276
-0.80030049334791	0.865937647789702
0.266178742320971	0.33987637860052
-0.974557811536337	0.701338596093209
-0.277462630749842	0.180415525225497
-0.0583946241581281	0.114671072337106
0.0697008367617902	-0.277469107993839
-0.702047289252711	0.0944530596484503
-0.289743382406876	0.329188775216494
0.163186347289574	0.374340892474799
0.606110889612048	-0.347104530054726
-0.190317390084756	-0.267035161927506
-1.06748456065229	0.745509637117481
-0.218042964259703	0.0901723582167982
-0.471758647567908	0.180340974814648
-0.243027041300906	0.151318948769826
0.179324534284083	-0.0808374388041135
0.15724379722292	-0.0607550095862845
-0.0450943314660417	-0.0210307776630963
0.406307853984079	-0.243307846921235
-0.397098415244902	0.141610028954684
-1.14028163532081	0.683501288583044
0.371953029525027	-0.0759717435235836
-0.317111733089025	0.107822672052609
0.169098738809019	-0.199209682278798
0.0128934300819931	0.123465696209694
-0.176605191195353	-0.0579026723594751
0.289474011275502	-0.224160688422467
-0.272427051295203	0.472562996757611
-0.65434414459383	0.0338986285846875
-1.09722303442013	0.71572938663139
-0.472311985202696	0.205870546385495
0.00602246645846619	-0.0779170933656251
-0.434383987022633	0.0777016752281917
-0.112096011578606	0.393848785227457
0.654472292984619	-0.0783036481529546
0.167931533333319	-0.508919579871466
-0.409249410165571	-0.0071914350905064
-0.00918358279638242	0.164459722294636
-0.886133006718979	0.829159005044106
-0.192920728826657	0.212420998021628
0.244492482715749	-0.29452613755747
0.478866407059391	-0.283870206262007
-0.0995187938649766	0.107710862256448
-0.488291229162233	-0.0495034405782324
-0.397334954206435	-0.141428424635789
0.198255814464556	0.140850176924455
-0.499413253574406	0.45067168070437
-1.46598903623924	0.820951506224253
0.0244940722974417	-0.105301536893817
0.317104305610096	-0.312205005241791
0.551858288564694	0.160879787437344
-0.521716334254177	0.231595192129133
0.21619872527774	-0.0952754724073716
-0.203288253694625	0.653342718253174
-0.768716750975444	-0.106613047831901
-0.025584781728941	-0.389635689050295
-1.33200113680684	0.844225696802241
-0.202785639511093	0.035121280177242
-0.244985703797409	0.140411827131453
-0.209935305712281	-0.0215903256159752
0.01695295479544	0.193349665729854
-0.25501046809773	-0.0835960719206868
0.753299406172705	-0.323588576353132
-0.0798937645699091	0.234351288082619
-0.271362868615305	-0.125991550826812
-1.06581419451565	0.766176745175313
1.70511184317752e-32	1.91406957425252e-32
0.348341446539253	0.0565275422172428
1.03296142228371e-32	3.14664136878846e-32
0.081475365284456	-0.687154993237949
3.53959940738901e-32	2.73369737804206e-32
-1.1129495168941	0.277023093998185
-3.93582450039954e-33	8.29519894260903e-34
0.0460592151894947	0.499149701283009
-1.66649130470183	1.05056208726709
0.0961986657341708	-0.0624532374707232
0.21496185011059	-0.0557515324115297
-0.608263736323008	-0.0617361921993794
-0.220716801630453	0.0451927161278186
-0.436515738209352	0.132806123279867
0.314899855053534	0.0819048396209148
0.137060143974562	0.0463695632831064
0.168175404071678	-0.264199495990858
-1.06277153810512	0.724542172996372
-0.394028415492312	0.156557846761347
-0.228880113463931	0.0864026777979654
0.00247606356884863	0.00803088257294864
-0.378030397646709	0.221630450300523
0.250452411030946	-0.0557983730577802
0.278906603699108	-0.163860767380169
0.240457298120392	-0.19835711770144
-0.402307307000084	0.11626558796254
-1.84742940680309	0.879177912496898
0.171285498965514	-0.0279027860948726
-0.30318035313072	-0.0409614825536463
-0.380327074870197	0.0350883912767416
0.0135040291683035	0.0851971173571704
0.329006555288124	0.0297526363437108
0.232658724700618	-0.118830481559516
-0.116836531549007	-0.102651910703271
-0.140131342747597	0.0698529408011561
-0.741009553580851	0.588924773054936
0.266157713782846	-0.133862192930057
-0.21786134377298	-0.034072977246409
0.0540930873646395	0.222774457899187
-0.143104870431407	-0.374875378093207
-0.375122385462908	0.460896675528773
0.602636198348642	-0.263172634777086
-0.718655099515207	-0.129262057387616
-0.264519298266279	0.564322887029011
-0.787647848571456	0.62556404236887
0.146329932824329	-0.126197095548525
-0.34840069875855	-0.028378745853752
0.205517862107908	0.246971140498214
0.169900110452788	-0.385238879683109
-0.2713406838044	0.352677267194606
0.414840751297418	-0.315537510693152
-0.843569949560762	-0.0505032355292087
-0.248909682443447	0.588297535259587
-1.15606401701266	1.0767519394796
0.0255138044278855	-0.00102785774726365
0.157341066213405	-0.0886320826545735
0.380728653382334	-0.599456662529017
0.458873524082323	0.473854656447042
-1.40900462066572	0.01473846198704
0.282022673107092	-0.817928643057942
0.0410292243836231	0.838504501268296
-0.579075874977457	0.123710047696629
-0.871756854451372	0.725319920165181
-0.168814592043316	-0.0745224917629232
-0.000993761082243008	-0.200849804067077
0.231658956286185	-0.232645471103895
0.426956142959398	0.0508503182706899
0.240920668782743	0.527062573213386
-0.428497671463111	0.683831621408383
-1.12842963710027	0.107003126756549
0.0825640069020254	-0.653947713427114
-0.848622489498327	0.599200174928837
0.241477963898983	0.0150520007786217
0.0928868034407865	-0.250546383413777
-0.385082023372684	-0.0896526843334933
-0.222310859185153	0.436549379795083
0.515470559086204	0.0606962729405532
-0.0632904946257977	-0.813813735067315
-1.11474660823377	0.401811979045976
0.20122420748717	0.52605274746826
-0.499173415229774	0.365724471785075
-0.0979079908801823	0.0310895221966554
-0.137011076756341	0.034034118066912
0.109355077283424	-0.03055353170164
-0.00012697344806472	-0.00598117214449786
0.0895399482937054	-0.03147631351659
-0.145921356950617	0.0341773987142574
-0.0992402018598237	0.0302794981777454
-0.61630217591195	0.429894171307375
-1.45452016696828	0.921225878548057
-0.349090457935044	0.0971548708236582
-0.227947720088491	0.0370699277558034
-0.0354767001007433	-0.0299939077582613
0.144936106660186	-0.0501796389069886
0.208946130531976	-0.0348804421349861
-0.00785024494357583	0.07779183023678
-0.568363016137495	0.0849445556646473
0.399284023785743	-0.202536691748462
-1.17883315880105	0.760473558134667
0.417737291214744	-0.298350932841531
0.232345093581041	0.183571187057921
-0.589674059607693	0.142205237181631
0.0557041546414702	-0.119193618870153
-0.0624503540932322	-0.14451516921636
0.275699344184397	0.191433606937459
-0.583508828426464	0.470556200334648
-0.314664726824425	-0.298292553060527
-0.835392337330627	0.667904172314782
-0.0755885308742169	-0.177503743193292
0.300024509776717	-0.0385090860662745
-0.0938082127166329	0.324153848781642
-0.460781923572019	-0.179650836329841
0.386716303009954	-0.561287636419777
0.657527483271011	0.610635795221559
-1.04560867261676	0.771973030503148
-0.423797747298767	-0.501978280393251
-1.26605547157484	0.914001780601409
0.413442151937103	-0.0115788387828869
0.131585831617358	-0.330787748605574
-0.503648684117323	0.173161787492153
0.232291715647188	-0.0110714081628124
0.0940014061485292	0.0589800663738476
0.106291989339731	-0.371203222525491
-0.824430725708959	-0.0162965152590696
-0.195738228148296	0.528347862618242
-0.938082372344259	0.810204676027726
0.162456529341058	-0.184579447657715
0.0665611000038328	-0.0190315774470858
-0.24938135488403	-0.332597265957858
-0.290648308629333	0.889503964204359
1.33073445110009	-0.367158148634881
-0.975650875926123	-1.17008399737459
-1.01495243563151	0.899237388016849
0.249503234429777	0.42840827096715
-1.29128755828474	0.932091373751217
0.022764225783032	-0.0284711386185049
-0.148472712175478	0.0771996805157393
-0.353875022108902	0.129496872687639
0.196375280396283	-0.0681006599532891
-0.623157103024906	0.12775110559442
-0.179415869606747	0.0343150408599382
0.161332477342902	-0.0431790186147559
0.38979680393501	-0.225016585265639
-1.51700910717958	0.794968958596207
0.141180630303697	0.203794869180668
0.361845035239258	-0.0767622463321633
0.397454805370686	-0.379280442344357
-0.443622961016394	0.0734722508106294
0.0950592363794148	-0.274808271900502
-0.448447672453389	-0.178081626174697
-0.611637862041788	0.191364551920972
0.133790628808427	0.482815877767946
-1.07866940307738	0.75977469093637
-0.179960880772874	0.144033921810213
-0.0354693229986794	-0.0840664329539713
-0.359353894167033	0.254466084939575
0.209864107372526	-0.0481889231965664
-0.633314759494853	-0.236882660400492
-0.389182174677442	0.637403669236107
0.734660014560735	-0.116291996527175
0.0245432932477269	-0.40357101596166
-0.498210242098452	0.365697701920563
0.0965804927288579	-0.0305104144980506
-0.135121087358863	0.033364218381096
-0.107673961038365	0.0299706939794292
-0.00010077951040075	-0.00588535725471073
-0.0884538203442015	0.0309029578275313
-0.143741506239957	0.0334900842475725
0.0978489810516235	-0.0297274085773516
-0.617520455868216	0.430058236849641
-1.48148421251965	0.685765825873429
2.97378740132675e-32	3.31864889084252e-32
0.552765060766846	-0.181656604613502
-6.90555040429597e-33	4.73596371795738e-33
-0.0662783924958656	0.185708582208621
6.90869050351956e-33	2.09180146481784e-32
-0.527469376800883	0.328175665765832
-1.53720790262996e-32	1.60526876338667e-32
-0.333715890832369	-0.218040617207652
-0.758396215695581	0.6434876354464
-0.187656938307721	-0.0479239590978825
-0.143169184073244	-0.118425425093685
0.374772161418274	-0.345035993709754
0.474614861909659	0.104534004972052
-0.000369380894330392	0.637893721797462
-0.375152703476691	0.505742871362319
-0.990394501493144	0.0904230249258162
0.0509239204907415	-0.550200934690942
-1.48540843193524	0.912348623220975
0.0514171331844043	-0.21033219458831
0.315360135476421	-0.189785381048157
0.52352874418884	0.101799451929182
-0.451828536477634	0.160719592612285
0.132100527970287	0.0898442122105472
-0.218152683513482	0.361305889431283
-0.657059844815104	0.0987869001406247
-0.110877792540167	-0.433573347997938
-0.902349496491913	0.95763879064866
0.0727937442225728	-0.112695615832965
0.325793308851484	-0.251838807958396
-0.488264841000118	0.169961047827817
0.0842736093557438	-0.0563162425311548
0.406126799136663	-0.0651432856433049
-0.399040072925903	-0.10487702980224
-0.289278951813429	-0.00560528470974738
-0.483094484933232	0.489387875863678
-1.82617299100051	0.834786066648845
0.164412707370409	-0.00779071482241644
-0.300633624759085	0.0596016621243455
-0.360811724485861	0.0298903438694607
0.0138231387377165	-0.0748030559021583
0.315073678797521	-0.0558013722801178
0.207705376637394	0.0100163224045961
-0.117455508780917	0.0694158839163501
-0.120315624601701	-0.0705516672322465
-1.41420579892026	0.834812241080559
0.203731144445318	-0.240755430870333
-0.0217873010236916	0.113925737914703
0.624974422632063	-0.0514842549321889
-0.170794958041425	-0.225148241648703
-0.631808161842621	0.435112012318592
0.208712351691954	0.241715461403297
-0.289655229249232	-0.370958874522502
-0.366440922297371	0.136002718899429
-1.2187613870117	0.868246975419027
-0.0813092620985117	0.065000126988448
-0.0717839990811197	-0.000227270532569975
-0.102499639550553	0.31383160678676
-0.250837356910195	0.157410890708985
-0.882967829808792	-0.00012985044190422
0.359656488792685	-0.515899074139051
0.297690896343617	-0.176137320854093
0.166448526691251	0.211904081708301
-0.929736204107535	0.731519946365279
0.0139024653749094	-0.134815408562932
-0.322491470500879	-0.0359828239715799
0.601501819838049	-0.332342501837065
0.170343987221219	0.16679141381787
0.0895637409617882	0.537560493723417
-0.553569955529659	0.386318655774057
-0.703254071109268	0.035784183773508
-0.00735167170603362	-0.431257477169461
-1.3436442429291	0.871002979149022
-0.118465900042835	-0.166066371891737
0.465764169657168	-0.243517537382922
0.370453371710042	0.0857580097747648
-0.226109185583223	0.222440569990427
-0.136923308152897	0.0191420442666052
0.105804000623256	0.426883985221885
-0.907949272866512	0.207129397218342
-0.0444738812639584	-0.521435342899113
-1.36649427914223	0.845215363892789
-0.574205828401842	0.198015964780838
-0.12396896990496	-0.0061433216877335
0.420204527911361	-0.136512356601346
-0.203666997015727	0.030316326122066
-0.021388089601278	0.0448174543372347
-0.0801281334702418	-0.0102418087872955
0.298646568379399	-0.136577095458507
-0.188901135650077	0.0576359172262199
-1.05896388477817	0.821076238815691
-0.490685830819786	0.159294935587693
0.0467376947736266	0.0478908286840778
-0.375301590037638	0.310742192764159
-0.341348425131416	-0.215754757553258
0.54667966096524	-0.484117626549367
0.435896941995541	0.309657718338361
-0.437589469232798	0.19892980518756
-0.0359881371185546	-0.212424073134922
-1.05091896892109	0.835181167449322
-0.236948541138415	0.0910677803718058
0.0835863658816128	0.00262435536588652
-0.155971741159079	0.247543974119467
-0.130566126134141	0.343957138003609
-0.898927918332049	0.14371920657923
-0.213650330331898	-0.754698071965466
0.824882545402298	-0.345181770422761
0.0685290348143852	0.37833474798749
-1.6297928393887	0.896392222858364
-0.385411546635439	0.0619014267532
-0.111930066233707	0.0587633162780594
0.157846785937992	-0.161931667254263
0.258624305022561	0.0880978794927087
-0.538842340381457	0.0687325858883925
0.328091809609151	-0.167199393207261
0.0417193356467292	0.0981606829965382
-0.0767539999410857	-0.085769509090571
-1.43838497518758	0.867566962711521
0.11631792195881	0.0183939130364723
-0.283407178733157	0.125291753616912
0.0830946285775093	-0.212932714930053
-0.52884859933001	-0.0536233011953333
-0.527818168328195	0.384872362391635
0.418879801380918	0.16402146674114
0.325146412185415	-0.158493942321611
-0.0382992201343125	-0.253193151556608
-1.17591949620958	0.894667280678745
-0.11297191989793	0.0334564073289415
-0.0423272525197538	0.0582528410260188
-0.0384823764523964	0.21368703450269
-0.312490709100813	0.354948886537843
-0.694128227990446	0.0485400262394637
-0.386196947201902	-0.665741051056747
0.952605165696366	-0.429882451097827
0.0378950517498104	0.434945990174788
-1.22202621141231	0.877210532827932
-0.0616014303585221	0.040030807328502
-0.103771264809582	0.107607541818323
0.0603024041314331	0.0990483863448431
-0.308457652767898	0.816297618857933
-1.46833682395954	-0.410267356635263
0.734443747500562	-1.24884112306613
0.69732293680496	0.455698788165023
-0.11527042067037	0.190229141051395
-1.80740733098484	0.882283568276398
-0.367172790561993	0.0287053279483302
0.0799807308330193	-0.0441075653896119
0.225096489914781	0.00435163709673908
-0.37208675724303	0.0172524710535111
0.318123006360659	-0.0383275793539559
-0.127875235958433	0.0352043466001233
-0.0638557096440387	-0.0284883752493245
0.0893903566708845	-0.0392707037311331
-0.889166625259933	0.715636573720612
-0.0143205366777061	0.0155767646387373
-0.271949679950576	0.172455143806685
-0.385624646322554	0.172119506499246
-0.23021363669107	0.103159025756574
-0.00237683176712504	-0.0245377716293979
-0.00757816619724283	-0.0239684917678222
-0.358149727860264	0.120031910602214
0.537769147092441	-0.325613600309787
-1.34861297520205	0.825258654287271
-0.222759396919735	0.0469161265571051
-0.20002455109796	0.00498655142429505
-0.29850913495275	0.000354669532583605
-0.229678449320199	0.330577178002231
0.519593819761062	0.322968593067398
0.649568400114345	-0.711682190085711
-0.712594080612935	-0.199184281695125
0.0141673552376439	0.261641137466007
-0.941803421327805	0.877268353254446
0.0555048245141626	-0.120982018762916
-0.100002353404749	0.275003613370397
0.664838936422751	-0.12271570914754
0.0474489926101648	-0.448590421675889
-0.145881253622431	-0.747729405692171
-1.31988694878707	-0.0680058143446909
-0.491373090220091	1.12144507778562
0.557414577179463	0.214704473207248
-0.286657913551992	0.273233804982305
-0.0746344450250835	0.0249505183627986
-0.0740765289307118	0.0276213905380531
-0.072341834868993	0.0247180791749049
-0.0710562445457969	0.0274487556604339
-0.068956095979724	0.0243806535872509
-0.067302587956952	0.0269086093212783
-0.0645705846974839	0.0239333097866833
-0.513377676367536	0.406943765326695
-1.70592267856222	0.917649854049758
-0.171903814222375	0.0252911953131746
-0.213063883749871	0.0251588763153638
-0.255400930414319	-0.00706147419193006
0.52662792933532	-0.0739505245606254
-0.0546440793169422	0.044719935310092
-0.131977821301143	0.0311984087065492
-0.246501374521915	-0.016265143666809
0.261409858485056	-0.0954676436178055
-0.501030745435876	0.366604007316731
-2.22593373513235e-32	3.18270737858018e-32
-5.87747175411144e-38	1.17549435082229e-38
1.18137770004815e-33	-3.77961400597293e-33
-0.273040876634325	0.0532976896095086
-5.54451297924102e-35	-8.20667854543528e-33
-7.05296610493373e-38	-1.17549435082229e-38
7.15667409403502e-33	-7.05219027866218e-33
-0.623637409267583	0.437289554472684
-0.905164945830395	0.840537896931304
0.452976412130853	-0.323695226107014
-0.350533815178083	0.0796400294395557
0.140600442343606	0.0506040470783197
-0.236668144947245	-0.0120406549992205
-0.210169349313349	0.221592313171396
0.373841956283416	-0.140093908051024
-0.469198628326981	-0.209616464939077
-0.447567843839395	0.465547985052465
-1.15599187883078	0.777278117640904
-0.299896191670009	-0.059918258234963
0.638237156760953	-0.339497083573187
0.25564989536101	0.176261264922711
-0.290138347550624	0.168693310818812
0.0208031321818356	0.0331008545399601
-0.149501233333073	0.538650323854004
-0.749361982779205	0.0271489288108742
-0.0113806938088403	-0.422664092733572
-1.87278357102401	0.838285581104501
-0.336035880665868	0.0230264592485205
0.207339461100553	-0.0275563165973033
-0.0260897005290884	-0.00940338250156122
-0.132982071123133	0.0132871193509781
0.241084586858194	-0.0247267615683401
-0.272410927407868	0.0174855563888293
0.231478877766975	-0.00606082328560538
-0.0835482484099895	-0.0370301073368323
-1.21267537285934	0.912483888925234
1.10185941900359e-32	9.23418386972388e-33
-0.259980819817978	0.104837188097174
1.99413559473923e-32	-2.92583787684855e-32
-0.359203545459175	0.121008872455253
-9.60977148387491e-33	8.50184374850195e-33
-0.523443056094675	0.0928749899432407
-5.02481922126007e-32	5.4383004635931e-33
0.564984238743802	-0.288102171804113
-1.43968673627941	1.03364415869439
0.434734277451955	-0.126487124843304
-0.201998359710727	0.101709861409976
0.364691706849384	0.235098479887122
0.687885331922395	-0.566332695211354
-0.574280556763706	-1.0159525914845
-1.39552361972018	0.192857644986941
-0.142027012192716	1.01353771834013
0.360732943457005	0.0809454438341319
-0.359028995449675	0.307226523338705
6.41500695364324e-33	4.47318513378525e-32
-0.146107963253305	0.041516969126734
9.23118799373413e-33	-1.94664803232048e-34
-0.142900717925048	0.051854010918222
1.55557803300159e-32	-2.29898923966801e-33
-0.132910052693186	0.0410048472017617
1.87399102036974e-32	-1.27166036816871e-32
-0.547854796752793	0.418543920043172
-1.86198234738748	0.745190062557781
0.382176375067108	-0.0824060738479383
0.275665536509424	-0.0378769380126343
0.123670726189701	0.070774800822083
-0.04182971589203	0.116133741096025
-0.186390639961823	0.1451381193782
-0.287411475234788	0.104784024191155
-0.312116403325373	0.0280132829518703
-0.113620899538655	-0.338148988109023
-0.918370113129552	0.690905910329295
-0.709541783442211	0.313956637894117
-0.213128621356639	0.126988491254731
0.163329230911927	-0.157900511667692
0.189407863993893	-0.113621674533273
-0.017251119591412	0.0254546350342787
-0.166629284097572	0.0988390723290704
-0.130435291261231	0.0608534232732197
0.173871927373694	-0.136209315620164
-1.48077166977675	0.664107938435124
0.230222140987528	-0.0911104578982189
-0.0361526152615072	0.0454156705062366
0.479927790314905	-0.208249462200614
0.0178121362186062	0.14867069421158
-0.49551943189157	0.297718722561236
-0.0616581828702172	-0.00528162890365838
-0.146938255932448	0.133356580697889
-0.358691576198008	-0.193324550648265
-0.888802004401725	0.837263562323684
0.201120607578274	-0.20246185835088
0.240549174142573	-0.279226895745792
-0.480106639004376	0.275158479407124
-0.118447941496688	0.111064113178587
0.468914512706813	0.0456844680415517
-0.391457936638507	-0.120402742126196
-0.183479038083122	-0.133421135134766
-0.492913894465945	0.440605717579052
-1.03951556286336	0.63033949220124
0.370559150395474	-0.0585114471757737
-0.429480156300101	0.194444240891258
0.167413230866174	-0.253130801953109
0.133976500463774	0.0189552164464401
-0.177148079146305	-0.00754744143409918
0.177571728692065	-0.162978782201435
-0.272114074529536	0.47219781696714
-0.597616689679029	0.0278623262476457
-2.00268989507229	0.784829491988203
-0.203144077039492	-0.0167516113471179
0.198545351856435	0.00886333660427716
-0.182369716873548	-0.014492123442624
0.171954160692485	0.0060495805239476
-0.152243805175338	-0.0111916452850941
0.138334133673511	0.00367064131916369
-0.116541766051873	-0.00734964221661908
0.0616937727022112	-0.0127408648417666
-0.924955520259319	0.695132289234547
0.0418094337644454	0.0699630019420281
-0.375018644940519	-0.0477082223467432
-0.54066606768423	0.350176671513898
0.145444872231809	0.151406342885675
-0.123652045243637	-0.382745461867863
-0.485494864150441	0.498219463241742
0.698821914824835	-0.0431616462344169
-0.0685122815871113	-0.381555436858827
-1.53194554153493	0.93830922694337
-0.671663324301245	0.111966753955824
0.332664631668016	-0.101579881300177
0.0434006324156442	-0.0491427724445955
-0.202567189046761	0.0566617251627218
0.134696971094741	-0.0486405047856044
0.0483714896892755	-0.0104505681250018
-0.203905074807341	0.0581550898760163
0.126206489219108	-0.062496647947333
-1.64686080982724	0.855947234237562
-0.369821342137959	0.0592902553810064
-0.119863817024897	0.0325882989882173
0.243681425438194	0.0817424335134197
0.141107095325595	-0.303932597699251
-0.546317846130473	0.226925900950293
0.48804725331823	0.111685034441063
-0.0301869313621092	-0.291768237506159
-0.115455234279567	0.0650135311478419
-1.1899573208681	0.769728350644754
-0.145521790302318	0.260928583732457
0.628574165866152	-0.148592821581439
0.152310256421736	-0.378459143673424
-0.274385525129606	-0.00473464044924314
-0.0174433803654826	-0.105927451149596
-0.371557265291672	-0.378170880265071
-0.793573021192474	0.445519687665353
0.257634065259965	0.429231550216634
-1.06431813404404	0.83550989210149
-0.0727730869832594	-0.240668043308258
0.0975700529316859	0.0101719282065947
-0.168301923428358	-0.46691297342716
1.17032708398644	-0.42091105536556
0.759797084212482	1.8926225236681
-2.28118796423203	0.944126682319004
-0.576834798764161	-1.46600878552432
0.420238344267911	-0.147799786513976
-0.696621510891037	0.414535553366347
-0.0626333571783802	0.00722075702326478
0.0642761369685129	-0.00890980310550968
-0.0645917492606391	0.0063611804107752
0.0665846920717907	-0.00792222659528641
-0.0675260508860897	0.00502277015492895
0.0701184235825612	-0.00620048917308625
-0.0714968974995044	0.0031076944712567
-0.724282837312695	0.426173527510229
-2.10903146532734	0.676829902183906
4.85569204559146e-33	1.81366318388372e-32
-1.09476442525376e-47	2.18952885050753e-47
0	-1.3684555315672e-47
0	-1.09476442525376e-47
1.09476442525376e-47	2.80284055533129e-48
-2.18952885050753e-47	3.55798438207473e-47
3.28429327576129e-47	1.22624274295744e-47
8.20351836956727e-18	-5.05187037264021e-17
-1.86815210770242	0.861166687906823
-0.264210183139174	0.0094320493093606
-0.0536378659997763	-0.019555358189218
0.312869257843456	-0.00118156720167232
-0.327751935353873	0.0119368186960981
0.124616956036259	-0.0178432912798875
0.133894345527707	-0.00558834347044653
-0.244863296095413	0.00728347873413461
0.140808955368929	-0.0481800213702284
-0.432026834512181	0.340825256540884
0.0305713723005664	-0.0144101675341385
-0.0715046203984583	0.0229162486612031
-0.173519816874251	0.0478907207297712
0.0702081231881005	-0.0239746971507433
-0.161910398515511	0.0469217909773838
-0.0724760078269418	0.0278033484223892
0.0299045975293928	-0.0143673195903544
-0.584056761753191	0.426269314514099
-1.01226432012212	0.582681658112575
0.292730826903449	-0.109008551465961
0.0213904818905349	-0.0511156061321404
0.141043475985379	0.382780337525804
-1.01477980695521	-0.0301725392057537
0.631356033163021	-1.05164654515717
0.668535469361592	1.07538794794585
-1.12622899518869	0.470556409837138
-0.248008209932541	-0.421974591721342
-1.15360121728555	0.7563494728834
0.183804115609151	-0.0243129603951946
-0.292907026810441	0.182159865283992
-0.621357567079051	0.194443539814044
0.163696969164334	-0.155990219122407
-0.232113059584416	0.221208778807219
-0.110087477282061	0.00987117790958159
-0.068636011525711	-0.15963492804068
0.394576105988355	-0.133075356301231
-1.88025079879403	0.906286827752956
0.318938036654424	0.00759841266569112
-0.0073036475138398	-0.0738636212588009
-0.313110360226955	-0.0722427889509694
-0.394117593958038	-0.0100884309373639
-0.230073427580932	0.0802768374493507
0.0585703460032492	0.107484032014971
0.248286977705878	0.0624932532716522
0.139135205036267	-0.194475959513593
-0.978365765305633	0.76247143203914
0.081793804683661	-0.0337323625630142
-0.406249901965459	0.209183249399726
-0.249352750460425	0.105258719134226
-0.400011529298883	0.184832370854123
0.245302290511241	-0.1225438512045
-0.313101839235401	0.0441941145547628
-0.0595333630029832	0.0403386034116704
0.412808402374886	-0.263131127883805
-1.52628371765975	0.856722575587571
0.263831263966232	-0.0121277857737102
-0.355183452938911	0.121667557581579
-0.129974744109134	-0.0392546276546743
0.0249027751783591	0.0430382820675839
-0.427083842822318	0.226235889866181
-0.400507736689488	-0.0999236984154507
0.305330362233978	-0.316359849782725
0.338060594489105	0.080768443167928
-1.09125174697469	0.718471453320792
-2.6680213845159e-31	-2.37748507210842e-32
0.0753729642238429	-0.406727440488591
-2.88375005974228e-31	8.41904375204335e-32
0.640503036117895	0.287017974162004
-2.82776360745447e-31	-2.89181937777798e-31
-0.916566116604462	0.687097408848838
1.38162855184723e-31	-2.12982155611596e-31
-0.412179886100419	-0.398331720015302
-0.763335167193663	0.694453066936856
-0.442443535590788	0.210941802167667
0.104069338296471	-0.0620856319890177
0.0687447422659862	0.268102870227123
-0.536345816973343	0.502404959311012
-0.695270044117575	-0.121364707427082
0.0431583464868521	-0.664172308364761
0.610338867098787	-0.145949860742562
0.044547018253506	0.257897240654824
-1.34418476978073	0.963085169546426
-0.491493150786488	0.116273134791555
-0.0702955530083355	0.0951153752914988
-0.332258192973658	-0.121195051534655
0.566468290250679	-0.344177455386007
0.233546662492512	0.498252162971113
-0.739821242097835	0.102886161215133
0.143697043917998	-0.451853093700965
0.181043010263946	0.0801994446709451
-1.34691313884562	0.958310532937321
-0.128534811126344	0.0481595076126289
0.131782238078443	-0.0463394383640756
-0.137318422667041	0.0444208029557582
-0.568555677416639	0.137731554489685
-0.294008524831017	0.02924013926489
0.262187997572169	-0.043997402099302
-0.223584106296681	0.0363699009398138
0.451449035068465	-0.227766011698791
-1.14488678432633	0.843441584885091
-0.075652888883643	0.0422660888021213
-0.0792600796283664	0.154376378965975
-0.326718994953841	0.0854969998347195
-0.0230350816076129	-0.156861241384873
-0.0315613185173328	0.512861584143027
-0.998334044314426	-0.0480707526384558
0.526322641157476	-0.745200311200015
0.40345200961922	0.239695382741278
-0.813307376497133	0.558243248103621
0.234325485290364	-0.159944768732152
-0.0143394190879371	0.217612499320304
-0.238182935394442	-0.202807757395773
0.183332726105718	0.140456371340452
-0.577440675189533	0.0232617857445238
0.524674448685424	-0.393289668627133
-0.223268870375086	0.699556971285685
-0.636662486870308	-0.00762742702604912
-1.4993452012406	0.918472847035357
-0.320259701702542	0.0932874105623839
-0.277559252139477	0.0297037842873571
0.075652024333491	-0.0395041572903454
0.0200433787633276	-0.0349450270474049
0.452640880045199	-0.0572917556692694
-0.490534979406912	0.16281369490545
-0.103447589649934	-0.0690746804755904
0.2350703776553	-0.112518074790904
-0.904634323475049	0.794510245644587
-0.291472373877726	0.122588825179084
-0.0445817605465228	0.0329317116167854
0.222037197417057	0.20117471599956
-0.678490357349882	0.592671779799738
-0.630774825019012	-0.211258284714117
-0.130695975071865	-0.661687841465796
0.778130557146005	-0.261399992824077
0.0375778191973578	0.344375832206352
-1.28228110287751	0.887681752622124
-0.0327248880503205	-0.00970629245821286
-0.758556765449846	0.200328367257546
0.0420452609598636	0.0171019499860704
0.138910941439304	-0.0387518749674696
0.0192526549557693	0.00432011009375382
0.342611791924403	-0.232762460976886
-0.0836606504044051	-0.0196427973907998
-0.199426923842455	0.111219185952609
-0.425362038325362	0.340349235830372
-0.17235370533562	0.0501966114095417
-0.0659321288310049	0.0271055860174097
0.0381266120966074	-0.0149447356042296
0.0714755775900027	-0.0259369198049128
0.0187952502745117	-0.0148622531617257
-0.0821951148122538	0.0232858539499355
-0.16555447625589	0.0493637034489539
-0.579016256135049	0.426393444966911
-0.985161122694065	0.703516856502509
0.420711531979218	-0.0697655953329567
-0.0761896165079445	-0.137325175632013
-0.250127833610652	-0.21008789323653
-0.364041735248606	0.572864068289796
0.566738744658566	-0.190553606224646
-0.19461490798328	-0.487462116497864
-0.86445453119423	0.220696138104572
0.0888986375866173	0.499780911592218
-0.961105927229337	0.57376685741977
-0.0264669567564625	0.136346434412899
0.183436260269152	0.0975759821764543
0.298154129641859	-0.159249682689735
0.121052931739964	-0.422374043328097
-0.325934033872515	-0.451348801657481
-0.786081324500304	-0.032762752577726
-0.698386411792209	0.825635963771194
0.571555090871563	0.286024118623868
-1.34280392795941	0.877321592962138
-0.305239670362604	0.1067359796081
-0.584120625518712	0.16278223193577
0.402702924786622	-0.138801644358499
0.0522100580774489	-0.0595689243547918
0.0648362681173618	-0.010338900611089
-0.098724770869611	-0.031894853677967
-0.247738632053919	0.105912328298215
0.22247178357809	-0.108087060870211
-1.11033770734585	0.667572353870248
0.0538260978932168	-0.0298791819936056
-0.171644235250863	-0.191059527828428
0.400024186560569	-0.235143210857727
0.177504822330531	0.0985255792163765
0.526033567068473	0.399682437267762
-0.772759196862065	0.959930452635498
-0.958418247954609	-0.354866868628937
0.153599446523223	-0.451514788995417
-1.07468722760327	1.01725740718913
0.11144824855765	-0.141214506131478
0.134495194970197	0.0848493071417025
0.185457261895367	0.202526456709362
0.815625403122063	-0.871732693670637
-1.11196601246801	-0.816655535195097
-1.18600587584884	0.442812161241203
-0.0571047282494289	1.06406021990152
0.428439828558844	0.0299748076842813
-1.29944375281031	0.698557522422363
0.0330482784751305	-0.0671258351256345
0.123038328071427	-0.0531310235595818
0.509303702995993	0.0517439956299737
-0.104504917790357	-0.470275876519169
-0.737281342612336	0.6855032588985
0.522191223710086	0.111128098585807
-0.522700359631605	-0.389153914162704
-0.308429218215119	0.272559647430386
-1.00407751525934	0.712415267905671
-0.135317888676938	-0.10355844710084
0.154589042902248	-0.112841018029995
-0.253718054398202	-0.305233685603346
1.16783040471822	-0.616744844474228
0.788236173884626	1.9818699879442
-2.24217277189718	0.844694107152453
-0.517010430067889	-1.35491742481544
0.374032756090834	-0.144012999626809
-1.39756047766969	0.888626055522335
-0.116631510550795	0.137794151041694
0.358240146862134	-0.258969267641885
-0.649843644517394	-0.0662788654771747
-0.339788089630243	0.229325588881595
-0.215904532832194	0.0108490580414967
-0.00665465524170935	0.472345657776409
0.639786715473567	-0.170406758326161
-0.132413899945384	-0.345066280728219
-0.782052332728741	0.548472923616211
-0.0891281817358409	-0.0210540197431549
0.312466769612893	-0.139310368634268
-0.119893555698116	0.402984445522849
-0.556847600207903	-0.252647470009969
0.512907761185446	-0.694250363864762
0.666161748016857	0.83630955134537
-1.12671034643705	0.679056359586585
-0.363234992232279	-0.482111290593639
-1.48107479496924	0.926232388267966
0.273400477297889	0.0605561780917463
-0.0951854078089378	-0.143909618149858
0.642377256228997	-0.306444777559202
-0.0014686146647419	0.321112473261914
-0.806640864836691	-0.10785471159849
0.0956980278696916	-0.487888845932021
-0.00431481730340934	0.550969735019202
-0.524597932286152	0.0847977737377833
-1.39173142905956	0.852272486151229
-0.161187170600235	0.0475307252290133
-0.244041130102202	0.0934491898726849
-0.100873378187979	0.244239481941187
-0.574534138994465	-0.115388122603671
0.665690218031629	-0.482691225775354
0.330322769331478	0.346512530894743
-0.337350351716796	0.0886527344918451
-0.0377784259964087	-0.189994483723933
-1.31436444901294	0.8820039766923
-0.243610019599841	0.0367373590077387
-0.147776194270481	0.111711079997761
-0.236564222079225	0.20785690581817
-0.326630731090521	-0.0437943859455103
0.201982207224138	-0.438900862542786
0.770623703322747	0.0860307827703732
-0.486693583601798	0.358526195678132
-0.0427291016271363	-0.288795520799611
-1.31212007495761	0.838025862715581
-0.200890557369418	0.0390864228412349
-0.299240344721555	0.0333263724134679
-0.15457577313982	0.187849535195336
-0.0602645045954851	-0.0986321896242572
-0.138022752864163	0.310857838341876
0.831377850100523	-0.247236018754598
-0.242232090297954	-0.358099649192116
-0.240509398805132	0.188786013352639
-0.632904716118024	0.559874870498918
0.269243268864252	-0.153220208348018
-0.328503736771678	-0.0184283980270722
0.0459821180868269	0.259581164430618
-0.0346399604014201	-0.374440865603358
-0.404238384585242	0.426913224936651
0.4975786927427	-0.229546725577069
-0.680271241753868	-0.0948124830071723
-0.220249610672997	0.534554994815166
-1.47794735805725	0.929943778673657
0.171024765568184	-0.0399694201502249
-0.289775290904712	0.0759060633754011
0.0887627148005758	0.20020852020598
-0.417685944869669	0.280268459562034
-0.750107256623603	-0.148854457792572
0.177269446306495	-0.519599832051993
0.531049533237832	-0.159030393136568
0.0661645661998376	0.280798847662264
-1.4376831908274	0.870418514213777
-0.114457096957326	0.0187298099845218
-0.285414848367149	0.108146880265056
-0.0656762090552526	0.203172544760016
-0.552449159472395	-0.0606196680072431
0.516797412063117	-0.458736269807092
0.476510620520425	0.228036545515417
-0.353171726487692	0.200306787715544
-0.0580335120299569	-0.226261494645065
-1.30601522971044	0.836057721601264
0.04865815759128	0.0382788127022728
-0.143567365537939	0.085443548872441
-0.356835386597417	0.0983318258983519
0.192252370843315	-0.0727406690928601
-0.565203780888138	0.243483011082447
-0.217602293233747	-0.0467767203954433
0.112936944924054	-0.187902769168332
0.421750003094378	-0.0998464138943867
-0.67186870075855	0.530560519082476
-0.225872144779416	0.156222557940435
-0.0982485294658174	0.0862404905848061
-0.497258118610047	0.266230597738911
-0.185974275181931	0.072040666706936
0.102426113302682	-0.0633744640744126
-0.229726795694033	0.149188470948515
-0.0944111429590887	-0.0264643641748744
0.402707244815014	-0.27947916768426
-1.31787597058665	0.674398026664857
-0.0157772021979359	-0.132839727400182
0.232960351060763	0.0786118866931087
0.249843252417753	-0.32411524388556
0.316119063249903	0.190642061882972
-0.7097709036102	0.384988224483606
0.153738031197726	-0.0559301991252151
-0.300039475248121	0.287008084513337
-0.396851333217244	-0.276266874023014
-0.957204919084672	0.678966360474185
0.0132230083061405	0.0371424964977272
-0.192207643368084	0.230896511757076
-0.549065991907086	0.294715396668849
-0.208812773323016	-0.323357075105059
0.419419160040513	0.286919829332404
-0.792478893252044	0.244873436365827
0.25439549787241	-0.688330073837217
0.37050645335786	0.135201809768995
-0.804923315162423	0.838012313008006
-0.279531177075332	0.212787214106673
0.321032545245625	-0.288245757431659
0.420698719391154	-0.301678426597296
-0.0586922616726056	0.120453013125728
-0.545105003815998	-0.0654031016338364
-0.319076155170419	-0.11619128668047
0.117697725449972	0.151062291138764
-0.462843335970505	0.439743443792512
-1.40534470915349	0.830666912685341
0.136877461819298	0.0587118193490918
-0.286934219709347	0.0496493640465692
0.248478554991398	0.168355576014419
-0.569376891755465	0.656544150840418
-1.04946941017701	-0.43804991471921
0.53615999213868	-0.936387140627582
0.607502744861482	0.293364805048743
-0.0707843181065623	0.1903716782818
-0.866949690637953	0.586938556311808
-0.0550960634680615	0.00733943877120999
-0.303200137425688	-0.143042508381708
0.608442724098483	-0.341357729080175
0.16576775760145	0.244233327176861
0.175126745731812	0.420888251876085
-0.667016012236728	0.656946240239235
-0.669925356574776	-0.237739023790929
0.0247579524380562	-0.317320334646779
-0.816455039584271	0.815767706008113
0.141847782200189	-0.204679444042665
0.317926595020368	-0.276713729908563
-0.577973830429398	0.274050110891068
-0.0389277594876883	0.125657877339785
0.346143005194996	0.0573301517289366
-0.302015371189723	-0.11612228771939
-0.22377970667156	-0.112376280617621
-0.457949670478208	0.416406696512358
-1.28392950806754	0.936521089541627
0.363869496531363	-0.18533097149684
-0.605120328269385	0.0959406027375805
-0.394776936708094	0.227605231759622
0.0384450556458864	-0.0124019951126242
-0.193549638834089	-0.0330257318813698
-0.22467101166457	0.101014167503578
0.309520829447457	0.0652850318971494
0.16641367781052	-0.256322812030533
-1.0795517997084	0.765741821925907
0.122159932504345	0.0764732556063572
0.0669150266521596	-0.0609042015202085
0.24610930538073	0.229117966658031
0.821551238243036	-0.623876354230909
-0.94516583881915	-1.53737056996132
-1.93821337832055	1.06387437616894
0.676238745369867	1.18856720967849
0.321579556408266	-0.192693762753158
-1.48531245662379	0.874601468186789
-0.522120063024453	0.117620952198148
0.0254815964401387	0.01575993950409
0.0294820837815209	-0.0294365447688559
0.286413047848244	-0.111134743886736
-0.340727518730578	0.0897967651915091
-0.0428262936844968	0.0736341157282775
0.37869607763054	-0.143925921312612
-0.222780433637813	-0.0110952824623392
-0.793252238904789	0.591569797642698
-0.0941145415577468	0.0984058033590548
0.0727234052084833	0.149589516925326
0.458861967088863	-0.149734021097448
0.152626865882922	-0.514651004161859
-0.529430669855136	-0.464111414057631
-0.772020754733552	0.0568060820665559
-0.609423093828875	0.881582790323167
0.554948785624573	0.243340781605434
-1.08612495339226	0.846985516916464
0.0519560740429797	-0.195694729748879
-0.156925323600857	-0.0941377485532196
0.43474998434677	-0.248969483571995
0.147859206517541	0.116565911070019
0.407587800014054	0.503506120971427
-0.730344646988083	0.535939592067113
-0.816924938641093	0.0454615843037608
0.0216528141499262	-0.569024036134598
-1.33624514450962	0.786555228135038
0.370734641124809	-0.103656397900716
-0.494976845284675	0.245218794200577
-0.438751391170132	0.0864303548081465
0.0176928584408858	-0.0837404458104341
-0.081847948299299	0.16139013397874
-0.26082769432534	0.0322541926332346
0.0930776825368328	-0.260712642396537
0.314681509728146	0.00475315511994514
-1.3764191835378	0.841263209421048
-0.208966170257325	0.0205032269644504
-0.24463164212814	0.042646295580157
-0.27234345765583	-0.0723397696334951
-0.287452262201503	0.582499948022795
0.99067214917752	-0.0718628812602072
-0.0417824555852835	-0.653578612126635
-0.408034173458855	0.0479899750848308
0.00578162141635976	0.145912038243455
-0.742775553642703	0.586440896856997
-7.76559780017623e-33	3.65155565139435e-33
-0.610501181662677	0.325546517044264
-4.26821998783573e-34	-3.18428489199899e-33
-0.372288159836098	0.224165446924825
9.18319696749387e-33	-4.1683970075639e-33
-0.112668443895841	-0.00834415587400907
1.22677411638256e-32	-9.87452870509948e-33
0.300604432488797	-0.227478963489359
-0.80497085693844	0.543167182619724
-0.183821892318087	0.174040293975218
0.329163822693842	0.061331166063084
0.206447044389107	-0.16847241902251
0.112148623458023	-0.397078734568369
-0.283081794768469	-0.497310900070298
-0.962850795757054	0.0656074339011974
-0.489453786046175	0.880674032162911
0.521802853505269	0.208975386532153
-1.64257748887708	0.911672272736262
-0.0572504449021203	0.0175587968010607
-0.0759661937796254	-0.0808970609171923
-0.602926094001688	0.105898700078488
0.163236438057871	0.0934287225541182
0.164386527122414	0.0730559209282985
0.433052777941901	-0.214299191063059
-0.224024237610192	-0.133960091960446
-0.122475287360809	0.0884530113949027
-1.52796198920189	0.780873374735902
0.530519671208996	-0.112510291679782
-0.0359571698337303	0.109336621695809
-0.247304230798472	0.0491477665440019
0.0294790826254018	-0.200467955183048
0.265112494664827	-0.108679255111044
-0.00991845102805248	0.233810560077634
-0.503899508956806	0.32810415482505
-0.393215854387198	-0.249934267618055
-0.65998004560533	0.547206528332056
-0.0904084874913674	0.0497344845718643
-0.475083486530228	0.290014131055044
-0.18003744201512	0.086136912571253
-0.143970678640584	0.11379247987522
-0.25608610679512	0.10917065239121
0.129549429905243	-0.111540640457764
-0.217374234335316	0.090608766528693
0.396817311297061	-0.274942081585006
-1.49324549365571	0.908179541901675
-0.0532334293673838	-0.0227774761203369
0.253524180199096	0.00941225949409986
-0.320436825266359	0.305625517066486
-0.550134466914536	0.0397643545273316
-0.0458420598199432	-0.0194396574634834
-0.393450431525765	-0.231674923139067
0.54435399138751	-0.337164954156044
0.155158742438919	0.236005648330809
-1.48593096027799	0.99192641141744
8.94109738221384e-32	-1.23319920856331e-32
-3.15703778206653e-34	6.40993750869897e-34
-5.50638190853331e-32	1.34866333921351e-32
-0.791617842772503	0.119399600031221
9.34745863388166e-33	1.36642940800058e-32
7.6078053934798e-35	-1.95482401022511e-33
2.35889710319932e-33	-8.53169615859009e-33
0.361262805574535	-0.188032849628026
-1.51739510605517	0.842565922315987
2.12877824541612e-32	-7.00170601053673e-32
-0.447857574449108	0.131954357979267
-1.36988908422723e-32	1.74995662172632e-32
-0.206237172555839	0.0591834271838607
-1.09795116150349e-31	-1.44246807274044e-32
0.549900880724329	-0.181268731977109
9.9060777979812e-32	-5.87494649837228e-32
-0.279018336477304	0.00428206736003242
-1.28002747287717	0.825743400969887
-0.231990228888632	0.0600527867438915
-0.225306425987476	0.0625542358973893
-0.190516669088886	0.0883270383492921
-0.108698312755435	0.0728863744413869
0.0241497262305606	0.0486708349387913
0.232613325517427	-0.0741766163169038
0.4991849441979	-0.283448355516785
-0.520530059275886	0.0944834986134829
-1.48475759031683	1.03637009014752
0.0766255517222662	0.0356397039654067
0.481381327959704	0.141999324294132
0.526711420975922	-0.628546600139984
-0.731037611230394	0.0408321193942622
0.485690407220413	0.00520094315287088
-0.763023939085894	-0.915031404073546
-0.903134137734642	0.808027557192006
0.387271505511145	0.417052427898562
-1.83709071813315	0.867449136548882
-0.0158271857802889	0.0313602096181639
-0.42809902449426	0.0162499630946433
0.0432315813881827	-0.0804920041346615
0.388558806572141	-0.0300064905445748
-0.0631733625684973	0.107373300303849
-0.305172750915452	-0.016946680141595
0.0697981630634744	-0.114107400546221
0.112751650851731	0.0250534978975279
-1.34929458640696	0.735835629560556
0.247431868194475	0.0534433026142882
0.152962600937479	0.0368109945391257
0.0277957890382688	0.0421940915503996
0.42969850201997	-0.622031654843222
-0.529506897474423	-0.195273714403004
-0.601821761219378	0.0690746837102141
-0.489967119099758	0.350171453309836
0.30060414994157	0.375209447072171
-1.19831483987738	1.01689676397285
0.0978029052072021	0.0502803051556785
0.132508270882913	-0.270837843133296
0.465369359978827	0.037872568818886
0.0451143821774073	-0.466529377451029
-0.913719608939145	0.207127667529807
0.184071762057569	-0.0927707633286425
-0.502162361636618	-0.020680657825806
-0.115045826524164	0.52683135711368
-0.815024526210251	0.670000741903876
0.440380816593927	-0.359390066451426
-0.457028705589709	0.239717567985879
0.162805122586639	0.116335957906023
-0.103908807645397	-0.149616185083188
-0.27555036450546	0.233097704676679
0.283213207960533	0.0261272224237138
-0.392169624297144	-0.232216272486731
-0.425563740081501	0.376409482097115
-1.08080914481757	0.595707726369216
0.07552365748372	-0.00353008256728845
0.323172495600642	-0.0881411932893515
-0.419219890045921	0.115469423458889
0.0992653000394167	-0.0678939458242327
0.282375509243044	-0.297209534739504
-0.205142950168636	0.356999658463507
-0.18826395318215	0.16099968362527
-0.56341015464673	0.0673181247593347
-1.22230095909842	0.80813685046897
-0.447264750507712	0.193723912853978
-0.458734554932928	0.14650304269472
0.410775757329154	-0.177884637482592
-0.0251214306056713	-0.0206838264183052
0.15072563376064	-0.0629996643724297
-0.307602808986867	0.107339205718374
-0.00438093108458554	-0.0200475128311607
0.129550976390115	-0.075143516933406
-0.712096328501576	0.628116832834956
0.0155165510879697	-0.235491336064693
0.314936745866597	-0.00180061505358807
-0.176917371219194	0.401966944569585
-0.62225419292882	-0.106254993605912
0.23999594214252	-0.600938915247065
0.727546435343369	0.491273732950332
-0.92342006049862	0.815206565911131
-0.396428280688039	-0.469001606478476
-0.940194075378318	0.603110011850147
0.158125869313516	0.0370973517386548
0.105349535709649	-0.235602997394844
-0.307995527646746	-0.0728968639481227
-0.0871763967720862	0.437789749684038
0.608557921089045	-0.0139819375645586
-0.129707826418263	-0.880611041944834
-1.20745653538263	0.418279233677397
0.179615651577145	0.576315011742501
-1.20468611567542	0.86554572676638
-0.584103387457073	0.190638505231927
-0.023707964417624	0.000995402850283314
-0.17338827973388	0.0276247695680681
0.191834426368771	-0.1115149925711
0.328302944148315	-0.0874613399382567
-0.306273518773397	0.184880186617492
-0.281656772162327	0.0385070683241707
0.275538793131389	-0.183630631217433
-0.79502066620746	0.657913162595794
-0.0770567077121076	0.084122225242219
-0.292561162996456	-0.0777257901941237
-0.680558190866942	0.416238039593303
0.359199355061277	0.106255475533824
-0.371341636498448	-0.388532860599048
-0.289969746552427	0.668618792687615
0.698434814854551	-0.181103509163445
-0.123556839041542	-0.366413274951418
-1.79743115335002	0.88811790972961
-0.464905856732408	0.0253482716293823
0.372142644520318	-0.0466231381354001
-0.210518994141423	-0.00779712435683631
0.0664661514221047	-0.000810431822985049
0.0675337143489636	-0.0352938578823861
-0.146231963163421	0.0307883916689515
0.180801413981827	-0.0332475993478916
-0.0907275706314889	0.00138694906599894
-1.17130633435255	0.846125242078864
-0.140031155581857	0.0878700192180602
-0.0439310212857429	0.0674917197722116
-0.0777271325578997	-0.113167382734978
-0.403576603066911	-0.167444842702494
-0.595276144173985	0.274069615653381
0.0528273669038262	0.654417510832623
0.903012615133426	-0.365551660558059
-0.28489364610043	-0.359746785237514
-0.789635466387559	0.682311269590546
-0.144409432111248	0.029562837317722
-0.00802486617842088	0.264335175838187
-0.734893567177912	0.270264259704214
0.00628986239221375	-0.326446214778791
0.212033304172067	0.369507946818194
-0.714940377519436	0.212931489562061
0.183145765355964	-0.657942224710828
0.415542464464083	0.08576971369677
-0.719365830208431	0.543577346212253
-0.0268428431085885	0.0429855065115363
-0.588482242888232	0.312002016104234
-0.0050768131003579	0.00277280173947858
-0.380419434914001	0.243317562998498
0.026394637975093	-0.043027085399324
-0.146505598546703	0.048236812681449
0.0426852691231975	-0.0729882160654824
0.277641698389579	-0.189475918428527
-0.670407137308192	0.518174295540655
0.22188365709814	-0.165442594982551
-0.181825036474609	0.243197530593739
-0.230094805412788	-0.238158403418322
0.398514615358044	0.158195761394399
-0.602978631356436	0.130269453265488
0.355914186633247	-0.431422974210318
-0.203198602345658	0.657141656472538
-0.583083146161669	0.0144647057424641
-0.948052844143846	0.698230446363552
-0.339709341130587	0.136023507702733
-0.356939802442696	0.18050399469046
-0.364616842122349	0.191500650149204
0.344050982476057	-0.152760852397797
-0.0198112635809347	-0.0297335356892193
0.121743403333772	-0.0414733089944142
0.26047781563481	-0.215581320286267
-0.339324168939292	0.139875896860791
-1.54565603069898	1.0185500294838
0.59548943774306	-0.103794029610753
-0.0608768846002236	-0.143309809825636
-0.261158587737666	0.0432236464636986
0.0893005638473501	0.117509926294829
0.292545721602496	-0.0591636700608192
-0.0729022281447152	-0.265751548744669
-0.62807092887787	-0.123994190585607
-0.354252875515741	0.439449153268523
-0.944070126970484	0.814103214512424
0.266838476818751	-0.309034117374564
0.0716503965153709	0.11807469834141
0.0204038046828771	0.272296368019421
-0.802163008931509	-0.203508245407289
0.589924648792819	-0.51039954864473
0.299070874149601	0.489990861670484
-0.71147344372592	0.660597060027607
-0.452812814434463	-0.37777527107796
-1.24026331027645	0.782777626686966
-0.36557484076105	0.156894226619951
-0.0178598705764479	0.0144070649824293
-0.541897568041263	0.171901391948758
0.155423904934365	-0.00355696641531015
0.47676653896262	-0.256311482344883
-0.117820328590629	0.0344295662252025
-0.00310892166775829	0.0181435342505582
-0.122475756527483	-0.0334479118277279
-1.48556754441119	0.891923872303099
-0.0398175574809987	0.127262529153729
0.262757444886325	-0.181772739126677
-0.479500121996216	-0.0989619818557716
-0.465484775149308	0.202268928709965
-0.0713785791303097	-0.0190774195756432
-0.187801200196624	0.371265608045626
0.649356565349978	-0.0569599161095206
-0.0796602152636479	-0.353150268796615
-1.44677401952635	1.07028543236858
-0.0583454972195065	-0.0189878137961992
0.729461316616076	-0.117743967153241
-0.0785711358410314	-0.0246232341820765
0.0160631147491345	-0.254918000457526
-0.0869234590990005	-0.0146076019754294
-0.595323396917605	-0.0750320088097705
-0.05150390574734	0.0169236466586182
-0.343407111961971	0.381237571727739
-1.21693504860708	0.856699769973601
-0.431348898897177	0.158601408266596
-0.437735389240003	0.154366517002599
0.21574896632661	-0.152056355989076
0.258003622832791	-0.0797440688725011
-0.145145453144122	0.0472800787826188
0.0795094153403425	-0.0108506112490682
-0.386867852942957	0.100774874063267
0.283346720881152	-0.155407533551472
-1.39193924405998	0.966623144584805
0.695387531902647	-0.17871712474632
-0.0530570110169346	-0.169224622373984
-0.398880339064747	0.0904507042558567
-0.124736789353917	0.206026168147017
0.186385031033023	0.0521061072057035
0.0250609693342579	-0.221518516436888
-0.478833690948046	-0.182796896488182
-0.332728579245457	0.367978518744608
-1.13842873210961	0.579071383728869
0.13903625264255	-0.00351314909300911
0.267365176560463	-0.0854668697611323
-0.359121297590746	0.127019117485387
0.0117402072094631	-0.0637505102195973
0.341442204408358	-0.295541683224807
-0.231769749011086	0.335537242095313
-0.13586354653364	0.183665908085831
-0.591113806432938	0.0449782773673872
-1.75956374020457	0.901473739644253
-0.402915743084389	0.0360913842087615
0.0829343427978901	-0.0417860698166205
0.167095695205547	-0.0161641471995229
-0.145609686715796	0.0392925193246364
-0.0890503279105474	-0.0391770577739008
0.326471598382758	0.0010080178509127
-0.382385987456765	0.0390130202159936
0.192969055413311	-0.0852537898951385
-1.52935341281732	0.936328899518377
0.408830788697689	-0.180556998513064
-0.170279682884103	-0.189229502611043
0.213426324842234	-0.034530199395174
0.498565816756879	0.200489343181697
-0.156312616341268	0.364840793902121
-0.710137297216189	0.262571634168517
-0.38697177275948	0.00330400582743281
-0.0910805296273431	-0.470745233195623
-0.565467987684881	0.395935714476968
-0.164919020127217	0.0338696944911809
0.0750171980382589	-0.0156485123957339
0.0222720414931423	-0.0125875747343106
-0.0701535721383014	0.017683654289898
0.0405343316182481	-0.0098958375882883
0.0614134508183255	-0.0213884678902257
-0.174869815147911	0.0312114072334019
-0.653258535789621	0.437638695631093
-1.24067601276967	0.856863610531302
-0.0757441850385098	0.0826573410333421
-0.128524179083048	0.0208609000494493
0.0271874062263896	-0.0127005203905542
-0.51509998084349	-0.550367345618323
-0.988611785766407	0.899465128221558
1.08386865528743	0.481332991752074
0.269845753410012	-0.753090637316611
-0.223330768695964	-0.109811714346316
-1.35324014286184	0.817439730833927
-0.0280914571494046	0.0746773938743336
-0.0291063033584362	0.0706888906167935
-0.0266540281507486	0.066292399814704
-0.814640729562368	0.255805402606052
0.0404812442911971	-0.167219398252212
0.062355788946686	-0.140820132592206
0.0782478357754261	-0.112781069145954
0.241410762684168	0.0137005418955526
-1.73048767413231	0.892868071469772
0.20788779811519	0.133180365647329
0.533793687905897	-0.134018426119805
-0.0632009369443302	-0.00303323534165132
0.180696098934348	-0.258394433911029
-0.392387515106475	-0.0917208583205752
-0.139318416829013	-0.132000607031911
-0.523025147477259	0.00835668884198514
-0.0705799428223533	0.421306057299772
-0.568076255986569	0.387433375870299
-0.0651736622648549	0.0114791935204326
-0.0654468918359607	0.013483250964331
-0.0645097104005028	0.0115058329443525
0.205829973856963	-0.0382024459285518
-0.0737810620739583	0.00887254899496617
-0.0722796128911728	0.0117875335097015
-0.0689928314777471	0.0100429529749762
-0.656440814992279	0.436471081197641
-1.13705082224864	0.691579550819574
0.306678675452512	-0.0472297136611012
-0.0703644461526554	-0.121210311111795
-0.127740335239353	-0.168183050473662
-0.171318841262599	0.582833742225352
0.706684980863959	-0.26063434532459
-0.271554132461012	-0.581492501333357
-0.984635957040815	0.211419253418083
0.0317225656597519	0.560815849312246
-0.630883137062345	0.40369491912578
0.0901901644974584	-0.0161513021753783
0.00261759219512825	-0.00402019159580576
-0.091122090396501	0.0156189894185214
-0.134114257930421	0.0207605434309023
-0.0999821509902916	0.0133846400249363
-0.00342294704959084	-0.00546319504258002
0.0994886589483281	-0.0128772817506637
-0.690215422809711	0.432562565897946
-1.40991274037656	0.691757942832085
-0.0629422741396211	0.00184591050602562
0.628827890736311	-0.191267049353209
-0.0856565108556102	0.00858459023867359
0.000958674334600929	0.179152804156562
-0.0848483204783325	-0.00306307169949216
-0.482446872689137	0.35304635422529
-0.0355613481186033	-0.0297118392386811
-0.296710999630607	-0.19433349889187
-1.38833286148943	0.848373656012331
-0.459312558352292	0.154215477641384
-0.0779367659984059	-0.0557028718902731
-0.214527545389092	0.14617152049937
0.54726129963342	-0.0428362450025227
-0.0788499454715941	-0.32052457412094
-0.483743705574522	0.291008056125373
0.297268145949223	0.062229369896318
0.0088118707702912	-0.19928538499502
-1.39207730390038	0.884603425864754
3.64282328383146e-33	5.58473238529294e-32
-0.0663720314237635	0.138740601017622
1.38782713261256e-32	3.07783652480467e-32
-0.817300471348858	0.19071303992017
-9.97291623916917e-33	-6.6115370000871e-32
0.139409386701881	-0.274325480527946
1.30671671231507e-32	-5.09264160910116e-33
0.278560590344618	-0.0420998227521997
-1.09739173079402	0.835076643045049
-0.345526207152178	0.143839613439977
0.325766623962796	-0.14538261618945
-0.277601713265715	0.121084900668928
-0.574986804655165	0.223554425262665
-0.109946212727628	-0.00243084735821817
0.0369169425373998	-0.0100346027844942
-0.0114004421594862	-0.0507271172615876
0.325353151154988	-0.181323667996677
-1.17534108957246	0.847799426392544
-0.0284681662441492	0.0703545856106003
-0.231926875945328	0.0545942293206946
-0.0121009350571629	0.0481714784646846
-0.361436142589264	0.115417049738113
0.0203727479434912	-0.0332376489480535
-0.569092235515322	0.224815938303358
0.0768114517631695	-0.229076560112382
0.518323783450154	-0.174864270630701
-1.84508150965715	0.850900701903763
-0.140781932122608	0.00597053645558256
-0.313881500569276	0.0300322962124035
0.325946177656209	-0.0190395768872374
0.0790211957217688	-0.0423200458840041
-0.320599289758927	0.0269704415131951
0.139183682330358	-0.00495417723006412
0.174172788661395	-0.030108372423452
-0.13309256211332	-0.0197523830241939
-0.890177944917418	0.732859167483063
-0.188841806504496	0.105457891493545
-0.286454052616594	0.159146275272537
0.0705981564074694	-0.0585821125639678
-0.158275656205196	0.0931465409524238
-0.475752418232303	0.233050066981902
-0.070531899124523	-0.0351366739073036
-0.170042173335092	0.00385305353910633
0.544177325284147	-0.302141771934175
-1.57361439159554	0.921607846173777
-0.231458175186754	0.0636859297402204
-0.353727924671266	0.0457532979718867
0.123417250392047	-0.056249173194841
-0.0202681507389743	-0.0136934662080316
0.402298360847162	-0.048764845081968
-0.258782480625134	0.0808242264676198
-0.352311172062316	0.0268749506672857
0.325984045388299	-0.141965511827644
-1.10946944879839	0.565214087560455
0.130710981498642	0.111554122641471
-0.0261568665188191	0.193342844464339
0.506023772773128	-0.266512534709941
-0.0472154359752197	-0.286998336588384
-0.17031106111554	-0.599419229771952
-0.886728386702314	0.233550330085382
-0.486561933273368	0.494866646891548
0.407380483468644	0.376295350730498
-1.02352858827071	0.747330864864854
-0.344139878123939	0.173211680640382
0.265363779411768	-0.0829550282564351
-0.275710882226632	0.138403752452847
-0.599101546067975	0.274516078620232
-0.104797411653721	-0.030283749782076
0.147909431910342	-0.172282038615351
-0.00658501594609267	-0.0423041446673039
0.258443274144612	-0.0935076521601976
-0.952063999339818	0.701670786859105
-0.125906354743315	0.115718273912334
-0.373942440670029	0.159922387058478
0.231308196146776	-0.101072571412723
-0.420246127255101	0.228981681948684
-0.205599015493412	0.0676968248129564
-0.330732401213912	0.109122925353024
0.155964313914472	-0.201272083316617
0.376753620300721	-0.173551060046357
-0.633096176787704	0.403397891189123
-0.0911686623301848	0.0160710184593017
0.00266926269430727	-0.0040448115099785
0.0921204837780334	-0.0155157477381963
-0.135634228506117	0.0205448375764802
0.101164602808908	-0.013160924865052
-0.00349552278239661	-0.0055661803763002
-0.100660793359617	0.0126399354225613
-0.690183664833677	0.432601776898982
-1.81150794269421	0.867841882203041
-0.201982168722734	0.00743753138909231
-0.277731441153432	0.0333580972804365
0.40384298949014	-0.0267889685584073
-0.0734010969252628	-0.0441308290717875
-0.273314628435262	0.0498804255956754
0.278562242364988	-0.0313895908209086
0.008626227684005	-0.0439362917250424
-0.0778147388380954	-0.00130791327295924
-1.23565540178004	0.839318978166485
-0.10986083395074	0.195181633576906
0.604689230635081	-0.0923635322229711
0.191421823821144	-0.408231778875359
-0.299540579793641	-0.02690798984916
-0.0252602252726601	-0.0510718925028516
-0.335073261956459	-0.461549729472555
-0.874085094671116	0.473431247836892
0.297656611945736	0.441242267673223
-1.65018589516059	0.901097149992748
-0.0474459783238024	-0.0238805026894791
-0.129902708379995	0.132251393700821
-0.560183658832952	0.0363887310734583
0.215875428900278	-0.0998514379125072
0.179808848695264	-0.0959949912482379
0.364361805246455	0.015667693762543
-0.30311150435893	0.130655653469372
-0.0348327903449575	-0.14116096894862
-0.410108998457253	0.314888341814853
-0.340410647689731	0.218142016499095
-0.297815037768996	0.213914795035975
-0.245188309522454	0.147646980132949
-0.176608991300072	0.117790758211228
-0.113108084724454	0.052255966623382
-0.050397857452678	0.016395953880663
0.0021176463077942	-0.024946467659096
0.280539342705615	-0.202560946910696
-0.621147579071382	0.452107597534588
0.0243874414701682	0.0566270770581004
0.258563011033227	-0.29772170286274
-0.532434005965199	-0.0367884480950859
-0.15806175977831	0.608028882749409
0.66550953200078	-0.101424959877971
-0.385075533067531	-0.724751886420738
-0.873164160671901	0.507884461460791
0.158709670760235	0.405040022125144
-1.05267724579416	0.767169454079792
0.175595000779685	-0.342360947973973
0.0869194725162124	0.0958022028412975
0.124956059262171	0.275456369599732
-0.650676054016709	-0.131706378083892
0.628886387089691	-0.405670041112114
0.204960331346066	0.50172485118401
-0.757485051392827	0.569507166583469
-0.458226913112886	-0.415296364499922
-1.18011306113234	0.80650003286187
-0.344578860093313	0.110369514652887
-0.103792127179389	0.0205254028822406
-0.316823576764109	0.125580835988294
0.0274197888390357	0.0423835750636541
-0.120315473575651	0.0933297392325523
0.414162108927606	-0.152308418256469
0.330876121210624	-0.255913457166521
-0.463763743767555	0.115846160502986
-0.92254441536725	0.521703012786518
0.150015165306219	-0.177402701807267
-0.0199839946388353	0.227998987241914
-0.149311658814559	-0.199431834218712
0.319139148431018	0.14778303137311
-0.475573661210232	0.0627629848098248
0.490688854096937	-0.341957587881016
-0.322338550259629	0.661264271136095
-0.668311471252194	-0.0628816703839464
-0.91396632019178	0.592977496134837
0.159229689221539	-0.114816166094787
-0.190936543842511	-0.00385069358402467
0.181744387493673	0.206130672995894
-0.0192327730734668	-0.406884352059564
-0.255864340139297	0.448939623081998
0.601288707746025	-0.29308105761523
-0.844362544925086	-0.14390868331669
-0.326213509256615	0.584875974606442
-0.769234493752948	0.600290967571566
-0.262031584260154	0.0495901683712136
0.0618843750318037	-0.301184166696066
0.205337542802256	-0.173919971790298
0.427967519235257	0.0420775792680518
0.296633869906155	0.511010530227832
-0.549985268953508	0.796893348248301
-1.04664320527607	-0.0343197615501938
0.0850725256264568	-0.589529329534378
-0.754850146437445	0.414052536549102
2.73691106313441e-47	-1.91583774419409e-47
0	3.01060216944785e-47
-3.4135354445018e-32	5.54876338002336e-33
-5.3031739149392e-32	-1.03136694101489e-32
-5.47973751005589e-32	-8.22012416327073e-33
0	3.01060216944785e-47
2.73691106313441e-47	-2.18952885050753e-47
-0.754850146437445	0.414052536549102
-0.609471170200624	0.454508706072606
-0.326713258853496	0.131774227212241
-0.0400823098956433	-0.240515469889549
0.344713990464196	-0.298001490209719
0.464276035600289	0.126545339633079
0.0836261822285787	0.629837039801705
-0.554587051416508	0.632707216351487
-0.879566142578042	-0.0946960632209569
0.0593693885898689	-0.469961071419366
-0.996699723657563	0.773843243296736
-0.0839276413676442	0.0333896486962889
-0.416811907300934	0.20621769840933
0.249190764107538	-0.108201571881295
-0.396695166209736	0.175629967828205
-0.247513980754104	0.12813016601517
-0.283126068762535	0.0230620415664374
0.0682905627541505	-0.0411058183717594
0.430980323219826	-0.262972685925295
-1.31268887752107	0.876413816937305
-3.60439327849878e-33	-1.1938603524073e-32
-0.749064745377302	0.19528128403812
-1.37324730304513e-32	-2.1371123376116e-32
0.166659722579891	-0.0266302910479625
-8.72926606458666e-33	-1.37254077572946e-32
0.311522164038968	-0.231232739027847
2.31812435101202e-32	3.331856348899e-32
-0.240446512177421	0.0955950031807748
-1.15412931613867	0.590981707988683
-0.133610171078914	0.00733435831744071
0.256866122464419	-0.0824760457583124
0.348549423927418	-0.125515037430016
0.0111770609043876	-0.0552674078127033
-0.340000330265829	0.286247768529817
-0.24089139791811	0.32825842849064
0.137906195298842	-0.176451354184649
-0.591217440325325	0.050728726020674
-1.21918220698069	0.851555434943749
-0.756900250297958	0.233842095805846
0.0810925201163752	-0.0260919944631743
0.263744256518074	-0.172488718823775
-0.0791668283328082	0.0323480673645184
-0.173713630451843	0.0799864795196868
0.0945141263188126	-0.0312264644291853
0.167122211027733	-0.133140235448242
-0.158866033545275	0.0823648251037819
-1.09723960885718	0.858393252231334
-0.111640210891375	0.0588361884491881
-0.127116058361045	0.0658725288200697
-0.147647421744648	0.061816687625035
-0.174239122749975	0.0662833783804527
-0.209742208303377	0.0614166651574179
-0.253058163481162	0.0613581681978732
-0.308956233298318	0.052585212988355
0.696444362866413	-0.343418532600498
-0.6347753105898	0.407130798242178
0	-3.00926553810506e-36
-0.128548937927723	0.0178595278837302
0	0
0.136801320400328	-0.0243521721689892
0	-4.51389830715758e-36
-0.141413853674841	0.0132615333441735
3.00926553810506e-36	-4.51389830715758e-36
-0.691739844500823	0.434262533776783
-1.51577433471378	0.879830495176569
-0.00650148861595001	-0.0389541596057997
-0.458680709783323	0.136131793315042
0.00997230557805683	0.029681840043037
-0.220544761980122	-0.00194175275837394
-0.00201200435261737	0.0854705142197155
0.582828706690899	-0.146135314796375
-0.0156286568473506	-0.149714904489381
-0.280704900218205	0.0777726857723833
-0.880807603620943	0.714923414808366
-0.318021510179885	0.175271125511107
0.0570042109962382	-0.0184502308571257
-0.261688075080112	0.137178321925205
-0.141415837056957	0.0469013083324523
-0.137026869328784	0.0475291813130337
-0.445779256141432	0.207454891022965
-0.0219333392854506	-0.0834803155383209
0.531584023277821	-0.301166176996115
-1.14065709679406	0.567875167628534
0.201419321725802	-0.137207849162138
0.028364177892221	-0.0718927931784974
0.246258925390404	0.348933042813514
-0.808628539069485	0.0218187095498641
0.648288098170449	-0.895935126595788
0.552091299283669	1.05524717378608
-1.17182122447715	0.388726497633434
-0.25080014151607	-0.460530923794686
-1.84125980489431	0.820759472569781
0.29838829388579	-0.0262603205368764
-0.000630599575478853	0.0530239401076662
-0.290392799975626	0.108148757450031
-0.377988449463487	0.0423924081647028
-0.233440616263967	-0.0773853316714876
0.0270831545653167	-0.163025579867012
0.23153878950032	-0.105049863787523
0.158878798642251	0.133597568956423
-0.879587636465096	0.963357957115261
-0.213892753213118	0.104797301334932
0.325924122270264	-0.261682761355742
0.338366678186903	-0.216089077116207
0.0597754092978634	-0.0597629545366816
-0.600066178752128	0.0517275665345176
-0.390025015157178	-0.100017220666118
0.16294332031229	0.0400148349950478
-0.468334552747336	0.504819991629871
-1.67931636726321	0.845331200824087
0.100930850247302	-0.00419623087911225
0.213876147373492	-0.0051149148581917
-0.45098600330605	0.179430136578842
-0.197607684921169	0.0443240502976309
-0.429794655399638	0.0115505375210714
0.114876504856245	-0.197486473654993
0.063328428015262	-0.113708246351932
0.297879234172807	0.0668754159985548
-0.755272211507303	0.554377797933954
0.160505891242532	-0.156489328491894
-0.1761768602242	0.21905812102179
-0.155681750061487	-0.256630323544894
0.479439780637695	0.167751810809327
-0.552731120851646	0.110292351033334
0.365254730375707	-0.425218193135419
-0.271847321569469	0.674108792564654
-0.630083535560067	-0.00230658064798869
-1.0456730994751	0.926527643601273
0.355702708829464	-0.23988561841826
-0.338086593461075	0.0942126280601018
0.261040888294897	-0.0181515618107269
-0.0934831502783911	-0.144505040802994
-0.112418599600378	0.125771106199296
0.343464642993031	-0.130368727988174
-0.587567066247193	-0.13551429989609
-0.508231848464805	0.502513939724971
-1.26609969464804	0.845813311731596
-0.12217149955101	0.059564698050699
0.0764667229125902	0.066895888339892
-0.142678884039719	0.0733015082656034
-0.576344066351046	0.168340306799112
-0.315734170103082	0.0696470204501153
0.361938768820605	-0.305088628890412
-0.178333149002184	-0.00910119635102606
0.363662548555513	-0.0634866641887436
-1.33002161277748	0.811223691643146
0.300419214234009	-0.244021532309725
0.235046965646345	0.15418166053764
-0.46114315405458	0.054480673859202
0.24472097325974	-0.18094816613265
0.04687556718	-0.110388112600736
0.228575606166996	0.258760726867941
-0.692363890649337	0.457253889380653
-0.390744965167898	-0.320859166063136
-0.655882424612133	0.481833954102076
-0.56282819174374	0.295930896232101
-0.356315787215922	0.245146650690895
-0.118188766271631	0.0342456295243285
0.0824184440487413	-0.0393007175008268
0.154791455685105	-0.128746887693184
0.136428974643148	-0.0986829515091231
0.0482923687304814	-0.0599724168955348
-0.211179383373978	0.143990455166438
-0.569024346213084	0.394014605585237
0.0280242627973707	-0.0110798808032066
0.0679459837327275	-0.0188473535305237
-0.159190096060128	0.0324854878837672
-0.0695833003153658	0.0174029374290251
-0.170242492511175	0.0305916319438324
0.0681676798573401	-0.0142005641209989
0.0303351487050673	-0.0111034638107112
-0.656941484862662	0.436098912862698
-1.53537234472995	0.891200904021144
-0.150365359434858	0.0350757457630722
-0.0177477728882481	-0.0397145779053464
-0.461430172981688	0.112837268378441
-0.168693982125823	0.0964848453416388
0.436931107484936	-0.0538143801936216
0.041505221729878	-0.0525490309898189
0.284900732924688	-0.15507491645376
-0.346887927196835	0.0385756097247951
-1.02481035975273	0.713427684009384
-0.063949372047997	0.0051554196528256
0.144796323107017	-0.42038675120174
-0.0695733744208945	0.014112400748124
0.724884539617375	0.290966096526955
-0.0988094468949995	-0.00810579330987577
-0.865345720579908	0.726106001162563
-0.0276382501277177	-0.0425819538584307
-0.39576521299829	-0.380559469822081
-0.998873197552939	0.481986893909567
0.223008599165218	-0.0601482944188498
0.272305324743644	-0.0908704069342772
-0.459584901570972	0.218386094535719
-0.141323662454978	0.0475818415569856
0.253967191589394	-0.287279076179213
-0.222575321816913	0.30478997791402
-0.0426712316237276	0.153427780540955
-0.5058716246115	0.0413191258503346