-0.460917337990832	0.353510739895028
0.0648595217046182	-0.0268831372437072
-0.179750562208277	0.0505296401769755
-0.0523871665717945	0.0126139468285408
-0.0371789648087027	0.0175341052650822
-0.178559545730004	0.0496312175051749
0.0633238328723391	-0.025693298339887
-0.598334483378923	0.428275494616741
-1.34554200236697	0.93856452013139
-0.0994105033904941	0.0587663909916134
0.0950958304956693	-0.054833227439136
-0.424023191196967	0.12779500167239
-0.604866885132839	0.125999701309237
0.278437527185432	-0.0806101663666523
-0.0923023167041796	0.00291297368818206
0.343432360212764	-0.190214034632962
-1.40750567184301	0.842406072327147
0.157237223565914	0.0148100982551418
-0.41027949407999	0.136056595139264
0.0111423075029372	-0.0256386911361681
-0.267590103074803	0.172780243878672
-0.54862022081468	0.062485168430045
0.243128648957149	-0.323116338771409
0.366484584649853	-0.00220566769548
-0.904566028265414	0.621634338053364
-0.156559892212484	-0.0207346350230757
0.0301064068367496	-0.285508478117
0.420385713168337	-0.192440331566866
0.413248972923079	0.398039617068559
-0.255895006114237	0.789626923664758
-1.15911038619459	0.183342319289018
0.00243311709690564	-0.610162929526228
-1.57114037603384	0.941774174644976
-0.370854254471479	0.0854428268792423
-0.221006610044815	0.0441268878574682
0.0957484084006576	-0.246355854607906
0.502870549109047	0.147346818884941
-0.621928571296122	0.190580839240952
0.0893040827470176	-0.32236551970106
0.155707565062969	0.0461741981007399
-1.02466973280574	0.495988903044639
-0.227965200879718	0.0936187741308082
0.482360426561202	-0.177362506212507
0.216641146591238	-0.156373688526317
-0.328523024216589	0.25582989927821
-0.25635862831075	0.336975599933722
-0.0398278795226937	-0.0447005082771384
-0.456405987501444	0.00598485233773058
-1.79658336351565	0.829137681565085
0.30706836912349	-0.0247296273331065
-0.101224003011287	0.0900759542645662
-0.404124761406986	0.116872771642255
-0.375345046319263	-0.0167870075454177
-0.0709308954844504	-0.151421405969531
0.229554215137731	-0.178231574463202
0.200288843719987	0.133190030012775
-0.46291242061932	0.352421979318495
-0.0450494565120658	0.0132351284851021
0.0671853190308084	-0.0256231839287298
-0.182882219683828	0.0488998987858202
-0.173179313110891	0.048796958268923
0.0646701338799314	-0.0255600801896208
-0.0480968449517515	0.0186106324506636
-0.599281840862204	0.427915838583258
-1.05316682100715	0.755108102648884
-0.523235786496786	0.18579207708629
-0.0489207078051001	0.00317073553256508
-0.278164067833575	0.166804170173034
-0.0693531802228327	0.0935636353910035
0.448295550299765	-0.241126823734259
0.187950119968759	-0.155145101956924
-0.359054968335891	0.101473879625661
-1.38398290557435	0.729928551593514
0.292888767599755	-0.11505928583642
-0.227770096139998	-0.107413995158398
0.501280683258438	-0.316190782215193
0.51497066949778	0.61692702413717
-0.863037937106213	0.83378928835524
-0.805071322674484	-0.475736742123022
0.145678993698908	-0.329811288301143
-1.12978724988467	0.895749419972608
0.213082773596332	-0.142515451963738
-0.722709472236473	0.207446682076821
-0.182345018560098	0.160839264571393
-0.0492971249783389	-0.0470068748590532
-0.338786152872787	0.132603838782748
0.224835811135949	-0.012212931709318
0.231496154088843	-0.242805480049479
-0.616736926771658	0.464768547200986
-0.21349418017987	0.166064279140613
-0.485624822264422	0.274491491463197
-0.0972156327845342	0.0558620158492434
-0.313362374596145	0.187762695145552
0.0508554905930903	-0.0481951939439907
-0.139094811156808	0.0171973333137868
0.351338041337216	-0.242974617111556
-1.64437905467158	1.0931694848817
0.231274092867703	-0.075238547857762
0.618079769794591	-0.0222164259872806
-0.187961656439208	-0.16337359134019
0.0964984146245353	-0.160090983495478
-0.59137322262092	-0.110986315875755
-0.218531386320608	-0.00205802640583138
-0.303442640268529	0.374982638513436
-1.22695478408624	0.836298373739833
-0.418834604553925	0.105399906202262
-0.0400094539352512	0.139691465278573
-0.503655282352914	0.161838557605894
0.255011746273289	-0.353380464867957
0.52545827213009	-0.0229803178962204
-0.288799704611221	0.194230647779677
-0.0838195254908386	-0.151617420870286
-1.1753024706284	0.887201033839984
-0.138724998431056	0.0488244568109705
-0.0268878766419168	0.0845859966519312
-0.131413380828888	0.335777233400508
-0.634988893061023	0.28109865239285
-0.631387608097508	-0.541129662932913
0.846835879130951	-0.532125282207957
0.12152465062169	0.375731518234423
-1.24964442264367	0.949396166543455
0.164760979766159	0.0856449045748627
0.135269766616324	-0.358521770724724
0.628736115109549	-0.147797348143415
-0.801845042155858	0.250727588370963
-0.315864271261213	-0.479662876147279
0.0568416794050967	0.388023737287636
-0.430597892835987	0.263225299588317
-1.11254842592809	0.856676401081543
-0.130153848040505	0.074983582591393
-0.150944827746662	0.0677302274713028
-0.181097300545773	0.0760447822589261
-0.221344989745031	0.0686169925806116
-0.273591183271057	0.0718532066330496
-0.342958260893673	0.0587313521569559
0.673561423402121	-0.335104520267714
-1.41409418823638	0.76323689032629
0.51939979070549	-0.117885870818109
-0.163170120618768	0.15117701987646
-0.202539301664185	-0.0610125945300001
0.221191922717355	-0.255979911748935
0.148216586061287	0.12292734061794
-0.46602776537054	0.409286301665293
-0.486576640247733	-0.16753946269614
-0.910752525274817	0.775660172757797
-0.00358376612805703	-0.000627615381142395
-0.54367591908514	0.124490266574119
-0.32090143921672	0.363965297855806
0.113663540663379	-0.241436796683905
-0.517945880152199	0.222441775672007
0.431953247993617	-0.00241027840919873
0.109446443832269	-0.296986968739128
-0.744555862368063	0.591309222364279
-0.191159434470644	0.135072663315881
-0.244510011997046	0.166470738047078
-0.528305566687937	0.242252698884667
0.0698214191629442	-0.0204924862520548
-0.134195792511428	0.00496840950701782
-0.195979772212914	0.0967400932421583
0.42960694052441	-0.314355880852579
-1.10080431415595	0.789216690072658
0.172712280615886	0.0478718999896883
0.00384469730146727	-0.00588984036151928
0.653763826525191	0.133703826225092
0.100777004518424	-1.54089177109748
-2.033657992761	0.174068073337869
0.0786058864720776	1.32762496030903
0.40329068862762	-0.0112989807176893
-1.3771218174428	0.832792419710435
-0.0377016092240218	-0.211300420544795
0.619760767585765	-0.16440520774599
0.0320077168321463	0.244201127570972
-0.249064369832656	0.029914235079072
0.0772677707111972	0.367355581014635
-0.82320390033504	0.24185352973583
-0.0837921220821485	-0.460947613725164
-1.31319650083263	0.838770245413186
-0.266743786656836	0.0578857020689163
-0.249171458273603	0.0873055658633253
-0.184309212226465	0.0831952233345902
-0.0486776692932686	0.0762313083572708
0.19507874231055	-0.0421788729790735
0.53236121568351	-0.278958412796806
-0.482397351229427	0.0718103956077904
-1.00245081171794	1.04283495005383
-0.106414042589007	0.0126455917714423
0.417797601011847	-0.280532928345421
0.33438319372545	-0.189949122227964
-0.382497586552643	0.0211345439790718
-0.664852936085558	-0.0857899598812541
0.143177659719867	-0.00147009061411382
-0.469010434787002	0.517134931973442
-1.76175089162811	0.892481801944881
-0.156447431435183	0.0291132464447884
-0.422470712852484	0.0198435421897893
0.35522466320113	-0.0545364667176818
0.181274307935387	-0.0116765417051268
-0.358190893311901	0.0436180684731933
0.0562661985431143	-0.0698594155725119
0.0968650533375797	-0.0185504731008818
-1.43731757672236	0.851547931756759
-0.216314853188716	0.0491417053275489
-0.234338468941454	0.0976643849498177
-0.46050272668228	0.14466421716249
0.576415766219443	-0.17875084706124
0.0699445320525606	-0.0349118379202987
-0.0407181249695633	-0.030841509674358
-0.127004596542514	-0.0229051956268828
-0.956639181510904	0.67858992703255
-0.361732894928735	0.256472748090317
0.164825732460831	-0.09419209364025
-0.425410123954915	-0.217122357230924
-0.708065743621474	0.378509573408317
0.219365073060255	0.53062295656374
0.587839925339898	-0.36338067257704
-0.162107728743313	-0.272516352948178
-1.23772113677762	0.743839930191547
-0.383217629492014	0.179732347844769
-0.0710390181736647	-0.118824909437692
-0.556696155308797	0.219877544743634
0.332612560632763	0.391561341567937
0.642101884123064	-0.486779127803921
-0.40806613457084	-0.263084255704359
-0.0863387856403445	0.203604073153012
-0.456475978601834	0.356602844621402
-0.385480802791696	0.236770493594501
-0.323986313401492	0.235467010173447
-0.252762330430166	0.13520186064477
-0.155422634462524	0.108283641512434
-0.0797589712088342	0.0123721579487526
-0.00584921889684941	-0.0101902450314904
0.282004277640873	-0.212889083990094
-1.51234959359155	0.923899218482596
-0.384325793053043	0.0936297532724573
-0.198586502008111	0.0145482592971066
0.0551578227101067	-0.0443710009764812
0.242201358954142	-0.0634365733557851
0.0905144936553254	0.0606917950406096
-0.559881807431056	0.0831653696700949
0.353221725886022	-0.177458007886021
-1.12167599915947	0.817064786771172
0.100690556392773	-0.0402455915015865
0.342655847048628	0.157636597790873
-0.0352624119060799	-0.396671574999286
0.188721513286943	-0.528921009806956
-1.03506169184026	0.281601190612707
-0.346352011439134	0.173928209697771
0.171047283584935	0.457333783881029
-1.43013842604799	0.949036836437499
0.170333126880269	-0.0708772526659849
-0.434058064909788	0.104033361099979
-0.012811662239451	0.0744405608824574
-0.247190806850862	-0.0277217042014419
-0.540917814621269	0.101747747838545
0.222093740753388	0.0214233470535002
0.387201963681407	-0.235562832473235
-1.27573836129073	0.780810886228899
-0.189309643956515	0.12063687017039
0.294074608242824	-0.0309488966033592
-0.584792071501504	0.201421629369485
-0.382881762257553	0.21049204597216
0.0183539552753239	-0.259236726667031
-0.0524056555904603	-0.063909677798515
0.381873641551252	-0.0815820455019733
-1.97749675760567	0.79571244120421
-0.236876621155442	-0.00798428780670207
0.228789544055973	-0.00182156278056644
-0.206257710326653	-0.00788664699159534
0.189510678279831	-0.00172352324732691
-0.162138864021963	-0.00753017011286829
0.141266065744067	-0.000179336380980415
-0.0551114983047173	-0.0184880229595535
-1.30782361915612	0.814814936371508
-0.101489865423246	-0.190375462268776
0.688036133050373	-0.17908472258938
-0.0771200954438943	0.253028742934556
-0.151569670327966	0.0101022413578739
-0.0303587455488003	0.394801048259233
-0.75631700717362	0.190409940871287
-0.0736721649721806	-0.408329384757077
-0.741758021004307	0.619793262573636
0.152666618025506	0.0444977388713093
0.0917964313809791	-0.35176692845058
-0.583469569542261	0.153550617671074
0.420087814590132	0.376524320177163
0.165195486967035	-0.786479092654672
-1.07932975488961	0.267950022798633
0.0312438296097066	0.58998218738055
-1.28499628502906	1.21008140381879
0.170459082087341	-0.128592710022855
0.201120467535462	-0.1568906736157
0.638154336154053	-0.178097086257407
-0.754309083351587	-0.108771187861752
-0.309501938692903	-0.0524799935250036
-0.160422384511025	-0.0506861634102333
-0.376826953243115	0.515481394503598
-0.29741600401034	0.276874244611731
-0.0850283562650093	0.0291605990994706
-0.0840687715230688	0.0300561887777506
-0.0818363991938699	0.0289300093304017
-0.079997470073848	0.0296635154143672
-0.0770860450506561	0.0285030791795571
-0.0744692203021794	0.0290116752531331
-0.518128636600934	0.407367668041456
-0.875677544361645	0.665242745033589
-0.0551812018643346	0.0839960111045551
-0.373417835874299	0.179016868895122
-0.39234678848811	0.204990962695786
-0.0999245670998728	0.0140115343507842
0.0403301478553724	-0.0373299642561478
-0.345738598153694	0.111264215966415
0.495413275569657	-0.314205813849994
-1.35127572121178	0.906955155488113
0.0330293514344636	0.00330557728441286
-0.215799524170873	0.122216920731519
0.0267003558991453	0.29976638073137
-0.892677573782294	0.18950140042321
-0.203248533634709	-0.594977154541618
0.652153455735626	-0.295309589885065
0.105632349341593	0.283009029084035
-0.625019515927323	0.540036789724066
-0.276868626443384	0.184155090456262
0.362413505669554	0.0858104663564864
0.419828732458392	-0.417837405658831
-0.342874259264519	-0.631673400981747
-0.997838576960357	-0.0160034482157498
-0.479194124189742	0.974424814723972
0.458525336810701	0.185017311534748
-1.23296053274551	0.80783318155155
-0.546599809166422	0.23702591636344
-0.304545069075737	0.0551276005354558
0.418745177919616	-0.166739001680761
-0.0500371816078912	-0.0174757759943967
0.0273795697218625	0.0342836941124025
-0.313967929780085	0.0911692860237526
0.22336671885334	-0.144434032311701
-1.03339151735501	0.535569826747283
0.352322143044087	-0.114931287925137
0.0497128310061121	0.0274610045867286
-0.538636610805397	0.228598781224412
0.252592919525306	-0.308557769372313
-0.0792567574008564	0.156800737221087
-0.178272011563781	0.274771905688172
-0.470894716366177	0.024642414665392
-1.66568764575201	0.880012923813568
-0.414812087565257	0.0663827817029861
-0.0170374720399945	0.0118499491028049
0.222376178621205	-0.0644030023593775
-0.0186385259735474	-0.013824079135317
-0.324322809568778	0.0887037183063336
0.443409237056366	-0.0884218031928542
-0.193176375728814	-0.0366319647532253
-1.34171242298555	0.746991780313292
0.0694648616945441	-0.182388537796215
0.223580765621163	0.0758820642195791
0.520671029440286	-0.237094653527142
-0.617367455617413	0.19734192837475
-0.0464764664839751	0.454293539186206
-0.14715971425926	-0.244372808541669
-0.472146887193851	0.0407499638084103
-1.60505018073455	0.950503833388867
0.0754312027342493	-0.116357962385132
0.217271198310196	0.23407906334411
-0.712193777918371	0.185295454731516
-0.220292039268299	0.0307425268413454
-0.417326274533068	-0.267617718145073
0.469111714020728	-0.417726815008031
0.236331899289826	0.28488983023394
-1.90969245822536	0.939237414683525
0.466628363552708	0.0729073657597251
0.324121146567525	-0.0404444498873605
0.0841777563189017	-0.111728771482973
-0.140256171131343	-0.182193192238977
-0.305324773990589	-0.143810445255854
-0.389222988721993	-0.0693010073581434
-0.208572965328154	0.356560987102711
-1.57292567777297	0.90483654978102
-0.355256888948735	0.083334520827273
-0.215659294096336	-0.0403285582371865
0.0916875886821525	0.122223951580541
0.458700111357045	-0.206953744764199
-0.549635374897952	0.0610177494688062
0.124556584126256	0.12349503377047
0.0835432846194149	-0.176223996212229
-0.994365612961084	1.00234500290673
0.289081531093168	-0.277062123239291
0.0626391582070869	-0.0960304104441121
-0.510631105785953	0.16932211806086
0.548481036016362	-0.0474272673810135
-0.212351185605647	-0.139091846166117
-0.419367747679675	-0.0964457934540347
-0.482363709920316	0.505514005228403
-1.05083201316043	0.782902660015042
-0.750485749285441	0.282130724496658
-0.0878266327718709	0.0486093261856876
0.255469923304335	-0.190307759395042
0.103724291201534	-0.0438829222486611
-0.173041488355838	0.0895457695349906
-0.16754646081304	0.100772037491974
0.170542657296111	-0.148410335601617
-1.78361928755375	0.851366952514818
0.116969393708448	-0.00579513315173813
-0.415497445381056	0.0778674941366237
-0.288929653420591	0.00891855728551649
0.238230450695103	-0.106719624125727
0.327596558445016	-0.0146872430469934
-0.0393536633223363	0.0506032671053474
-0.165667337211443	-0.0519620165394204
-1.39477288545512	0.811985709293242
0.0757589522383502	0.203096007904411
0.606050841709143	-0.220039656369719
-0.0313709096350617	-0.259404295022137
-0.269284725004508	-0.0180454214486978
-0.119564735335805	-0.373713637241055
-0.829306427343935	0.260207285930344
0.117444610131939	0.463576752692648
-1.17658601255857	0.757329739885703
0.257459347240532	-0.0449702085139889
-0.683363501363309	0.276292071515474
-0.238564528551761	0.00460787084537153
0.0184099843256438	0.0541064157812961
-0.291935420302235	0.189645177219045
0.0578485800289146	-0.287151628509172
0.310596460334306	-0.0628192365315097
-0.74445515865601	0.546748248906638
-0.61748673303735	0.307043068624898
-0.332715615771475	0.226141023768219
-0.027063449261735	-0.0226860574755806
0.161627899885532	-0.106102824870014
0.173375157827259	-0.127700802239398
0.0732758102103244	-0.0819132932401433
-0.217309789900797	0.142380127465664
-1.19293980136382	0.872940913780613
-0.0627632750386278	0.0453840758937501
-0.209791233841458	0.188466884451282
-0.231917645886871	-0.121927899824342
0.0608035801992351	0.317583800565892
-0.912906056062209	0.134637385239373
0.354539685142122	-0.639090808978797
0.420191296680728	0.132826780771047
-1.26724820625967	0.625239644149685
0.590993861941525	-0.223339510087519
-0.185533106401748	0.216378872772614
-0.327129751140503	0.12014247991751
0.0715442893699943	-0.163082121275015
0.115925362333381	0.0812492920566611
-0.378716183409075	0.340570568028274
-0.377593656659325	-0.180962364174289
-1.40917082364397	1.02434969194069
0.574641858711429	-0.171490837342181
-0.225741771346715	-0.104667490857086
-0.151355374200495	0.129482040664988
0.327293755446912	0.0163652066241286
0.0684539724277283	-0.275118962679232
-0.684154023806724	-0.14562422276468
-0.391291670563849	0.477766257853066
-1.32362221042874	0.935714397226992
-0.0345744961253459	0.00177430073257037
-0.184668522323138	0.142336344423192
-0.0254393146587377	-0.366034175317216
-1.00763855953893	0.190093742479573
0.238669732014872	0.667845116568252
0.635816235003837	-0.359098773227152
-0.138288056943918	-0.281231888027134
-0.725914123872306	0.624837142029416
-0.436618548732844	0.259013067972577
-0.0384929933270281	0.00749575150652574
-0.081918517117191	0.00887822642606635
-0.369020186567803	0.221286157245748
-0.337631069949522	0.16079299991683
0.0336634362138184	-0.107381157340697
0.417831092775108	-0.25580711084634
-0.614749836067155	0.4070959290991
-0.137112037095863	0.0246981466300363
0.100446975561847	-0.020046740600835
-0.0412831348712222	0.000962633177237086
-0.0260035905844771	0.00593761920252151
0.0968796443129642	-0.0232179210438858
-0.150055729702087	0.0208931427249615
-0.679669400619229	0.435638542747987
-0.719644870074445	0.706254422896432
0.150890378094049	-0.201903706515394
-0.318205514187401	0.235751638204172
0.3202795334002	-0.232513122315338
-0.282270858278721	-0.0280101119063257
0.22466724518025	0.0850640115778639
-0.371641244597946	-0.0751508836751137
-0.555136175859724	0.463841692090048
-1.74009963015244	0.915413195598837
-0.526243167031892	0.0344174492144455
0.389077837561766	-0.060191971479892
-0.168770517871531	-0.00660009023764057
-0.0136922607758179	0.000285571405278396
0.152908116611449	-0.0406453102903252
-0.207783178341901	0.0390408449727664
0.109788811305238	-0.0378614709246622
-1.20100325321195	0.631357052557644
-0.0902539907136221	-0.0400779954691456
0.374973121553725	-0.0754959528815586
0.285838422751756	-0.16297245478349
-0.267601694572611	0.150513933552421
-0.359591035535857	0.430617876824786
0.0975865126897653	-0.119503943846538
-0.571999601760859	0.0168541756874519
-0.779478825646892	0.624539281990526
0.22524164267393	0.0177908654076984
0.0209670037150937	-0.331355150292461
-0.539311361349278	0.143095895555591
0.314213427512427	0.398839329827739
0.250355414642288	-0.755552560545777
-1.09035104015714	0.21419390961343
0.038592246241724	0.597242830845562
-1.37507082135033	0.843371041128595
-0.21201904684712	0.0435848236596681
-0.343675074316757	0.122252283513448
-0.0382339299114296	0.0121357731904945
-0.260160511941222	0.146113837257383
0.623974193411592	-0.178585920439512
0.0515106851592844	-0.159894375637519
-0.289355511866382	0.0551677182584126
-0.917538615954495	0.606534651704749
-0.0747771364071241	0.166758457139225
0.381461100098036	-0.0051211738086681
0.1354449250011	-0.273909806204256
0.0241453084125012	-0.550950854898621
-0.917870129033804	-0.23048761360709
-0.724159024534062	0.862781236962675
0.480949735352729	0.299596827262256
-0.786865838437363	0.557994339436225
0.123595681795131	-0.00926322137418636
0.0900220383529722	-0.316562940461536
-0.562064373478227	0.225108594099881
0.488885446549484	0.479648243295802
0.221932435717112	-0.846267399440145
-1.1286174545193	0.205609698048441
0.00301576554222312	0.584128005480526
-1.26400361648734	0.870242646113551
-0.0483216126110145	0.0582369066792597
-0.145301442558187	0.0855113863603655
0.000201501078353706	0.391719406779073
-1.05960280306633	0.159769391922783
0.0633036544056663	-0.783577866904653
0.582873154166858	-0.0750421803554554
0.0677561050293803	0.209334894115718
-0.771763232949146	0.621314471855039
-0.241744852543257	-0.0035520727796753
-0.0110107570251155	-0.335009502889487
0.555315039738565	-0.139106194215092
0.277313251911247	0.378885423220802
-0.228424469144881	0.741772075408431
-1.07547542409874	0.235382027855544
-0.0602373217094179	-0.590730684438554
-1.12446304954965	0.742972614459893
0.0176426493984104	-0.173597623755925
-0.00305375511887602	-0.0917046385465744
0.318637437982492	-0.524536862385702
1.06918463916093	0.83317818888729
-1.36561944834983	1.24156887539586
-0.86680765993232	-0.849118128068076
0.232220488679735	-0.287620548300348
-1.59461830366597	0.958282003105718
0.0969756411626992	0.0518551165870153
0.0357399911484815	-0.185398147660551
-0.678506588635632	0.0634028455707529
-0.191854860979013	0.0595838263999826
-0.141144221706426	0.252562061451481
0.537026411359369	-0.0553138843800184
-0.0175840019197865	-0.256024120306419
-0.681104354444913	0.513090564407775
0.0627168628947409	-0.161300121306983
0.290901149084244	0.0783031366658239
-0.598577064562711	0.336695812868851
-0.142685839713154	-0.545684905444559
0.59979680289933	0.198382279918339
-0.628788307443114	0.69290110577664
-0.400905180906901	-0.230067519015029
-1.72781312740363	0.8718790662115
-0.379866943924658	0.0582752214293452
-0.0324391741478275	-0.00614090428897436
0.37274000873569	-0.0693500821177326
-0.415157422552172	0.0597806925599382
0.198682398386196	-0.0147410588279964
0.0745677908194592	-0.0500357858533172
-0.0822539579319533	-0.0211279478922774
-1.35391995471163	0.95547727673131
0.306136498472507	-0.271067685218796
-0.201798292199089	-0.174510292406595
0.554653471349413	0.0310053274531978
0.259597625605816	0.340997773740403
-0.750778607548168	0.439624094235777
-0.484785516367918	0.0820298893475765
-0.184903278226908	-0.469910289891854
-1.1869292295412	0.874983487607505
-0.0663983115984627	0.0727301669239734
-0.226429116092186	-0.0101443364399793
-0.18956041412246	0.224292342749494
-0.0991766412189619	-0.203217409720616
-0.737943563185367	0.28386098252787
0.506805856852689	0.0501846205738686
0.226897070884024	-0.359895658544018
-0.892558269607252	0.60491481969163
-0.0505236871213649	-0.146922445256074
0.323771057019836	0.0338179558888911
-0.384130861413417	0.234860122725453
0.0643687504185912	-0.557410623447877
0.629293598349045	0.327263085671503
-0.830069494963793	0.702022428285397
-0.46205377115478	-0.319243879619907
-0.617207571765759	0.406050427416147
-0.0317942957251309	0.00285614852896836
-0.134919741925168	0.0250219192263485
0.0983681361360638	-0.0222588801991936
0.0980048716881869	-0.0198753689048307
-0.14754193475997	0.0213057898544413
-0.0360638810866763	0.0034098010416759
-0.681190530429655	0.434559426078758
-1.79572394408898	0.911077383627357
0.114048627705031	-0.0528402583237017
-0.463912916662483	-0.0247825351541944
-0.2770583806881	0.110930969616481
0.315545147462139	0.0634806666385893
0.338599816680677	-0.103076630195862
-0.117187271586361	-0.164565534048058
-0.140862172425656	0.0912833846016109
-1.03100429625052	0.568024075176763
0.0387239459346151	0.189138338825717
0.261638595788162	0.00592409534577876
0.268603182462927	-0.297171622301573
-0.118723297491935	-0.532074038144919
-0.7345972896168	-0.21731839363997
-0.839831012215607	0.768241561891796
0.504154796637787	0.353210499485623
-0.632653218507294	0.550277586618027
0.199320226819304	-0.287515526320034
-0.332690069474287	0.293162700009613
0.223733537202047	-0.111355945561032
-0.363114324804219	0.110921346598763
0.233352787427923	0.105985340815091
-0.313456429588086	-0.157754652002691
-0.500566539171841	0.402909694930381
-1.36152276279782	0.815764016369102
-0.265074294807311	0.073867982624532
-0.211669210657925	-0.0329770561758436
-0.411984897481485	0.117886315708476
0.191045475073387	0.507351085990904
0.827516183653519	-0.51188939883233
-0.528603716718882	-0.324865403064948
-0.0719843701370989	0.230389315281697
-1.8204304345926	0.943266972309516
0.321115398988929	-0.0156185413278537
-0.13389348558402	-0.0896918450345174
-0.451819979594558	-0.048687808955073
-0.372418975663479	0.0634531917025028
-0.0272720615222586	0.135353163082138
0.304210719097925	0.0483617329485036
0.137806520547204	-0.196577084219853
-0.987003899622848	0.543163788510266
0.221458062863503	-0.0437734973308845
-0.229428203061192	0.0503862200665121
0.230033043769194	-0.129203504231155
-0.21095574054859	0.163806560044418
0.190362544785862	-0.265225717955056
-0.15321418659638	0.323999791051257
-0.689705312695682	0.193115475690716
-1.62978912160168	0.928262131709654
-0.0784168238814743	-0.0338234976604965
-0.171930827559918	0.0197826021852042
-0.550426819509537	0.107674758060966
0.33594952515648	0.0502119068173361
0.201657161347065	-0.0492343092698799
0.242870646988261	-0.183100417719148
-0.312429495305657	0.0303023808177642
-0.780007207777766	0.753833469696272
0.164649917039227	-0.231248965036431
-0.243218378024225	0.168229396285675
0.252594316459201	-0.160714705923815
-0.315694428905363	0.0570745030415674
0.314238502813781	-0.0115971601725788
-0.39907646917476	-0.11158990039956
-0.578092424333372	0.497152390670172
-0.989868684844147	0.783074908904957
-0.251696526506084	0.141364510990881
-0.0200215279323871	0.0209474877873099
-0.318012003833789	0.12948568087608
-0.0720640621360502	0.0198684532534443
-0.439193626321896	0.161428633520004
-0.168743612445378	0.00568291349121582
0.584300156508214	-0.328814509850669
-0.754850146437445	0.414052536549102
0	4.37905770101505e-47
-2.18952885050753e-47	-2.18952885050753e-47
-4.89703156432452e-33	3.61205756310972e-33
-9.23777177931475e-33	3.1175553219951e-33
-3.28429327576129e-47	-3.28429327576129e-47
-1.09476442525376e-47	2.18952885050753e-47
-0.754850146437445	0.414052536549102
-1.19691009190132	0.589729395048416
0.275318515549702	-0.0660797911632415
0.0813378228767878	-0.00565389354611864
-0.384714119353101	0.154344568989807
0.376811435941601	-0.33272776176015
-0.0659345950427553	0.178396636251465
-0.247186194256347	0.293146460754733
-0.561187206832148	0.00403119105683326
-2.10903146532734	0.676829902183906
-1.2303144088096e-32	-1.92640171390716e-32
-5.60519385729927e-45	-5.60519385729927e-45
0	1.12103877145985e-44
2.80259692864963e-45	-5.60519385729927e-45
8.4077907859489e-45	5.60519385729927e-45
0	-2.80259692864963e-45
4.53566302160017e-17	1.26826935136573e-16
-1.37299172077078	0.860150915953983
-0.248463691045278	0.0588388763154507
-0.195159318777537	0.147121337740841
-0.325260124272874	0.160818565517934
-0.0734781726164492	-0.334138519673405
0.782699855023469	-0.0942101258696489
-0.32177766884268	0.308962976368396
-0.0909510803571024	-0.216196566764878
-0.685772267397429	0.673320207599364
0.215941251867484	-0.286764547373162
-0.266484317208419	0.185970622169106
0.159493242461094	-0.0851648566907466
-0.400187565503433	0.1557279198546
0.308988232599781	-0.00313240062547864
-0.339701422385888	-0.160533048902349
-0.523327638822352	0.467001091771626
-0.939714047393501	0.933407044341688
0.338233751081018	-0.335124156928679
0.0443382419204266	-0.083408388701538
-0.595187796612606	0.241674483381024
0.468937661512662	0.0571919382707212
-0.177502036775365	-0.112937002387151
-0.344983123511412	-0.161808138473973
-0.477704876416768	0.464571610330831
-0.615053312473671	0.406339793658755
0.093936030442635	-0.023208605642297
-0.0312859110107891	0.00435637066306503
-0.135715098458801	0.0237351446609013
-0.142520341005614	0.0224101133322039
-0.0397623840812933	0.00141826581727925
0.100305714594268	-0.018215131349602
-0.681430921148705	0.434760903346969
-1.41053465628726	0.908066084819259
-0.717459310396943	0.167182702962299
0.247915862533092	-0.0839462113359802
0.161363370114127	-0.114082103123786
-0.217254709535886	0.0764638057002071
0.00535851800321098	0.013988434541007
0.214609033149917	-0.107255819472543
-0.153732529090061	0.0432172913287584
-1.44083017732113	0.842904797184452
-0.135158935568954	0.0343929172311186
-0.397545280100588	0.12407646609294
-0.00285972389459124	-0.000125716475415096
-0.256825011086824	0.111093658927983
0.466436127763785	-0.123598742891398
0.266406142347223	-0.164280060342403
-0.369238161312877	0.0469707650115555
-0.890712785093753	0.547712754041407
0.17556205407869	0.00254142002634264
0.0182825772369409	-0.321664017188574
-0.449477020343391	0.252206973136839
0.44695938006698	0.435181871931624
0.284334335074286	-0.814945285360758
-1.16454945295956	0.143009110687782
-0.010660702258742	0.612407341603101
-0.707517919029304	0.573539309800504
-0.31647885705851	0.0247820620496748
0.092261156808607	-0.313103860187838
0.453950497151307	-0.183176170806874
0.372540608601402	0.46028422584877
-0.392891589757492	0.739817862574026
-0.985124284627052	0.132297237880752
-0.03761032701177	-0.532630359670647
-1.3210734883997	0.836219007162012
-0.0157496786048	0.105405960123993
-0.180113995493773	0.0572784476210559
-0.0825633331449812	-0.293805855729675
-0.846422990836072	0.306626964138873
0.18609239437452	0.334037726880631
0.489874342116139	-0.153000543448881
-0.0498085812076371	-0.301235348901622
-0.456576733046364	0.352616343269878
-0.181604811470672	0.050965866219958
-0.0377546810880286	0.0173887115789366
0.0722487789897504	-0.0266320900410219
0.0584051943548965	-0.0264501170678238
-0.0584129981034298	0.0126578622255485
-0.178548988573895	0.0508576231661573
-0.594769487619254	0.428578260910947
-1.57778114558609	0.699397640469706
0.174727884694273	-0.0557107825734345
0.508985222216794	-0.167427315488352
-0.164497524765433	0.181452004504182
0.0806066468704505	0.0652147660380075
-0.474843910470887	0.241980009488985
-0.184196380422985	0.0904472521660211
-0.260840047309319	-0.268208264423974
-1.08733786016824	0.754102064757405
-0.319232070477131	0.15009836425685
-0.626343410611612	0.247889242943081
0.244593660963816	-0.111392783752933
-0.0426737959755508	0.0161140554045169
0.347746194966022	-0.201793835717084
-0.0465629849483283	-0.0411439652756562
-0.179508727600411	0.0888525657897342
-1.31993755045531	1.0757005456183
0.379938940035256	-0.186832865779683
-0.223090725233865	0.288918639286666
0.892476396469405	0.0300484142080873
0.217155670988975	-1.33794770234513
-1.80494494593404	-0.411847517772496
-0.488300951054261	1.35817946777746
0.481796241271529	0.172663912331025
-1.15166537920591	0.781010253469349
0.0762698051739432	-0.0960407367638406
-0.0533698605631972	-0.440188360676153
0.374789904763637	0.270984631922776
0.551154218917019	0.050950373349285
-0.916316802901736	0.624680814985751
-0.251439130455531	0.1689813002511
-0.369958631169314	-0.458987197424506
-1.35260637729483	0.832567236115903
-0.0869341300616872	0.0856212657654929
0.124391225304455	0.0249143977900603
-0.425075846276986	0.135914613197811
-0.573429874167646	0.18325129706542
0.214928094204044	-0.236845230624601
-0.108639281036845	-0.0761706510598706
0.375505634913833	-0.0652123584091439
-0.872948698309865	0.713065779024196
-0.279664429922889	0.169769896232902
-0.209824225750173	0.103428642166228
0.0766316237870847	-0.0574108707914929
-0.498830077246908	0.263362639972163
-0.215544975592911	0.061423500209173
-0.120473836807513	-0.0412064476910385
0.506111882496695	-0.285528625106446
-0.869824742991996	0.778316133030744
-0.408614710790935	0.149789852509663
0.176530067200121	-0.0193981221923065
-0.164652850184146	0.451375774228213
-0.79326652156205	0.278483847432814
-0.319799421348428	-0.569959596902722
0.614945394537843	-0.37192906638557
0.138982158879763	0.257287878782304
-0.847055629479787	0.488647637998047
0.175717598702626	-0.0101567278934049
-0.350337589128131	0.100305354305055
0.338720235859881	-0.218659142505162
-0.134267566125925	0.140121008710823
0.0615194843475503	-0.186900486381874
-0.201443096550116	0.338468875168684
-0.6041592716867	0.188978478735098
-0.932796619470886	0.722286791344112
-0.00701332506756964	0.00418379911914117
-0.437972452101698	0.433595192874011
-0.543715516435324	-0.0777437611697635
0.354904576115758	0.0550905721267231
-0.582010073250055	0.247638460777448
0.186792051418318	-0.553378067725096
0.321236799868704	0.0875755076933098
-0.894674985805058	0.894754657845747
-0.232709075374704	0.171945700398877
0.516471430405192	-0.406353903210323
0.295239357108899	-0.12062595305814
-0.458480259475233	0.0630344941883321
-0.494944635538823	-0.219117962175652
0.0617175052959795	0.185631338868905
-0.450572260301932	0.427196948997773
-0.763345516641447	0.542678088340918
-0.130893842256605	0.195275599450537
0.217659574175473	0.042246135185241
0.545339390615884	-0.313054303332522
-0.378218648935868	-0.699949883421295
-0.853275290310377	-0.0707492160690632
-0.676025156345988	0.907942529051293
0.501120212574643	0.274272449363378
-1.84702239960848	0.871040916374212
-0.369106079656791	0.0155727060928899
0.197442077595502	-0.0428716771414594
0.0323135332667671	0.0217406202627312
-0.213914607143447	-0.0220189526888398
0.3041290747969	-0.00170957541792875
-0.289549840799059	0.0201823313031076
0.145972890266694	-0.0564371156781436
-1.81750029776643	0.89135421337613
-0.0871020202390951	0.00600274558551158
-0.427553883687841	0.0089737252052444
0.217991826407992	-0.0131548515513764
0.307452807343089	-0.0350357268728072
-0.269312751426193	0.0154935415082595
-0.13824271415171	-0.00647069368699114
0.182638567874911	-0.0478024405952967
-0.690513809310058	0.349899064067348
0.288814313748781	-0.0865036889460732
-0.405795977501537	0.172757732010182
0.172245800662109	-0.118093685162981
-0.264159933422494	0.259207623443937
0.0153212634039033	-0.188849212373443
-0.0662221509987458	0.24571997782227
-0.521077049671565	0.180195870056685
-1.23767887663888	0.932474637911667
0.693090703718901	-0.256448710922725
-0.265605999889963	-0.112518822233641
-0.389441948987741	0.228652461890257
0.107530181524394	0.167983759978803
0.134560767910454	-0.175226748362594
-0.48243592036532	-0.240794970133745
-0.364286226547377	0.402328754271818
-1.28911957979702	0.821743670909843
-0.0358300378119053	0.187438726662388
0.715828928384291	-0.213032687164676
-0.150872674356862	-0.263220748666116
-0.153788514329577	0.0051952776781344
-0.211848287205632	-0.399945069140844
-0.76822846530909	0.33657489152663
0.0898110848815949	0.416985407122122
-1.37833150914842	0.912415937003601
-0.524698275045326	0.138972269319936
-0.0547653638906711	0.00233488038342819
-0.0958799575792958	-0.0332490958634901
0.437203005467822	-0.120588763142716
-0.135137616229026	0.124469718460467
-0.402789707791527	0.0644463495147697
0.296899171466277	-0.177270530171624
-1.80992082488763	0.865874217656706
-0.257754101008812	0.0142418685124908
-0.172382006764683	0.0245150045417741
0.410258508814444	-0.0401260022973601
-0.260756564956983	-0.0118132513475877
-0.0786271441742901	0.049233825723254
0.291841476483497	-0.0699447585756883
-0.146361437535354	-0.0215124786140885
-0.952875318711352	0.629887378438407
0.0311153573892353	-0.196733342742093
0.255293669540515	0.0814102325416497
-0.309074751027204	0.226056968631152
-0.0590374218227014	-0.515753142636444
0.731865313106891	0.239218751702181
-0.845467699059899	0.778547414263904
-0.482943368773874	-0.364688891272592
-1.43731981514807	0.799464663295255
0.391246866223333	-0.00947992864713611
-0.0280584521531913	0.225450854290192
0.359646789238239	-0.372393568666055
0.00346340088840053	-0.508539284494136
-0.803083717985162	0.0509141181254224
-0.547997088599221	0.209448927534729
0.202182818867406	0.459616250242951
-1.05997039410599	0.762472962013229
-0.315356798320523	0.112839499655065
-0.53741185022744	0.246041121831499
-0.0318659333850348	-0.000112945409799366
0.270708464803971	-0.0757589132694325
-0.0432457164956699	-0.0388692661842106
0.366854407231749	-0.236596683906777
-0.349524180623425	0.141316742908418
-1.20124582038474	0.83647805994752
-0.141937911993869	0.123135838053189
-0.0248728190965277	0.0144619860376635
-0.240074659342267	-0.20695099796961
-0.6553808881134	0.0736950653118887
-0.19358919117272	0.688249882941356
0.879075868145342	-0.237122831927426
-0.193183875455621	-0.377497838289591
-1.20459311275404	0.832375343411586
-0.191218738130094	0.0747405064027008
-0.709709712099135	0.229503682568105
0.211286814966289	-0.0710623297541718
0.0391628838754981	-0.0160171298690541
0.194055249650363	-0.103934579194016
0.17910183799146	-0.172334054299773
-0.289871029612415	0.138876155965115
-1.13688114796433	0.923387460748369
-0.267112649256666	0.0942879129818483
0.220176956479058	-0.130802109093925
-0.632098143727499	0.194061998230717
-0.440600187842247	0.167153975874984
0.233507292090908	-0.0529674721266708
0.0454391108824272	-0.0154533755781549
0.215918142851334	-0.217710011313839
-0.847635726568533	0.476841185469616
0.323351432354827	-0.0928735834237429
-0.265292270165642	0.0751669264993658
0.0859258629055689	-0.065825865550148
-0.361772877084059	0.249760374013617
0.144207111084652	-0.288264122090775
-0.0220983120999637	0.272867099942192
-0.615978158886507	0.208233502072704
-0.799698200290436	0.650713429439178
-0.258396216667692	-0.0325407628035428
0.116357469295626	-0.319313161741486
0.367127957171036	-0.126115003160036
0.452296229821068	0.367382714631374
-0.34913298178155	0.79590013128264
-1.08070858449256	0.169331478086689
-0.0208028063541033	-0.589797674295619
-0.793085346598745	0.585006340911803
0.160530467047046	-0.202603697245395
0.19595269142073	0.12195139564048
-0.468466093876489	0.291417671588421
-0.28115916742555	-0.532280557557044
0.761623435162915	0.109502286524891
-0.692072822752488	0.814664763051801
-0.441085920736328	-0.297490407134002
-1.81199203925055	0.74930368239776
0.426220308587646	-0.100397953103841
0.271794047613957	-0.0272303431121928
0.0603258549104809	0.110846722586376
-0.140510458974679	0.158933808616158
-0.306820521887193	0.147070627101509
-0.356139390685202	0.059813425748692
-0.145222534955279	-0.335550128986338
-1.38920458635856	0.618414205761427
0.107438884739574	-0.0388203821774103
0.186898327531864	-0.068281212496192
0.453031834900624	-0.183151463751525
-0.461500667852454	0.363799045521945
-0.137604378986363	0.142862280902842
-0.140219610585352	0.0714335229752569
-0.42476631197068	-0.116050798186204