0.349089034744727	0.0856960115156374
-0.318448843954123	-0.547432990363025
-0.0207224559179547	-0.89975668297926
0.126276933572399	0.187747843199258
-0.659530564558795	0.41940256301129
-0.541436891689432	-1.35283631092067
-0.0281065463661933	-0.0874768782202267
0.740733130932219	0.631357471287564
9.76541087460731	4.04184139400184
-1.18980898904456	-3.45813032166655
0.0833834661081594	0.205138632337813
-0.821580550984403	0.241303591792344
13.7382784924914	-0.859487428410356
-1.22606094609551	11.175369712424
10.6748978884661	131.106308512338
-25.9779655778534	53.1016236538451
-1.5778251536606	-0.723596624977062
-0.819229570153439	0.971970566371533
-1.43658072872185	0.00522520563724449
-1.55722103044735	-0.294314541035875
-0.891365516496737	-0.187450509699883
0.0166972029348898	-0.575059885256323
1.00077734164443	1.49745720451503
-1.04010195821731	-0.0575380412820694
0.193169682031851	-0.371248069997556
-0.420578739835071	-1.05965265541322
-0.257974577863854	0.984630994193652
-0.176665674553363	1.20142546839299
-0.198976254641602	-0.508238353862694
-0.805030314350056	0.106994739155602
-0.622468531808753	-0.263507294341983
1.23031336446268	-0.236556266442672
0.57769400170182	0.559390079138309
-1.50379401493061	0.272699792346868
-0.322643700402131	0.166520129316298
-1.42613380905326	1.23154403946479
0.622954630188267	-1.33998963816682
-1.38798475205847	-0.630528001833309
1.61383298486949	-0.66485343029771
1.33249122067919	0.704841241198968
0.291481397030194	0.13450388062085
-0.495034253586598	-0.195819375986232
-0.241614437784906	-1.24795189577783
-1.80385849585464	1.04570027410036
0.939957623867174	-1.07463645505405
0.917834961959798	-0.891690939351164
0.0682521655655814	-0.179191330972449
-0.407847391034655	1.85904903417974
1.26002984627393	0.822290701475934
0.672782715224058	-1.7469237926518
-1.20251536749382	0.0689887758007852
-0.82856495886634	-0.122129466640545
-1.06680495502975	-0.27265348854538
0.217652042363581	-0.983836809950513
-0.335460938959988	-1.33791220613632
-1.59867695147417	0.419185682130688
0.404026201340989	0.0305991774313493
-0.512626421201364	-0.529390850247858
-0.36075997600265	0.22487153637054
0.275150893896285	1.2681242233202
0.689208285623361	0.36020872880018
-1.12640894969532	-0.618750236893538
0.0323494498397375	0.0484600357986828
0.0313048641676303	-0.499855500380863
0.584132383741326	-0.362552063617821
-0.219717130898663	-1.02665296875764
-0.178009612692541	1.11203868349811
-0.146933971754148	0.783140055210017
0.0182370047632074	-0.379432753944614
-0.507138701677129	-0.00384127128538588
-0.1292912634327	-0.635783378573686
1.11844134090478	-0.581352739537296
0.691375128729793	-0.533463031248207
0.489754324465777	-0.23834099361543
0.601906388088598	0.387117945466669
0.757021159218851	-0.784311253694865
-0.960333745003695	0.938135443599808
0.0901055038314083	0.0485232719388671
0.876205447042623	0.0474842088936876
1.36700422419243	1.36808552524957
0.3434249672946	0.696920694038999
0.765915846992047	0.293514109973387
0.636970715166177	0.453523483506042
-1.13710673294521	-0.0142812093206502
0.796891309250367	0.139223442058092
-1.38751520791339	-0.432285611207982
-0.952174321213995	1.48945313705962
-0.39445778631727	0.318411858030839
-2.69443233976757	-0.127975092852813
1.19217828653833	-1.16916223881492
-0.189270405349849	0.104138018369192
-1.20645553086639	-0.0636084908993851
-2.03202209515671	-2.779349697507
-2.0499949648943	0.450625521591758
11.7887786349483	4.06095744668531
-1.86158588184361	-8.70893206335504
0.486507948703584	0.400271360031437
0.667484087866316	-0.074643475540189
0.505508029212564	0.727862918449331
-1.08616520674349	-0.365555614971213
-0.89385311099727	-0.988652070849573
-0.416518355528471	-1.85638875668703
0.167754362250732	1.11556433670596
0.436442453247293	-2.43347963988792
0.42962886530342	-0.0504717609180024
-0.498884357425932	-0.695117915202302
-1.52871087719721	-0.421760088323908
-0.827537900561004	1.0342102203619
-0.107639793511276	-0.751707932515759
1.19672255527311	-0.91463279551228
-0.0617524303079527	0.0495642819169787
-1.94764693513523	0.632860244974933
0.432959567145393	-0.38814407377345
-0.970950705877423	0.0714764980163776
0.390196596792055	0.0247535862989505
-0.652510749003984	0.960768932262588
0.357464811266511	0.374267413837706
-1.2413655659792	-0.863276194654248
0.857832038278606	-0.682014307353287
0.0498538354875543	-0.519939917978837
0.587851468073783	-0.419950907368176
2.39932350925806	-0.671203565307516
0.0690373713806846	0.2958760785502
-0.798906423373457	-0.0971792958552558
-1.34006786500852	-1.93661576946715
-1.91229908289973	-2.88388659346777
8.64557212927091	2.59426026863558
-0.913478561024982	-13.5590247076631
1.9865658340522	1.44814195168062
0.148175978711587	-5.62756594008075
-0.0765128500358372	0.176504137943653
-0.803766799398224	0.185250379311895
0.159946405100145	-5.04126599813651
0.282559965222731	-5.24620478477767
-28.4103061689654	-16.8228196354408
47.0017179833864	-10.886464766278
-1.71521024712955	0.714284507493011
-0.991100138643472	-1.59385746817115
-0.481672928456078	-0.304792375067331
-2.04979270357892	-0.340360978535482
-2.22474347044319	-0.755518627633349
-0.637221007524555	1.13943052886095
3.05076301787142	-0.250889778775728
-2.4360261048058	-1.78983413988154
0.0701591637040079	0.0660234577324378
-0.0303648565639731	-0.877580462341585
0.169435051827843	-0.0718073891497459
0.355312844963992	-0.507454601020078
-0.683123522365434	0.611395441943305
-0.414614616734541	-0.677057458431146
0.0395606280835169	-0.592526541316455
0.820478940585905	1.17144381588823
0.616170298069238	0.928628272111707
0.339222864277016	-0.806231099608089
0.237287302142858	-0.993832620562419
-0.458610636857965	-0.144264802868236
-0.569009739998192	0.28358044414587
-0.0889399217412003	-1.41611613343135
-0.904784733880261	-0.314560119396616
0.810207860062311	0.894587246290744
-0.264561733045726	-0.353931436306823
-0.880508626915462	0.23401234142786
0.483184187883283	-1.00294618829617
-0.48657803655386	0.25611765527658
-0.59697058167498	0.244219785777375
-0.332387373612945	-1.60896028064983
0.606429085892549	-0.514277107035007
1.0190214583338	0.453668187402641
-0.788012553852021	-1.54475581551661
-3.63664305619545	0.00690944957399039
-0.102318502526807	-0.00308607107458359
-0.924946022378066	0.300448530872405
1.18861671345264	-2.41317167846744
1.91891727570522	-3.67103298979248
10.268370374507	7.04128716919206
14.4938019364724	15.3965167104357
0.455728815671205	-1.15071236343246
-0.445309547441785	-0.745441509047412
-0.00507140108176171	1.08465285984748
-0.716439231611988	1.18069110305858
-0.122894456045361	-0.45340064372741
-0.6747609362927	-0.343615494133372
-0.830484275471701	-1.27567607893403
0.602967266258624	-0.40684755891718
2.50205118415589	0.0673174002579642
-0.055624349101753	2.19171054567435
0.129718644702389	-0.468806608461
-1.92213991537183	-1.46545298445773
-2.29925153286928	-1.72737585670561
-1.95174191314897	1.23719572401301
-2.43165589725531	1.06128460277651
-2.45816557666306	-1.42787675666815
1.08465297626803	0.988802965300757
-0.886874815983031	0.306693279460314
0.782495808159843	-0.18181814521215
-0.172719306991896	-1.25256511309668
-0.266059715872407	1.43469102385906
0.91359280502115	-0.892219516561718
-1.18636959430641	0.696664147398033
1.74457993578081	1.42505840755007
0.454333945171974	0.0177466433769774
-0.307264096352941	-0.522613126063718
-0.636852919541061	1.53694969292325
1.51676503974796	1.31327042935932
1.44156749415322	0.387729888614855
-0.150305816526262	-1.43203558421912
0.0447557071576005	-0.0371028697475773
-0.659515544924317	-1.02995921470649
-0.322001312872722	0.660009441442412
0.937577012846131	0.558613252894812
0.411119816028761	1.03896550421382
-1.45872359250568	0.189373808280737
-0.204786735651136	-0.501316860032931
-0.669365084428636	-0.817030097322285
-0.53560142458555	1.4951167734169
0.26849618140463	-0.642016180849483
0.36764062120022	-0.318519325179164
0.0366507713174377	-1.03153828827181
0.0920356079673072	0.678884657526461
0.170917419640598	0.387994846000073
0.680117319116556	0.0434168380896813
-1.13654193664606	-0.819954986779724
0.00782812631369139	-0.877825680007325
-0.226632352595499	-0.385388949077528
-2.6825555540441	3.71039066601617
-1.3429227445403	-2.80777331612609
0.0209341824184937	0.0490158268176603
-0.901998530144368	-0.100350914964737
3.14927707339587	-1.97220767880823
-1.60794437167051	-5.93052223682402
-0.229469868130484	-24.8907886335033
20.4610247323823	-9.48796298587977
7.35659534795272	7.74492490753514
1.57042060414493	-3.8915848245567
0.0759054899510894	0.166433030185257
-0.834241492610376	0.207030060006066
-9.43355346675413	-8.38618843882752
6.34291493528759	-12.364556577241
-86.4328854578062	89.1171317986554
63.8804828410944	-25.7516688863386
1.30751842700822	0.0847241552797118
-0.555809123304435	-0.061717374969592
0.539610326417421	0.456975864052507
0.231193327333461	0.436381805910362
0.0781251174944083	0.268237102432223
-0.701324970313083	-0.833563083876179
1.10464136601166	0.931944643959655
0.660406794382461	-0.299842918720714