-0.000000036651165757422100551975 0
0.000000317582837366599919369015 0
-0.000271809824967695148629359680 0
0.000000304980429689931724585115 0
0.000000033976058083832158985567 0
0.001940876434586638827131666041 0
-0.000120455412970110241148956332 0
0.001933599764469150564250021773 0
-0.999996202900151565096109607111 0
0.000001211605416941000587990602 0
0.000005847330896888719843455806 0
-0.000759439772179516933356402397 0
0.000005836384148047228254141145 0
-0.000001206287757363353364887973 0
0.001718718295979632668460390654 0
-0.002618244139381861994991806952 0
0.001791926076948700341864850749 0
-0.999993201487739846733404647239 0
314.291389793470216318382881581783 0
223.775143034670293218368897214532 0
217.413429534337439008595538325608 0
331.010290034261629443790297955275 0
185.752850526973617206749622710049 0
257.160301051262706550915027037263 0
