0.7634445720786067    0.42887027730523997
0.48885530211853623    0.11138063973800438
0.23670283099920075    0.970170654114934
0.8570180302948744    0.2841877488377911
0.08725168922941018    0.48373141757727467
0.7920495030655841    0.47288052150374615
0.7383868554797113    0.13639129461454735
0.06068556281106052    0.05722945887600783
0.5998797349794218    0.7565102146522324
0.052962650471145345    0.27552639402833656
0.5932690621177386    0.25363141425612246
0.24979749791648298    0.40070158788540655
0.8967808134473649    0.6893566861413845
0.4829398559218605    0.16271101220093076
0.016949150420769055    0.3917068613819905
0.45377387616324993    0.9464622376853775
0.2890666035097773    0.6850699215236049
0.013967048107511815    0.0037268785987412123
0.821702687633366    0.9069173712769043
0.14996850308134202    0.34909129115183846
0.6502325834157312    0.35558247799378684
0.21046457020819465    0.8158953454012239
0.29231860252263697    0.12474977691430111
0.4574610057623556    0.6637273248038882
0.08454603006957595    0.3799252264569122
0.9875522692264518    0.9167238406804208
0.8248648454990604    0.03507497219930711
0.37248611402298204    0.6351619527093473
0.4993021639734443    0.32378615791106435