0.246513118278583	-0.55116589971469
0.208312235201894	-0.990543523073013
0.167963071808248	0.630268604248113
-0.427308977975761	-0.155643644902325
-0.103563006664924	-0.31901168871204
0.182968879708803	0.621051469847797
-0.23094559952896	0.738828485997946
0.136163903744508	-0.662007446273765
-0.0314747383951994	-0.275328314499406
0.92843923197381	0.587612631201652
0.44337343322874	0.869522409976375
-0.17231100638466	0.401308090314825
-0.926405904018541	-0.195594069104877
0.110450874686908	0.0360487774033799
-0.273354461253066	0.266510334407711
0.471398258573524	-0.238289659501259
-0.803216713437453	0.153696153323907
-0.826734242209112	-0.500993380058775
-0.295457984772505	-0.0282669916214069
-0.0390388603701151	-0.214289750601796
-0.0267135279441069	0.687070528710959
-0.192034987354234	0.0466851877689884
0.054660666212385	-0.243951681640657
-0.030636648703548	0.0781349817344742
0.068888606954468	-0.0737773399653963
1.1261181910512	1.7241733546083
0.483609657394735	1.12644617522031
-0.888325182937108	0.674399950893368
-0.338168441072007	-0.152293349923702
-0.255294128455834	-0.609699751848173
-0.896322881894465	-0.0870143738653389
-0.750858795043236	0.37976054582933
-2.40614049881529	1.20836369703955
-2.65799532372156	0.0314977860571447
-0.0449731548461674	-1.4981340399517
0.332643929225345	-0.431728247912265
-0.577901778193081	2.27837677811007
2.21993523347122	-2.72427510542983
3.30011379183665	-0.271470884607894
2.33798230465044	-1.7038574895954
-0.52644980922064	-1.14858300794833
-2.25027544980595	-8.44198176737928
-1.1193826648839	-1.20602369786554
-2.5872990216693	1.68461201288285
-1.05623733760912	0.00545926942824831
-0.0339304958967488	0.295787320292982
0.384799603408191	0.258744924234488
0.212409016269191	-0.394345075537962
0.491730771143308	0.279805517388056
0.363350859084476	0.633798824548907
0.170433093670022	0.161240416697486
-0.0951620733506206	0.186587457038978
0.312008569054489	-0.112336456976747
-0.0437471634635435	0.127543423144149
-0.110612687751661	0.0947366771047923
0.0225103959891614	0.0812883666175064
0.130647471137492	-0.111191130197782
-0.577516744572426	0.872979942224232
-1.60099738314392	2.04231825227022
1.89652568001921	1.64633435670528
1.03756426543064	0.637986920023201
1.18014160639922	-0.929895456454403
-0.781028185523684	-0.676788456605203
0.152542485447523	-0.61055103591166
-0.243878789066444	0.217695555861452
-0.453742397195544	0.152358231806837
-0.11754709442386	0.115525279870651
-0.0713899432670019	-0.0908799689059826
0.119965488191026	0.149061648936354
0.199824309459189	0.0797208470013577
0.0195576159244655	0.143646487417041
0.0756312522710027	0.342391691183219
0.100410257966627	-0.0995496972414137
0.717526252409564	0.185558348642846
0.219186736341495	0.805261600010899
-0.346256474105389	0.367918070516171
0.150984728857999	-0.167105318577651
-0.0438375383375671	-0.805195025547459
-0.806294375598254	-0.301633572377417
-1.07157870702386	0.236354891922427
-0.470927822091904	-0.232512588455973
-0.69785989196629	-0.0984003306930573
-0.674258575737767	-0.492532627436109
0.027464448732255	-0.349591752487172
0.383197902052544	0.183062135111656
0.460279021794329	-0.211454437388742
0.449936742403642	0.0303223396528412
-0.48408201692695	-0.0359557103099375
0.631428682514137	0.164615649335347
1.75408697993766	0.550726436485916
0.72080381894988	0.280044949820643
-0.158289624796891	0.199873814916403
-0.0284372384535247	0.257346962486424
0.378860578141419	0.162937021623518
0.94183015857289	-0.0802080728698955
0.271782558361214	0.0777467282738067
-0.449744366013022	-0.239458693899547
-0.499447580040076	-0.122712947818454
0.13756136043186	-0.293726005106425
0.598692129087407	-0.0878385363641737
0.286496091514966	0.203499301983092
0.536932110705724	0.376731625639395
0.419196651336375	0.364731067911594
0.885148884260279	0.226126707999575
2.00937368647831	1.50239222400279
0.821395456192744	0.916507049459528
0.124828375273421	-0.905531852868998
-1.90840653229525	-0.141182881189383
-0.296034771271851	0.229779328503821
-0.140175052842971	-0.0702716032284747
0.788278833516256	-0.684911896011611
1.05739611699482	0.565610073744091
4.02348224593181	-1.20778407277257
5.70246723008476	1.77609207505042
2.01299022267242	-0.652469370346485
0.583255863493807	2.63948135954641
0.148633570957921	-2.02814929730343
1.75330312273199	2.10092927073521
0.250909294854089	3.06663942858201
1.56222872711407	0.282105883956745
1.59274122445802	-3.32098483936354
3.52999630722619	5.63808051317643
1.57323812549587	6.86845412552917
5.20567108757893	-2.41639056843066
-0.74931183378545	-0.23476316201007
-0.70815009872936	0.440984641892506
0.512802909193036	0.381339409260197
-0.321043128620814	0.184334909921734
-0.803216713437453	0.153696153323908
-0.826734242209114	-0.500993380058774
-0.295457984772505	-0.0282669916214065
-0.0390388603701153	-0.214289750601796
-0.0267135279441051	0.687070528710959
-0.192034987354234	0.0466851877689891
0.0546606662123847	-0.243951681640658
-0.0306366487035479	0.0781349817344746
0.0688886069544679	-0.0737773399653962
1.1261181910512	1.7241733546083
0.483609657394735	1.12644617522031
-0.888325182937107	0.674399950893368
0.338168441072006	0.152293349923702
0.255294128455833	0.609699751848173
0.896322881894464	0.087014373865339
0.750858795043236	-0.379760545829329
-0.893221168469131	0.211215467958204
-0.762698605934659	0.440504521258737
-0.0216954119429333	-0.0188514762801574
0.20628336810243	-0.66193432310985
0.337761584997299	-0.331946751913027
1.0447155975665	0.0557698572589366
0.842779494682637	0.141488458855077
1.01511827918998	-0.00258374164434077
1.46875648885406	0.0246075440643661
0.888879693759172	1.12822980451368
-0.295901796705952	0.499438632776917
-0.650526757412597	0.655100647350855
0.800012006392794	-0.104529892547077
0.0568223929337894	-0.177643783447871
-0.399538575658858	0.084315318313923
-0.54835805903161	-0.232341868632871
0.246513118278582	-0.551165899714692
0.208312235201891	-0.990543523073016
0.167963071808246	0.630268604248114
-0.427308977975762	-0.155643644902326
-0.103563006664924	-0.319011688712041
0.182968879708804	0.621051469847799
-0.23094559952896	0.738828485997949
0.13616390374451	-0.662007446273766
-0.0314747383951999	-0.275328314499407
0.928439231973811	0.587612631201652
0.44337343322874	0.869522409976376
-0.17231100638466	0.401308090314824
0.926405904018541	0.195594069104877
-0.110450874686908	-0.0360487774033807
0.273354461253066	-0.26651033440771
-0.471398258573524	0.238289659501259
-0.470927822091905	-0.232512588455973
-0.69785989196629	-0.0984003306930573
-0.674258575737768	-0.492532627436108
0.027464448732255	-0.349591752487172
0.383197902052544	0.183062135111656
0.460279021794329	-0.211454437388742
0.449936742403642	0.0303223396528413
-0.484082016926951	-0.0359557103099368
0.631428682514137	0.164615649335347
1.75408697993766	0.550726436485917
0.72080381894988	0.280044949820643
-0.158289624796891	0.199873814916403
0.0284372384535246	-0.257346962486424
-0.378860578141419	-0.162937021623518
-0.94183015857289	0.0802080728698955
-0.271782558361214	-0.0777467282738066
-2.40614049881528	1.20836369703955
-2.65799532372155	0.0314977860571517
-0.0449731548461692	-1.49813403995169
0.332643929225344	-0.431728247912264
-0.577901778193078	2.27837677811007
2.21993523347121	-2.72427510542982
3.30011379183664	-0.2714708846079
2.33798230465043	-1.7038574895954
-0.52644980922064	-1.14858300794833
-2.25027544980595	-8.44198176737925
-1.1193826648839	-1.20602369786554
-2.5872990216693	1.68461201288285
1.05623733760912	-0.00545926942824847
0.0339304958967486	-0.295787320292982
-0.384799603408191	-0.258744924234488
-0.212409016269191	0.394345075537962
-0.19432427664313	-0.522633392014576
-0.444276255065004	-0.407991953625427
-0.104276564450756	-0.321110828503911
0.0339552051351362	0.39998248337939
-0.38535467527557	-0.153129139356351
0.250763468399959	-0.267905463175263
0.146614909469197	-0.109004768685088
0.696784739932149	0.174456109359155
0.48135071742906	-0.0975350864126568
1.55140839492164	-0.415749059081923
0.219186736341495	0.805261600010899
-0.346256474105388	0.367918070516171
-0.0254176180531549	-0.313904499018087
0.59559509415869	0.0406193828835469
-0.714072276610652	-0.0523651138852471
0.506472366408378	-0.137349815182861
-0.893221168469131	0.211215467958205
-0.762698605934659	0.440504521258737
-0.0216954119429333	-0.0188514762801573
0.20628336810243	-0.66193432310985
0.337761584997299	-0.331946751913027
1.0447155975665	0.0557698572589363
0.842779494682637	0.141488458855077
1.01511827918998	-0.00258374164434081
1.46875648885406	0.0246075440643665
0.888879693759172	1.12822980451368
-0.295901796705951	0.499438632776917
-0.650526757412597	0.655100647350855
-0.800012006392794	0.104529892547077
-0.0568223929337893	0.177643783447871
0.399538575658858	-0.0843153183139228
0.54835805903161	0.232341868632871
0.884958220257178	-0.216889675038454
1.52662089938268	-0.371150977449548
0.168329939911318	0.382776310515322
-0.214589372663713	-0.294552404090689
-0.0292515019731169	-0.236764688753424
-0.312400680827745	0.357000334267342
-0.83140487916298	0.0857773312205047
0.337665492498413	-0.112181456435835
0.429376199940937	-0.265582227869273
0.927629079561793	0.59765385430679
0.301113290653859	0.776277806212822
0.0374724349807288	0.3159594194034
1.01350967898346	0.077268933035895
0.0666794797048915	-0.131083798109135
0.0695360772187309	-0.306774479492417
-0.321414165295515	0.150087716643953
-0.0187537335609802	-1.00942496863458
0.487462370105622	-0.873481589479168
0.0248420025085352	0.0189830837339246
0.191441286716032	-0.0593383917065267
0.401917236148195	0.0560305926788844
0.303570459545841	-1.1100152578979
0.904270784896694	-0.352494028202805
1.10188011767162	-0.0721893148971972
-0.234810614959275	-0.353816491290333
0.302043216046735	-1.19314100308611
-0.295901796705952	0.499438632776917
-0.650526757412597	0.655100647350855
-0.450124457643618	0.0947434496509267
-0.955909313672377	-0.404611399122357
-0.265439914448627	0.565550499082046
-0.632325409303841	0.306813204091448
-0.449744366013021	-0.239458693899547
-0.499447580040076	-0.122712947818454
0.13756136043186	-0.293726005106425
0.598692129087406	-0.0878385363641731
0.286496091514966	0.203499301983092
0.536932110705724	0.376731625639395
0.419196651336375	0.364731067911594
0.885148884260279	0.226126707999575
2.00937368647831	1.50239222400279
0.821395456192744	0.916507049459528
0.124828375273422	-0.905531852868999
-1.90840653229525	-0.141182881189384
0.296034771271851	-0.229779328503821
0.140175052842972	0.0702716032284749
-0.788278833516256	0.684911896011612
-1.05739611699482	-0.565610073744091
0.491730771143308	0.279805517388056
0.363350859084476	0.633798824548907
0.170433093670022	0.161240416697486
-0.0951620733506206	0.186587457038978
0.312008569054489	-0.112336456976747
-0.0437471634635435	0.127543423144149
-0.110612687751661	0.0947366771047923
0.0225103959891614	0.0812883666175064
0.130647471137492	-0.111191130197782
-0.577516744572426	0.872979942224232
-1.60099738314392	2.04231825227022
1.89652568001921	1.64633435670528
-1.03756426543064	-0.637986920023201
-1.18014160639922	0.929895456454403
0.781028185523684	0.676788456605203
-0.152542485447523	0.61055103591166
-0.431294401217045	0.780702961004742
-1.15588533340739	1.28155210092244
-0.462504206016891	-0.343998200258973
0.280276773407416	0.233971620290419
-0.28429114175168	0.149882009880961
0.322699752412672	0.797380273193135
-0.67802264810418	0.871644709236978
0.333942220739811	0.0276979353744407
0.520247533574457	-0.436931690175815
1.12698147614056	-0.815889304760265
0.72080381894988	0.280044949820643
-0.158289624796891	0.199873814916403
0.260610864440303	-0.172162936206229
0.637544269085445	-0.152718752768444
-0.481514782311506	-0.232456867315788
0.634854440145106	0.0477291761074911
-0.431294401217044	0.780702961004741
-1.15588533340739	1.28155210092244
-0.462504206016892	-0.343998200258973
0.280276773407416	0.233971620290419
-0.28429114175168	0.149882009880961
0.322699752412673	0.797380273193134
-0.678022648104179	0.871644709236978
0.333942220739811	0.0276979353744411
0.520247533574457	-0.436931690175815
1.12698147614056	-0.815889304760265
0.72080381894988	0.280044949820642
-0.158289624796892	0.199873814916403
-0.260610864440303	0.172162936206229
-0.637544269085445	0.152718752768444
0.481514782311506	0.232456867315788
-0.634854440145106	-0.0477291761074912
0.884958220257176	-0.216889675038454
1.52662089938268	-0.371150977449548
0.168329939911318	0.382776310515323
-0.214589372663713	-0.294552404090689
-0.0292515019731169	-0.236764688753424
-0.312400680827744	0.357000334267342
-0.831404879162979	0.0857773312205056
0.337665492498413	-0.112181456435835
0.429376199940937	-0.265582227869273
0.927629079561792	0.59765385430679
0.301113290653859	0.776277806212822
0.0374724349807289	0.3159594194034
-1.01350967898346	-0.0772689330358951
-0.0666794797048916	0.131083798109135
-0.069536077218731	0.306774479492417
0.321414165295515	-0.150087716643953
-0.0187537335609804	-1.00942496863458
0.487462370105622	-0.873481589479168
0.0248420025085353	0.0189830837339246
0.191441286716032	-0.0593383917065268
0.401917236148195	0.0560305926788841
0.303570459545841	-1.1100152578979
0.904270784896694	-0.352494028202805
1.10188011767162	-0.0721893148971974
-0.234810614959275	-0.353816491290333
0.302043216046735	-1.19314100308611
-0.295901796705952	0.499438632776917
-0.650526757412597	0.655100647350855
0.450124457643618	-0.0947434496509266
0.955909313672377	0.404611399122357
0.265439914448627	-0.565550499082046
0.632325409303841	-0.306813204091448
0.0394963334514639	-0.420774288341678
-0.0639873478431072	-0.464017867985293
0.488872051515614	-0.196112854702115
-0.183380927914496	0.230113768199387
-0.626709013560756	-0.249324605193624
-0.1002847203957	0.00938529619027696
-0.0884967780044251	0.0297916979516744
-0.18690544903213	-0.0304419754288918
-0.211055382847112	0.116368075546949
-2.05623444714134	0.551668090824099
-1.60099738314392	2.04231825227022
1.89652568001921	1.64633435670528
-0.567253715209078	-0.843694649794919
-0.584331689564956	0.163237959793183
-1.31901010774618	0.0646388284029259
0.33846020768411	-0.880294158576091
0.353814833111146	0.226970609266676
0.47587760000616	0.242867132973592
0.254406860699116	0.255747693916255
-0.0861469161227077	0.160596983465809
0.0952020860965919	0.260126234984526
0.218672439507413	-0.00901561938107999
0.233362068413618	0.162262922457011
-0.236889959129062	0.195202503546241
0.212826769822394	0.135826743527032
1.2060223889814	0.432628658761949
0.301113290653859	0.776277806212822
0.0374724349807288	0.3159594194034
-0.2396662730321	0.0277759815099864
0.801130020016994	-0.359394916412861
-0.330697654782309	-0.0656854605995357
-0.693227622128587	-0.393603754473553
4.02348224593178	-1.20778407277258
5.70246723008473	1.77609207505038
2.0129902226724	-0.652469370346487
0.583255863493818	2.63948135954639
0.148633570957913	-2.02814929730341
1.75330312273199	2.10092927073518
0.250909294854105	3.06663942858198
1.56222872711406	0.282105883956735
1.59274122445799	-3.32098483936353
3.52999630722618	5.63808051317637
1.57323812549586	6.86845412552912
5.20567108757888	-2.41639056843064
0.749311833785449	0.234763162010071
0.708150098729361	-0.440984641892505
-0.512802909193035	-0.381339409260197
0.321043128620815	-0.184334909921734
-0.19432427664313	-0.522633392014576
-0.444276255065004	-0.407991953625427
-0.104276564450756	-0.321110828503911
0.0339552051351362	0.39998248337939
-0.38535467527557	-0.153129139356351
0.250763468399959	-0.267905463175263
0.146614909469197	-0.109004768685088
0.696784739932148	0.174456109359155
0.48135071742906	-0.0975350864126567
1.55140839492164	-0.415749059081923
0.219186736341495	0.805261600010899
-0.346256474105389	0.367918070516171
0.0254176180531549	0.313904499018087
-0.59559509415869	-0.0406193828835468
0.714072276610652	0.0523651138852472
-0.506472366408378	0.137349815182861
-0.243878789066443	0.217695555861451
-0.453742397195542	0.152358231806836
-0.11754709442386	0.11552527987065
-0.0713899432670018	-0.0908799689059823
0.119965488191026	0.149061648936354
0.199824309459189	0.0797208470013574
0.0195576159244657	0.143646487417041
0.0756312522710025	0.342391691183219
0.100410257966627	-0.0995496972414136
0.717526252409563	0.185558348642846
0.219186736341495	0.805261600010899
-0.346256474105389	0.367918070516171
-0.150984728857999	0.167105318577651
0.0438375383375668	0.805195025547461
0.806294375598255	0.301633572377418
1.07157870702387	-0.236354891922427
0.53933833117619	0.632930278682418
0.629078419523586	0.37652645964543
-0.511711651079423	0.484688005495524
0.291205282368007	-0.954144413425014
0.412957641799881	0.532138005690136
0.980369559391651	0.465642477134512
0.81461437087516	0.412890958388824
1.32975900617808	0.287248632794801
1.64288467562553	1.6276984778492
2.30411587801811	0.9794158090898
-1.1193826648839	-1.20602369786554
-2.5872990216693	1.68461201288285
0.666023702373803	0.380033334075687
0.609174192607866	-0.56423708907165
0.866005252714176	-0.0229027857017353
0.266162503997262	0.41493973061176
2.84403570145976	-2.01739630148196
3.59615160338368	-0.249216544816854
-0.674485242415901	0.573236774770635
0.180895141965301	0.326593271691044
0.0323165312482652	1.07721204757098
3.95122638899812	-2.12992589545946
3.57816257284133	1.53784026039453
1.94106032981823	1.5648226473546
0.430593858257577	-1.48690888595043
0.721972309139915	-3.70460994871774
0.12482837527342	-0.905531852868999
-1.90840653229525	-0.141182881189382
-0.409027482745115	0.210624818126499
-0.878333877251914	-0.0661539990660408
0.215979594263303	0.543698275481931
-0.61640283684539	0.145005322706083
2.84403570145977	-2.01739630148196
3.59615160338368	-0.249216544816849
-0.674485242415903	0.573236774770634
0.1808951419653	0.326593271691045
0.0323165312482635	1.07721204757098
3.95122638899813	-2.12992589545945
3.57816257284133	1.53784026039454
1.94106032981823	1.5648226473546
0.430593858257579	-1.48690888595043
0.721972309139919	-3.70460994871774
0.124828375273423	-0.905531852868999
-1.90840653229525	-0.141182881189385
0.409027482745115	-0.210624818126499
0.878333877251914	0.0661539990660406
-0.215979594263303	-0.543698275481931
0.61640283684539	-0.145005322706082
0.53933833117619	0.632930278682418
0.629078419523587	0.37652645964543
-0.511711651079424	0.484688005495524
0.291205282368007	-0.954144413425014
0.412957641799881	0.532138005690136
0.980369559391651	0.465642477134513
0.81461437087516	0.412890958388826
1.32975900617808	0.287248632794801
1.64288467562553	1.6276984778492
2.30411587801811	0.979415809089802
-1.1193826648839	-1.20602369786554
-2.5872990216693	1.68461201288285
-0.666023702373804	-0.380033334075687
-0.609174192607866	0.564237089071651
-0.866005252714177	0.0229027857017351
-0.266162503997262	-0.414939730611761
0.0394963334514639	-0.420774288341678
-0.0639873478431072	-0.464017867985293
0.488872051515614	-0.196112854702115
-0.183380927914496	0.230113768199387
-0.626709013560756	-0.249324605193624
-0.1002847203957	0.00938529619027696
-0.0884967780044251	0.0297916979516744
-0.18690544903213	-0.0304419754288918
-0.211055382847112	0.116368075546949
-2.05623444714134	0.551668090824099
-1.60099738314392	2.04231825227022
1.89652568001921	1.64633435670528
0.567253715209078	0.843694649794919
0.584331689564956	-0.163237959793183
1.31901010774618	-0.0646388284029259
-0.33846020768411	0.880294158576091
0.353814833111147	0.226970609266676
0.47587760000616	0.242867132973591
0.254406860699117	0.255747693916255
-0.0861469161227076	0.160596983465809
0.095202086096592	0.260126234984526
0.218672439507413	-0.0090156193810802
0.233362068413619	0.16226292245701
-0.236889959129062	0.195202503546241
0.212826769822394	0.135826743527031
1.2060223889814	0.432628658761947
0.301113290653859	0.776277806212821
0.037472434980729	0.3159594194034
0.2396662730321	-0.0277759815099864
-0.801130020016994	0.35939491641286
0.330697654782309	0.0656854605995357
0.693227622128586	0.393603754473553
-1.94439011028491	-1.44421761011311
-2.59651590828173	-1.51938827396412
0.860398945156639	-3.28318213623159
0.839887833912428	1.24687287653788
-3.92522483547187	2.87156364353851
-0.367407332682293	1.5343496603595
-0.225262239831581	1.53335263980992
-1.73261455478594	1.86582124178888
-0.14713039826283	2.04311169298455
-4.80234545997819	15.1664998187344
1.57323812549586	6.86845412552913
5.20567108757889	-2.41639056843065
0.378274741632385	0.502284778088386
0.545632525073057	-0.0770847018595379
0.956810198142605	-0.0743113618410752
-0.20838884197677	0.368733059605467
0.164457783148583	0.331951179197134
0.3452691522301	0.510845425135354
0.0699721993499091	0.34295368148194
-0.197070825019899	0.0732739513083064
0.446942644249034	0.837865558428375
0.365306464399204	0.156060590457708
0.225512760845348	0.414104445245954
-0.0939502246182638	0.350303678261982
0.0935960059298372	0.0874900319366231
2.87953261808909	1.17736863264745
0.44337343322874	0.869522409976376
-0.17231100638466	0.401308090314824
0.319597078109061	-0.0414106434718694
-0.467799788999771	0.508667464153667
0.387278473556741	0.0557391441770848
0.924288057638263	0.248410309412391
-1.94439011028491	-1.44421761011311
-2.59651590828173	-1.51938827396412
0.860398945156639	-3.28318213623159
0.839887833912428	1.24687287653788
-3.92522483547187	2.87156364353851
-0.367407332682293	1.5343496603595
-0.225262239831581	1.53335263980992
-1.73261455478594	1.86582124178888
-0.14713039826283	2.04311169298455
-4.80234545997819	15.1664998187344
1.57323812549586	6.86845412552913
5.20567108757889	-2.41639056843065
-0.378274741632385	-0.502284778088386
-0.545632525073057	0.0770847018595379
-0.956810198142605	0.0743113618410752
0.20838884197677	-0.368733059605467
0.164457783148584	0.331951179197134
0.3452691522301	0.510845425135354
0.0699721993499094	0.34295368148194
-0.197070825019899	0.0732739513083066
0.44694264424903	0.837865558428373
0.365306464399204	0.156060590457707
0.225512760845348	0.414104445245954
-0.0939502246182641	0.350303678261982
0.0935960059298372	0.0874900319366234
2.87953261808908	1.17736863264745
0.443373433228739	0.869522409976376
-0.17231100638466	0.401308090314825
-0.319597078109061	0.041410643471869
0.467799788999771	-0.508667464153667
-0.387278473556741	-0.0557391441770847
-0.924288057638262	-0.248410309412392
-0.247001410557019	0.0980053995697454
-0.222576167169438	0.175470587450579
-0.247416758441501	-0.198366762670038
0.194250963150095	0.0496385740834093
-0.0452823463892353	0.342516696118173
0.0584479866170499	-0.0266037071042324
0.0613593677595016	0.0400957535569899
0.0731524697996317	-0.0518598654287744
-0.0352606421166786	-0.085960319795725
-0.483329415411584	-0.914957016556121
0.483609657394735	1.12644617522031
-0.888325182937108	0.674399950893367
-0.735241883863692	0.913641976467576
-0.69532136109188	-0.222557782302198
0.997142087287141	0.373134469917581
-0.384099762319087	-0.37732536671089
-0.247001410557018	0.0980053995697452
-0.222576167169437	0.175470587450578
-0.247416758441501	-0.198366762670038
0.194250963150094	0.0496385740834089
-0.045282346389234	0.342516696118172
0.0584479866170498	-0.0266037071042326
0.0613593677595015	0.0400957535569895
0.0731524697996312	-0.0518598654287742
-0.0352606421166784	-0.0859603197957245
-0.483329415411584	-0.914957016556115
0.483609657394735	1.12644617522031
-0.888325182937107	0.674399950893368
0.735241883863694	-0.913641976467578
0.695321361091882	0.222557782302199
-0.997142087287142	-0.373134469917582
0.384099762319088	0.377325366710891