-0.24731	-0.045735	0.0020768	-7.3426e-05	-0.31798	-0.057979	0.0020775	-5.1023e-05	-0.40835	-0.062581	0.002077	-6.7657e-05	
0.65136	0.46915	-0.0019604	-0.00069132	0.56512	0.4451	-0.0019308	-0.00077041	0.47779	0.41195	-0.0019611	-0.00068935	
-0.45918	0.32744	-0.0020471	0.00035867	-0.54333	0.32961	-0.0020408	0.00039314	-0.64516	0.35144	-0.0020288	0.00045119	
0.34829	-0.43813	-0.0018755	0.00089737	0.28457	-0.44091	-0.0018901	0.00086603	0.19742	-0.44792	-0.0018968	0.00085122	
-0.42705	0.1481	-0.0020732	0.00014326	-0.50915	0.14266	-0.0020529	0.00032353	-0.61095	0.15224	-0.0020396	0.00039946	
0.22329	-0.30446	0.0017779	-0.0010787	0.1653	-0.31225	0.0018296	-0.00098795	0.088346	-0.3218	0.0018633	-0.00092257	
-0.30964	-0.098115	0.0020781	7.6818e-06	-0.38342	-0.11234	0.0020778	3.7357e-05	-0.48005	-0.1182	0.002078	2.0169e-05	
-0.39895	0.39629	0.0020619	-0.00025996	-0.47896	0.39945	0.0020615	-0.00026344	-0.57144	0.42119	0.0020487	-0.00034939	
0.2734	-0.0077609	-0.0020639	-0.00024333	0.2079	-0.016016	-0.0020653	0.00023096	0.12983	-0.026803	-0.0020389	0.00040285	
-0.43433	-0.098035	0.0020781	1.2947e-05	-0.51745	-0.11378	0.0020779	3.3331e-05	-0.62656	-0.11877	0.0020781	1.5165e-05	
0.2878	0.31673	-0.0019744	-0.00065012	0.2191	0.30356	-0.0020679	-0.00020619	0.14532	0.28905	-0.0020777	-4.2059e-05	
-0.22132	-0.070808	-0.0020779	2.8934e-05	-0.29094	-0.083318	-0.0020781	1.1602e-05	-0.37928	-0.088919	-0.0020779	2.8349e-05	
-0.37303	-0.097905	0.0020778	-3.7775e-05	-0.45096	-0.11273	0.0020781	-1.0541e-05	-0.55384	-0.11806	0.0020779	-3.3459e-05	
-0.29613	-0.098001	0.0020779	3.3723e-05	-0.36993	-0.11211	0.0020776	4.6733e-05	-0.46445	-0.1181	0.002078	2.208e-05	
-0.29925	-0.098045	0.002078	2.6935e-05	-0.37304	-0.11218	0.0020778	3.8097e-05	-0.46861	-0.11813	0.0020781	1.0937e-05	
-0.29613	0.29797	-0.0020454	0.00036831	-0.36986	0.29624	-0.0020418	0.00038785	-0.45504	0.30774	-0.0020258	0.0004648	
-0.2899	-0.097902	0.0020779	2.969e-05	-0.3626	-0.11191	0.0020772	6.3016e-05	-0.45717	-0.11798	0.0020776	4.787e-05	
-0.22236	-0.070793	-0.0020779	3.1404e-05	-0.29198	-0.083311	-0.0020781	1.2902e-05	-0.38135	-0.088889	-0.0020779	3.2522e-05	
-0.34606	0.30694	-0.0020428	0.00038254	-0.42187	0.30623	-0.0020389	0.00040293	-0.51223	0.32097	-0.0020234	0.00047499	
-0.41353	-0.043177	0.0020778	3.7984e-05	-0.49456	-0.056852	0.002078	2.6704e-05	-0.60058	-0.059292	0.0020781	1.0158e-05	
-0.22967	-0.046512	0.0020763	-8.652e-05	-0.29922	-0.0586	0.0020758	-9.8105e-05	-0.38862	-0.063483	0.0020741	-0.00012909	
0.35124	-0.4395	-0.0018773	0.00089359	0.28793	-0.44249	-0.0018928	0.00085996	0.20041	-0.44924	-0.0018983	0.0008478	
-0.3086	0.24472	-0.0020562	0.00030182	-0.38241	0.24211	-0.0020465	0.00036238	-0.4707	0.25299	-0.0020291	0.00044986	
-0.38239	0.31346	-0.0020468	0.00036037	-0.46131	0.31376	-0.0020396	0.00039937	-0.55477	0.33062	-0.0020237	0.0004739	
-0.30756	-0.044452	0.0020774	-5.4633e-05	-0.38134	-0.057216	0.0020776	-4.6582e-05	-0.47692	-0.061003	0.002077	-7.0009e-05	
-0.20052	0.25323	0.0020478	-0.00035447	-0.26911	0.249	0.0020467	-0.00036112	-0.35023	0.25491	0.0020334	-0.00043007	
0.32315	-0.00731	-0.0020771	-6.6894e-05	0.25665	-0.015456	-0.0020768	-7.5016e-05	0.17769	-0.026809	-0.0020774	-5.427e-05	
-0.41252	-0.068953	-0.0020781	7.6291e-06	-0.49356	-0.083188	-0.0020781	8.7879e-06	-0.59954	-0.086521	-0.002078	2.2963e-05	
-0.28571	0.29608	-0.0020447	0.00037219	-0.35844	0.29404	-0.0020405	0.00039462	-0.44369	0.30515	-0.0020258	0.00046463	
-0.41978	-0.068887	-0.002078	2.6022e-05	-0.50084	-0.083148	-0.0020781	7.7639e-06	-0.60786	-0.086418	-0.002078	2.3438e-05	
-0.46347	0.29656	0.0020466	-0.00036168	-0.54763	0.29768	0.0020433	-0.00037983	-0.65043	0.3179	0.0020456	-0.00036734	
-0.32626	-0.098293	0.0020778	4.0108e-05	-0.40107	-0.1128	0.0020772	6.2419e-05	-0.4998	-0.11858	0.0020777	4.3607e-05	
-0.28157	0.12824	-0.0020743	0.00012596	-0.35436	0.12143	-0.0020745	0.00012357	-0.4427	0.12556	-0.0020695	0.00019025	
-0.1871	0.27867	-0.0020478	0.00035474	-0.25565	0.27471	-0.0020456	0.00036717	-0.33454	0.28042	-0.0020294	0.00044833	
-0.41667	0.39797	0.0020738	-0.00013431	-0.49772	0.40129	0.0020697	-0.00018748	-0.59226	0.42428	0.0020588	-0.00028348	
-0.25978	-0.070256	-0.0020781	1.8939e-05	-0.33146	-0.08311	-0.0020781	4.9702e-07	-0.4229	-0.088289	-0.002078	2.2069e-05	
-0.16527	-0.095646	0.0020022	0.00055796	-0.23278	-0.10917	0.0020663	0.00022234	-0.31798	-0.11635	0.0020723	0.00015556	
0.28048	-0.006861	-0.0020657	-0.00022742	0.21511	-0.015706	-0.0020524	-0.00032679	0.13812	-0.026804	-0.0020508	-0.00033675	
-0.22243	0.2569	0.0020506	-0.00033821	-0.292	0.25302	0.0020476	-0.00035577	-0.37416	0.25999	0.0020339	-0.00042737	
0.37321	-0.44961	-0.001909	0.00082326	0.30878	-0.4517	-0.0019147	0.00080993	0.22128	-0.45844	-0.0019142	0.00081098	
-0.43955	-0.043339	0.0020768	-7.374e-05	-0.52269	-0.056962	0.0020774	-5.4561e-05	-0.6318	-0.058881	0.0020763	-8.799e-05	
-0.38653	0.28335	0.0020482	-0.00035251	-0.46543	0.28275	0.0020442	-0.00037504	-0.55996	0.2984	0.0020301	-0.0004454	
-0.37608	0.25573	-0.0020528	0.00032421	-0.45405	0.25435	-0.0020507	0.00033766	-0.54862	0.26882	-0.0020379	0.0004078	
-0.4592	0.40163	0.0020759	-9.5816e-05	-0.54345	0.40636	0.0020739	-0.00013268	-0.64212	0.43297	0.0020574	-0.00029371	
0.29925	0.085406	0.0020776	-4.5515e-05	0.23276	0.076492	0.002078	-2.6549e-05	0.15587	0.064755	0.0020774	-5.5454e-05	
-0.37627	0.39118	0.0019845	-0.0006182	-0.45399	0.39408	0.0019852	-0.00061613	-0.54545	0.41479	0.0019592	-0.00069473	
-0.36665	0.38792	0.0019678	-0.00066975	-0.44364	0.39075	0.0019731	-0.00065409	-0.53403	0.41056	0.0019489	-0.00072324	
-0.39062	0.31494	-0.0020441	0.00037556	-0.4697	0.31544	-0.0020373	0.00041081	-0.56432	0.3329	-0.0020211	0.00048482	
-0.25042	-0.097711	0.002078	2.5496e-05	-0.32108	-0.11124	0.0020774	5.7046e-05	-0.41251	-0.11757	0.0020776	4.9427e-05	
-0.32315	-0.09824	0.0020778	3.5887e-05	-0.39796	-0.11271	0.0020771	6.5102e-05	-0.49564	-0.11849	0.0020776	4.9099e-05	
-0.17663	-0.097068	0.002074	0.00013183	-0.2442	-0.11	0.0020745	0.00012328	-0.33041	-0.11702	0.0020761	9.1533e-05	
-0.28164	0.26637	0.0020528	-0.00032417	-0.35431	0.2636	0.0020497	-0.00034322	-0.43943	0.27335	0.0020368	-0.00041362	
-0.32002	0.30215	-0.0020466	0.00036146	-0.39487	0.30091	-0.0020411	0.00039176	-0.48207	0.31386	-0.0020252	0.00046728	
-0.20696	0.12241	-0.0020489	-0.00034806	-0.27636	0.11495	-0.0020752	0.00011052	-0.35953	0.11652	-0.0020673	0.00021279	
-0.22238	-0.046647	0.0020781	1.6252e-05	-0.29202	-0.058882	0.0020777	-4.3305e-05	-0.38027	-0.063995	0.0020762	-9.0781e-05	
-0.29406	0.24271	-0.0020582	0.00028786	-0.36679	0.23968	-0.0020559	0.00030397	-0.45408	0.24969	-0.0020432	0.00038022	
-0.34184	-0.069371	-0.0020778	3.7482e-05	-0.4177	-0.08293	-0.0020781	1.331e-05	-0.51641	-0.087184	-0.0020779	2.8097e-05	
-0.41459	-0.068942	-0.0020781	1.4197e-05	-0.49564	-0.083177	-0.0020781	1.2372e-05	-0.60266	-0.086484	-0.002078	2.6868e-05	
-0.37616	0.31237	-0.0020477	0.00035552	-0.4541	0.31237	-0.0020415	0.00038929	-0.54664	0.32876	-0.002027	0.00045953	
0.23179	-0.0039238	-0.0019858	0.00061419	0.16911	-0.010932	-0.0017026	0.0011945	0.093645	-0.020617	-0.0015999	0.0013296	
0.39074	-0.45719	-0.001899	0.0008461	0.32643	-0.45901	-0.001921	0.00079464	0.23811	-0.46526	-0.0019315	0.00076881	
0.35	-0.43888	-0.0018759	0.00089655	0.28667	-0.4419	-0.0018929	0.00085991	0.19954	-0.44888	-0.001898	0.00084853	
-0.17568	0.27662	-0.0020412	0.00039105	-0.24423	0.27262	-0.0020423	0.000385	-0.3222	0.27769	-0.0020273	0.00045805	
-0.30858	0.30016	-0.0020483	0.00035204	-0.38243	0.29858	-0.002044	0.00037628	-0.46973	0.31108	-0.002028	0.00045482	
-0.29718	-0.044702	0.0020776	-4.6568e-05	-0.37095	-0.057414	0.0020779	-3.2786e-05	-0.46446	-0.061395	0.0020772	-6.2526e-05	
-0.43635	0.26592	-0.0020444	0.00037389	-0.51844	0.2659	-0.002039	0.00040223	-0.61917	0.28382	-0.0020263	0.00046246	
-0.18497	-0.097551	0.0020757	0.00010183	-0.25249	-0.11043	0.0020761	9.3038e-05	-0.33979	-0.11735	0.0020775	5.2525e-05	
0.11225	-0.40908	0.001964	-0.00068087	0.055055	-0.42112	0.001897	-0.00085066	-0.021821	-0.43438	0.0018671	-0.0009148	
-0.37398	0.31198	-0.0020475	0.00035631	-0.45191	0.31194	-0.0020419	0.00038754	-0.54444	0.32826	-0.0020276	0.00045648	
-0.32938	-0.069572	-0.002078	2.7204e-05	-0.4042	-0.083045	-0.0020781	1.6719e-05	-0.50187	-0.087427	-0.0020779	3.2965e-05	
-0.34078	-0.042495	0.0020611	-0.00026603	-0.41661	-0.054826	0.0020635	-0.0002469	-0.51545	-0.057772	0.0020665	-0.00022028	
-0.33145	-0.098389	0.0020778	3.6718e-05	-0.4073	-0.11295	0.0020777	4.314e-05	-0.50499	-0.11867	0.002078	2.6812e-05	
-0.39276	-0.042766	0.0020731	-0.00014501	-0.4718	-0.056006	0.0020779	-3.0296e-05	-0.57558	-0.058655	0.0020771	-6.7375e-05	
-0.33241	0.27447	0.0020509	-0.00033641	-0.40737	0.2726	0.0020482	-0.00035236	-0.49773	0.28534	0.0020354	-0.00042054	
-0.20261	0.28133	-0.002049	0.00034736	-0.2723	0.27771	-0.0020445	0.00037342	-0.35126	0.28409	-0.0020296	0.00044758	
-0.30134	0.2989	-0.0020466	0.0003614	-0.37506	0.29721	-0.0020431	0.00038073	-0.46138	0.3092	-0.0020273	0.00045807	
-0.16095	0.27336	-0.0020101	0.00052879	-0.22869	0.26937	-0.0020207	0.00048658	-0.30654	0.27391	-0.0020093	0.00053181	
-0.38232	0.28263	0.0020485	-0.00035072	-0.46039	0.28181	0.0020444	-0.00037399	-0.55478	0.29729	0.0020303	-0.00044425	
-0.37723	0.39149	0.0019859	-0.00061367	-0.45518	0.39451	0.0019904	-0.00059888	-0.54665	0.41525	0.001966	-0.00067504	
-0.4177	-0.097984	0.0020781	1.073e-05	-0.49875	-0.1135	0.002078	2.0808e-05	-0.60682	-0.11859	0.0020781	7.3499e-06	
-0.35641	-0.069175	-0.0020781	1.3799e-05	-0.43328	-0.082913	-0.0020781	-7.9521e-06	-0.53407	-0.087042	-0.0020781	1.114e-05	
-0.66397	-0.065962	-0.0020781	-2.0856e-09	-0.66397	0.31775	0.0020781	2.2016e-08	-0.66397	0.35397	-0.0020781	1.1827e-08	
-0.42906	0.32222	-0.0020432	0.00038031	-0.51028	0.32353	-0.0020386	0.00040466	-0.60896	0.34349	-0.0020255	0.00046609	
0.665	0.472	-0.0020772	-6.3463e-05	0.57679	0.44975	-0.001938	-0.00075201	0.48927	0.41598	-0.0019648	-0.00067849	
-0.40316	0.39682	0.0020663	-0.0002218	-0.48317	0.3999	0.0020654	-0.00023023	-0.57665	0.42215	0.0020531	-0.00032241	
-0.42394	-0.097999	0.0020781	2.6407e-06	-0.50603	-0.11358	0.0020779	2.8781e-05	-0.61409	-0.11864	0.0020781	1.8602e-05	
-0.34816	0.13404	-0.0020335	0.00042949	-0.42392	0.1282	-0.0020373	0.00041122	-0.51857	0.13508	-0.0020342	0.00042619	
0.28266	-0.0066538	-0.0020748	-0.00011783	0.21712	-0.015423	-0.0020524	-0.00032714	0.14034	-0.026365	-0.0020505	-0.00033856	
0.31068	0.084967	0.0020748	-0.00011852	0.24418	0.076171	0.0020762	-9.0524e-05	0.16729	0.064312	0.0020748	-0.00011737	
-0.2951	-0.069936	-0.002078	1.9712e-05	-0.36783	-0.083175	-0.0020781	-2.2937e-07	-0.46344	-0.087918	-0.002078	2.5084e-05	
-0.23176	-0.04642	0.0020757	-0.00010136	-0.30131	-0.058504	0.002076	-9.5435e-05	-0.3907	-0.063355	0.0020746	-0.00012204	
-0.35536	-0.098264	0.0020775	-5.1138e-05	-0.43225	-0.11283	0.002078	-2.6481e-05	-0.53304	-0.11835	0.0020778	-3.4694e-05	
-0.32316	-0.043958	0.0020763	-8.6691e-05	-0.39799	-0.056694	0.0020754	-0.00010688	-0.49459	-0.060269	0.0020737	-0.00013643	
0.30652	0.08517	0.002076	-9.4984e-05	0.24002	0.076338	0.002077	-6.7447e-05	0.16313	0.064511	0.0020761	-9.1221e-05	
-0.27123	0.12794	-0.0020778	-3.7373e-05	-0.3429	0.12078	-0.0020776	4.5801e-05	-0.43113	0.12445	-0.0020739	0.00013281	
-0.38244	0.13936	-0.002028	0.00045479	-0.46043	0.13401	-0.0019933	0.00058929	-0.55907	0.14257	-0.0019642	0.00068048	
-0.3834	0.31364	-0.0020465	0.00036192	-0.46231	0.31395	-0.0020393	0.0004009	-0.55598	0.33092	-0.0020233	0.00047544	
-0.38974	0.14141	-0.0019806	0.00063068	-0.46857	0.1366	-0.0019767	0.00064305	-0.56716	0.1453	-0.0019742	0.00065068	
-0.398	-0.042556	0.0020781	-4.0321e-06	-0.47799	-0.05619	0.0020741	0.00012949	-0.5818	-0.058681	0.0020768	7.5023e-05	
-0.30964	-0.069786	-0.002078	2.242e-05	-0.38342	-0.083149	-0.0020781	6.2522e-06	-0.48005	-0.087717	-0.002078	2.5727e-05	
-0.32618	0.27342	0.0020504	-0.00033908	-0.40115	0.27151	0.0020479	-0.0003541	-0.49034	0.2838	0.0020346	-0.00042441	
0.26606	-0.0075875	-0.002048	0.00035328	0.20155	-0.0152	-0.0020545	0.00031344	0.12364	-0.025591	-0.0020473	0.00035752	
0.41438	-0.46816	-0.0018589	0.0009313	0.34914	-0.46872	-0.0018919	0.00086207	0.26059	-0.47445	-0.0019085	0.00082432	
-0.44885	-0.042999	0.0020769	-7.1289e-05	-0.53302	-0.056635	0.0020764	-8.6287e-05	-0.64214	-0.058406	0.002075	-0.0001136	
-0.19747	-0.070386	-0.0020722	-0.00015731	-0.26602	-0.082966	-0.0020763	-8.7012e-05	-0.35327	-0.088875	-0.0020779	-3.2568e-05	
-0.3012	0.35848	0.0017804	-0.0010745	-0.37293	0.35949	0.0017522	-0.0011201	-0.45831	0.37491	0.0016546	-0.0012606	
-0.27331	0.12793	-0.0020781	1.0675e-05	-0.346	0.12091	-0.0020758	9.7825e-05	-0.43335	0.12463	-0.0020717	0.00016327	
-0.29308	0.29741	-0.0020449	0.00037119	-0.3658	0.29545	-0.0020409	0.00039256	-0.45203	0.30707	-0.0020254	0.00046645	
-0.37519	0.1381	-0.0020574	0.00029386	-0.45305	0.13222	-0.0020456	0.00036707	-0.55056	0.14005	-0.0020265	0.00046153	
-0.34091	0.37689	0.0019031	-0.00083694	-0.41576	0.37891	0.0018752	-0.00089787	-0.50394	0.39688	0.0018454	-0.00095791	
-0.32622	0.13056	-0.0020702	0.00018148	-0.40106	0.12413	-0.0020658	0.00022695	-0.4936	0.12997	-0.002057	0.00029607	
0.65987	0.47151	-0.0020466	-0.00036182	0.57247	0.44806	-0.0019346	-0.00076083	0.48523	0.41462	-0.0019644	-0.00067976	
0.66293	0.47188	-0.0020696	-0.00018844	0.57553	0.44923	-0.0019355	-0.0007586	0.48741	0.4154	-0.0019645	-0.00067949	
-0.32724	0.13065	-0.0020694	0.00019056	-0.40208	0.12424	-0.0020643	0.00023991	-0.49461	0.13011	-0.0020551	0.00030941	
0.3366	-0.43242	-0.0018636	0.00092193	0.27319	-0.43561	-0.0018758	0.00089664	0.18687	-0.44307	-0.0018852	0.00087654	
0.63701	-0.22358	0.0020614	-0.00026359	0.55899	-0.22414	0.0020645	-0.00023835	0.46335	-0.2327	0.0020644	-0.00023951	
-0.23793	-0.070515	-0.0020779	3.398e-05	-0.3086	-0.083192	-0.0020781	1.2617e-05	-0.39797	-0.088592	-0.0020779	3.4605e-05	
0.28781	-0.006647	-0.0020747	0.00012028	0.22238	-0.014817	-0.0020753	-0.00010955	0.14441	-0.025871	-0.002069	-0.00019482	
-0.30543	0.27007	0.0020532	-0.00032207	-0.37925	0.26774	0.0020492	-0.0003462	-0.46662	0.27885	0.0020356	-0.00041942	
-0.41667	0.2885	0.0020491	-0.00034733	-0.49771	0.28855	0.0020469	-0.00035995	-0.59543	0.30604	0.0020328	-0.00043261	
-0.25459	-0.045512	0.0020773	-5.7482e-05	-0.32526	-0.057833	0.0020779	-3.309e-05	-0.41667	-0.062357	0.0020776	-4.6149e-05	
0.32535	-0.42682	-0.0018636	0.00092188	0.26183	-0.43023	-0.0018893	0.00086773	0.1758	-0.43808	-0.0019017	0.00084011	
0.41352	-0.46777	-0.0018616	0.00092603	0.34827	-0.46833	-0.0018934	0.0008588	0.25971	-0.4741	-0.0019103	0.00082019	
0.34286	-0.43548	-0.0018729	0.0009028	0.27949	-0.43858	-0.0018828	0.0008819	0.19233	-0.44562	-0.0018901	0.00086606	
-0.27944	0.26602	0.0020526	-0.00032531	-0.3523	0.26325	0.0020496	-0.00034432	-0.43744	0.27295	0.0020365	-0.0004148	
-0.4542	0.32657	-0.0020494	0.00034518	-0.53812	0.32861	-0.0020436	0.00037835	-0.63901	0.35007	-0.0020275	0.00045732	
-0.44049	0.32427	-0.0020478	0.00035493	-0.52269	0.32587	-0.002045	0.00037081	-0.62251	0.3465	-0.0020322	0.00043564	
-0.31588	-0.044215	0.0020771	-6.5077e-05	-0.39068	-0.056973	0.0020772	-6.3029e-05	-0.48629	-0.060667	0.0020766	-7.9514e-05	
-0.36056	-0.098146	0.0020776	-4.8231e-05	-0.43745	-0.11279	0.0020781	-1.4363e-05	-0.53927	-0.11826	0.002078	-2.7306e-05	
-0.3783	-0.043298	0.0020769	7.2067e-05	-0.45725	-0.056806	0.0020775	-5.0997e-05	-0.559	-0.059793	0.0020748	-0.00011798	
-0.35957	0.13617	-0.0020568	0.00029753	-0.43642	0.13015	-0.0020653	0.00023095	-0.53204	0.13722	-0.0020629	0.00025183	
-0.36686	0.13702	-0.002065	0.00023381	-0.44476	0.13103	-0.0020645	0.00023789	-0.54036	0.1383	-0.0020594	0.00027882	
-0.45196	0.3262	-0.00205	0.00034189	-0.53513	0.32808	-0.002045	0.0003706	-0.63581	0.34933	-0.002029	0.00045046	
-0.1891	0.25108	0.0020326	-0.00043353	-0.25768	0.2469	0.0020394	-0.00040017	-0.33767	0.25219	0.0020276	-0.00045657	
-0.40621	0.14618	-0.0020342	0.00042635	-0.48624	0.14097	-0.0020571	0.00029557	-0.58602	0.15011	-0.0020561	0.00030287	
-0.27744	0.24033	-0.0020562	0.00030212	-0.35018	0.23715	-0.0020536	0.00031935	-0.43534	0.24617	-0.0020416	0.00038891	
-0.35433	-0.09829	0.0020775	-5.0346e-05	-0.43121	-0.11285	0.0020779	-2.8626e-05	-0.532	-0.11837	0.0020778	-3.6647e-05	
0.27315	-0.0079002	-0.002064	-0.00024281	0.2079	-0.016016	-0.0020653	0.00023096	0.12983	-0.026803	-0.0020389	0.00040285	
-0.23379	-0.097755	0.002078	-2.3744e-05	-0.30342	-0.11102	0.0020781	-7.2491e-07	-0.39381	-0.11738	0.0020781	-1.3807e-05	
-0.33041	-0.098369	0.0020778	3.8512e-05	-0.40522	-0.11291	0.0020775	5.1496e-05	-0.50395	-0.11865	0.0020779	3.1059e-05	
-0.27121	-0.070148	-0.002078	2.1091e-05	-0.34289	-0.083119	-0.0020781	-3.5304e-06	-0.43536	-0.088168	-0.0020781	1.771e-05	
0.3356	0.082197	0.0020227	-0.00047818	0.26912	0.073945	0.0020481	-0.00035301	0.19226	0.061676	0.0020437	-0.00037776	
-0.2805	0.29512	-0.0020447	0.00037213	-0.35324	0.29302	-0.0020405	0.00039476	-0.43753	0.30373	-0.0020256	0.0004654	
-0.32137	0.37032	0.0019641	-0.00068074	-0.39566	0.37123	0.0019933	-0.00058933	-0.48191	0.38787	0.0019892	-0.00060299	
0.6461	0.46718	-0.0019323	-0.00076661	0.55992	0.44304	-0.0019354	-0.00075879	0.47283	0.41027	-0.0019628	-0.00068448	
-0.25458	-0.097775	0.0020778	3.7763e-05	-0.32523	-0.11136	0.0020773	5.8128e-05	-0.41771	-0.11769	0.0020778	3.7453e-05	
-0.40733	-0.068953	-0.0020781	-3.6921e-06	-0.48836	-0.083192	-0.0020781	-7.775e-06	-0.59331	-0.086572	-0.0020781	1.1225e-05	
-0.21821	0.2562	0.0020502	-0.00034057	-0.28779	0.25228	0.0020471	-0.00035879	-0.36898	0.25889	0.0020333	-0.0004303	
0.3087	0.32575	-0.0018903	-0.00086547	0.24006	0.31134	-0.0018963	-0.0008522	0.16536	0.29533	-0.0019272	-0.00077939	
-0.30028	-0.098058	0.002078	2.4143e-05	-0.37408	-0.1122	0.0020778	3.5739e-05	-0.46965	-0.11814	0.0020781	9.3616e-06	
-0.27225	0.29364	-0.0020452	0.0003696	-0.344	0.29124	-0.0020407	0.00039354	-0.42919	0.3018	-0.0020244	0.00047073	
-0.41251	0.39773	0.0020726	-0.00015265	-0.49356	0.40082	0.0020718	-0.00016313	-0.5871	0.42344	0.0020637	-0.00024491	
0.31083	0.32665	-0.0018952	-0.00085466	0.24218	0.31226	-0.0018984	-0.00084762	0.16721	0.29612	-0.0019249	-0.00078527	
-0.29717	-0.098016	0.0020779	3.1865e-05	-0.37097	-0.11213	0.0020777	4.3685e-05	-0.46549	-0.11812	0.0020781	1.8581e-05	
-0.45719	-0.097945	0.0020779	-3.0017e-05	-0.54136	-0.11376	0.0020781	-4.2659e-07	-0.65461	-0.11841	0.0020781	-1.63e-05	
-0.22023	0.25653	0.0020503	-0.00033971	-0.28998	0.25266	0.0020473	-0.00035734	-0.37196	0.25952	0.0020337	-0.00042845	
-0.32523	-0.043865	0.0020758	-9.9564e-05	-0.40007	-0.056574	0.0020742	-0.0001285	-0.49665	-0.060128	0.0020718	-0.00016217	
0.40639	-0.46434	-0.0018802	0.00088728	0.3419	-0.46552	-0.0019063	0.00082951	0.2524	-0.47104	-0.0019198	0.00079765	
-0.44472	-0.068704	-0.0020781	1.9075e-05	-0.52785	-0.083255	-0.0020781	2.8225e-06	-0.63798	-0.086194	-0.0020779	2.8937e-05	
-0.29919	0.26909	0.0020537	-0.00031839	-0.37302	0.2667	0.0020501	-0.00034084	-0.45921	0.27733	0.0020372	-0.00041157	
-0.34911	-0.041516	0.0020709	-0.00017385	-0.42602	-0.054282	0.0020768	7.5405e-05	-0.52473	-0.057637	0.0020694	0.00019042	
0.65354	-0.22546	0.00207	-0.00018425	0.57461	-0.22596	0.002066	-0.00022451	0.47796	-0.23448	0.0020644	-0.00023887	
-0.20056	-0.070577	-0.0020756	-0.0001027	-0.26913	-0.083083	-0.002077	-6.836e-05	-0.35639	-0.088916	-0.002078	-2.2961e-05	
-0.24521	-0.070407	-0.002078	2.6626e-05	-0.31587	-0.083151	-0.0020781	1.044e-05	-0.40627	-0.088472	-0.002078	2.6663e-05	
-0.44067	0.15061	-0.0020034	0.0005538	-0.52354	0.14633	-0.0019923	0.00059255	-0.62765	0.15713	-0.0019754	0.00064686	
-0.27118	0.2647	0.0020522	-0.00032796	-0.34286	0.26166	0.0020491	-0.00034699	-0.42805	0.27103	0.0020361	-0.0004167	
0.64108	-0.22412	0.0020627	-0.00025373	0.56323	-0.22465	0.0020639	-0.00024339	0.4676	-0.2332	0.0020628	-0.00025235	
-0.42711	0.26432	-0.0020499	0.00034228	-0.50802	0.26393	-0.0020458	0.00036601	-0.60784	0.2813	-0.002033	0.00043167	
-0.37506	0.25555	-0.0020528	0.00032436	-0.45303	0.25418	-0.0020507	0.00033714	-0.5466	0.26843	-0.0020382	0.00040664	
-0.35856	0.13602	-0.0020544	0.0003142	-0.43539	0.13004	-0.0020642	0.00024058	-0.53102	0.1371	-0.0020623	0.00025693	
-0.36569	0.38767	0.0019652	-0.00067745	-0.44271	0.39041	0.0019717	-0.00065833	-0.5331	0.41025	0.0019508	-0.00071796	
-0.16402	-0.095229	0.0019602	0.00069187	-0.23076	-0.10891	0.0020554	0.00030742	-0.31696	-0.11628	0.0020705	0.00017836	
-0.37086	0.28069	0.0020499	-0.00034257	-0.44896	0.27975	0.0020464	-0.00036292	-0.54144	0.29439	0.0020323	-0.00043501	
0.30237	0.085326	0.002077	-6.743e-05	0.23587	0.076454	0.0020777	-4.2357e-05	0.15898	0.064662	0.002077	-6.7506e-05	
0.25769	-0.0063803	-0.0020648	0.00023564	0.19227	-0.014104	-0.0020725	0.00015363	0.11426	-0.024373	-0.0020718	0.00016209	
0.30133	0.085354	0.0020773	-6.0142e-05	0.23483	0.07646	0.0020778	-3.6358e-05	0.15794	0.064697	0.0020772	-6.2495e-05	
-0.39793	0.39612	0.0020601	-0.00027388	-0.47794	0.39924	0.0020611	-0.00026621	-0.57043	0.42099	0.0020472	-0.00035809	
-0.42602	-0.068813	-0.0020781	1.9111e-05	-0.50811	-0.083156	-0.0020781	-1.266e-05	-0.61617	-0.086368	-0.0020781	3.2576e-06	
-0.29718	0.12903	-0.0020765	8.3511e-05	-0.37093	0.12216	-0.002076	9.4397e-05	-0.46033	0.12683	-0.0020731	0.00014527	
-0.37303	-0.069123	-0.0020781	9.1843e-06	-0.45095	-0.082991	-0.0020781	-1.7385e-06	-0.55279	-0.086877	-0.0020779	3.019e-05	
-0.22548	-0.097845	0.002078	-2.2729e-05	-0.29511	-0.11101	0.0020781	8.5825e-06	-0.3855	-0.11744	0.0020781	-7.4678e-06	
-0.38347	0.25689	-0.0020525	0.00032603	-0.46231	0.25573	-0.0020488	0.00034897	-0.557	0.27052	-0.002036	0.00041734	
-0.18999	-0.069254	-0.0020045	-0.00054962	-0.25767	-0.082401	-0.0020646	-0.0002371	-0.34497	-0.088659	-0.0020763	-8.8147e-05	
0.3065	-0.0077937	-0.002078	-2.5483e-05	0.24001	-0.015784	-0.0020769	7.287e-05	0.16213	-0.026757	-0.0020736	0.00013731	
-0.17049	0.2756	-0.002034	0.00042707	-0.23803	0.27143	-0.0020366	0.00041455	-0.31683	0.27644	-0.0020242	0.00047161	
-0.35329	-0.098311	0.0020776	-4.9409e-05	-0.43017	-0.11286	0.0020779	-3.0884e-05	-0.53096	-0.11839	0.0020778	-3.8141e-05	
-0.19923	0.12425	-0.0011188	0.0017556	-0.26788	0.11601	-0.0018146	-0.0010155	-0.35035	0.11625	-0.0020418	-0.0003878	
-0.29172	0.35447	0.0020026	-0.00055664	-0.36463	0.3553	0.0019614	-0.00068845	-0.44945	0.36927	0.0019131	-0.00081372	
-0.20366	-0.070705	-0.002077	-6.974e-05	-0.27224	-0.083175	-0.0020775	-5.3247e-05	-0.36054	-0.088954	-0.0020781	-1.6471e-05	
-0.37196	0.31164	-0.0020473	0.0003577	-0.4499	0.31157	-0.0020421	0.0003861	-0.54246	0.32783	-0.0020283	0.00045373	
-0.41232	0.0015599	-0.0020766	8.1093e-05	-0.49252	-0.011064	-0.0018224	-0.0010012	-0.59748	-0.0083888	-0.0020376	-0.00040945	
-0.32003	-0.069678	-0.002078	2.1724e-05	-0.39485	-0.083106	-0.0020781	9.8483e-06	-0.49148	-0.087573	-0.002078	2.6228e-05	
0.1173	-0.41093	0.0018797	-0.0008884	0.06024	-0.42316	0.0019618	-0.00068729	-0.017649	-0.4362	0.0019427	-0.00073991	
-0.27637	-0.045126	0.0020779	-3.2639e-05	-0.3491	-0.057679	0.0020781	-1.2526e-05	-0.44058	-0.062003	0.0020778	-3.5872e-05	
-0.37921	0.13872	-0.0020456	0.00036745	-0.45726	0.1331	-0.0020179	0.00049787	-0.55503	0.14119	-0.0019883	0.00060609	
-0.17956	0.24835	0.0019229	-0.00079019	-0.24737	0.24455	0.0019996	-0.0005673	-0.32615	0.24931	0.0019942	-0.00058609	
0.66088	0.47166	-0.0020555	-0.000307	0.57372	0.44859	-0.0019345	-0.00076097	0.48523	0.41462	-0.0019644	-0.00067976	
-0.43436	0.29148	0.0020495	-0.00034453	-0.51639	0.29184	0.0020455	-0.00036779	-0.61616	0.31047	0.0020308	-0.00044232	
0.65166	0.4693	-0.0019626	-0.00068508	0.56512	0.4451	-0.0019308	-0.00077041	0.47812	0.41209	-0.0019615	-0.00068808	
-0.35745	-0.069168	-0.0020781	1.1875e-05	-0.43432	-0.082919	-0.0020781	-8.8875e-06	-0.53511	-0.087036	-0.0020781	1.1318e-05	
-0.44678	0.40082	0.0020751	-0.00011221	-0.52992	0.40511	0.0020728	-0.00014973	-0.6276	0.4305	0.0020629	-0.00025224	
-0.26082	-0.070247	-0.0020781	1.9038e-05	-0.3325	-0.08311	-0.0020781	6.5105e-08	-0.42393	-0.088278	-0.002078	2.2015e-05	
-0.31389	0.27141	0.0020516	-0.00033218	-0.3887	0.26935	0.0020478	-0.00035457	-0.47599	0.28081	0.0020339	-0.00042778	
-0.44989	-0.042961	0.0020768	-7.3632e-05	-0.53407	-0.056589	0.0020762	-8.9952e-05	-0.64422	-0.05829	0.0020747	-0.00011911	
-0.45927	0.29582	0.0020462	-0.00036408	-0.54343	0.29689	0.002043	-0.0003816	-0.64522	0.31688	0.0020349	-0.00042299	
-0.40637	-0.0011623	-0.0013758	0.0015614	-0.48615	-0.010099	-0.0020325	0.00043423	-0.59005	-0.0091271	-0.0019354	0.00075882	
-0.37926	-0.097795	0.0020778	-3.7506e-05	-0.45823	-0.1127	0.0020781	-7.0126e-06	-0.56111	-0.11795	0.002078	-2.7397e-05	
-0.37297	0.13779	-0.0020608	0.00026882	-0.45105	0.13191	-0.0020539	0.00031706	-0.54764	0.13941	-0.0020435	0.00037899	
0.32938	-0.007052	-0.0020735	-0.00013954	0.26289	-0.015252	-0.0020766	-8.1272e-05	0.18393	-0.026652	-0.0020775	-5.3263e-05	
0.32834	-0.0071193	-0.0020748	-0.00011861	0.26185	-0.015304	-0.0020768	-7.5413e-05	0.18289	-0.026657	-0.0020775	-5.2744e-05	
-0.27428	0.29401	-0.002045	0.00037033	-0.34702	0.29184	-0.0020407	0.00039384	-0.43118	0.30227	-0.0020246	0.00046981	
-0.36788	-0.042473	0.0020681	0.00020487	-0.44574	-0.056359	0.0020689	0.00019612	-0.54647	-0.059802	0.0020741	0.00012945	
-0.43952	-0.098065	0.0020781	1.0363e-05	-0.52265	-0.11384	0.0020781	1.519e-05	-0.63279	-0.11877	0.0020781	-1.305e-05	
-0.44363	0.29306	0.0020477	-0.00035523	-0.52681	0.29376	0.0020428	-0.00038261	-0.62651	0.31274	0.0020285	-0.00045246	
-0.41145	0.28761	0.0020487	-0.00034969	-0.49149	0.28746	0.0020463	-0.00036337	-0.58905	0.30467	0.0020327	-0.0004332	
0.29303	0.31871	-0.0019217	-0.00079296	0.22453	0.30495	-0.001977	-0.00064208	0.15053	0.29001	-0.0020093	-0.00053176	
-0.31663	0.36815	0.0018772	-0.00089383	-0.39068	0.36981	0.0019612	-0.00068903	-0.47701	0.38633	0.0019744	-0.00065002	
0.3992	-0.46104	-0.0018904	0.00086523	0.33462	-0.4624	-0.0019157	0.00080741	0.24635	-0.46855	-0.0019248	0.00078543	
-0.23066	0.12524	-0.0020436	0.00037826	-0.3003	0.11855	-0.002052	0.00032924	-0.38546	0.12127	-0.0020524	0.00032668	
-0.25873	-0.09785	0.0020778	3.7274e-05	-0.33042	-0.11149	0.0020777	4.1584e-05	-0.42186	-0.11774	0.0020781	1.7479e-05	
-0.29515	0.26848	0.0020538	-0.00031795	-0.3688	0.266	0.0020505	-0.00033853	-0.45501	0.2765	0.0020378	-0.00040863	
-0.45515	0.40131	0.0020762	-8.9305e-05	-0.53926	0.4061	0.0020696	-0.00018843	-0.63798	0.43215	0.0020546	-0.0003127	
-0.21301	-0.097974	0.002078	-1.9709e-05	-0.28158	-0.11092	0.0020781	1.0526e-05	-0.37095	-0.11742	0.0020781	7.2796e-07	
-0.35228	0.30809	-0.0020433	0.00038012	-0.42908	0.30763	-0.0020405	0.00039481	-0.51958	0.32267	-0.002025	0.00046798	
-0.31901	0.30197	-0.0020468	0.00036019	-0.39385	0.30072	-0.0020414	0.00039023	-0.48107	0.31364	-0.0020254	0.00046632	
-0.41459	-0.043194	0.0020779	2.9126e-05	-0.4956	-0.056866	0.002078	2.5457e-05	-0.60162	-0.059296	0.0020781	4.7704e-06	
-0.43015	0.14841	-0.0020638	0.0002446	-0.5122	0.1432	-0.0020324	0.00043486	-0.61512	0.1532	-0.0020075	0.0005387	
-0.32004	0.13013	-0.0020736	0.00013761	-0.3949	0.12359	-0.0020711	0.00017111	-0.48631	0.12902	-0.0020655	0.00022973	
0.11749	-0.41113	0.0018723	-0.00090393	0.06024	-0.42316	0.0019618	-0.00068729	-0.017649	-0.4362	0.0019427	-0.00073991	
-0.24418	0.26041	0.0020524	-0.00032671	-0.31491	0.25693	0.002049	-0.00034756	-0.3979	0.26488	0.002036	-0.00041753	
-0.29406	-0.069946	-0.002078	1.924e-05	-0.36679	-0.083174	-0.0020781	-7.6189e-07	-0.46136	-0.087943	-0.002078	2.4724e-05	
-0.40701	-0.0006327	-0.0015104	0.0014309	-0.48716	-0.0099617	-0.0020686	0.00019935	-0.59138	-0.0086297	-0.002008	0.0005365	
0.40848	-0.46535	-0.0018751	0.00089815	0.34403	-0.46644	-0.001903	0.00083706	0.25455	-0.47193	-0.0019171	0.00080417	
-0.40203	0.3171	-0.0020405	0.00039447	-0.48208	0.31791	-0.0020385	0.00040515	-0.57657	0.33585	-0.002021	0.0004851	
-0.39074	0.28407	0.0020482	-0.00035218	-0.46963	0.28351	0.0020442	-0.00037496	-0.56414	0.29933	0.0020304	-0.00044412	
-0.18903	-0.068969	-0.0019766	-0.00064316	-0.25665	-0.082277	-0.0020591	-0.00028161	-0.34393	-0.088612	-0.0020755	-0.00010548	
-0.26914	0.12799	-0.0020766	-8.005e-05	-0.34083	0.12075	-0.0020781	2.5989e-06	-0.42907	0.12434	-0.002076	9.5094e-05	
-0.37822	-0.097814	0.0020778	-3.7951e-05	-0.45616	-0.11271	0.0020781	-9.9357e-06	-0.56007	-0.11796	0.0020779	-2.9615e-05	
-0.33769	-0.069445	-0.0020778	3.6279e-05	-0.41354	-0.082962	-0.0020781	1.7592e-05	-0.51225	-0.087248	-0.0020779	3.401e-05	
-0.37306	0.28106	0.0020495	-0.0003448	-0.45097	0.28011	0.0020459	-0.00036542	-0.54442	0.29503	0.0020318	-0.00043766	
0.29424	0.31929	-0.0019136	-0.00081253	0.22547	0.30523	-0.0019636	-0.00068195	0.15178	0.2904	-0.0019936	-0.00058831	
0.30442	-0.0078006	-0.0020781	1.0249e-05	0.23794	-0.015691	-0.0020745	0.00012299	0.16007	-0.026585	-0.0020701	0.0001825	
-0.37929	0.28211	0.0020488	-0.00034905	-0.45719	0.28123	0.0020446	-0.0003728	-0.5518	0.29663	0.0020307	-0.00044248	
-0.32625	0.30326	-0.0020448	0.00037161	-0.40108	0.30211	-0.0020399	0.00039799	-0.48941	0.31558	-0.0020237	0.0004739	
-0.45407	-0.068596	-0.0020779	2.8345e-05	-0.53824	-0.083213	-0.0020781	1.0373e-05	-0.64941	-0.086039	-0.002078	2.5205e-05	
0.29818	0.32093	-0.0019	-0.00084391	0.22946	0.30674	-0.0019278	-0.00077809	0.15492	0.29137	-0.0019653	-0.00067705	
0.39287	-0.45812	-0.001897	0.0008506	0.32821	-0.45969	-0.0019199	0.00079728	0.23989	-0.46592	-0.0019303	0.00077176	
-0.37406	-0.097887	0.0020778	-3.7981e-05	-0.452	-0.11273	0.0020781	-1.0849e-05	-0.55488	-0.11804	0.0020779	-3.3744e-05	
0.34418	0.078498	0.0016736	-0.0012351	0.2786	0.071116	0.0018539	-0.00094134	0.20141	0.058988	0.0018805	-0.00088674	
-0.45724	0.29547	0.0020461	-0.00036452	-0.54141	0.29651	0.0020427	-0.00038295	-0.64322	0.31647	0.0020323	-0.00043492	
-0.42813	0.29043	0.00205	-0.00034189	-0.51016	0.29074	0.0020468	-0.00036022	-0.60899	0.30892	0.0020324	-0.00043448	
-0.22132	0.12348	-0.0020476	0.00035564	-0.29093	0.11698	-0.0020411	0.00039168	-0.37512	0.11944	-0.0020373	0.00041094	
0.11424	-0.4098	0.0019598	-0.00069299	0.057135	-0.42208	0.0019439	-0.0007366	-0.020765	-0.43493	0.0018871	-0.00087247	
-0.46135	-0.042437	0.0020754	-0.00010769	-0.54655	-0.056083	0.0020772	-6.2122e-05	-0.65774	-0.057653	0.0020774	-5.3635e-05	
-0.33772	-0.042874	0.0020642	-0.00024084	-0.41355	-0.055206	0.002061	-0.00026734	-0.51122	-0.058308	0.0020565	-0.00030002	
-0.4385	-0.043374	0.0020771	-6.4765e-05	-0.52165	-0.056988	0.0020774	-5.696e-05	-0.62971	-0.058971	0.002076	-9.5454e-05	
-0.24621	0.28897	-0.0020464	0.00036277	-0.31696	0.28614	-0.0020421	0.00038608	-0.39998	0.29511	-0.0020259	0.0004643	
-0.32418	-0.098256	0.0020778	3.7732e-05	-0.39899	-0.11274	0.0020771	6.4758e-05	-0.49668	-0.11851	0.0020776	4.8462e-05	
0.25769	0.083373	0.0020668	0.00021721	0.19222	0.073999	0.0020617	0.00026116	0.11634	0.062889	0.0020664	0.00022128	
-0.43228	0.14869	-0.0020524	0.00032708	-0.51434	0.14372	-0.0020181	0.00049699	-0.61729	0.15378	-0.0019946	0.00058468	
-0.38866	0.39456	0.0020324	-0.00043471	-0.46763	0.39763	0.0020442	-0.00037479	-0.55901	0.4188	0.0020311	-0.00044089	
-0.36575	-0.098037	0.0020777	-4.2141e-05	-0.44369	-0.11276	0.0020781	-7.5231e-06	-0.54552	-0.11818	0.002078	-2.7693e-05	
-0.319	-0.044116	0.0020769	-7.1066e-05	-0.39379	-0.056876	0.0020768	-7.5941e-05	-0.48941	-0.060542	0.0020761	-9.2182e-05	
-0.45927	-0.097917	0.002078	-2.7387e-05	-0.54343	-0.11376	0.0020781	7.7483e-06	-0.65669	-0.1184	0.0020781	-9.7311e-06	
-0.3002	0.26924	0.0020537	-0.00031843	-0.37403	0.26686	0.00205	-0.00034193	-0.4602	0.27753	0.0020371	-0.00041195	
-0.36472	-0.098058	0.0020777	-4.3078e-05	-0.44265	-0.11276	0.0020781	-8.0409e-06	-0.54448	-0.1182	0.002078	-2.7286e-05	
-0.24833	-0.070369	-0.002078	2.38e-05	-0.31899	-0.083137	-0.0020781	8.9026e-06	-0.41043	-0.088423	-0.002078	2.4071e-05	
0.22951	0.077285	0.0017488	0.0011254	0.1667	0.066168	0.0014701	0.0014725	0.092498	0.055187	0.0014164	0.0015245	
-0.2899	0.24215	-0.0020574	0.00029327	-0.36264	0.23907	-0.002055	0.00030973	-0.44992	0.24892	-0.0020427	0.00038327	
-0.36888	-0.069136	-0.0020781	4.6891e-06	-0.4468	-0.082981	-0.0020781	-7.4372e-06	-0.54864	-0.086931	-0.002078	2.4337e-05	
-0.3585	0.25298	-0.0020544	0.00031393	-0.43533	0.2513	-0.0020516	0.00033159	-0.52782	0.26472	-0.0020402	0.00039636	
-0.30237	-0.044584	0.0020776	-4.9505e-05	-0.37614	-0.057324	0.0020778	-3.8981e-05	-0.47069	-0.061204	0.0020771	-6.6219e-05	
0.21393	-0.29927	0.0018508	-0.00094736	0.15496	-0.30693	0.0018759	-0.00089649	0.07908	-0.31739	0.001895	-0.00085506	
-0.3771	0.28173	0.002049	-0.00034786	-0.45518	0.28088	0.002045	-0.00037083	-0.54861	0.29593	0.0020309	-0.00044151	
-0.24625	-0.070394	-0.002078	2.5641e-05	-0.31691	-0.083146	-0.0020781	9.9866e-06	-0.40731	-0.08846	-0.002078	2.5905e-05	
-0.21093	-0.097992	0.0020781	-1.6578e-05	-0.27951	-0.11091	0.0020781	9.2283e-06	-0.36887	-0.11742	0.0020781	-2.8123e-06	
-0.32828	0.30361	-0.0020444	0.00037383	-0.40309	0.30251	-0.0020395	0.00039995	-0.49259	0.31632	-0.0020232	0.00047567	
-0.42083	0.14781	-0.0020766	7.8826e-05	-0.50186	0.14198	-0.0020761	9.2747e-05	-0.60369	0.15128	-0.0020729	0.00014792	
-0.26807	0.23894	-0.0020548	0.00031155	-0.33977	0.23553	-0.0020529	0.00032383	-0.42494	0.2442	-0.0020415	0.00038935	
0.40724	-0.46474	-0.001879	0.00089	0.3419	-0.46552	-0.0019063	0.00082951	0.25366	-0.47159	-0.0019187	0.00080031	
-0.36991	-0.09796	0.0020778	-3.8803e-05	-0.44784	-0.11275	0.0020781	-8.5828e-06	-0.54968	-0.11812	0.0020779	-3.0808e-05	
0.34738	0.0017791	-0.0011456	-0.0017382	0.28268	-0.0094572	-0.001381	-0.0015567	0.2046	-0.02171	-0.0014579	-0.0014847	
-0.45499	0.15463	-0.0020227	0.00047817	-0.53923	0.15025	-0.0020562	0.00030187	-0.64422	0.16146	-0.0020537	0.00031875	
-0.31796	-0.044147	0.002077	-6.8785e-05	-0.39276	-0.056907	0.0020769	-7.0856e-05	-0.48837	-0.060585	0.0020763	-8.7077e-05	
-0.28263	-0.097849	0.0020781	-8.2174e-07	-0.35534	-0.11171	0.0020776	4.7425e-05	-0.44887	-0.11777	0.0020777	4.4701e-05	
0.31686	0.32934	-0.0019105	-0.00081966	0.24731	0.31454	-0.0019039	-0.00083494	0.17359	0.29874	-0.0019253	-0.00078413	
-0.30991	0.36423	0.0017171	-0.0011735	-0.38221	0.36586	0.0017797	-0.0010757	-0.46783	0.38196	0.0017561	-0.0011141	
-0.20362	0.28151	-0.002049	0.00034764	-0.2723	0.27771	-0.0020445	0.00037342	-0.35325	0.28452	-0.0020289	0.00045093	
-0.20574	-0.070766	-0.0020775	-5.2731e-05	-0.27432	-0.083224	-0.0020777	-4.3679e-05	-0.36262	-0.088969	-0.0020781	-1.3725e-05	
-0.1631	-0.094884	0.001919	0.00079961	-0.22956	-0.10869	0.0020427	0.00038298	-0.31594	-0.11618	0.0020678	0.00020788	
-0.27219	0.26486	0.0020522	-0.00032819	-0.34386	0.26184	0.0020491	-0.00034688	-0.42905	0.27123	0.0020362	-0.00041639	
-0.22236	0.12367	-0.0020441	0.00037571	-0.29196	0.11716	-0.0020419	0.00038759	-0.37615	0.11964	-0.0020393	0.00040065	
-0.44256	0.26708	-0.0020418	0.00038814	-0.52463	0.26713	-0.0020411	0.00039174	-0.62655	0.28546	-0.0020311	0.00044095	
-0.2234	-0.070776	-0.0020779	3.3366e-05	-0.29302	-0.083305	-0.0020781	1.4056e-05	-0.38239	-0.088872	-0.0020779	3.4315e-05	
0.093499	-0.40015	0.0019431	-0.00073866	0.035313	-0.41266	0.0019998	-0.00056664	-0.042607	-0.4261	0.0020162	-0.00050495	
-0.44888	-0.068662	-0.002078	2.3618e-05	-0.53304	-0.083238	-0.0020781	9.5305e-06	-0.64318	-0.086122	-0.0020779	2.9532e-05	
-0.29094	-0.044841	0.0020777	-4.4312e-05	-0.36367	-0.057524	0.002078	-2.7751e-05	-0.45719	-0.061611	0.0020773	-5.7448e-05	
0.31189	-0.42046	-0.0018923	0.00086115	0.24947	-0.42479	-0.0019077	0.00082632	0.16303	-0.43251	-0.0018961	0.00085279	
-0.31276	-0.069753	-0.002078	2.208e-05	-0.38653	-0.083139	-0.0020781	7.0198e-06	-0.48317	-0.087678	-0.002078	2.6107e-05	
0.31573	-0.42219	-0.0018868	0.00087317	0.25247	-0.42609	-0.0019071	0.00082771	0.16641	-0.43404	-0.0019101	0.0008207	
-0.46023	0.15562	-0.0020557	0.00030521	-0.54449	0.15078	-0.0020755	0.00010537	-0.6505	0.16215	-0.0020728	0.00014912	
0.22757	-0.30725	0.0017534	-0.0011183	0.16938	-0.31454	0.0017946	-0.0010504	0.092472	-0.32397	0.0018313	-0.00098481	
-0.38238	-0.069049	-0.002078	2.1921e-05	-0.46134	-0.082978	-0.0020781	2.9955e-06	-0.56422	-0.086704	-0.0020779	2.8112e-05	
-0.28158	-0.045032	0.0020778	-3.7441e-05	-0.35431	-0.057634	0.0020781	-1.8932e-05	-0.44679	-0.061879	0.0020777	-4.3998e-05	
-0.2172	0.25604	0.0020502	-0.00034057	-0.28678	0.2521	0.002047	-0.0003595	-0.36777	0.25863	0.0020331	-0.00043136	
0.40934	-0.46573	-0.001873	0.00090251	0.34403	-0.46644	-0.001903	0.00083706	0.25581	-0.47245	-0.0019163	0.00080594	
-0.38542	0.31398	-0.002046	0.00036523	-0.4645	0.31439	-0.0020387	0.0004038	-0.55795	0.33139	-0.0020227	0.000478	
-0.23273	0.2866	-0.0020466	0.00036185	-0.30338	0.28358	-0.0020427	0.00038331	-0.38447	0.2916	-0.0020275	0.00045699	
-0.19028	-0.069353	-0.0020122	-0.00052047	-0.2587	-0.082507	-0.0020685	-0.00020083	-0.34497	-0.088659	-0.0020763	-8.8147e-05	
-0.3086	-0.069797	-0.002078	2.2496e-05	-0.38238	-0.083152	-0.0020781	5.9521e-06	-0.47798	-0.087743	-0.002078	2.5323e-05	
-0.45411	0.40131	0.002076	-9.4347e-05	-0.53821	0.40598	0.0020714	-0.00016706	-0.63594	0.4317	0.002057	-0.00029605	
0.092499	-0.39981	0.0019515	-0.00071614	0.034299	-0.4124	0.002004	-0.0005516	-0.043623	-0.42583	0.0020196	-0.00049117	
-0.33452	-0.043239	0.0020684	-0.00020113	-0.41049	-0.055603	0.0020625	-0.00025531	-0.50818	-0.058755	0.0020554	-0.0003075	
-0.28782	-0.097876	0.002078	2.2589e-05	-0.36053	-0.11185	0.0020772	6.2322e-05	-0.4551	-0.11793	0.0020775	5.193e-05	
-0.43537	-0.068764	-0.0020781	7.896e-06	-0.5185	-0.083231	-0.0020781	-1.1669e-05	-0.62656	-0.08633	-0.0020781	1.7484e-05	
-0.23795	-0.097712	0.002078	-2.0329e-05	-0.30861	-0.11103	0.0020781	8.0358e-06	-0.39901	-0.11736	0.0020781	1.1633e-06	
-0.44262	0.29288	0.0020479	-0.00035381	-0.5258	0.29358	0.002043	-0.00038173	-0.62551	0.31253	0.0020286	-0.00045221	
-0.39903	0.31652	-0.0020411	0.00039162	-0.47909	0.31734	-0.0020377	0.00040885	-0.57364	0.33514	-0.0020207	0.00048638	
-0.43744	-0.098054	0.0020781	1.2849e-05	-0.52057	-0.11382	0.002078	2.3757e-05	-0.63071	-0.11878	0.0020781	-2.4522e-06	
-0.33247	-0.043414	0.0020708	-0.00017458	-0.4083	-0.055868	0.002065	-0.00023379	-0.50496	-0.059221	0.002059	-0.00028216	
-0.32107	0.13019	-0.0020731	0.00014475	-0.39593	0.12366	-0.0020704	0.00017912	-0.48834	0.12928	-0.0020641	0.00024205	
-0.37196	0.13766	-0.0020621	0.00025862	-0.44981	0.13172	-0.0020572	0.00029473	-0.54665	0.1392	-0.0020476	0.0003561	
-0.41459	0.39785	0.0020734	-0.00014073	-0.49564	0.40105	0.0020711	-0.0001712	-0.59019	0.42397	0.0020616	-0.00026252	
-0.36154	0.30978	-0.002045	0.00037039	-0.43848	0.30943	-0.0020423	0.00038542	-0.52992	0.32503	-0.0020279	0.00045536	
-0.28262	-0.045014	0.0020778	-3.848e-05	-0.35535	-0.057627	0.002078	-2.0281e-05	-0.44783	-0.06185	0.0020776	-4.5389e-05	
0.30962	0.32612	-0.0018912	-0.00086359	0.24098	0.3117	-0.0018966	-0.00085165	0.16628	0.29572	-0.0019258	-0.00078285	
0.23593	0.080034	0.0020029	0.00055536	0.17156	0.069568	0.0018677	0.00091353	0.097404	0.058845	0.001851	0.00094709	
-0.30236	0.12927	-0.0020764	8.6326e-05	-0.3761	0.12236	-0.0020759	9.5812e-05	-0.46652	0.12731	-0.0020729	0.00014765	
-0.41031	0.0012851	-0.001993	0.0005902	-0.49149	-0.01052	-0.0019377	-0.00075278	-0.59535	-0.0081926	-0.0020779	-2.9481e-05	
-0.46238	-0.042385	0.0020754	-0.00010652	-0.54758	-0.056052	0.0020774	-5.6897e-05	-0.65877	-0.057629	0.0020777	-4.4695e-05	
-0.43113	0.26501	-0.002048	0.00035327	-0.51324	0.26489	-0.0020415	0.00038932	-0.61302	0.28243	-0.0020284	0.00045314	
-0.36472	-0.069144	-0.0020781	3.9397e-06	-0.44264	-0.082962	-0.0020781	-1.0987e-05	-0.54342	-0.086981	-0.0020781	1.6951e-05	
-0.21717	-0.070854	-0.0020781	1.5257e-05	-0.28678	-0.083333	-0.0020781	3.4634e-06	-0.37512	-0.088965	-0.0020781	1.7949e-05	
-0.31271	0.24535	-0.0020516	0.00033178	-0.38654	0.24285	-0.0020421	0.00038632	-0.47486	0.25392	-0.0020265	0.00046167	
-0.23378	-0.070587	-0.0020778	3.7428e-05	-0.3034	-0.083226	-0.0020781	1.4659e-05	-0.39381	-0.088664	-0.0020778	3.8378e-05	
-0.35334	0.27783	0.0020523	-0.0003277	-0.43009	0.2765	0.0020485	-0.00035079	-0.52169	0.29026	0.0020359	-0.00041788	
-0.36783	-0.097998	0.0020778	-4.0144e-05	-0.44576	-0.11275	0.0020781	-7.6559e-06	-0.5476	-0.11815	0.0020779	-2.9137e-05	
-0.20981	0.1223	-0.002078	2.6684e-05	-0.27953	0.11515	-0.0020699	0.00018537	-0.36263	0.11694	-0.0020561	0.00030284	
-0.43527	0.32337	-0.0020453	0.00036905	-0.51748	0.32491	-0.0020423	0.00038541	-0.61609	0.34509	-0.0020295	0.00044821	
-0.1953	0.2523	0.0020436	-0.00037807	-0.2639	0.24807	0.0020448	-0.0003716	-0.34384	0.25355	0.0020322	-0.00043567	
-0.29818	0.26893	0.0020538	-0.0003179	-0.37201	0.26653	0.0020502	-0.00034052	-0.45822	0.27713	0.0020374	-0.00041043	
0.64313	-0.22439	0.0020635	-0.00024716	0.56527	-0.22489	0.0020638	-0.00024392	0.46964	-0.23345	0.0020624	-0.00025564	
-0.26804	-0.045255	0.0020779	-3.0353e-05	-0.33974	-0.057715	0.0020781	-6.743e-06	-0.43123	-0.062132	0.0020779	-2.817e-05	
-0.25768	0.26255	0.0020526	-0.00032581	-0.32938	0.25938	0.0020493	-0.00034613	-0.41347	0.26807	0.0020367	-0.00041376	
-0.1745	0.27639	-0.0020398	0.00039828	-0.24306	0.27239	-0.0020415	0.00038929	-0.32101	0.27741	-0.0020269	0.00045985	
-0.43225	-0.068775	-0.0020781	7.4651e-06	-0.51434	-0.083203	-0.0020781	-1.5774e-05	-0.62344	-0.086351	-0.0020781	1.052e-05	
-0.34077	0.1325	-0.0020435	0.00037899	-0.41675	0.12669	-0.002035	0.00042217	-0.51022	0.13319	-0.0020252	0.00046721	
-0.46231	0.29635	0.0020465	-0.00036232	-0.54662	0.2975	0.0020432	-0.00038033	-0.64942	0.31772	0.002043	-0.00038127	
-0.27843	0.26586	0.0020526	-0.00032587	-0.35129	0.26308	0.0020494	-0.00034506	-0.43644	0.27275	0.0020364	-0.00041563	
-0.35531	0.30866	-0.0020437	0.00037752	-0.43227	0.30825	-0.0020413	0.00039038	-0.52256	0.32337	-0.0020257	0.00046487	
0.63904	-0.22385	0.002062	-0.0002592	0.56102	-0.22439	0.0020642	-0.00024128	0.46557	-0.23297	0.0020635	-0.00024674	
-0.19763	0.12067	-0.00063931	0.0019823	-0.26788	0.11601	-0.0018146	-0.0010155	-0.35035	0.11625	-0.0020418	-0.0003878	
-0.45615	-0.09796	0.0020779	-3.0667e-05	-0.54032	-0.11376	0.0020781	-4.4119e-06	-0.65253	-0.11843	0.002078	-2.4056e-05	
-0.43334	0.26539	-0.0020465	0.00036199	-0.51544	0.26532	-0.0020401	0.0003967	-0.61522	0.28294	-0.0020269	0.00045978	
-0.38134	-0.069061	-0.002078	2.1073e-05	-0.4603	-0.082979	-0.0020781	3.7751e-06	-0.56318	-0.086719	-0.0020779	2.9688e-05	
0.37534	-0.45056	-0.0019112	0.00081811	0.31091	-0.45263	-0.0019177	0.00080268	0.22341	-0.45934	-0.0019183	0.00080133	
-0.32205	0.30251	-0.002046	0.00036497	-0.39689	0.30129	-0.0020405	0.00039453	-0.48524	0.31461	-0.0020246	0.00046966	
-0.43634	0.14944	-0.0020248	0.00046881	-0.51849	0.14483	-0.0019996	0.00056739	-0.62235	0.15538	-0.0019783	0.00063787	
-0.35953	-0.069158	-0.0020781	8.5417e-06	-0.4364	-0.082928	-0.0020781	-1.0376e-05	-0.53719	-0.087024	-0.0020781	1.1959e-05	
-0.66293	-0.038934	0.0020781	1.3195e-06	-0.66397	0.31775	0.0020781	2.2016e-08	-0.66397	0.35397	-0.0020781	1.1827e-08	
-0.19982	0.12567	-0.0014765	0.001466	-0.26788	0.11601	-0.0018146	-0.0010155	-0.35208	0.11612	-0.0020752	-0.00011147	
-0.32837	0.27379	0.0020506	-0.00033812	-0.40316	0.27186	0.0020481	-0.0003531	-0.49254	0.28427	0.0020349	-0.00042268	
-0.32315	0.27293	0.0020504	-0.00033895	-0.39794	0.27096	0.0020477	-0.0003553	-0.48636	0.28299	0.0020341	-0.00042639	
0.4156	-0.46882	-0.0018565	0.00093625	0.35037	-0.46933	-0.0018883	0.00086998	0.26183	-0.47503	-0.0019073	0.00082714	
-0.24835	-0.045699	0.0020769	-7.0676e-05	-0.31902	-0.05795	0.0020776	-4.8409e-05	-0.40939	-0.062547	0.0020771	-6.5565e-05	
-0.38861	0.31457	-0.0020449	0.00037104	-0.4675	0.31499	-0.0020379	0.00040808	-0.56113	0.33215	-0.0020217	0.00048224	
-0.30749	0.36259	0.0016907	-0.0012114	-0.3803	0.36458	0.0017211	-0.0011675	-0.46534	0.38041	0.0016886	-0.0012144	
-0.33352	0.13138	-0.002061	0.00026728	-0.40934	0.12532	-0.0020496	0.00034393	-0.50184	0.13138	-0.0020383	0.00040577	
-0.47158	0.27133	-0.0020641	0.00024136	-0.55694	0.27187	-0.0020577	0.0002918	-0.66082	0.29101	-0.0020757	0.00010023	
0.29922	-0.0076232	-0.0020742	0.00012837	0.23381	-0.015384	-0.0020688	0.00019711	0.15482	-0.026084	-0.0020668	0.00021762	
-0.28053	-0.045054	0.0020778	-3.6503e-05	-0.35327	-0.057647	0.0020781	-1.771e-05	-0.44575	-0.061897	0.0020777	-4.2443e-05	
-0.22549	0.28532	-0.0020461	0.00036456	-0.29513	0.28202	-0.0020418	0.00038787	-0.37712	0.28994	-0.002027	0.00045913	
-0.21304	0.28312	-0.0020476	0.00035591	-0.28255	0.27962	-0.0020416	0.00038876	-0.36359	0.28684	-0.0020261	0.00046317	
0.22876	0.076829	0.0016939	0.001207	0.16624	0.065633	0.001415	0.0015258	0.091997	0.05463	0.0013531	0.0015812	
-0.31588	-0.06972	-0.002078	2.173e-05	-0.39069	-0.083124	-0.0020781	8.1064e-06	-0.48629	-0.087638	-0.002078	2.6155e-05	
-0.38757	-0.097667	0.002078	-2.2828e-05	-0.46654	-0.11272	0.002078	2.549e-05	-0.57045	-0.11791	0.0020781	1.8405e-05	
-0.20885	-0.098006	0.0020781	-1.2137e-05	-0.27743	-0.1109	0.0020781	8.7745e-06	-0.36679	-0.11743	0.0020781	-6.5144e-06	
0.31275	-0.0076319	-0.0020768	-7.4761e-05	0.24625	-0.015805	-0.0020776	-4.7384e-05	0.1673	-0.026978	-0.002078	2.3581e-05	
-0.30757	0.29999	-0.0020482	0.00035244	-0.38128	0.29837	-0.002044	0.00037601	-0.46855	0.31081	-0.0020281	0.00045436	
-0.38754	0.25752	-0.002052	0.00032938	-0.46651	0.25645	-0.0020473	0.00035729	-0.56119	0.27139	-0.0020343	0.00042588	
-0.32523	0.30308	-0.0020451	0.00037025	-0.40007	0.30191	-0.00204	0.00039741	-0.48842	0.31535	-0.0020239	0.00047277	
-0.34809	-0.098417	0.0020778	-3.5569e-05	-0.42498	-0.11294	0.0020779	-3.4517e-05	-0.52473	-0.11851	0.0020777	-4.4849e-05	
0.29821	0.085427	0.0020778	-3.8768e-05	0.23172	0.076521	0.002078	-2.3511e-05	0.15483	0.064776	0.0020774	-5.3756e-05	
-0.46958	0.27109	-0.0020647	0.00023614	-0.55494	0.2716	-0.0020587	0.00028399	-0.65874	0.29087	-0.002072	0.00016017	
-0.36887	-0.097979	0.0020778	-3.913e-05	-0.4468	-0.11275	0.0020781	-8.205e-06	-0.54864	-0.11814	0.0020779	-3.0065e-05	
-0.24005	0.12675	-0.002054	0.00031676	-0.31066	0.12006	-0.0020606	0.00027043	-0.3959	0.12282	-0.0020564	0.00030041	
0.25977	-0.0066898	-0.0020597	0.00027673	0.19536	-0.014352	-0.0020699	0.0001848	0.11744	-0.024681	-0.0020687	0.00019841	
0.42178	-0.47203	-0.0018186	0.0010082	0.35632	-0.47206	-0.0018765	0.00089531	0.26819	-0.47786	-0.0018962	0.00085247	
-0.27439	0.26521	0.0020523	-0.00032754	-0.34707	0.26238	0.0020491	-0.00034692	-0.43125	0.27169	0.0020363	-0.00041615	
-0.43536	0.39978	0.0020652	-0.00023247	-0.51745	0.40387	0.0020632	-0.00024933	-0.61407	0.42856	0.0020461	-0.00036438	
-0.40626	0.3972	0.0020686	-0.00019951	-0.48628	0.4002	0.0020689	-0.00019598	-0.57983	0.42261	0.002058	-0.00028921	
-0.2598	0.2914	-0.002046	0.00036525	-0.33142	0.28884	-0.0020424	0.00038488	-0.41468	0.29848	-0.0020268	0.00046033	
-0.22968	0.28607	-0.0020463	0.0003633	-0.30034	0.28299	-0.0020425	0.0003844	-0.3813	0.29087	-0.0020273	0.00045791	
-0.34389	0.37821	0.0018927	-0.00086033	-0.41869	0.38032	0.001871	-0.00090662	-0.50723	0.39863	0.0018262	-0.00099427	
-0.44677	0.26786	-0.0020435	0.00037893	-0.52984	0.26807	-0.0020469	0.0003597	-0.63074	0.28635	-0.0020354	0.00042012	
0.28904	0.31722	-0.0019579	-0.00069843	0.22039	0.30382	-0.0020493	-0.00034563	0.14661	0.28924	-0.0020682	-0.00020333	
-0.24105	-0.045964	0.0020763	-8.825e-05	-0.31174	-0.058137	0.0020772	-6.1947e-05	-0.40106	-0.062842	0.0020764	-8.5453e-05	
0.33968	0.08098	0.0019376	-0.0007531	0.27331	0.073049	0.0020115	-0.00052343	0.19646	0.06072	0.0020082	-0.00053581	
-0.39384	0.3956	0.0020507	-0.00033738	-0.47271	0.39839	0.0020555	-0.00030693	-0.5652	0.42009	0.002044	-0.00037626	
-0.24216	0.26009	0.0020524	-0.00032711	-0.3127	0.25655	0.002049	-0.00034792	-0.39591	0.26448	0.0020359	-0.00041779	
0.32742	-0.42787	-0.0018599	0.00092947	0.26394	-0.43121	-0.001885	0.00087712	0.17757	-0.43881	-0.0018974	0.00084976	
0.34581	-0.43687	-0.0018743	0.00089989	0.28244	-0.43996	-0.001888	0.00087061	0.1953	-0.44696	-0.0018934	0.0008586	
-0.26808	-0.097939	0.0020781	-1.3095e-06	-0.33977	-0.11159	0.0020781	2.928e-06	-0.43329	-0.11771	0.002078	-1.9435e-05	
-0.27742	0.26569	0.0020525	-0.00032623	-0.3501	0.26288	0.0020494	-0.00034554	-0.43545	0.27256	0.0020364	-0.00041549	
-0.18725	-0.068292	-0.0019008	-0.00084217	-0.25564	-0.082132	-0.002051	-0.00033556	-0.34186	-0.088485	-0.0020719	-0.0001607	
0.31588	0.084614	0.002073	-0.00014674	0.24937	0.075904	0.0020748	-0.00011755	0.1725	0.063969	0.0020727	-0.00015072	
0.27534	0.085235	0.0020705	0.00017892	0.20884	0.07586	0.0020654	0.00023064	0.133	0.064523	0.0020678	0.00020762	
0.3336	0.082635	0.002041	-0.00039209	0.26708	0.074282	0.0020561	-0.00030268	0.18908	0.062211	0.0020548	-0.00031155	
-0.31708	0.3685	0.0018885	-0.00086941	-0.39155	0.3701	0.001974	-0.00065124	-0.47701	0.38633	0.0019744	-0.00065002	
0.2284	-0.30777	0.001751	-0.0011219	0.17056	-0.31522	0.0017893	-0.0010596	0.093647	-0.32465	0.0018207	-0.0010044	
-0.24001	-0.046011	0.0020762	-9.0943e-05	-0.3107	-0.058164	0.0020772	-6.319e-05	-0.40002	-0.062893	0.0020763	-8.8006e-05	
-0.27328	-0.097912	0.0020781	-1.8386e-05	-0.34497	-0.11159	0.0020781	3.1903e-06	-0.43849	-0.11767	0.0020781	-6.6022e-06	
-0.35143	0.38179	0.0018779	-0.00089216	-0.42704	0.38442	0.0018912	-0.00086354	-0.51624	0.40349	0.0018735	-0.00090144	
0.31483	-0.007561	-0.0020768	-7.4891e-05	0.24833	-0.01575	-0.002077	-6.8321e-05	0.16937	-0.026985	-0.0020781	-1.0219e-05	
-0.29198	-0.069964	-0.0020781	1.8343e-05	-0.36471	-0.083173	-0.0020781	-1.9507e-06	-0.45928	-0.087967	-0.002078	2.3921e-05	
-0.43953	0.40015	0.0020684	-0.00020189	-0.52162	0.40432	0.0020694	-0.00019097	-0.61928	0.42931	0.0020611	-0.0002662	
0.30755	-0.0077581	-0.0020777	-4.0417e-05	0.24105	-0.015805	-0.0020776	4.8125e-05	0.16316	-0.026838	-0.0020751	0.00011351	
-0.44156	0.26689	-0.002042	0.00038659	-0.52364	0.26692	-0.0020402	0.0003962	-0.62458	0.28503	-0.0020292	0.00044943	
-0.452	-0.098018	0.002078	-2.6927e-05	-0.53616	-0.11378	0.0020781	-1.6395e-05	-0.64733	-0.11851	0.0020777	-4.2041e-05	
