0.033088850940212744      0.7944379542952231
0.690721449894792      0.7101313957176643
0.7877049352139871      0.09022119198202572
0.935481452840361      0.6165721730292031
0.2709952079666478      0.022896131592865077
0.26309888229804246      0.6889365789259858
0.9619853743689966      0.5669527121027245
0.5902501329113707      0.48804307462415597
0.865159905660652      0.48682423732893754
0.7783605850019031      0.08197805267846059
0.5341487584737761      0.6418469457444373
0.48583451755730356      0.2697685655312936
0.5950723244094676      0.2077565308316509
0.2261557626497952      0.9827314813082724
0.8087832337889018      0.41384216378419647
0.648789018320509      0.95766630407165
0.3420253243999385      0.2541691561286763
0.5188415717923687      0.1096394541795036
0.1812061715102331      0.6802575445604044
0.5754265501425302      0.7430032826082333
0.7801668666088286      0.7181052490323232
0.8206682176306022      0.18216050731796507
0.9255043209380716      0.9983918233168376
0.31663625629528624      0.05242428162191404
0.8807400117464981      0.3863912401306997
0.762315024339584      0.8118297645215746
0.7492086093787109      0.7458888729749895
0.2457975148584408      0.34153579427490066
0.5687919716972876      0.853727794456951
0.7666831181513225      0.46844374746748785
0.7208464932311986      0.8835489130683714
0.42694280701470566      0.4432923182772277
0.4679192144930515      0.3090158323570322
0.19169884233011003      0.8112241215737035
0.9300104969491727      0.5817527421198989
0.4809933567146194      0.36267315341674133
0.8287474853273054      0.4803930485025958
0.2906439818121598      0.30541254347560787
0.33516213571952624      0.7558696164831327
0.7533241238988819      0.34097522222806687
0.47619108264810195      0.43183482191950406
0.019639453838133702      0.38711931916833087
0.1268987071990928      0.5132455348013818
0.8929244877670517      0.7636870143249803
0.5775458659166957      0.9744106651046236
0.8320294640257608      0.2595007621225429
0.7032086668455031      0.04429296940008043
0.49832623063869197      0.12349888602981673
0.9678247290641067      0.9695193340999873
0.9776396527373568      0.19800565070837184
0.7186382131038653      0.9447312700980439
0.520335651792706      0.8945890982667326
0.8062014946039819      0.000989291541737769
0.056000396038631495      0.8557439389570995
0.18224846670249084      0.33061371399843975
0.48763258060173253      0.6361299041254191
0.4924536306122329      0.8267096307347874
0.08184983582376248      0.9165640221412734
0.10827945240491466      0.6078961595140335
0.1189415902587947      0.06729468071497924
0.5173263162868385      0.9727820977020989
0.11070663319431207      0.5595914794798955
0.21155514338303671      0.6308332738107938
0.07287597666151835      0.5745633406061519
0.19772715356033688      0.49828139368475877
0.171973142030851      0.5415329540690117
0.9450501409325494      0.5299738877727458
0.9073098635186707      0.27158261673972395
0.5377317149422602      0.5744522617483392
0.571853837851577      0.7220971882565708
0.36318774468777515      0.2334835124934025
0.565979943600337      0.7714189248721781
0.15503120251164693      0.7776328337503999
0.475226769364373      0.6066471183855404
0.5095421562851175      0.1069477530560552
0.4686763338498512      0.17367278125287267
0.12501175949057108      0.6331653450208374
0.8917750109928417      0.9377971787872676
0.5000829718288846      0.4424607169319801
0.7473657027256313      0.686766159037407
0.23645222901945306      0.40864487712652675
0.6278687529956277      0.4409423533645791
0.15335185575654964      0.928819262756861
0.6270730895645229      0.9361884173700206
0.3791728460925856      0.3770018874379122
0.7156484600896835      0.542471107248796
0.19230312961522      0.28762205520503237
0.37714779911028073      0.5589284651039323
0.9053275470629691      0.06249857609885723
0.7345393607539326      0.7416778522432665
0.5654588313775621      0.13284582080531426
0.5081924217589904      0.11198908518143136
0.25707451821874927      0.194360697919862
0.484546516643684      0.5057942680955041
0.2907486594001971      0.15485765735162627
0.5617528652731063      0.3339058900212506
0.5498086798074278      0.7457745758310601
0.9687888490328318      0.5192846170562262
0.6830886525789936      0.2644074120653028
0.1808587634860752      0.9116158113910569
0.3194595162263545      0.15793736293333227
0.5639679514252351      0.9859940016280795
0.8784730191422443      0.9866672074909124
0.36643508635590005      0.14452514948834216
0.20964677788892128      0.8939024989387996
0.6079040485300711      0.631106459781045
0.2744227942576549      0.6449841624143839
0.15131980988974414      0.25081532696022735
0.028043759309936078      0.10031780843007199
0.14429085284069432      0.18051189430721792
0.23721913329377786      0.8792364380271309