-0.2275479003964134	-0.0027185017236493	-0.0020781379561873	0.0000003666037639	-0.2338068713578557	-0.0213183504312476	-0.0020781042063215	0.0000118789415797	-0.2576989243181532	-0.0378330165736994	-0.0020781373106625	0.0000016825006869	
-0.3397810274787015	-0.0299187551583460	0.0020778855087577	0.0000324740555468	-0.3480801159416237	-0.0481002307460123	0.0020778028963246	0.0000374111549858	-0.3750856095071565	-0.0659826819300448	0.0020773621848463	0.0000569209192918	
-0.2909448594518412	-0.0024330207147477	-0.0020779822613433	0.0000255041244472	-0.2982010216162335	-0.0204821110172136	-0.0020779138530834	0.0000305970791124	-0.3241891504065408	-0.0374858829132920	-0.0020781004076704	0.0000125290168408	
-0.2150596642239954	0.0215637300384026	0.0020778935805390	-0.0000319507716875	-0.2213191027672125	0.0030933406799964	0.0020780168088163	-0.0000224980511278	-0.2442197366257107	-0.0130963377058173	0.0020781047778436	-0.0000117780302348	
-0.5413162049540189	0.0243855123473157	0.0020779709774588	-0.0000264119372595	-0.5527827806094460	0.0083514432419663	0.0020780686875457	-0.0000170138314301	-0.5870421090451601	-0.0099948068218903	0.0020780976180292	-0.0000129857078426	
-0.3865097245364496	0.0221359265912847	0.0020772166318128	0.0000620300728675	-0.3948062867738819	0.0047455918833078	0.0020774778219070	-0.0000525084021522	-0.4239456663404935	-0.0124413164606983	0.0020773433758101	-0.0000576066687010	
-0.4364030789700271	0.0233923031525634	0.0020776383196439	-0.0000456826767780	-0.4457461748808686	0.0066021568568443	0.0020776123886082	-0.0000468529223758	-0.4758743844668040	-0.0111426120017991	0.0020779468291912	-0.0000282568763897	
-0.4987606713680580	0.0242189337673068	0.0020778973300707	0.0000317047556847	-0.5090608141714321	0.0079065842944401	0.0020776539957090	-0.0000449604517803	-0.5424063039436606	-0.0103419644939184	0.0020778495072091	0.0000347120466072	
0.2992460073445459	0.1539011183216857	0.0020629623501013	0.0002513134551062	0.2992739556480102	0.1318721259768998	0.0020673772846095	0.0002117356461931	0.2794847955810653	0.1201386140536608	0.0020672115127903	0.0002133560719793	
-0.2940333062911801	0.0241254418469150	0.0020656546372924	-0.0002280074198369	-0.3013066719083062	0.0067307510562571	0.0020780533242142	-0.0000188053715346	-0.3272913034155863	-0.0099487404538652	0.0020780092008546	0.0000231935224443	
-0.1213731481302602	-0.0254518852822460	0.0018972150772527	0.0008501959225787	-0.1257232238194631	-0.0469024736737734	0.0020599730820094	0.0002748539828248	-0.1476105806356620	-0.0630596376689809	0.0020646066409706	0.0002373553278828	
-0.2046847712247981	0.1887694313386682	-0.0020645569821724	0.0002377890399194	-0.2088506107493690	0.1718992166012962	-0.0020771321338860	0.0000648114277031	-0.2327251568072283	0.1586211873529093	-0.0020771928797586	0.0000628243559069	
-0.1745638372808625	-0.0290828587014181	0.0020781378260760	-0.0000008233370220	-0.1797539109942635	-0.0483262854450626	0.0020780573701429	-0.0000183505446582	-0.2026157416005223	-0.0647263118637399	0.0020781375067341	-0.0000014183799195	
0.3429345378206279	-0.3353175639732738	-0.0019028895998271	0.0008373537922060	0.3438678514809821	-0.3615978921981114	-0.0019010799681256	0.0008414746693674	0.3316270662356383	-0.3777658705371507	-0.0018996330381909	0.0008447523399239	
-0.4114409881845204	0.2127519918794751	-0.0020717409776095	0.0001633392799912	-0.4187379465365875	0.1967629949962504	-0.0020711121846945	-0.0001711658796876	-0.4478309520908537	0.1832154191279861	-0.0020713328973222	-0.0001684603551765	
-0.3002911317858066	-0.0303044857107490	0.0020777947573708	-0.0000378627264919	-0.3075559804749020	-0.0484503529134481	0.0020775312626686	-0.0000503385918033	-0.3335433433399962	-0.0659982243872301	0.0020779103318314	-0.0000308364753908	
-0.1621135027032636	-0.0026338166698067	-0.0020768905790113	-0.0000721731874748	-0.1672889000583530	-0.0219551774191968	-0.0020780116791462	-0.0000229692857571	-0.1901531131257205	-0.0380236628860115	-0.0020779772110579	-0.0000259143632080	
-0.4156333589620832	-0.0025417603285848	-0.0020781236256440	0.0000077455835426	-0.4249770399132944	-0.0197008686108702	-0.0020779765608491	0.0000259667091893	-0.4551133388519388	-0.0375847921895600	-0.0020781282484396	0.0000063784303525	
-0.2857406068632343	-0.0303701259639692	0.0020779547664164	0.0000276640488498	-0.2930172767883417	-0.0487942751166958	0.0020779497890639	-0.0000280372708571	-0.3189963309341014	-0.0662192540809971	0.0020780723299267	-0.0000165606891427	
-0.5704084380322965	0.0244338713580358	0.0020781132332244	0.0000101687589555	-0.5818660155388785	0.0085179256323967	0.0020781290363653	0.0000061149944863	-0.6182339275374447	-0.0101298106251100	0.0020779757396256	0.0000260326725095	
-0.3636675328685858	-0.0303815886094529	0.0020780537447406	0.0000187586112549	-0.3719782783535311	-0.0482532053326873	0.0020781190403617	0.0000088964609327	-0.4000504776792653	-0.0663752037307315	0.0020780032432418	0.0000237238982973	
-0.2130044423553627	-0.0027225723598912	-0.0020781378213629	0.0000008352071456	-0.2192343310007207	-0.0214184332512100	-0.0020780870462007	0.0000145872220373	-0.2421093376467474	-0.0378620282941107	-0.0020781366544825	0.0000023604503660	
0.3335264388404116	-0.3312816773938950	-0.0019143274125740	0.0008107294147703	0.3336579920172267	-0.3570776750404966	-0.0018835639441895	0.0008801723731382	0.3222850879011127	-0.3736234156061737	-0.0018930419666971	0.0008594937190658	
0.2919816627349490	0.1530705712433200	0.0020662925838353	0.0002221220965450	0.2919951251767607	0.1310997417994840	0.0020639000463122	0.0002434529453162	0.2733196053604809	0.1194104667296136	0.0020635994782616	0.0002460002882019	
0.3365480481210645	-0.3325400801870651	-0.0019131814689222	0.0008134434531296	0.3366208506034698	-0.3584065951181946	-0.0018971806707748	0.0008502730809205	0.3252668049417836	-0.3749224911099477	-0.0018998070508390	0.0008443589611594	
-0.2670365673309326	0.1896421329853398	-0.0020774344344385	0.0000542061426726	-0.2722121548980033	0.1731042639832911	-0.0020756285194912	0.0001023519986955	-0.2971599499861017	0.1594866355585012	-0.0020752139788062	0.0001104773232366	
-0.4644665878682377	0.0239321513512692	0.0020776296898864	-0.0000460754319773	-0.4738091007804923	0.0074374920616069	0.0020765117601355	-0.0000824028698839	-0.5060267284176663	-0.0103964113026758	0.0020777608265498	-0.0000396899654623	
-0.1818291735483813	0.0207097086870461	0.0020780633961986	0.0000176514048319	-0.1870237054394464	0.0020017628522201	0.0020759492089940	-0.0000955923589065	-0.2098476101030377	-0.0139133775021501	0.0020762953142272	-0.0000877131174492	
-0.2545783206116928	0.1892969225442083	-0.0020774179778178	0.0000548363295204	-0.2597895593925055	0.1725335603179387	-0.0020766716239612	0.0000782493789869	-0.2836884054653160	0.1590036811779319	-0.0020770647128657	0.0000669477669711	
0.3510181472952376	-0.3389737743823643	-0.0018808946784994	0.0008858905413100	0.3523233158649528	-0.3654445277047167	-0.0018834391672705	0.0008804406820398	0.3409436044354639	-0.3819963625341286	-0.0018819354928014	0.0008836662476350	
-0.5195967686272973	0.0243070602919677	0.0020779452859773	0.0000283706996958	-0.5299359013051305	0.0079680155553573	0.0020775106671161	-0.0000511857169579	-0.5641900680165323	-0.0101623793705169	0.0020777685649426	-0.0000392807236812	
-0.5787787973923835	0.2196098852778348	-0.0020774801073692	0.0000524174470773	-0.5880976323586841	0.2055540686377400	-0.0020733521027909	0.0001413082569725	-0.6224063350798776	0.1916052380037734	-0.0020736889181455	0.0001362506650667	
-0.1600427588527386	0.1853904212300659	-0.0009833191223221	0.0018353530057577	-0.1630197731298013	0.1669706195302948	-0.0020022067050320	-0.0005580115361317	-0.1869683676631798	0.1533444685182373	-0.0020611106097643	-0.0002661454419306	
-0.3324508226503708	0.0225227750929003	0.0020781379861343	-0.0000000964739407	-0.3397586319000932	0.0050974371149871	0.0020757270324607	-0.0001003240843783	-0.3667302048043655	-0.0117362689901393	0.0020749518817566	-0.0001153188219954	
-0.3470444840097513	0.0228909971871906	0.0020774781819606	-0.0000524940834803	-0.3543540335769650	0.0053384852222743	0.0020767573810786	0.0000759275711214	-0.3824573671015359	-0.0120540317460495	0.0020749172831508	0.0001159427841207	
-0.5351081626762115	0.0242915625336687	0.0020778754107449	-0.0000331170544814	-0.5465533981524793	0.0083071827157478	0.0020780729887065	-0.0000164774006878	-0.5808043321250341	-0.0100256867303783	0.0020781223697838	-0.0000080771194867	
-0.5174020869347956	0.2149952534194446	-0.0020772579224934	0.0000606245006602	-0.5258357936046455	0.2006252245532110	-0.0020669823452684	0.0002155759250198	-0.5579484504403380	0.1866580785896486	-0.0020678758168601	0.0002067851691089	
0.3460138073756307	0.0637737490584938	-0.0020761792244994	-0.0000904326485434	0.3460241578326246	0.0410799292796840	-0.0020771231256888	-0.0000651009282355	0.3283458271926227	0.0291676439845516	-0.0020767906293988	-0.0000750080409456	
-0.5642447847796985	0.2193145943764090	-0.0020767024325750	0.0000774232847158	-0.5735957471187305	0.2048946076666586	-0.0020775593347516	0.0000491604295886	-0.6067861579322891	0.1909744208368315	-0.0020777412305759	0.0000407078878422	
-0.3750924928825733	0.0222735510236350	0.0020780293964429	0.0000212975502310	-0.3834615672803425	0.0046977074415531	0.0020775791332737	0.0000483122178590	-0.4114660464741386	-0.0127309158153964	0.0020780497540320	-0.0000191977687933	
-0.3117359253051942	0.0240559362720541	0.0020673093978404	0.0002124007523422	-0.3190321180175039	0.0053780651903776	0.0020691960014554	0.0001930571548812	-0.3459577089393173	-0.0116805681463876	0.0020686952776773	0.0001983768591799	
0.2857133500250144	0.1523595326081563	0.0020639434379129	0.0002430829614736	0.2857297992223258	0.1302983641650684	0.0020593611297253	0.0002794247086238	0.2670610706094234	0.1186264331896176	0.0020579056206917	0.0002900015306648	
-0.3678124712508767	-0.0026177064725574	-0.0020780704044594	-0.0000168017559946	-0.3761330017717769	-0.0201552908798632	-0.0020781114670232	0.0000105252618524	-0.4041909505237052	-0.0377430328383636	-0.0020781375824203	-0.0000013021728243	
-0.2576908568579127	0.0220575270849148	0.0020778045311166	-0.0000373197930528	-0.2639259461371362	0.0039392844600430	0.0020772315431564	-0.0000615261847222	-0.2888612652852953	-0.0125102232428401	0.0020774818457692	-0.0000523481576769	
-0.4572061994311535	0.0237541062460153	0.0020775772294895	-0.0000483944265100	-0.4665524198803299	0.0071838768611606	0.0020772975235136	-0.0000592450993323	-0.4977241238654522	-0.0106741868792363	0.0020765028776607	-0.0000826275177445	
0.2795436688656016	0.0649488799041442	-0.0020732849673547	0.0001422947766028	0.2794806290117799	0.0434573139033912	-0.0020753282962658	0.0001082976645080	0.2618375824812368	0.0311668395695887	-0.0020763900557443	0.0000854294424850	
-0.5724889498671518	0.0244213396839835	0.0020780802494308	0.0000155298737474	-0.5839447132693601	0.0085131534808354	0.0020781348933941	0.0000035955431837	-0.6203129322505421	-0.0101532100825938	0.0020780274315353	0.0000214893647170	
-0.4427079608382237	0.2098622119735611	-0.0020666678720325	-0.0002185850167425	-0.4499059373760704	0.1933449953985567	-0.0020761746000063	-0.0000905392875324	-0.4800566873267917	0.1793471592415394	-0.0020748251206116	-0.0001175886671010	
0.3845774952737513	-0.3549380097394010	-0.0019001549574918	0.0008435718136615	0.3853888520713853	-0.3814750024193543	-0.0018775084921931	0.0008930802972526	0.3753274745125583	-0.3984769326760959	-0.0018836560700980	0.0008799742100810	
0.4262002981641335	-0.3725127697346752	-0.0018881848845537	0.0008701649992766	0.4280072615279351	-0.4001945577785244	-0.0018961159693286	0.0008526565893960	0.4177073086544216	-0.4166631806556083	-0.0019007764075598	0.0008421635770684	
-0.3023760289526830	-0.0023258324970892	-0.0020781198823852	0.0000086965421937	-0.3096269369387332	-0.0203773669720415	-0.0020781180087770	0.0000091354251256	-0.3356189610866488	-0.0374859192742930	-0.0020781097754943	-0.0000108557220475	
-0.3034159907475844	0.0246711577664103	0.0020777402944984	0.0000407558763741	-0.3106743971399924	0.0061999518814668	0.0020682772478386	0.0002027101722017	-0.3366185546425095	-0.0106630111561840	0.0020651991522120	0.0002321170938167	
0.3035227377981127	0.0631111080787882	-0.0020506688089250	-0.0003376132673556	0.3023170550370500	0.0408838047279344	-0.0020462659955893	0.0003634708522300	0.2856320172228034	0.0286305850767806	-0.0020529384334448	0.0003234539290671	
-0.1330263065237853	-0.0277995335349991	0.0020698000941883	0.0001864355391913	-0.1381964564888365	-0.0479088250527588	0.0020748096660596	0.0001178624046585	-0.1599956751184045	-0.0640360020483456	0.0020743068013935	0.0001264453864691	
-0.1776816173836638	-0.0290812942186259	0.0020781374095348	-0.0000015549311492	-0.1828714546844098	-0.0482943291693428	0.0020780123996786	-0.0000229036797571	-0.2057327750633462	-0.0647228368784996	0.0020781363072081	-0.0000026499658383	
-0.2078078101121447	-0.0027273436198609	-0.0020781353245006	0.0000033357406382	-0.2140408960403486	-0.0214535233711056	-0.0020780913751943	0.0000139536699087	-0.2369119231186158	-0.0378619104518509	-0.0020781366876368	-0.0000023309306665	
-0.6639650692236168	-0.0309858201081848	0.0020781379883605	0.0000000028671113	-0.6639650610562717	0.4069963884241084	-0.0020781379883564	-0.0000000050047525	-0.6639650607250185	0.3578037406824114	0.0020781379883300	0.0000000116418183	
-0.5018684565235476	0.2145999265450271	-0.0020752550730927	0.0001096987899493	-0.5102130178382758	0.1997352482543494	-0.0020776686257550	0.0000442757870688	-0.5413082396675600	0.1858548821227706	-0.0020776920126707	0.0000431587504338	
-0.2067683453414765	-0.0027288160176852	-0.0020781337538924	0.0000042056766572	-0.2130020213245358	-0.0214602311161933	-0.0020780903267107	0.0000141097274337	-0.2358724950933299	-0.0378603655010154	-0.0020781356652869	-0.0000031150721766	
0.2763488258138562	0.0651831954385890	-0.0020749495863753	0.0001153603224691	0.2753436331452044	0.0436756810571594	-0.0020762297102321	0.0000892601647872	0.2587348806317447	0.0313084586922441	-0.0020769174172940	0.0000713927854563	
-0.4239474743806410	-0.0025032813604899	-0.0020781052268479	0.0000116981407839	-0.4332856802165705	-0.0195849815145208	-0.0020778942716867	0.0000319055664270	-0.4634256148291056	-0.0375466437533796	-0.0020781016117179	0.0000123266761755	
-0.2649613070630153	0.0221936112722896	0.0020776701123536	-0.0000442056226614	-0.2711964691913905	0.0041820493410509	0.0020764549038662	-0.0000838304076258	-0.2961286051542327	-0.0123028753977537	0.0020768897684127	-0.0000721966266195	
-0.3169439243012911	0.1956249236026374	-0.0020673748590424	0.0002117594465321	-0.3231769644360655	0.1800583013852832	-0.0020612444645236	0.0002651015597489	-0.3481593777467243	0.1662084085118920	-0.0020644749199855	0.0002385040066710	
0.3376948667648501	0.0634332603851925	-0.0020766934704082	-0.0000776645014973	0.3377278650492823	0.0410339838721401	-0.0020771320199936	0.0000648150959928	0.3200295085069258	0.0291151224516393	-0.0020769751029741	0.0000696857955536	
-0.3148435053747248	-0.0023446293763977	-0.0020781114362135	-0.0000105313736201	-0.3221009508219611	-0.0203278026454461	-0.0020780972937812	0.0000130377525991	-0.3491277691300467	-0.0375493327934592	-0.0020781373598996	-0.0000016202287778	
-0.2462459681459493	-0.0027120802512845	-0.0020781333792436	0.0000043877844132	-0.2525036686782867	-0.0211792949144713	-0.0020779989878013	0.0000240955910773	-0.2774374534009071	-0.0378014340837909	-0.0020781260286489	0.0000070679966119	
-0.6192774503700055	0.4146241236852756	-0.0020524787504252	0.0003263726130431	-0.6265735555649520	0.4020077226911952	-0.0020498365118496	0.0003426552821771	-0.6608492432290216	0.3905921024238146	-0.0020766325339416	0.0000792851236429	
-0.1506983173964670	-0.0018758249572876	-0.0020593724834645	-0.0002793405997256	-0.1558713483631953	-0.0216666828542569	-0.0020762188052293	-0.0000895147260277	-0.1776715243032343	-0.0376208898388500	-0.0020749844994149	-0.0001147274677117	
-0.2047399645393376	0.0213261335926637	0.0020773612182844	-0.0000569563600867	-0.2109142471061198	0.0029185732254399	0.0020775327557968	-0.0000502766220259	-0.2338196148556913	-0.0131922000413744	0.0020779044939362	-0.0000312293272974	
-0.2431166978352214	0.1888908486552968	-0.0020764327467837	0.0000843801740432	-0.2483283856580046	0.1721299468679675	-0.0020765240530669	0.0000820909519779	-0.2722239377066050	0.1586471913037582	-0.0020768848995421	0.0000723372541235	
-0.4124787094326270	0.2128172148399545	-0.0020747147210098	0.0001195303123798	-0.4197688657000865	0.1966790719904009	-0.0020691790455070	-0.0001932397123099	-0.4488604216868863	0.1831178722091047	-0.0020694335878563	-0.0001904806037005	
0.3773880649925372	-0.3516330083813069	-0.0018828210463057	0.0008817683672937	0.3782529835303730	-0.3780588530070311	-0.0018719716174720	0.0009046859956571	0.3677911387309272	-0.3948739711880005	-0.0018783591118461	0.0008912808808122	
-0.3771566142654734	0.0222578561553874	0.0020781087387950	0.0000110533714673	-0.3854676126536348	0.0046607204035318	0.0020778485233970	0.0000347711816481	-0.4135377316542330	-0.0126989851595652	0.0020776935368880	-0.0000430849430825	
0.2940489763400940	0.1533084128747496	0.0020660372492194	0.0002244964027620	0.2940495637597302	0.1313218651923866	0.0020652205892447	0.0002319253285560	0.2753664591698822	0.1196624574747927	0.0020651166431458	0.0002328536875674	
-0.4592777468078794	0.2091398392825692	-0.0020775855222210	0.0000480353033166	-0.4665173216842763	0.1939262772897241	-0.0020658143538613	0.0002265484848870	-0.4967240185186202	0.1798131448236337	-0.0020667577726689	0.0002177290785306	
0.2816038927019766	0.0647788680808340	-0.0020717696643374	0.0001629731927769	0.2815446228662840	0.0433038617036521	-0.0020738312169064	0.0001340563393943	0.2639034920451763	0.0310303505036159	-0.0020752770410667	0.0001092803242630	
0.3273070670781465	0.1550659583313805	0.0020781201136951	-0.0000086408132747	0.3262888681810140	0.1337261287180240	0.0020781353943048	-0.0000032917454781	0.3075814894117995	0.1222278866056245	0.0020781194620173	0.0000087969166417	
-0.1787171846342373	0.0207751837515805	0.0020770436526666	0.0000676012413353	-0.1838953544661572	0.0018733755669269	0.0020769625800762	-0.0000700599019483	-0.2067200540208661	-0.0140384127431442	0.0020769478493459	-0.0000704974207227	
-0.2805469561198242	-0.0302720871827349	0.0020776048746969	0.0000471865931604	-0.2878231435457819	-0.0488333461938965	0.0020781373174518	-0.0000016740517368	-0.3127669866805054	-0.0662193550429576	0.0020780729388609	0.0000164837172950	
-0.4000358963766684	-0.0026156601184020	-0.0020780913651547	0.0000139551724895	-0.4093941670352538	-0.0198552810114911	-0.0020780518181186	0.0000189718957139	-0.4384874974552779	-0.0376152796399362	-0.0020781301447757	0.0000057239194061	
-0.1558618157977549	-0.0290151469834050	0.0020779006062087	0.0000314882264600	-0.1610617789084899	-0.0484159869502083	0.0020781372943309	-0.0000017026529410	-0.1839166669521233	-0.0647296949102658	0.0020781252992938	0.0000072803252103	
0.3572843704400304	-0.3420041432247068	-0.0018736031851523	0.0009012851923544	0.3582470781403473	-0.3682245195076709	-0.0018688428530794	0.0009111638006633	0.3472470635074294	-0.3849815308237867	-0.0018706998386068	0.0009073259779135	
-0.2192384150518903	-0.0027209388336151	-0.0020781378906936	0.0000006387257978	-0.2254646296983283	-0.0213734774278259	-0.0020780826846696	0.0000151988506062	-0.2493851253460660	-0.0378469085293973	-0.0020781318160691	0.0000050776121720	
-0.2472985581023130	0.0218788607443300	0.0020778753398976	-0.0000331215216371	-0.2535285792073910	0.0036553042748477	0.0020774935867909	-0.0000518777575869	-0.2784681656618137	-0.0127251857854564	0.0020778273839852	-0.0000360183759944	
-0.1641884589916017	-0.0026990787252668	-0.0020772525762155	-0.0000608083254397	-0.1693677405003437	-0.0219728058147203	-0.0020780993176497	-0.0000127094172450	-0.1922258362213495	-0.0380438530556411	-0.0020780832214704	-0.0000151249085165	
0.3034223299835672	0.1543866780908250	0.0020639330805993	0.0002431713262417	0.3034079604809862	0.1323073795409698	0.0020666597123336	0.0002186625370231	0.2836736405187817	0.1205643477741150	0.0020669953232579	0.0002154508299837	
-0.3782111500713806	-0.0305377361709112	0.0020779703341917	0.0000264627510613	-0.3865305050548167	-0.0483235349080192	0.0020781303347793	-0.0000056541662075	-0.4156296428168180	-0.0665142963694526	0.0020781379329998	-0.0000004808889439	
-0.2296250227067227	-0.0027183105564962	-0.0020781379875380	0.0000000586813836	-0.2358851175277338	-0.0213067133390556	-0.0020781077817540	0.0000112327469298	-0.2597772900716002	-0.0378316493987600	-0.0020781376781040	0.0000011384090767	
-0.2130271710537180	0.1893700189458423	-0.0020777484166543	0.0000403375874738	-0.2171779403405699	0.1717734143769720	-0.0020749919239352	-0.0001145924343616	-0.2420965389177525	0.1583848344013244	-0.0020742551752051	-0.0001272936856742	
-0.2348188763970830	0.0217143948303675	0.0020780665254156	-0.0000172771974524	-0.2410740032620834	0.0033769149390757	0.0020777250854646	-0.0000415278035814	-0.2649428630787957	-0.0129282826096042	0.0020779826790540	-0.0000254698975623	
-0.5756106525656095	0.0243956893234865	0.0020780254245311	0.0000216835368362	-0.5870614030755049	0.0085141916678210	0.0020781340426869	-0.0000040597290182	-0.6234302562917812	-0.0101802531991123	0.0020781015435340	0.0000123382231553	
-0.5049706403346855	0.2147398199424228	-0.0020771379625454	0.0000646234176986	-0.5133243071705815	0.1998038530319261	-0.0020774279324100	0.0000544560022503	-0.5455694765183001	0.1859523234672491	-0.0020774651766688	0.0000530088253990	
0.3065694929492515	0.1546822879814789	0.0020697252821677	0.0001872683820038	0.3065338003003218	0.1326712881056400	0.0020650119330196	0.0002337850960442	0.2867831669442985	0.1208777165151514	0.0020648880666321	0.0002348820723308	
-0.3595122252203778	-0.0303376448731242	0.0020779801537307	0.0000256761245715	-0.3678221186076827	-0.0482436889784140	0.0020781373930483	0.0000015769198849	-0.3958954959492550	-0.0663318434930095	0.0020780417725391	0.0000200472493923	
-0.1617031288948449	0.0244946254898811	0.0016459047128496	0.0012718936713082	-0.1661590901716029	0.0027053124684446	0.0020361934721234	0.0004164583887453	-0.1891562491155203	-0.0133220651818463	0.0020486406052950	0.0003497693177852	
-0.4499165386979591	-0.0302259898764809	0.0020779489931381	0.0000280964927251	-0.4603148657351873	-0.0476473289341775	0.0020778135311747	0.0000368127547449	-0.4914880551356913	-0.0664505957279423	0.0020773041290609	0.0000590118715880	
-0.4187513817943732	0.2127949729777124	-0.0020744444306344	-0.0001241554983095	-0.4260355581353127	0.1959545869723009	-0.0020615254090601	-0.0002628968784954	-0.4551273851468465	0.1823992751376367	-0.0020603900445181	-0.0002716948177757	
-0.2036591481055983	-0.0291021644631201	0.0020778937528456	0.0000319395077761	-0.2098847695976573	-0.0482607310938862	0.0020779055760421	0.0000311568827681	-0.2327386480975465	-0.0649877138297597	0.0020775143298625	0.0000510360914329	
0.3564083129977920	0.0642717349651974	-0.0020731513816222	-0.0001442375858467	0.3563954896210448	0.0414527734034068	-0.0020771233931287	-0.0000650923519629	0.3387463275082763	0.0296541378872994	-0.0020764209166697	-0.0000846722413460	
0.3459326195342365	-0.3366427737404967	-0.0018934193700845	0.0008586578339075	0.3468533070547306	-0.3629412432054905	-0.0018979942303919	0.0008484463764998	0.3354908955799816	-0.3794594298933956	-0.0018949876466184	0.0008551738200059	
-0.2264996835640499	0.0216638957067508	0.0020781165027943	-0.0000094734652910	-0.2327577008699691	0.0032298802614714	0.0020779124073354	-0.0000306955958851	-0.2566151874416266	-0.0130192827396973	0.0020780616577614	-0.0000178559073097	
-0.1797547519841483	-0.0029030245092010	-0.0020781368344262	0.0000021954695202	-0.1849526168801329	-0.0218414410648471	-0.0020777984437822	0.0000376588653484	-0.2078330247310625	-0.0379706983683575	-0.0020780173280740	0.0000224497983953	
-0.2795681229657774	0.1901687105680915	-0.0020741346686518	0.0001292520531347	-0.2846840353712077	0.1740890766363866	-0.0020628902194913	0.0002519078062332	-0.3096340326255083	0.1604776555427073	-0.0020657376026251	0.0002272507540471	
0.3957721630903044	-0.3596210893560086	-0.0019251694010172	0.0007845036678176	0.3968060189584879	-0.3867147114217633	-0.0019022821453962	0.0008387397770153	0.3864070372270085	-0.4034004864230414	-0.0019096804393678	0.0008216697678356	
-0.2846826084929159	0.0231005079803066	0.0020694999312701	-0.0001897548279644	-0.2909980149356617	0.0058788573502916	0.0020615569199474	-0.0002626484272141	-0.3169521859767623	-0.0106631084053817	0.0020638507489968	-0.0002438725944485	
-0.2265092839062359	-0.0027186274035393	-0.0020781379241811	0.0000005177748308	-0.2327677161106157	-0.0213241535499328	-0.0020781014970555	0.0000123460881056	-0.2566597111170885	-0.0378341470211934	-0.0020781369615915	0.0000020709675282	
-0.2015836815032020	0.1884328341228272	-0.0020596928164395	0.0002769568424942	-0.2057447615472391	0.1717634218880358	-0.0020731587500896	0.0001441311079166	-0.2296268816024047	0.1584252900596792	-0.0020733780264285	0.0001409254661026	
-0.4281372049545117	0.2117362018011351	-0.0020587099665416	-0.0002842061373655	-0.4353638391963099	0.1947490882107830	-0.0020623876477196	-0.0002560100979388	-0.4644452822743070	0.1811155637793851	-0.0020584691160686	-0.0002859540476473	
-0.4509552446848211	-0.0302413765796000	0.0020778863327825	0.0000324210222104	-0.4613533978950711	-0.0476655429313678	0.0020778463022915	0.0000349043194843	-0.4925259384483017	-0.0664794108471756	0.0020773639166133	0.0000568573655317	
-0.2046892404646697	-0.0027339469547722	-0.0020781283989002	0.0000063289722966	-0.2109239951215612	-0.0214745070682571	-0.0020780846895539	0.0000149208146444	-0.2337938688556357	-0.0378565841622020	-0.0020781339594555	-0.0000041023241838	
-0.1298367480612950	-0.0274640582893129	0.0020643664613962	0.0002394456333915	-0.1350872618164467	-0.0477204192812455	0.0020738034180607	0.0001344878388739	-0.1568858628480542	-0.0638331344766833	0.0020734272847697	0.0001401952197651	
0.3480933882085988	0.0638563303173130	-0.0020762959417653	-0.0000876981870823	0.3480760111293393	0.0411479368092272	-0.0020768227041754	-0.0000741101411630	0.3304257489041204	0.0292578682197093	-0.0020762278943697	-0.0000893026038709	
-0.2722383784372846	-0.0025966649488823	-0.0020781117650301	0.0000104659616491	-0.2795093916038607	-0.0208200211834070	-0.0020778947617023	0.0000318734775780	-0.3044477589505694	-0.0376650713115090	-0.0020780896692002	0.0000142067174464	
-0.3833850582105160	0.4536944168409515	0.0020748126187632	-0.0001178101544341	-0.3875869706256026	0.4376947225296576	0.0020717391569099	-0.0001633624870892	-0.4146015462782273	0.4272801128487032	0.0020700777549702	-0.0001833111397602	
0.3606225679717983	-0.3436101438792169	-0.0018726657234106	0.0009032411436610	0.3615585641667594	-0.3698724002693646	-0.0018645240745008	0.0009200129213496	0.3501872555601142	-0.3864132346246826	-0.0018679363609196	0.0009130300053535	
-0.4842095015015376	0.0243387707879017	0.0020780339430005	-0.0000208469486397	-0.4946044630961797	0.0076977883078654	0.0020780958819141	0.0000132619893569	-0.5268039212664634	-0.0104571821139918	0.0020780395516549	-0.0000202772925284	
-0.2566519032863305	0.0220371227545604	0.0020778127603226	-0.0000368564556351	-0.2628867807284130	0.0039060240023516	0.0020772780249113	-0.0000599282551022	-0.2878223461423370	-0.0125356936066108	0.0020775322094219	-0.0000502993072588	
-0.2639187792762575	-0.0026382391014629	-0.0020781113598451	0.0000105465076290	-0.2701594185477777	-0.0209478147713266	-0.0020779712264624	0.0000263922413710	-0.2961353286835728	-0.0377146440194038	-0.0020781079073024	0.0000112093793407	
-0.2192208006690156	0.0216176566180485	0.0020780405765442	-0.0000201714586918	-0.2254789154059928	0.0031374904187407	0.0020780234091307	-0.0000218767869006	-0.2483755520292834	-0.0130742226900387	0.0020781070839573	-0.0000113617479114	
-0.5091850594863975	0.0242296734231887	0.0020776193126184	-0.0000465433285692	-0.5194734951008881	0.0078787856096922	0.0020780496010619	0.0000192144026295	-0.5527852474863614	-0.0103812135113195	0.0020779779755080	-0.0000258526844843	
-0.3449579156880548	0.0228346950523546	0.0020772191614687	-0.0000619448790024	-0.3522909714826303	0.0053981937353874	0.0020776339816371	0.0000458805274337	-0.3801996739423967	-0.0119081413215145	0.0020742087075367	0.0001280523990743	
-0.3387406574841524	-0.0299018042226055	0.0020779550384714	0.0000276435038048	-0.3470422351697155	-0.0480816656977968	0.0020778085878804	0.0000370921044919	-0.3740486432374689	-0.0659551697697754	0.0020773678665102	0.0000567121424120	
-0.2098542052584153	0.0214555740348537	0.0020776165794264	-0.0000466657834856	-0.2150774359179114	0.0030071778617831	0.0020778273892425	-0.0000360180711908	-0.2390220736053847	-0.0131272631351437	0.0020780558459245	-0.0000185232024031	
-0.2504290509488057	0.1891710934240609	-0.0020771820882590	0.0000631819283584	-0.2555928606253119	0.1723608805277395	-0.0020766381991738	0.0000791358565680	-0.2795310292852962	0.1588766535337117	-0.0020770444033080	0.0000675780584895	
-0.4821280792374709	0.0243106491053048	0.0020778226488647	-0.0000362918644257	-0.4925226544554694	0.0077110415779269	0.0020780968676427	0.0000131058373927	-0.5247263160218769	-0.0104663253885348	0.0020781371427170	0.0000018794495206	
-0.1839167945302502	-0.0290720821207043	0.0020781293459715	-0.0000060083202232	-0.1891080336576360	-0.0482216977988675	0.0020779599635353	-0.0000272688959596	-0.2130066015616759	-0.0647163617122713	0.0020781379233811	-0.0000005209917640	
-0.2005307933488508	-0.0027514454792031	-0.0020781057593490	0.0000116026820541	-0.2067672276200433	-0.0215070727041385	-0.0020780560399080	0.0000185013181709	-0.2296375292096963	-0.0378483065484330	-0.0020781353781025	-0.0000033020094278	
-0.2389791307076322	0.0217576820691769	0.0020779980722854	-0.0000241748100062	-0.2452298804677628	0.0034634719657537	0.0020776443462446	-0.0000454063801764	-0.2691059673634238	-0.0128727658160908	0.0020779476433605	-0.0000281966402682	
-0.3750954746249451	0.2056779724597556	-0.0020760525148718	0.0000933103723432	-0.3813538936365805	0.1904922314187444	-0.0020413833483813	0.0003900891277219	-0.4083944255230206	0.1766403308091489	-0.0020511541863882	0.0003346368460719	
-0.4852497346039026	0.0243454843416834	0.0020780993188806	-0.0000127092149764	-0.4956461384702373	0.0076899803468095	0.0020781060047134	0.0000115584315265	-0.5278439092766563	-0.0104438372081031	0.0020778967355508	-0.0000317438908204	
-0.3854685669565340	0.4538002694957320	0.0020739612609279	-0.0001320189613961	-0.3896761061420239	0.4378290071890201	0.0020728599632628	-0.0001483871748689	-0.4166905566099984	0.4274333822761725	0.0020707295928382	-0.0001757564405139	
-0.4083380163767351	0.4550825671116420	0.0020781045308413	-0.0000118217481251	-0.4124259053469925	0.4391174401627920	0.0020772492620717	-0.0000609219992134	-0.4404976978226843	0.4287808969344443	0.0020780070452276	-0.0000233868158206	
-0.2680751737472068	0.0222668815586387	0.0020775142552249	-0.0000510391448066	-0.2743060710840247	0.0043173838584315	0.0020755242838899	-0.0001044547545084	-0.2992370889315999	-0.0121902794405012	0.0020762149310686	-0.0000896049881855	
-0.4571940484004244	0.2091138115967884	-0.0020780801439072	0.0000155440582513	-0.4644683004189871	0.1937140284393777	-0.0020699933685437	0.0001842663528168	-0.4945495704418466	0.1796161341721471	-0.0020707261800041	0.0001757968465084	
0.2899227486971589	0.1528343494351266	0.0020659374230842	0.0002254177874271	0.2899483094217230	0.1308685560632097	0.0020625077606611	0.0002550357554588	0.2711448004717933	0.1191428568661835	0.0020618113761329	0.0002606333192618	
-0.5829216364629067	0.2197508681598485	-0.0020759470231573	0.0000956400537539	-0.5922407809965731	0.2057722597303748	-0.0020765632243180	0.0000810890149596	-0.6265605997162297	0.1918742568382041	-0.0020750510784553	0.0001135108065648	
0.3408148531682040	0.0635548673786420	-0.0020760641368152	-0.0000930501388628	0.3408340706793842	0.0409762054318032	-0.0020781378995309	-0.0000006091443207	0.3231448929210952	0.0290614902891729	-0.0020781370618172	0.0000019672966097	
0.3940029618757377	-0.3589486511329614	-0.0019232065958372	0.0007893272023894	0.3959305626485523	-0.3863602003870361	-0.0018992596502670	0.0008455956939516	0.3846488964459494	-0.4027041635770900	-0.0019048431957502	0.0008328777591625	
0.3979199934751338	-0.3605110614128803	-0.0019267335727253	0.0007806348726007	0.3989246054224185	-0.3876678303972153	-0.0019083231255941	0.0008248329405008	0.3885334686244684	-0.4043361155345167	-0.0019154998098528	0.0008079415984475	
-0.1600162213085875	-0.0290590484958965	0.0020780885114865	0.0000143759025263	-0.1652179730319465	-0.0484067912069175	0.0020781242325889	-0.0000075801597656	-0.1880728928572085	-0.0647361339854463	0.0020781379850657	-0.0000001173481292	
0.3627117453575228	-0.3446292353489185	-0.0018723367332413	0.0009039263247852	0.3636393809986018	-0.3709070480808196	-0.0018649049538461	0.0009192367495771	0.3522777708433096	-0.3874294370353201	-0.0018689582534789	0.0009109258852857	
-0.1922403863872985	0.0209386421656471	0.0020766646378341	-0.0000784354913724	-0.1974567946009394	0.0024532294032774	0.0020763590431313	-0.0000861836526652	-0.2213283197689112	-0.0134725119899327	0.0020772406574930	-0.0000612161464428	
-0.3917366022829315	-0.0026651198177637	-0.0020781258419599	0.0000071229479449	-0.4000450308630716	-0.0199538537960592	-0.0020779652535509	0.0000268607095108	-0.4291370882707490	-0.0376574233687371	-0.0020781025825761	0.0000121610714991	
-0.1415755941930087	0.0013871137129733	-0.0016713686077310	-0.0012380710523019	-0.1455316235404783	-0.0206002772689426	-0.0020252273514482	-0.0004671173181730	-0.1682908266030597	-0.0366094764979323	-0.0020355796958064	-0.0004194630602378	
-0.5787328805201826	0.0243599531059430	0.0020780068731211	0.0000234021796395	-0.5901754865064048	0.0085281772595930	0.0020780549917679	-0.0000186192580092	-0.6265448017381745	-0.0101866050745638	0.0020781362777201	-0.0000026731054099	
-0.1890994604784473	-0.0028461876863080	-0.0020780468453652	0.0000195116259228	-0.1942975960299892	-0.0216696240533394	-0.0020778195888518	0.0000364675116150	-0.2182138865892519	-0.0378715153212922	-0.0020780950872908	0.0000133865418003	
0.4207144401830305	-0.3700374228291262	-0.0019023275476657	0.0008386362804361	0.4229020410611246	-0.3979145660633783	-0.0019012304022795	0.0008411330205631	0.4125862008078418	-0.4144139095059717	-0.0019059462611132	0.0008303377432288	
-0.3740555862244581	-0.0304845526475316	0.0020779828417964	0.0000254565501262	-0.3823701307022533	-0.0483191957761069	0.0020781152239035	0.0000097513343188	-0.4114752386925493	-0.0665013133098715	0.0020780881873576	0.0000144229142206	
0.3593873462031310	-0.3429879082080839	-0.0018723755110633	0.0009038455962653	0.3606984534911379	-0.3694847188543752	-0.0018650509360779	0.0009189390450667	0.3493236176129875	-0.3860342050244877	-0.0018689974427872	0.0009108450731220	
0.3585264561946280	-0.3426056759001969	-0.0018720842889005	0.0009044516519602	0.3594700940531708	-0.3688549137399038	-0.0018678495820236	0.0009132084105060	0.3480989600886917	-0.3853929590010272	-0.0018697429450630	0.0009093060838602	
-0.2431392695836374	0.0218138950024999	0.0020779264074678	-0.0000297278663525	-0.2493836424586972	0.0035562593028306	0.0020775688562323	-0.0000487543516232	-0.2732679523248504	-0.0128122409442756	0.0020779091453519	-0.0000309167219118	
-0.1880671175846513	0.0207932419533249	0.0020771352540300	-0.0000647108519347	-0.1932879215370782	0.0022850869519891	0.0020759324407553	-0.0000959576331390	-0.2161144646381268	-0.0136461213738806	0.0020767531977707	-0.0000760424779700	
-0.1361213224334480	-0.0280670785297072	0.0020715910862990	0.0001652388543597	-0.1413084532222811	-0.0480664662249742	0.0020758779736340	0.0000971346314052	-0.1631490149766838	-0.0642172568518971	0.0020752794196615	0.0001092349182029	
0.4258270400564621	-0.3722976177029143	-0.0018891487034919	0.0008680600406858	0.4280072615279351	-0.4001945577785244	-0.0018961159693286	0.0008526565893960	0.4177073086544216	-0.4166631806556083	-0.0019007764075598	0.0008421635770684	
-0.1839073464970722	-0.0028872009973566	-0.0020780971489414	0.0000130609336771	-0.1891052572100758	-0.0217647626534661	-0.0020777603916679	0.0000397128388121	-0.2119855596613198	-0.0379256864181305	-0.0020780302654091	0.0000212121684552	
-0.3522569960025372	0.0229724140811483	0.0020781208642167	-0.0000084574635066	-0.3605319530375503	0.0050669171821249	0.0020762118743985	0.0000896761397980	-0.3875886786088634	-0.0122708459733744	0.0020769784470900	0.0000695855535031	
-0.1484781931049922	-0.0014870209832445	-0.0020343322084786	-0.0004255018683627	-0.1538028826777998	-0.0215694975900858	-0.0020751191966327	-0.0001122523313571	-0.1756033974513224	-0.0374922693892297	-0.0020733011732152	-0.0001420572702720	
-0.4946017902634623	0.0242827349912927	0.0020779117409387	0.0000307408994422	-0.5050586277840807	0.0077895887607142	0.0020772223880775	-0.0000618360426418	-0.5372251919011369	-0.0102828570603581	0.0020781361304896	0.0000027857649281	
-0.3470551506169644	-0.0300806535223924	0.0020774844331191	0.0000522448604314	-0.3553489479459793	-0.0482062668981388	0.0020780222882915	0.0000219835252933	-0.3824025009349495	-0.0661637568965498	0.0020777234454057	0.0000416101882874	
-0.2410389772437680	-0.0295365870782942	0.0020777440425911	0.0000405633867578	-0.2473259137781433	-0.0484421509931062	0.0020778875288589	0.0000323438892821	-0.2722434418507827	-0.0654989194748327	0.0020776721616292	0.0000441087179899	
0.2690942501224385	0.0654178315751898	-0.0020770394144870	0.0000677319844619	0.2680567039507513	0.0447216344660283	-0.0019694276100068	0.0006649926312624	0.2514110393257224	0.0321425351175419	-0.0020042336949590	0.0005506498018652	
-0.4249413437675426	0.2121709326964534	-0.0020618022388820	-0.0002607059535756	-0.4323024231724876	0.1951129796465994	-0.0020611820144444	-0.0002655891030895	-0.4613925658480916	0.1815565639308001	-0.0020584294159687	-0.0002862411166779	
-0.2202778644980443	-0.0293870025977132	0.0020780623441489	0.0000177754446557	-0.2265106198548932	-0.0482982422130238	0.0020780796532071	-0.0000156098489765	-0.2504282587812424	-0.0651574307693826	0.0020781379403805	-0.0000004476880840	
-0.3179499147801394	-0.0299993987810396	0.0020779612465541	-0.0000271704594678	-0.3252357205160142	-0.0481080324870162	0.0020777988338612	-0.0000376372290833	-0.3522493041910051	-0.0657837966963392	0.0020780236695119	-0.0000218519159617	
-0.2161216518791743	-0.0027219026982727	-0.0020781379154218	0.0000005519772713	-0.2223495995865463	-0.0213962160070888	-0.0020780823631194	0.0000152429710333	-0.2462671142644813	-0.0378545313905970	-0.0020781323731750	0.0000048430439074	
-0.2358564815505168	-0.0027192059890475	-0.0020781379603258	-0.0000003422153874	-0.2421187468282077	-0.0212716701280064	-0.0020780982413885	0.0000128850624635	-0.2660117680058060	-0.0378275840003962	-0.0020781369307448	0.0000021018457904	
-0.2919842223155011	-0.0024208216507010	-0.0020779849050137	0.0000252867228559	-0.2992392514911473	-0.0204680135083939	-0.0020779438124973	0.0000284789549841	-0.3252280521397474	-0.0374800079952131	-0.0020781123250804	0.0000103535986885	
-0.5233387164758797	0.0618419969912710	-0.0019196660330804	-0.0007979420272405	-0.5329976756818074	0.0436698110969820	-0.0019277384912069	-0.0007781375088933	-0.5664606656459897	0.0241398818181564	-0.0016675068624885	-0.0012432933551780	
-0.2472669815186648	-0.0296621122396716	0.0020776690637835	0.0000442551245844	-0.2535459001140515	-0.0485181290693213	0.0020780875812095	0.0000145104212466	-0.2784709188250060	-0.0656132188953861	0.0020779330014767	0.0000292609821108	
-0.4104206338558177	0.4551271796667166	0.0020781288941177	-0.0000061633866430	-0.4145075440007506	0.4391643654786990	0.0020776830017979	-0.0000435925308553	-0.4425800176477423	0.4288296657163057	0.0020781193451079	-0.0000088246290935	
0.2857364238982844	0.0643527345920120	-0.0020663424054045	0.0002216558157476	0.2857750181963987	0.0430267351996962	-0.0020716682689213	0.0001642634786898	0.2681271586533946	0.0307084850893153	-0.0020736249122212	0.0001372261830297	
-0.3927749460483146	0.4542531406271497	0.0020730440687374	-0.0001457794527619	-0.3969104316718277	0.4383884614975607	0.0020767810347731	-0.0000752745486942	-0.4239397874993351	0.4281202920122309	0.0020750490625890	-0.0001135478363366	
-0.5485759533722369	0.0244344187890683	0.0020781368172884	-0.0000022117125872	-0.5600494267234941	0.0084285912954389	0.0020779739108355	-0.0000261789695553	-0.5943184305010516	-0.0099521265526660	0.0020781099792278	-0.0000108164550955	
-0.3002979107612280	-0.0023370736456577	-0.0020780952426417	0.0000133622827899	-0.3075485346439932	-0.0203879190241572	-0.0020781040011560	0.0000119149583479	-0.3335405577766131	-0.0374762902065753	-0.0020781230771533	-0.0000078920934848	
-0.2992588203968935	-0.0023438618866227	-0.0020780799705421	0.0000155673339900	-0.3065094717351212	-0.0203933090731691	-0.0020780937487696	0.0000135937669103	-0.3325013784704619	-0.0374728163020960	-0.0020781293368306	-0.0000060114968468	
-0.3460010423244625	0.0228634174605383	0.0020773567246575	-0.0000571208383355	-0.3533236462690157	0.0053724019756254	0.0020772128992550	0.0000621555646619	-0.3814374480419520	-0.0119973026211835	0.0020745414942940	0.0001225147171048	
-0.2088826794573182	0.1891431333130217	-0.0020725351243397	0.0001528793010392	-0.2130042547628711	0.1719198456311953	-0.0020777174787372	-0.0000419085436807	-0.2368733783917429	0.1586522679410459	-0.0020777022374719	-0.0000426611878969	
-0.2971805514296402	-0.0023617635901425	-0.0020780464895070	0.0000195496785162	-0.3044317046631245	-0.0204089923380726	-0.0020780649327585	0.0000174686571236	-0.3304230989611480	-0.0374688948733106	-0.0020781373317839	-0.0000016560745629	
-0.3211090727591943	0.0230791655915422	0.0020688551149556	0.0001966945160831	-0.3282831830165145	0.0048082864066430	0.0020778046158803	0.0000373150498495	-0.3554094753062213	-0.0121874866082688	0.0020781270844370	0.0000067488136597	
0.3812236067450188	-0.3533787085153824	-0.0018907568793621	0.0008645340071556	0.3824377917160806	-0.3800812297924023	-0.0018744254767259	0.0008995652263438	0.3711265390058733	-0.3964953082540552	-0.0018797130943354	0.0008884074352000	
-0.2576988959911656	-0.0298397577145764	0.0020780067255610	0.0000234153442004	-0.2649645688599742	-0.0485706675376168	0.0020780998571917	0.0000126204443794	-0.2898984872921667	-0.0657585775110405	0.0020779099873357	0.0000308597965624	
-0.3314090310194518	0.0225229409284772	0.0020780668602425	0.0000172366760033	-0.3387129252430631	0.0050459087114637	0.0020758390594492	-0.0000979668623324	-0.3656810451589566	-0.0117995973342116	0.0020745695691458	-0.0001220360072800	
-0.3699006075473068	-0.0304380344148080	0.0020780366249499	0.0000205765180556	-0.3782121692095805	-0.0482927935919786	0.0020780735582883	0.0000164050485139	-0.4073210787646444	-0.0664630545322816	0.0020779988824703	0.0000241047185471	
-0.4540707455981304	-0.0302987571115687	0.0020776991247702	0.0000428132716739	-0.4644686402843007	-0.0477077057192549	0.0020780124801598	0.0000228963401020	-0.4956397653964790	-0.0665528669929874	0.0020776845137497	0.0000435200480013	
-0.3273087223043284	-0.0023913974217829	-0.0020781369687978	-0.0000020636873005	-0.3345889998484546	-0.0202125219833900	-0.0020780439119307	0.0000198231228716	-0.3615966122813306	-0.0375472884837496	-0.0020781308455941	-0.0000054622236404	
-0.3096416018869517	-0.0301262270611813	0.0020778325100686	-0.0000357199454883	-0.3169254617939486	-0.0482588844651166	0.0020777429284691	-0.0000406206996780	-0.3439374769846220	-0.0658748433464827	0.0020780194718921	-0.0000222494731682	
-0.4894074619053171	0.0243412041161388	0.0020780854030711	0.0000148206060884	-0.4998197168084790	0.0076881454278375	0.0020780935188308	-0.0000136290481018	-0.5320144383970753	-0.0103516807045544	0.0020775167243053	-0.0000509380391981	
-0.3532614490874018	0.4512037300289862	0.0020526855717271	-0.0003250627579890	-0.3574307087443733	0.4355675760425296	0.0020703592523232	-0.0001800878036055	-0.3834145078134892	0.4250254460888816	0.0020677300248522	-0.0002082451989901	
-0.3147899260231987	0.0237249431740775	0.0020666435589500	0.0002188159184839	-0.3220919448074884	0.0051163823760232	0.0020722129496208	0.0001572071841336	-0.3490203533467859	-0.0119521558463312	0.0020729670202710	0.0001468764510031	
-0.2306635375972465	-0.0027181677004808	-0.0020781379867419	-0.0000000822747340	-0.2369241995063466	-0.0213007145261578	-0.0020781085052700	0.0000110974078162	-0.2608164351957807	-0.0378313532932540	-0.0020781377359390	0.0000010268367472	
-0.1745714222496407	0.0209729429658984	0.0020730972723015	0.0001450170852859	-0.1797379597344526	0.0017893812838726	0.0020781158846546	-0.0000096087740415	-0.2026605606709687	-0.0141229965675986	0.0020780479739071	-0.0000193904548198	
-0.4924855827157156	-0.0306925157458722	0.0020770988322084	0.0000658753110081	-0.5029088236526487	-0.0479273579578914	0.0020775751161614	0.0000484855202982	-0.5361333249491376	-0.0671036724657327	0.0020769707752131	0.0000698153091066	
-0.5154522387857550	0.0243333199847139	0.0020781238422510	-0.0000076869555205	-0.5257544747029009	0.0078856216409106	0.0020779591993130	-0.0000273273605210	-0.5590104789360629	-0.0102690967987271	0.0020776460955238	-0.0000453258668753	
-0.4519938517230784	-0.0302586555991052	0.0020778207434072	0.0000364013388033	-0.4623918504077910	-0.0476810206620030	0.0020778995767563	0.0000315564259955	-0.4935638245845275	-0.0665056275511409	0.0020774624807859	0.0000531149022836	
-0.5217415695279044	0.0623954452988547	-0.0019217081917569	0.0007929864504680	-0.5311475915341378	0.0441963417386586	-0.0020306054237615	-0.0004430314072876	-0.5652945902355038	0.0250458988243276	-0.0016279538055541	-0.0012949040322876	
-0.2233934203035147	-0.0027196103832380	-0.0020781378603423	0.0000007312664182	-0.2296499587356822	-0.0213442599283176	-0.0020780920984800	0.0000138449899424	-0.2535421038933526	-0.0378381289429655	-0.0020781349262116	0.0000035764297635	
-0.4748449854680356	0.0241401422850862	0.0020775315996057	-0.0000503246144650	-0.4852468992503302	0.0077238072006781	0.0020781092837165	-0.0000109499255670	-0.5164175914644753	-0.0103866348823581	0.0020780297573644	0.0000212621289050	
-0.3553711130910240	0.0229552976694907	0.0020778779028278	0.0000329595353229	-0.3636436440807788	0.0049469211872239	0.0020771108062039	0.0000654947714669	-0.3906897551101542	-0.0123544694328918	0.0020776270044345	0.0000461969700008	
0.3906001092112654	-0.3574892074546198	-0.0019170839846680	0.0008041565447208	0.3917016825048023	-0.3844342332879909	-0.0018882740486410	0.0008699705257793	0.3812836214317799	-0.4011611809913125	-0.0018953571699721	0.0008543504138448	
-0.5204990088971732	0.2151010549879556	-0.0020757112343308	0.0001006520501633	-0.5289007061454287	0.2009500967979294	-0.0020631809861812	0.0002495031315550	-0.5610182215432974	0.1869581532318556	-0.0020642018883617	0.0002408673159093	
0.3501721497816821	0.0639376493428726	-0.0020762546976388	-0.0000886741098267	0.3501566419166935	0.0412287660204285	-0.0020767570389242	-0.0000759369759364	0.3325054015155439	0.0293586755019267	-0.0020759717631520	-0.0000950988285898	
0.3376994454591804	0.1548706697346731	0.0020770323204358	-0.0000679502645075	0.3376953198569395	0.1336753372665178	0.0020779623118054	-0.0000270884588243	0.3189896045801687	0.1222524670693570	0.0020780580707264	-0.0000182706378306	
0.3179380350967037	0.0640987835697692	-0.0020739100738353	0.0001328246458939	0.3178985744078100	0.0420903018168409	-0.0020702576266500	-0.0001812581490038	0.3003355026501401	0.0299015748939658	-0.0020667134504054	-0.0002181514923339	
-0.2732465688082285	0.1898446206841922	-0.0020767427840459	0.0000763277692388	-0.2785301997170892	0.1735317276731023	-0.0020718593449823	0.0001618233540101	-0.3033471669401603	0.1598405676413350	-0.0020722522920773	0.0001566851269686	
-0.2535408936402466	0.1892458315945117	-0.0020773801474267	0.0000562582220109	-0.2587492849122209	0.1725147081225684	-0.0020766392908919	0.0000791070596552	-0.2836884054653160	0.1590036811779319	-0.0020770647128657	0.0000669477669711	
-0.1922159085186924	-0.0028161542462203	-0.0020780443198969	0.0000197800952577	-0.1974141911775728	-0.0216191009759687	-0.0020778875743353	0.0000323409529524	-0.2213285949101987	-0.0378546442492243	-0.0020781225019954	0.0000080428604599	
-0.3719856770607542	0.4530223448095351	0.0020757510379114	-0.0000998236689907	-0.3761668986651866	0.4368399180191636	0.0020741019878050	-0.0001297780405651	-0.4031802461280147	0.4264240300319200	0.0020748178643162	-0.0001177172731995	
-0.1724894940747230	-0.0028654499180952	-0.0020779871364019	-0.0000251017596962	-0.1776833777108245	-0.0219490351176126	-0.0020780184398757	0.0000223461322844	-0.2005225872219684	-0.0380383274264004	-0.0020780902443428	0.0000141219140995	
-0.4239191390668308	0.2122958201489333	-0.0020635466667736	-0.0002464451129364	-0.4312841545579170	0.1952409655466192	-0.0020609093046065	-0.0002677075535639	-0.4603749197435215	0.1816925316251248	-0.0020583499039369	-0.0002868151827897	
-0.2753117060230495	0.1899326893913525	-0.0020761653705552	0.0000907517397304	-0.2805870900598086	0.1736935453148509	-0.0020696085462581	0.0001885605336824	-0.3055360455409581	0.1600308987327282	-0.0020706638859400	0.0001765327357555	
0.3438105600536905	-0.3357063985063362	-0.0018998622872439	0.0008442340460466	0.3447453441531059	-0.3619567851826710	-0.0019011514312288	0.0008413123912302	0.3325032903662997	-0.3781223135196034	-0.0018990718932367	0.0008460193918315	
-0.3408195490264139	-0.0024078887344964	-0.0020781206752436	-0.0000085040013464	-0.3491479204304360	-0.0201692725238053	-0.0020781335683658	-0.0000042968214682	-0.3761518293258114	-0.0376771418003969	-0.0020779961572787	-0.0000243396803396	
