0.0772019239800703	0.0343329913801264	0.0001487903524073	0.0020779866163182	-0.0064194912041986	0.0208519251689303	0.0001100965312300	0.0020804076162137	-0.0592502215664144	0.0052124428095960	0.0002154752665048	0.0020721041839553	
0.3716818981155903	-0.4519727270201776	0.0004889541778378	0.0020248468373155	0.2788282009537993	-0.4595098619148841	0.0004845363514104	0.0020259138573034	0.2365413770898086	-0.4696939327075391	0.0003558057147752	0.0020525706544093	
0.1128391595873534	-0.4124137587852527	-0.0001274228580154	-0.0020794133568462	0.0264046741574799	-0.4282215675473812	-0.0001922664697864	-0.0020743978209005	-0.0174748193261486	-0.4468939740622075	-0.0000822244746506	-0.0020817019640116	
0.1007829106919464	-0.0271503003359105	-0.0020721372665443	0.0001582065933010	0.0176766812913760	-0.0373699424236183	-0.0020716708685650	0.0001642305248803	-0.0291079947825583	-0.0596451915023808	-0.0020638921123805	0.0002435205333373	
0.1756768068435260	0.2987095767961224	-0.0019537614014892	-0.0007099185786845	0.0914524109979883	0.2843189743282999	-0.0019761235258606	-0.0006447199862882	0.0404094273927958	0.2639950365110267	-0.0019883204296830	-0.0006058612441511	
0.6233155291773800	0.4597605141670703	-0.0019493524909251	-0.0007219965501220	0.5155192557582313	0.4203391970154739	-0.0019733401556936	-0.0006532317451782	0.4508839275023102	0.3950436605948190	-0.0019758507386315	-0.0006455596841557	
0.4717227287517853	-0.2387021726093912	0.0020659940145123	-0.0002248959234106	0.3761248025067485	-0.2460952596972899	0.0020684774040844	-0.0002006471317309	0.3283347118965018	-0.2598673237458288	0.0020744775505696	-0.0001235980898496	
0.4863162849024061	-0.2401577866220968	0.0020686295741571	-0.0001990642508037	0.3896204606566922	-0.2473601456644137	0.0020699749991626	-0.0001844736245526	0.3418425714670541	-0.2606355495492982	0.0020737314440374	-0.0001355986283675	
0.1111775779524267	-0.0281838496718761	-0.0020568602099426	0.0002973618052209	0.0280535810539795	-0.0386400463366712	-0.0020357429820446	0.0004186659047856	-0.0207910287903711	-0.0613683280757275	-0.0019969715513900	0.0005765570218854	
0.4635100067768334	0.4039287731414787	-0.0019680695793204	-0.0006690210843273	0.3679260665617115	0.3747003448782428	-0.0019907471718464	-0.0005977987410809	0.3107383895004637	0.3519066513036900	-0.0019918838427228	-0.0005939812548856	
0.4893252430197153	0.4127239392504836	-0.0019658178137876	-0.0006756417317190	0.3927924190398744	0.3822120151108743	-0.0019859111589804	-0.0006137514005999	0.3336801801788296	0.3588675249759070	-0.0019854388444158	-0.0006152852172300	
0.1133755699352258	-0.3989656790612821	-0.0000356349348156	-0.0020830270214328	0.0274073394489884	-0.4146210695254293	-0.0001107579667138	-0.0020803723314062	-0.0170880449938162	-0.4333134228897086	-0.0000446984645157	-0.0020828513683883	
0.4613495474993887	-0.2374807353197378	0.0020629206904043	-0.0002516569018406	0.3667485615977550	-0.2451205666801969	0.0020645219267931	-0.0002380947260436	0.3200399979544136	-0.2592744290721643	0.0020717880789937	-0.0001627377564814	
0.1662505570219960	-0.0302186265300101	-0.0020776673407751	-0.0000443363459795	0.0820737791749319	-0.0408450178333437	-0.0020780153798158	-0.0000226303117184	0.0353291183201296	-0.0614342244679306	-0.0020774003675118	-0.0000555027652760	
0.0913661877319325	-0.0263631783783088	-0.0020573277259652	0.0002940934633054	0.0092961829187170	-0.0367665706934704	-0.0020690906033831	0.0001941891244252	-0.0384186982763901	-0.0590710053730216	-0.0020762958201217	0.0000877010814223	
0.4591212868820864	0.4024933843597603	-0.0019683019789409	-0.0006683336144804	0.3647657022936055	0.3737947529861035	-0.0019890283431366	-0.0006035214435023	0.3066298831694777	0.3507161922430393	-0.0019903790085784	-0.0005990295292769	
0.1589703255347180	-0.0303104475402579	-0.0020781279324269	0.0000064810785271	0.0747931002560100	-0.0408619887535835	-0.0020780379181899	0.0000204448376277	0.0280474194287056	-0.0616215621723146	-0.0020772498314417	-0.0000609024851636	
-0.0374091305584336	-0.4354637206043291	0.0018639435121135	-0.0009211944529046	-0.1194858608543931	-0.4538510952462257	0.0018714576424247	-0.0009057540572033	-0.1600052050134985	-0.4862434226078233	0.0020402378980688	-0.0003960659384384	
0.1340410525194621	-0.0291748349274472	-0.0020651170355885	-0.0002328501896479	0.0508992511994170	-0.0393983625383561	-0.0020741104725235	-0.0001296416877238	0.0041427979374431	-0.0607490197505313	-0.0020758140844262	0.0000984972732330	
0.5463933101590259	0.4327732510260666	-0.0019629000249737	-0.0006841142492979	0.4458092648237160	0.3987926205964165	-0.0019849174961500	-0.0006169734188470	0.3843241047754855	0.3744665227246317	-0.0019916307176939	-0.0005948336795542	
0.1870349232356050	-0.0291838572826652	-0.0020387471345990	-0.0004037071605583	0.1018813257969351	-0.0399198382697789	-0.0020342269569850	-0.0004260072836174	0.0561213816015103	-0.0573151399613088	-0.0015856435084059	-0.0013466348433005	
0.1444292527338570	0.0614266466522455	0.0020774143995362	-0.0000549723987502	0.0623236964583319	0.0505389625215535	0.0020757310424666	-0.0001002406663683	0.0145485866492230	0.0293747778789106	0.0020754086818486	-0.0001067382515524	
0.1110995649165244	-0.4260168031458384	-0.0004141434092767	-0.0020415446036141	0.0248203073049948	-0.4416432631282316	-0.0002243005298466	-0.0020711627608684	-0.0181893175756205	-0.4615501982769120	-0.0001205683470549	-0.0020798240976054	
0.4582070643730825	0.4021457663588678	-0.0019683753702436	-0.0006681163491266	0.3638103742832335	0.3735325880976385	-0.0019887997101390	-0.0006042782045688	0.3053780409649678	0.3503346113695694	-0.0019907338380428	-0.0005978433648513	
0.0936017488910434	-0.0265805931505794	-0.0020717863117650	0.0001627603658361	0.0113658875741427	-0.0369114183927828	-0.0020738977756366	0.0001330174894276	-0.0363508723211320	-0.0591536626975936	-0.0020750575189235	0.0001133924192992	
0.1433913822919479	0.0614555384028240	0.0020774158337968	-0.0000549178994702	0.0612835333379249	0.0505745790319504	0.0020759438895142	-0.0000957083881412	0.0135099154129062	0.0294179768557237	0.0020757279901585	-0.0001003041682233	
0.5734153083308167	0.4421284815266314	-0.0019642997758579	-0.0006800644710873	0.4706790657345661	0.4063195230567586	-0.0019909324035870	-0.0005971784566801	0.4082529820474354	0.3816128673125972	-0.0019926943621912	-0.0005912427461468	
0.4550675961847297	-0.2367150165308768	0.0020632836621577	-0.0002486483516462	0.3606290432638060	-0.2443436269755040	0.0020630300311874	-0.0002507544676928	0.3127265375502569	-0.2586133324153281	0.0020689341100486	-0.0001958576810958	
0.4603288404593684	-0.2373635765346697	0.0020627054986784	-0.0002534234429091	0.3657252278452614	-0.2449904915305809	0.0020641325215866	-0.0002414640071602	0.3190084159654386	-0.2591846140479691	0.0020713173862696	-0.0001686519191067	
0.1116328792971654	-0.4230576834728454	-0.0003640474301501	-0.0020511176868737	0.0251881270734063	-0.4385995391912380	-0.0002627540560367	-0.0020666137650384	-0.0179994788520086	-0.4582729045417169	-0.0001154517869728	-0.0020801158462403	
-0.0394905007655115	-0.4344626864019306	0.0018931879978396	-0.0008591704008129	-0.1205373575096758	-0.4532962632505612	0.0018781395624002	-0.0008917457454590	-0.1621115339061704	-0.4858120417719929	0.0020363972804755	-0.0004154556609533	
0.6152657516814974	0.4568642798455970	-0.0019513221297798	-0.0007166293571125	0.5090089680176708	0.4181893124323539	-0.0019765717426646	-0.0006433376460958	0.4446400291663672	0.3929969068924853	-0.0019747473278310	-0.0006489439585123	
0.0854279339199128	0.0538531866378253	0.0016453483115331	0.0012726169637258	0.0008550473903346	0.0429291530238038	0.0015307208340070	0.0014090568939338	-0.0448597223438066	0.0254929023391687	0.0019912858897960	0.0005959927875242	
0.6347311751936682	0.4639628685024581	-0.0019524306733700	-0.0007135884604453	0.5267633394660889	0.4241081181474106	-0.0019710817279807	-0.0006600488627645	0.4611913595138524	0.3984359275493105	-0.0019781464051041	-0.0006384550141601	
0.5827477335757749	0.4453068276473204	-0.0019627889700074	-0.0006844344058511	0.4788793923121673	0.4087967845585018	-0.0019905128095135	-0.0005985825451294	0.4157647866808467	0.3838867607836394	-0.0019908843744698	-0.0005973393588894	
0.1101449911806363	-0.0280657699703810	-0.0020608766219119	0.0002679602950127	0.0270178644293055	-0.0384746594997671	-0.0020453674596325	0.0003685185824071	-0.0207910287903711	-0.0613683280757275	-0.0019969715513900	0.0005765570218854	
0.0946999533589431	0.0578274544820632	0.0020285471446129	0.0004524085802670	0.0124599088247530	0.0479537051925804	0.0020453523795452	0.0003686026896531	-0.0353640796905590	0.0273124333801574	0.0020614495266436	0.0002634942054117	
0.5060465805240526	0.4186846690068894	-0.0019518099419283	-0.0007152930227241	0.4084386934567392	0.3871832539088007	-0.0019760174801243	-0.0006450465615601	0.3481190907887468	0.3634194456833817	-0.0019803727413032	-0.0006314805543976	
0.6183658537588279	0.4579622604572767	-0.0019506268033977	-0.0007185292938412	0.5111679441634178	0.4189423673324213	-0.0019760696204846	-0.0006448860145256	0.4468053574331408	0.3937299652427119	-0.0019755818534117	-0.0006463861900426	
0.1526688812157394	0.2898335788822683	-0.0019405039464175	-0.0007455675014129	0.0685195822781568	0.2762647694017300	-0.0019669618170169	-0.0006722872253435	0.0176236829139967	0.2564126917490451	-0.0019585993656039	-0.0006963919656073	
0.4572904590503277	0.4018026175000603	-0.0019678650356534	-0.0006696255014244	0.3625706836111580	0.3731154182745537	-0.0019882484950728	-0.0006060984508744	0.3044408244663829	0.3500198012588804	-0.0019904714014873	-0.0005987209143548	
0.5818086431391758	0.4450044050403861	-0.0019622348799839	-0.0006860292706186	0.4779232364634352	0.4085054153227800	-0.0019910191854961	-0.0005968876090149	0.4154963460323591	0.3837952924145400	-0.0019910785020525	-0.0005966887220113	
0.1117134816731655	-0.4227513026329040	-0.0003584174360701	-0.0020521139347298	0.0251881270734063	-0.4385995391912380	-0.0002627540560367	-0.0020666137650384	-0.0179994788520086	-0.4582729045417169	-0.0001154517869728	-0.0020801158462403	
0.1682989825945062	0.2959372865971602	-0.0019410640157133	-0.0007441008458575	0.0842577788830703	0.2819281052188782	-0.0019612370189766	-0.0006888910215949	0.0322073371860513	0.2614732106970131	-0.0019742752970019	-0.0006503857729576	
0.6007477961637360	0.4515705489247391	-0.0019614200778222	-0.0006883670297746	0.4955387171655121	0.4138734018620250	-0.0019818598129586	-0.0006267743369144	0.4321474160571874	0.3889147480583657	-0.0019780589835324	-0.0006387271673018	
0.6536380639176773	0.4706082938025376	-0.0019914388034633	-0.0005954790851663	0.5433055379859633	0.4295582894883362	-0.0019765886865611	-0.0006432853251975	0.4771105739688550	0.4036743389040557	-0.0019658165908894	-0.0006756453076123	
0.1340693225059360	0.0617020822964376	0.0020779915028244	-0.0000247358188459	0.0519464546514149	0.0509804052029602	0.0020769053335798	-0.0000717452068343	0.0041365408430000	0.0297590054600929	0.0020775041698359	-0.0000514500638140	
0.6483328503273642	0.4688917205479784	-0.0019654224131905	-0.0006767968278308	0.5392467085051298	0.4282216110862339	-0.0019767915769839	-0.0006426584560193	0.4727386608909347	0.4021920540174276	-0.0019705152050805	-0.0006617466925822	
0.4489637746938504	-0.2359591971934835	0.0020651142398515	-0.0002328751074435	0.3543457878387291	-0.2436182622992047	0.0020644161905547	-0.0002390143564211	0.3065638754239789	-0.2580609129442833	0.0020691544858342	-0.0001935038277315	
0.4550997920061803	0.4010763626639684	-0.0019652203830531	-0.0006773861749185	0.3603933502637098	0.3723740025189796	-0.0019849889840811	-0.0006167422300986	0.3022538524797446	0.3493138629619874	-0.0019890251036531	-0.0006035321732271	
0.3819761278398166	-0.4017846074502969	0.0007246388791843	0.0019525745781254	0.2887638561834613	-0.4103481506517738	0.0002535676613838	0.0020677667504412	0.2464665660812950	-0.4188589874282666	0.0008931031801940	0.0018811303345714	
0.1745680740489358	-0.0300812619241964	-0.0020777827928651	-0.0000385169364874	0.0903947100546098	-0.0407581055274673	-0.0020778434941425	-0.0000350719223454	0.0436299424299732	-0.0611394247289062	-0.0020729715365809	-0.0001468123761031	
0.1744579598710112	0.2982730296806406	-0.0019523116682681	-0.0007139156122866	0.0904858558678883	0.2840370427211251	-0.0019746312158863	-0.0006492989504294	0.0384638237526220	0.2634697023437842	-0.0019856218183786	-0.0006146915163651	
0.1755906079967180	0.0592397070352848	0.0020606036226581	-0.0002700620550392	0.0934683063866861	0.0475193805898450	0.0020516386127960	-0.0003316389115338	0.0447058593174617	0.0261951922667885	0.0020395318532759	-0.0003997038257064	
0.5008379553494844	-0.2416004764943457	0.0020675194452854	-0.0002103359726299	0.4042249877661521	-0.2486852860770374	0.0020681547294540	-0.0002039625945861	0.3563822789751296	-0.2617161919079621	0.0020725323849937	-0.0001529166188002	
0.1118406581599697	-0.3542075466784042	0.0002497300491690	-0.0020682360757541	0.0276917998422994	-0.3698070288686312	0.0000516934193764	-0.0020826886926331	-0.0177307510912205	-0.3885555817845205	0.0003614454889413	-0.0020515800997223	
0.1382098993775953	0.0616056916541657	0.0020773643366928	-0.0000568419384066	0.0560911926568752	0.0508158195916955	0.0020764067070613	-0.0000850217262103	0.0083209638885113	0.0296363173873702	0.0020770417423491	-0.0000676602038117	
0.3801411078330454	-0.4155529069802259	0.0004661090620257	0.0020302542879961	0.2867643004932227	-0.4239508773787820	0.0005514656363980	0.0020086415701151	0.2433777188267214	-0.4334501680998106	0.0001679804435526	0.0020765160930885	
0.1361016718755003	-0.0289843910934266	-0.0020743786349213	-0.0001252554554215	0.0529847466112562	-0.0393166585083856	-0.0020780693002931	-0.0000169384488082	0.0061980303920470	-0.0608948178277419	-0.0020718327087665	0.0001621657261266	
0.1475450008529057	0.0613395991766703	0.0020772351192824	-0.0000614047240274	0.0654719221555041	0.0503581343334336	0.0020747638257341	-0.0001186706219299	0.0176645378198985	0.0292005619431842	0.0020743865126286	-0.0001251242691768	
0.1102627519745768	-0.4302389046517944	-0.0003705062123398	-0.0020499550463756	0.0243676351128873	-0.4469324731743553	-0.0001170518433706	-0.0020800259739818	-0.0184770426768635	-0.4667028388463374	-0.0001015659486836	-0.0020808436974370	
0.4759525464893717	0.4081679023065617	-0.0019708282367224	-0.0006608091580762	0.3802161500558809	0.3783844889852608	-0.0019918107944689	-0.0005942273890701	0.3211283541353891	0.3550271652275400	-0.0019924843995691	-0.0005919534714620	
0.5081914605557158	0.4195055134433698	-0.0019508040210366	-0.0007180455991200	0.4103449650927895	0.3878298970270078	-0.0019758839550634	-0.0006454575014265	0.3502955546714368	0.3640740826187021	-0.0019825162644803	-0.0006246844165953	
0.1120384167782301	-0.3562633607535833	0.0001503610156671	-0.0020778729892049	0.0277181877331006	-0.3708438521530686	0.0000330488573307	-0.0020830698698905	-0.0175793049468165	-0.3895675655267746	0.0003086418604015	-0.0020602284061293	
0.5373749619710508	0.4297081199807065	-0.0019638723505507	-0.0006813039633729	0.4373453706337147	0.3961642165842200	-0.0019888868248409	-0.0006039899823668	0.3761048604815251	0.3720047228726003	-0.0019851791620220	-0.0006161267402676	
0.1267903485393681	-0.0302988172317339	-0.0020624860103963	-0.0002552124711459	0.0426018357178082	-0.0406250277349061	-0.0020514210694602	-0.0003329886326570	-0.0042018833800088	-0.0611844060050271	-0.0020526937598001	-0.0003250107893592	
0.5923522704272008	0.4487040377363621	-0.0019648109175980	-0.0006785788812982	0.4883116817929276	0.4116330068138689	-0.0019864070821852	-0.0006121363857913	0.4249285821126079	0.3866352075164600	-0.0019835767466998	-0.0006212918743029	
0.1381864677322248	-0.0289066277293309	-0.0020780931018832	-0.0000136927915086	0.0550754416117244	-0.0393507839449593	-0.0020763744173264	0.0000858105904227	0.0083504501767473	-0.0610798110282509	-0.0020688262446413	0.0001969994589988	
0.4540507422385691	-0.2365863416353602	0.0020635576770392	-0.0002463524420186	0.3594417868382094	-0.2441994349096279	0.0020631474639311	-0.0002497815624772	0.3116969749997816	-0.2585251519183703	0.0020688724015835	-0.0001965116974057	
0.1122189289525068	-0.3604166808731030	0.0000465232688954	-0.0020828112078700	0.0277384228790919	-0.3750010169987750	0.0000012414157358	-0.0020833329616145	-0.0171718600242227	-0.3936989023701047	0.0001424948961228	-0.0020784300160156	
0.5528976374120429	0.4350375156176503	-0.0019670007706800	-0.0006721726741974	0.4508602670834450	0.4003532430477357	-0.0019884191365114	-0.0006055355899568	0.3896393183691707	0.3760874046584745	-0.0019924531719300	-0.0005920590980189	
0.5258587154942933	0.4257590063183065	-0.0019683414091228	-0.0006682168963716	0.4269710050511959	0.3930271448229143	-0.0019912571830833	-0.0005960891718892	0.3657332623394538	0.3688128120113108	-0.0019896587000155	-0.0006014296171472	
0.1134042231238860	-0.3937542510836995	0.0000102617906653	-0.0020833079336119	0.0276478586700297	-0.4093463894312634	-0.0000847471029108	-0.0020816002860974	-0.0169769197626580	-0.4281157505030026	-0.0000351229438840	-0.0020830357608007	
0.6223806869609623	0.4594413308735431	-0.0019492844974094	-0.0007221810212752	0.5152510728101178	0.4202385051032054	-0.0019733756371726	-0.0006531240131424	0.4508839275023102	0.3950436605948190	-0.0019758507386315	-0.0006455596841557	
0.3752059087963850	-0.4354453727554488	0.0004246788305438	0.0020393682308302	0.2821825144136512	-0.4436279181359474	0.0003978638660063	0.0020447957487918	0.2392608410546885	-0.4531924366267261	0.0003813277382387	0.0020479597092692	
0.6026031584210882	0.4522582182335477	-0.0019605683453687	-0.0006908012563719	0.4967651281922012	0.4142720258058542	-0.0019816897702733	-0.0006273144475493	0.4333616089929788	0.3893345718496203	-0.0019779789445653	-0.0006389762253824	
0.1132376371319418	-0.4041645668159103	-0.0000789827333146	-0.0020818281089624	0.0270754594221758	-0.4197999167811319	-0.0001380948802507	-0.0020787284843524	-0.0172061074185627	-0.4385686519163127	-0.0000552424272579	-0.0020825971224186	
0.4737660035014046	0.4074294772787774	-0.0019684937305556	-0.0006677657928927	0.3783018154330839	0.3778715982900707	-0.0019918016131781	-0.0005942583173396	0.3198711892491057	0.3546817605912307	-0.0019933912999463	-0.0005888769172308	
-0.6629218263274949	0.1626688304576328	-0.0020776389840236	0.0000456522995583	-0.6639650404736418	0.3442824978296534	-0.0020781379883221	-0.0000000129746356	-0.6639650661525709	0.2702131338074134	0.0020781379882616	0.0000000205242071	
0.3773250986543009	-0.4260870742208351	0.0005087706939685	0.0020199342323065	0.2840499862592160	-0.4344861531240830	0.0004597323667789	0.0020317149993310	0.2412971838164908	-0.4438236254181434	0.0004961493354877	0.0020230870607394	
0.1319939027481206	0.0617111615703432	0.0020780866892399	0.0000146382398163	0.0498757068788978	0.0510447828966104	0.0020775251276898	-0.0000505924166519	0.0020543193593849	0.0298109461575486	0.0020775887139515	-0.0000478963649412	
0.4986473650400165	0.4159571979484316	-0.0019564005591705	-0.0007025761113367	0.4009774321462123	0.3847364627607248	-0.0019794077247603	-0.0006345140458567	0.3418661340084950	0.3614101742727249	-0.0019790914731085	-0.0006355046998515	
0.5059823368664691	-0.2420957910278692	0.0020673524003653	-0.0002119796890816	0.4083378429498004	-0.2491228355339271	0.0020679442195705	-0.0002060965516166	0.3594835629207742	-0.2619523375106952	0.0020725678023901	-0.0001524334237885	
0.1474252347001270	0.2878923999066777	-0.0019573120288230	-0.0007000200736563	0.0634773209778292	0.2746569204131140	-0.0019909745261701	-0.0005970373030454	0.0123591282961352	0.2545980344237060	-0.0019654830966882	-0.0006766196944150	
0.1237059815568313	-0.0304376629097476	-0.0020764128955814	0.0000848696969520	0.0395489254246711	-0.0408846015344697	-0.0020776982815492	-0.0000428543777352	-0.0062260670656645	-0.0614982702043825	-0.0020392455233099	-0.0004011693796291	
0.1787217435021847	-0.0299911032273606	-0.0020768602837842	-0.0000730440811904	0.0945554052285249	-0.0406542423200711	-0.0020762572721613	-0.0000886135062927	0.0478280707487485	-0.0606720766626076	-0.0020532046840805	-0.0003217510028960	
0.1309525283411367	0.0616920103511513	0.0020777425143867	0.0000406419803889	0.0488397990112353	0.0510686779747719	0.0020778556073790	-0.0000343431035478	0.0010127327896167	0.0298248386500319	0.0020776248377004	-0.0000462947992314	
0.1735348022722640	0.0595082727275693	0.0020633685505250	-0.0002479393964150	0.0914286134503597	0.0478270061326898	0.0020555953957091	-0.0003060254492039	0.0425388921806515	0.0266200112786193	0.0020482754237339	-0.0003519121819386	
0.1153360607684148	0.0604451432314991	0.0020693608875034	0.0001912727334065	0.0322117477194334	0.0500595697459603	0.0020702657865856	0.0001811644585251	-0.0166158576803304	0.0293049642878845	0.0020658715929944	0.0002260233128103	
0.1184584596444354	0.0607281085834913	0.0020685487323984	0.0001999067459904	0.0353438801648276	0.0503358475646128	0.0020688266651073	0.0001969950212415	-0.0125267078583570	0.0297021903252295	0.0020716086545256	0.0001650173503600	
0.6078671516566010	0.4541300253906817	-0.0019559755201070	-0.0007037644704318	0.5017983587339534	0.4158763654350279	-0.0019786775965095	-0.0006367985960356	0.4383965223182189	0.3909486626163385	-0.0019755878849215	-0.0006463676630620	
0.6140483194832442	0.4563792843174606	-0.0019524025190340	-0.0007136658736716	0.5080506824129487	0.4179010165946875	-0.0019767678832311	-0.0006427316972986	0.4436827593861365	0.3927072748151570	-0.0019747216599301	-0.0006490224521344	
0.6087936885953196	0.4544798359651824	-0.0019552895209901	-0.0007056776789708	0.5030212037079898	0.4162714176947973	-0.0019787515009858	-0.0006365677623014	0.4383965223182189	0.3909486626163385	-0.0019755878849215	-0.0006463676630620	
0.1506928456933825	-0.0299655914339217	-0.0020697639020268	0.0001868389147836	0.0665157424102792	-0.0405074416638235	-0.0020697853496393	0.0001865999789853	0.0197179701977714	-0.0617459147125992	-0.0020780516986591	0.0000189850414332	
0.1288654912394590	0.0616273940808378	0.0020759100543388	0.0000964431311112	0.0467641234633011	0.0510856781939562	0.0020781152383574	0.0000097482381282	-0.0010678099964075	0.0298740063295467	0.0020777224746189	-0.0000416588768073	
0.1127719781931309	-0.4134332048746656	-0.0001342343399114	-0.0020789826148524	0.0263044989104203	-0.4292437246044076	-0.0002035237049372	-0.0020733182367710	-0.0175178816546883	-0.4479323683039165	-0.0000858637691368	-0.0020815542947313	
0.4779862623248157	-0.2393662696495450	0.0020675655657411	-0.0002098798575972	0.3823875477133354	-0.2466806170727652	0.0020699740105586	-0.0001844847728552	0.3345850417430395	-0.2602158517516081	0.0020746662797603	-0.0001203723516449	
0.6492684607608796	0.4692151576598776	-0.0019681450072476	-0.0006687980445613	0.5392467085051298	0.4282216110862339	-0.0019767915769839	-0.0006426584560193	0.4736596911639581	0.4025267826004624	-0.0019693240030962	-0.0006653009277611	
0.1124133205000589	-0.4177625028179009	-0.0002049836972612	-0.0020731736799988	0.0258729585270200	-0.4333065301969012	-0.0002530689207991	-0.0020678281551995	-0.0177446326505235	-0.4531131186617292	-0.0001012260550892	-0.0020808603427274	
0.5132835406596041	-0.2428790107483912	0.0020676814359054	-0.0002087294998849	0.4146114593441068	-0.2497619399290590	0.0020675561204909	-0.0002099733492962	0.3667929490733575	-0.2624780336839657	0.0020720368518130	-0.0001595228685046	
0.1104539700576813	-0.4292495069716891	-0.0003899858849725	-0.0020463204518822	0.0244389882842759	-0.4457616932943445	-0.0001421921245898	-0.0020784508553523	-0.0183645024587692	-0.4646413884243348	-0.0001141785786025	-0.0020801864735517	
0.1392319912929140	-0.0288943309713797	-0.0020777152070670	0.0000420215785521	0.0561178302231283	-0.0393961203250380	-0.0020739799708605	0.0001317232323619	0.0093843703113397	-0.0611574102281564	-0.0020683698515057	0.0002017583393203	
0.4560366563824789	0.4013606846447310	-0.0019663705877284	-0.0006740231870789	0.3616314913392902	0.3728069635934341	-0.0019875396191481	-0.0006084305892582	0.3035029489088501	0.3497048161704184	-0.0019900948098631	-0.0005999777377445	
0.1393009890213179	-0.4207901918004135	0.0004250333876331	0.0020392939957711	0.0511514909434968	-0.4352029480621429	-0.0001207672506621	0.0020798124997573	0.0067300452824123	-0.4559647879363021	0.0003026035150839	0.0020611284466754	
0.4904447005081536	-0.2405717432027284	0.0020687556000913	-0.0001977436415372	0.3927895348669066	-0.2476273576034633	0.0020696609131358	-0.0001879819913903	0.3449448833876823	-0.2608409395336355	0.0020731841655261	-0.0001437632344860	
0.1121928177384514	-0.3593759573901845	0.0000608182035828	-0.0020824409731139	0.0277302586222615	-0.3739608282071027	0.0000039253520343	-0.0020833296168036	-0.0172396557970470	-0.3926564928804220	0.0001761016085121	-0.0020758397694791	
0.1880349001438856	-0.0289572058318769	-0.0020204103793044	-0.0004876308784417	0.1028803481194706	-0.0396503470667780	-0.0020120819787748	-0.0005210913701638	0.0568669683715457	-0.0567814496554578	-0.0015004808964590	-0.0014413755829130	
0.1506619988205408	0.0612280016341524	0.0020767218389068	-0.0000768983664943	0.0685832343656898	0.0501769629219479	0.0020734785575073	-0.0001394310294902	0.0207786668456300	0.0290040650834601	0.0020732930289213	-0.0001421766794702	
0.6639821865297049	0.4726243593566746	-0.0020741600685120	-0.0001288417620336	0.5526599556892111	0.4326364760403067	-0.0019668909295205	-0.0006724956285210	0.4851599507676987	0.4064776468590055	-0.0019634930784931	-0.0006824017053645	
0.3754234510164163	-0.4344647173610691	0.0004307081094296	0.0020380970525069	0.2823715326074748	-0.4426387002969711	0.0003999275167303	0.0020443911194801	0.2395061788750895	-0.4519495325738167	0.0003952879697652	0.0020452977678722	
0.1298065609413828	-0.0298881475891947	-0.0020451630609616	-0.0003696569089055	0.0456211170285494	-0.0401679633843775	-0.0020450291589221	-0.0003704006712069	-0.0010101173545016	-0.0607841346403659	-0.0020724857859901	-0.0001535500341839	
0.4843450214462950	0.4110569738332289	-0.0019690367647741	-0.0006661548137855	0.3874671564849337	0.3805417894754046	-0.0019902424451955	-0.0005994853672197	0.3293361702216521	0.3574598524528887	-0.0019877798612033	-0.0006076413101982	
0.1130838357121012	-0.3822982402848326	0.0001102843127204	-0.0020803976204036	0.0279302570735316	-0.3979150099977135	-0.0000160075134251	-0.0020832715268269	-0.0168770714338509	-0.4166674839080700	0.0000006385896645	-0.0020833332349721	
0.3765298713542677	-0.4292812456937273	0.0004707322527217	0.0020291820014051	0.2833919045277122	-0.4374227122157441	0.0004264447148461	0.0020389978594616	0.2406411766559040	-0.4467517124839805	0.0004664960653947	0.0020301649553023	
0.1118908930964543	-0.4217691664400346	-0.0003313342036058	-0.0020566832097789	0.0253287963714892	-0.4375932058810759	-0.0002686581184900	-0.0020658507342295	-0.0179491727453043	-0.4572416409554378	-0.0001125642990388	-0.0020802748913450	
0.6368819137379851	0.4647854408930695	-0.0019536324983849	-0.0007102750066622	0.5279948974228312	0.4245052886534340	-0.0019718232752608	-0.0006578191341313	0.4633821571113090	0.3990976326485796	-0.0019771452797860	-0.0006415640039890	
0.5578970909874685	0.4367423684077272	-0.0019665964055307	-0.0006733607328442	0.4561878131259980	0.4019410843705207	-0.0019900598188516	-0.0006000943697820	0.3949559942074228	0.3777001686295567	-0.0019931363629324	-0.0005897435247840	
0.1393463763220798	-0.4259353382534511	-0.0006560073653558	0.0019768099798411	0.0528688014517579	-0.4397271364201978	-0.0012055227586178	0.0016969729366117	0.0062912900555562	-0.4593306462869609	0.0002429435452618	0.0020690482678946	
0.4613209720972233	0.4031965872912237	-0.0019668469571539	-0.0006726248672955	0.3666774328085740	0.3743118040377421	-0.0019896829215641	-0.0006013490800139	0.3085415931715507	0.3512331399663777	-0.0019904005700369	-0.0005989575242356	
0.5143778975188587	0.4217451302622159	-0.0019553699916014	-0.0007054535548167	0.4156391886787665	0.3895382955493268	-0.0019790647490781	-0.0006355883345145	0.3563180914946098	0.3659356620293139	-0.0019879563712337	-0.0006070606982531	
0.1133505664609733	-0.3895834153903885	0.0000488098891025	-0.0020827586143351	0.0277900613839674	-0.4051948382404412	-0.0000630899439519	-0.0020823730477913	-0.0169153259979657	-0.4239547430585089	-0.0000242983659518	-0.0020831909205464	
0.4821804753750119	0.4102669402775881	-0.0019707513447176	-0.0006610395877916	0.3855524097108842	0.3800252827243609	-0.0019914936562105	-0.0005952946936969	0.3274123331013412	0.3569309762513913	-0.0019897415985973	-0.0006011539289113	
0.4768731650201643	0.4084998796238652	-0.0019709729263352	-0.0006603753103050	0.3811727804867464	0.3786398866338439	-0.0019922421601338	-0.0005927723024989	0.3220877893358114	0.3552848560263262	-0.0019916176178635	-0.0005948777583965	
0.6350313703287453	0.4641029027401720	-0.0019526546739270	-0.0007129722087248	0.5267633394660889	0.4241081181474106	-0.0019710817279807	-0.0006600488627645	0.4614753446233129	0.3985289597947043	-0.0019779864257368	-0.0006389529506837	
0.1130604645923182	-0.4083046703536961	-0.0001078406920150	-0.0020805263618047	0.0267721988645078	-0.4239133761443222	-0.0001589676182658	-0.0020772290587849	-0.0173274268167170	-0.4427339384909985	-0.0000673388249317	-0.0020822393136974	
0.1236298904312981	0.0612324835920315	0.0020687324656621	0.0001979867303212	0.0415447292973873	0.0508916857372539	0.0020729706895627	0.0001468243952687	-0.0062655917254137	0.0299474732897627	0.0020781157460540	0.0000096388525548	
0.5870792268880873	0.4468590050835262	-0.0019636054427210	-0.0006820766914403	0.4832582726520085	0.4100964718599663	-0.0019894036920969	-0.0006022768106148	0.4198819814088490	0.3850710468078082	-0.0019884945545637	-0.0006052866412612	
0.1433911541079126	-0.0291718660184049	-0.0020687659915148	0.0001976343537611	0.0602400825563086	-0.0398200482179388	-0.0020645925146372	0.0002374787867054	0.0124727844879962	-0.0614252440345599	-0.0020708755986910	0.0001740189659541	
0.1112971484738019	-0.3510193222697466	0.0004844020833498	-0.0020259461261343	0.0274539157496859	-0.3655729588289997	0.0001876295489055	-0.0020748244952012	-0.0187489152963148	-0.3843903134917494	0.0006454084329120	-0.0019803131996801	
0.1600102071355918	-0.0303065197913479	-0.0020781211362249	-0.0000083900236897	0.0758322593846363	-0.0408781433268914	-0.0020781221025481	0.0000081459263825	0.0290882663497918	-0.0615878422738501	-0.0020772335714416	-0.0000614573248797	
0.1402808561522373	0.0615448602306695	0.0020773420089752	-0.0000576561833367	0.0581671249954943	0.0507277277453581	0.0020763055394294	-0.0000874695216512	0.0103953281021740	0.0295620796344247	0.0020766062614395	-0.0000799737023533	
0.4812533032447630	0.4099477001167809	-0.0019703164681559	-0.0006623411468039	0.3845948741192118	0.3797659224909972	-0.0019922234663451	-0.0005928354411283	0.3261792464375972	0.3565456175356947	-0.0019911380341353	-0.0005964890397159	
0.1766158975738100	0.0591049697425761	0.0020589905077196	-0.0002821562702330	0.0946176761609988	0.0473356920530289	0.0020489366861969	-0.0003480219642917	0.0457089772047956	0.0259869744410378	0.0020338146361550	-0.0004279812392570	
0.4706470211401976	0.4063920560402194	-0.0019688473135088	-0.0006667173373320	0.3751635178393364	0.3768968769426936	-0.0019919464423815	-0.0005937702386011	0.3170400122663845	0.3537733936439209	-0.0019931078913829	-0.0005898402222276	
0.1257239145724695	0.0614257198106399	0.0020711851656779	0.0001702760582142	0.0436369550137632	0.0510117619617210	0.0020760020907337	0.0000944311256380	-0.0041857412447160	0.0299375485106277	0.0020780334437620	-0.0000208969022572	
