0.3356146648886257	0.0347122003795604	0.0020726094701789	0.0001518629765134	0.4509493318732982	0.0268557207256712	0.0020610140042069	0.0002668962532444	0.5268022935588546	0.0393144570881800	0.0020434140145657	0.0003792534001818	
-0.2857586082626397	-0.1284215011952313	0.0020771197373584	-0.0000652094875952	-0.1735691645606104	-0.1462608418171515	0.0020726535144755	-0.0001512576425382	-0.1059534776575555	-0.1330594766469338	0.0020707114928924	-0.0001759706268361	
-0.2005208287119553	-0.1273597259492557	0.0020781109479254	0.0000106277666488	-0.0914101513735487	-0.1450829823680606	0.0020779401377214	0.0000287471611483	-0.0259315756181374	-0.1327814139161046	0.0020780086614008	0.0000232420456705	
-0.2005409393016126	0.0542840497693723	-0.0020702971861823	0.0001808034793713	-0.0945473815065752	0.0338788624367208	-0.0020764231506114	0.0000846171660999	-0.0291007638737990	0.0441249813170494	-0.0020779495915359	0.0000280519798456	
-0.1631713324832794	0.1861840078038354	0.0020598701014195	-0.0002756285539036	-0.0612878557183787	0.1637269870872282	0.0020699231065910	-0.0001850578925823	0.0031280460382033	0.1730528395214324	0.0020724450260287	-0.0001541019338285	
-0.3168565729137445	0.0597440523211041	-0.0020636252215363	0.0002457831597378	-0.2056982456949045	0.0358010007227128	-0.0020757049904717	0.0001007813763856	-0.1381598728462208	0.0451890969824288	-0.0020768050279123	0.0000746063080549	
-0.1185641531272470	0.2068727072873199	-0.0020053532941282	0.0005465378306433	-0.0176692690644635	0.1864236211973666	-0.0020489933973590	0.0003476862462161	0.0456922254276513	0.1966115127792267	-0.0020603532751593	0.0002719749062471	
-0.3562763345202435	0.0650474890920392	-0.0020145606674129	0.0005113760420037	-0.2421038527675115	0.0406207403816691	-0.0020427534908343	0.0003828128316542	-0.1734943859549780	0.0502365396084739	-0.0020596414113351	0.0002773407786597	
-0.2929673172429501	0.2327535761395295	-0.0020559033162938	0.0003039395046470	-0.1859693945464533	0.2034837603598194	-0.0020667609270619	0.0002176989839668	-0.1194842027437414	0.2105932378194744	-0.0020699894980975	0.0001843100447060	
-0.3740516439759472	-0.1313343120984545	0.0020778703886802	0.0000334322330188	-0.2566255740757937	-0.1500907174390623	0.0020781378344855	-0.0000008017211213	-0.1859339958175888	-0.1366667490291998	0.0020777302292675	-0.0000412683488819	
-0.3521271164595671	0.0639539795039260	-0.0020144669512434	0.0005117469410322	-0.2388972205959191	0.0399962250116175	-0.0020335799403477	0.0004291005949404	-0.1704480265978499	0.0497498720102157	-0.0020488709679033	0.0003484105864402	
-0.3386727844981700	-0.1306185696193872	0.0020764142075007	0.0000848374328459	-0.2233616550122555	-0.1492690658896765	0.0020779624039496	0.0000270813541037	-0.1538363733669451	-0.1359904658537890	0.0020779764173654	0.0000259782463381	
0.3511676368091208	0.0358339201554772	0.0020751649363168	0.0001113992947008	0.4685717416559312	0.0285957978815334	0.0020679547417031	0.0002059904178520	0.5445036688753071	0.0412606610927585	0.0020672239679672	0.0002132347545024	
0.3605749908641975	-0.0612866456287794	-0.0020750636440803	0.0001132797128876	0.4810970342635243	-0.0713658524969611	-0.0020781374889177	0.0000014443760272	0.5580155913423455	-0.0609205996442924	-0.0020706616752043	-0.0001765587947493	
-0.1974168278602165	0.1906684706276185	0.0020616715518593	-0.0002617425768447	-0.0945599488376609	0.1666237404031706	0.0020708915449572	-0.0001738281454454	-0.0300922360237696	0.1754287807662460	0.0020730946050565	-0.0001450554007886	
-0.1205191001359627	0.2073480047860953	-0.0020206200013816	0.0004867571711718	-0.0197048262315745	0.1867465405417697	-0.0020529192939057	0.0003235759908673	0.0436403464102901	0.1968690147394825	-0.0020624099908604	0.0002558291381595	
-0.1435153591242513	0.1829182173959425	0.0020114394549436	-0.0005235784245603	-0.0415288070395224	0.1616700070974791	0.0020579897214269	-0.0002894011144606	0.0217824909606275	0.1715250204272354	0.0020674923794472	-0.0002106031795354	
-0.2631282172593631	0.2871944000076486	0.0019282667818768	-0.0007768208885888	-0.1576318480170973	0.2587439937052507	0.0018243423735923	-0.0009976927156225	-0.0934128151387198	0.2678614954835595	0.0018204476460369	-0.0010048170405459	
-0.2234210496795832	0.2226962932739366	-0.0020571564272815	0.0002952952747879	-0.1194946964388464	0.1968437197703013	-0.0020676239164134	0.0002093013511077	-0.0550726188251279	0.2051596086209326	-0.0020708352940213	0.0001745003337990	
-0.4322499035851242	-0.0879419639609055	0.0020671556469130	-0.0002138993683783	-0.3106535903107814	-0.1075839231767421	0.0020745182531330	-0.0001229095912472	-0.2369280769801922	-0.0953648050416824	0.0020755089182480	-0.0001047611490214	
-0.2390166572310015	0.0547972617353500	-0.0020780829359307	0.0000151642853116	-0.1319582145224888	0.0326599451635536	-0.0020777724240475	-0.0000390750342418	-0.0654590217832675	0.0424229186064396	-0.0020774053544007	-0.0000553148594082	
-0.2462732651292519	0.1967758875463695	0.0020628587527882	-0.0002521666442831	-0.1413461852504292	0.1705171599717720	0.0020717748719851	-0.0001629066463299	-0.0758101314294706	0.1785703932277127	0.0020739929199440	-0.0001315181683216	
0.3273313662826842	-0.0646783785275525	-0.0020376914274328	0.0004090287782209	0.4457692738785408	-0.0741178226279880	-0.0020681541878293	0.0002039681140100	0.5195350206156981	-0.0635826200421830	-0.0020778472551873	0.0000348472631810	
-0.2878436352944722	0.0560176388655461	-0.0020730233576191	0.0001460751465022	-0.1787564223637019	0.0329791701484186	-0.0020709324523191	0.0001733376613468	-0.1111696306402573	0.0427992047249617	-0.0020685471539554	0.0001999231601243	
-0.1933347116412391	0.1901448261305719	0.0020613756287906	-0.0002640745907068	-0.0904393704148806	0.1662842694368761	0.0020708689335150	-0.0001740986621661	-0.0259633386476995	0.1751438302627257	0.0020731535911886	-0.0001442056648334	
-0.2348899358350960	0.1953839189676020	0.0020623891395371	-0.0002559980195761	-0.1299042617568394	0.1695836475851826	0.0020710247013224	-0.0001722264224126	-0.0654819447842673	0.1778874908944052	0.0020735047191347	-0.0001390394800628	
-0.2369428692188986	0.0547883686006251	-0.0020781371384557	0.0000018841789627	-0.1298751490204236	0.0326976511724981	-0.0020777363891520	-0.0000409554792351	-0.0633834709338436	0.0424767085037351	-0.0020773723080479	-0.0000565483976714	
-0.2212736312518292	0.2223760126852427	-0.0020572598067602	0.0002945705751043	-0.1174273843653839	0.1966385234521522	-0.0020677679593861	0.0002078663016037	-0.0530008054101831	0.2049885117618845	-0.0020709768766440	0.0001728034205627	
-0.1599602497052296	0.0511478912007676	-0.0020650444424131	0.0002334963240337	-0.0551156179406218	0.0320405458928689	-0.0020680793489806	0.0002047293144084	0.0093630440457814	0.0428760106955363	-0.0020768730389041	0.0000726786845800	
0.3335812587183076	-0.0646952802602627	-0.0020397827800712	-0.0003984148773481	0.4529053569691437	-0.0755286073843488	-0.0020317839565956	0.0004375673666468	0.5257798311602888	-0.0637769274826457	-0.0020680896958966	0.0002046242442481	
-0.1776228569916714	0.2160971439388639	-0.0020569179866283	0.0002969598842383	-0.0758633376390094	0.1925432231788077	-0.0020676131944274	0.0002094077732482	-0.0114099936669226	0.2014756104483000	-0.0020707616034705	0.0001753769966186	
-0.1589902293117293	0.0510209977142759	-0.0020546918539207	0.0003120640705776	-0.0541125220507205	0.0319359944476898	-0.0020648886162219	0.0002348772165554	0.0104025098865645	0.0428270975819053	-0.0020745388344520	0.0001225599732946	
0.3564350914989929	0.0360562629961159	0.0020768696667182	0.0000727754663908	0.4738269602879452	0.0290655039372909	0.0020709565743488	0.0001730477792199	0.5506830022462990	0.0418784220416264	0.0020686354969842	0.0001990023843264	
-0.3397114751498064	-0.1306556924220971	0.0020771122496846	0.0000654487473386	-0.2244000058964624	-0.1492838516465287	0.0020780111700164	0.0000230155303221	-0.1548728379153017	-0.1360063701582543	0.0020779445719325	0.0000284232114423	
0.3312926856245322	-0.0651595112150471	-0.0020742996901391	-0.0001265625744405	0.4498766181134362	-0.0747289218484723	-0.0020365812200546	0.0004145485178784	0.5236935050150238	-0.0636620154309425	-0.0020754943449908	0.0001050509154100	
-0.1101408343363444	0.2031257260754746	-0.0016879132083991	0.0012153039607956	-0.0093062807681715	0.1845187752263110	-0.0019755237392549	0.0006465646691233	0.0541199799735085	0.1952424517528706	-0.0020370199474557	0.0004123764373115	
-0.4145195981194532	0.0731831511999538	-0.0020261318026160	0.0004631587073941	-0.2972032933758055	0.0466739776266840	-0.0020674941615517	0.0002105855962818	-0.2254716858668145	0.0552834971506059	-0.0020769470624125	0.0000705207170384	
-0.2129778441425489	0.2212181620252164	-0.0020578414132960	0.0002904590713764	-0.1101379894316687	0.1959082528613122	-0.0020681619320705	0.0002038891820073	-0.0457122492951709	0.2043835622089853	-0.0020712263124742	0.0001697723055728	
-0.2638821796465896	0.2286176102358599	-0.0020572911275076	0.0002943506544026	-0.1579496550500047	0.2007081549863576	-0.0020686123310724	0.0001992442518628	-0.0924776271536245	0.2083082331330394	-0.0020714933684458	0.0001664654892322	
-0.2826009634987440	0.2012202726534558	0.0020617525226041	-0.0002611008011179	-0.1755684842465114	0.1732618687053583	0.0020705287132887	-0.0001781190196321	-0.1091383060653083	0.1808117497603746	0.0020726902665927	-0.0001507506602391	
-0.3334452217202276	0.3159551678308812	0.0019944655284289	-0.0005852099692729	-0.2245296421400924	0.2818293951038615	0.0020267798997104	-0.0004603000739936	-0.1589451765887564	0.2877262071599009	0.0020437969048798	-0.0003771741686916	
-0.1984273510391248	0.2191587890339504	-0.0020572019592278	0.0002949763155280	-0.0956028930745592	0.1944889970619404	-0.0020685829064502	0.0001995510379459	-0.0311714421120156	0.2031603942296981	-0.0020707100546373	0.0001759876352170	
-0.1548797754392882	0.1850336507354038	0.0020555204058191	-0.0003065312562684	-0.0529482006243663	0.1629526908580590	0.0020686141845021	-0.0001992249117305	0.0103594697119616	0.1725181280690332	0.0020720895325866	-0.0001588336766828	
-0.1094469326789856	0.2026447445441432	-0.0016334579184598	0.0012879190216729	-0.0083684690236148	0.1842142285240995	-0.0019516848831639	0.0007156358840078	0.0541199799735085	0.1952424517528706	-0.0020370199474557	0.0004123764373115	
-0.2379572318830189	0.1957567266001382	0.0020625289775507	-0.0002548632534597	-0.1329957780042098	0.1698419137330506	0.0020712170706887	-0.0001698855819958	-0.0675481365146132	0.1780266424972021	0.0020736079984736	-0.0001374828051948	
-0.1735173706768067	0.1875523736393895	0.0020603811981185	-0.0002717622315423	-0.0706588077144635	0.1645612485685762	0.0020699151537790	-0.0001851472705311	-0.0072846975796853	0.1738243049474784	0.0020726092379693	-0.0001518661615167	
0.4030748390572252	0.0340458716973403	0.0020082819974124	-0.0005356211406049	0.5247275316735345	0.0301552258109485	0.0020739284381293	-0.0001325361576866	0.6036994263881459	0.0438722054445719	0.0020773756376280	-0.0000564253352569	
-0.1133454191108718	0.2050111712766413	-0.0018832884990737	0.0008807645325702	-0.0124722912757548	0.1854012637691388	-0.0020242159839881	0.0004715024571846	0.0509161041448818	0.1958453359672815	-0.0020516948250316	0.0003312892321945	
-0.3085538493399839	0.0585854074564086	-0.0020534438243532	0.0003202135636686	-0.1974641601216359	0.0351354057923030	-0.0020669897054923	0.0002155049887198	-0.1298810851831791	0.0448125219234066	-0.0020729440002310	0.0001472026110108	
-0.3169252485870531	0.2363770351974036	-0.0020552481716792	0.0003083603493795	-0.2088752439511425	0.2059160315649676	-0.0020674697513962	0.0002108263118779	-0.1423461803136301	0.2126181892133336	-0.0020708349376264	0.0001745045843408	
-0.1703479611722157	0.2150897323434273	-0.0020588790323005	0.0002829726137635	-0.0685678302291970	0.1918100116032254	-0.0020682280385648	0.0002032141416819	-0.0051990116987856	0.2009709188512974	-0.0020711103205371	0.0001711885474594	
-0.1673122235767822	0.0519004996536977	-0.0020737694089165	0.0001350138524956	-0.0623442451935170	0.0322981632780410	-0.0020781239452921	0.0000076589083259	0.0020702804420835	0.0428723065416456	-0.0020781298045858	-0.0000058467298206	
-0.3199546060067928	0.4708962490196977	0.0014958522319137	-0.0014462026219452	-0.2128294475064034	0.4315031751890605	0.0018159262623519	-0.0010130059410490	-0.1485313820488355	0.4366262855184825	0.0020101755073216	-0.0005284344090387	
-0.2150881192934866	0.0551951932868931	-0.0020778301556895	0.0000358573213192	-0.1090807771653620	0.0336981255213498	-0.0020738633483111	-0.0001335558448358	-0.0426146271824576	0.0434876186874673	-0.0020709197446517	-0.0001734901772921	
-0.2930050774734795	-0.1280115226588041	0.0020714710131124	-0.0001667448353651	-0.1797503993367339	-0.1457568771700486	0.0020713840639856	-0.0001678268783355	-0.1122472420120848	-0.1326186241418224	0.0020766369984965	-0.0000791675154537	
-0.1859875002624308	0.0529735205968266	-0.0020694437572951	0.0001903695343609	-0.0810306787616122	0.0330648239704271	-0.0020740250657645	0.0001310077082329	-0.0155684161888388	0.0434940911714927	-0.0020751691469265	0.0001113204380914	
-0.2815807646104865	0.2010893189007262	0.0020618551727868	-0.0002602848827152	-0.1745379537924386	0.1731743331855597	0.0020705401246191	-0.0001779856552627	-0.1091383060653083	0.1808117497603746	0.0020726902665927	-0.0001507506602391	
-0.2784679160775308	-0.1285329745978332	0.0020781351090362	-0.0000034680220968	-0.1662401474504228	-0.1466176661404842	0.0020774825320885	-0.0000523207769790	-0.0987314071625230	-0.1335791446031233	0.0020750206468122	-0.0001140685274973	
0.3730310311513250	0.0363476287274139	0.0020781353262663	-0.0000033346349481	0.4914862830008935	0.0301352474675514	0.0020759041265729	0.0000965712779735	0.5693653467690303	0.0431589026020833	0.0020754477648883	0.0001059717608742	
-0.2552232269596108	0.2848676459149076	0.0020234023766411	-0.0004749991848517	-0.1503824769605767	0.2555759548260949	0.0019863414529991	-0.0006123503803652	-0.0864495218298356	0.2643009850805721	0.0018876732482254	-0.0008712798996663	
-0.4873055199152343	-0.0061859035522162	-0.0020034172029199	0.0005536278541355	-0.3616156378647021	-0.0302607606225684	-0.0019706165260903	0.0006614433963717	-0.2877487843680927	-0.0185811282682615	-0.0019370452687222	0.0007545523387618	
-0.3314121115984806	0.0608893772506286	-0.0020738159341332	0.0001342937340916	-0.2192418388605376	0.0364693776934761	-0.0020711263544968	0.0001709934789047	-0.1516394214583703	0.0461524493327560	-0.0020617729795110	0.0002609384055043	
-0.3175273622462981	0.4679030853942388	0.0011075147465349	-0.0017628239427793	-0.2096921438690262	0.4293500396285898	0.0015830193052886	-0.0013497341382912	-0.1453777842708112	0.4356018491587582	0.0019369382267965	-0.0007548284484369	
-0.2983985821721847	0.3027340454209280	0.0019950911781850	-0.0005830627299269	-0.1913867286863001	0.2713976008966499	0.0019800031725243	-0.0006326441726413	-0.1268639514795853	0.2789112677283273	0.0019660001080543	-0.0006751084457747	
-0.1619693540655338	0.0513675546243950	-0.0020653261077696	0.0002309790615212	-0.0571583773503920	0.0321957202466964	-0.0020748172739105	0.0001177277309843	0.0072773237441970	0.0429104521940148	-0.0020781329364769	0.0000045937045395	
0.3096417386228230	-0.0624525441968480	-0.0020770819198268	0.0000664090763002	0.4260209477625445	-0.0738039789307780	-0.0020779350422070	-0.0000291149722664	0.4998102279942720	-0.0633414744747050	-0.0020755925465039	0.0001030825448465	
-0.2015797549904086	0.0543893186722451	-0.0020704083525222	0.0001795195996570	-0.0955896488516884	0.0339367714853002	-0.0020768490091342	0.0000733655495856	-0.0301375992319943	0.0441149238254470	-0.0020781130456906	0.0000102072030256	
-0.3115893058177853	0.3075851079240918	0.0019146450141262	-0.0008099753134197	-0.2037355404874593	0.2758292496593964	0.0019529780106854	-0.0007120816060934	-0.1383301012893744	0.2829054666450141	0.0019863750923961	-0.0006122407038985	
-0.6629297929030776	0.2861757764681784	-0.0020779942615678	0.0000245017966175	-0.5782737324174526	-0.1854436162476108	-0.0001016566714215	-0.0020808392451007	-0.6639650128404587	-0.3399761868991085	-0.0020781379722033	0.0000002598039966	
-0.5568498072828666	-0.0957839466981298	-0.0009305181720434	0.0018628147995122	-0.4214775010123882	-0.1163461119112081	-0.0014101679933189	0.0015302773313892	-0.3438809188477016	-0.1030869022429534	0.0000274482621756	0.0020831516024853	
-0.3128375214240590	0.3081563965354514	0.0019100866605683	-0.0008207202744836	-0.2055615014306627	0.2765269251260791	0.0019589650256351	-0.0006953575350913	-0.1402584345585310	0.2833863555763479	0.0019941953202511	-0.0005861346880166	
-0.2950349536184844	0.0567172654752164	-0.0020654955663073	0.0002294511265412	-0.1849068350877662	0.0336566807020621	-0.0020648245360670	0.0002354426986183	-0.1184767845959857	0.0436054947692170	-0.0020633769906267	0.0002478687954828	
-0.3138000680998161	0.0593681657954238	-0.0020581694557411	0.0002881136690702	-0.2025972985775274	0.0356021047358843	-0.0020735314291325	0.0001386385774626	-0.1350525126905878	0.0450688549952777	-0.0020764450025751	0.0000840765256540	
-0.2744921133405478	0.2935038444106079	0.0017415224670203	-0.0011367470327638	-0.1683573863386353	0.2645362443998709	0.0018820934684825	-0.0008833280451388	-0.1040508192239149	0.2726357287958726	0.0019728628945558	-0.0006546789372541	
-0.2306942666335544	0.2237576247764035	-0.0020564796693835	0.0002999952868100	-0.1267862386086381	0.1975798098005016	-0.0020673861938220	0.0002116482033104	-0.0623639999816545	0.2057680773447975	-0.0020705324864347	0.0001780749339594	
-0.1620501259853253	0.2139588037302744	-0.0020600424343021	0.0002743310935792	-0.0602397014665541	0.1910036667497152	-0.0020693829766379	0.0001910324045735	0.0031332489146775	0.2003065606500518	-0.0020720703714462	0.0001590846982237	
-0.2898975027046789	0.2323181327485135	-0.0020562957952142	0.0003012593420503	-0.1828733224913461	0.2031697103370737	-0.0020670647321584	0.0002147805463291	-0.1174152673978102	0.2104068120277768	-0.0020700981204876	0.0001830798596936	
-0.3200789783036453	0.0600832991762418	-0.0020691920311935	0.0001930999165986	-0.2088075771001922	0.0359250084267925	-0.0020764723749568	0.0000833943513655	-0.1412632166055948	0.0452875470652861	-0.0020762707272076	0.0000882961003066	
-0.2722282581553648	0.0553543195686776	-0.0020775822869638	0.0000481757272958	-0.1631288260647477	0.0324122009906484	-0.0020781206144749	0.0000085189126391	-0.0966159635146452	0.0420894056139677	-0.0020780479178299	0.0000193964936810	
-0.2888740201752665	-0.1282908354870730	0.0020753498185345	-0.0001078823660735	-0.1766621832682116	-0.1460102754183397	0.0020707038416225	-0.0001760610894807	-0.1080151364201135	-0.1328984435414560	0.0020716075673714	-0.0001650310661193	
-0.4717508860884655	-0.0095063026160442	-0.0020491006999797	0.0003470501233851	-0.3481576115494656	-0.0337848047576793	-0.0020395808191203	0.0003994526394378	-0.2742717540478649	-0.0227017836109237	-0.0020270134860276	0.0004592651815447	
0.3429030614976236	0.0352690727889590	0.0020715366096549	0.0001659238156871	0.4592809497079138	0.0276622342888367	0.0020696215733605	0.0001884167793481	0.5351175255936456	0.0403645423302346	0.0020694155642828	0.0001906772946324	
-0.2608691070558953	0.1985462108639806	0.0020632166235492	-0.0002492067866590	-0.1548575457664817	0.1715567925679484	0.0020718289525674	-0.0001622139484374	-0.0893352287486034	0.1794145355742434	0.0020737838922576	-0.0001347900931409	
0.3709537552443976	0.0363446571117338	0.0020781219696851	0.0000081799200482	0.4894181848739920	0.0300324359335331	0.0020756797605309	0.0001013022673407	0.5662629727318391	0.0430015274186047	0.0020752538679446	0.0001097217003844	
-0.1537452287298119	0.2128645138230166	-0.0020595434465042	0.0002780709674778	-0.0519740924277182	0.1902690350417648	-0.0020698593826019	0.0001857728390460	0.0114155600720914	0.1996752039135467	-0.0020726046912737	0.0001519285107970	
-0.1609543067712306	0.0512648116402494	-0.0020664037371101	0.0002210804454471	-0.0561313106895480	0.0321338515188508	-0.0020718854039745	0.0001614876946003	0.0083202449412761	0.0428931357940411	-0.0020778712786703	0.0000333765953904	
0.3384820037316250	-0.3848664578659692	0.0019895105052634	-0.0006019221116735	0.4676768048527409	-0.4080904519314399	0.0019612519701682	-0.0006888482417438	0.5393026837698809	-0.3999285177808209	0.0019415367297581	-0.0007428603641549	
-0.3553014224575615	0.0648043962791558	-0.0020139760352591	0.0005136851751852	-0.2410993528405906	0.0404407728374105	-0.0020395817472356	0.0003994478767842	-0.1724725288429432	0.0500924314712113	-0.0020562366797076	0.0003016645864281	
-0.3356409446108737	0.3165869826116929	0.0019966603048726	-0.0005776393565895	-0.2275130145115775	0.2825340553171314	0.0020325660537978	-0.0004339015673300	-0.1611121819409177	0.2881005859509661	0.0020494846005446	-0.0003447643569883	
-0.6483846724952079	-0.1386832859476871	0.0020767015416004	0.0000774472989837	-0.5033030816161467	-0.1556600983995806	0.0017561154198212	-0.0011139557570082	-0.4174393378647403	-0.1373392075213252	0.0011499673555268	-0.0017352903126713	
-0.5049142803388702	0.0001345495282977	-0.0019139887505249	0.0008115326117911	-0.3781219064732252	-0.0237721925170323	-0.0019382890593563	0.0007513354754976	-0.3033067822021673	-0.0122983682711216	-0.0019573101293335	0.0007000254113465	
-0.4178071807364723	-0.0938076384798098	0.0014734055025427	-0.0014691786194015	-0.2959628577323441	-0.1112725598054836	0.0018678021111331	-0.0009133059856987	-0.2255078273787869	-0.0979539231849053	0.0019211639257578	-0.0007943107238694	
-0.5548045565709223	0.0764830269366674	-0.0020726943421813	0.0001506943333381	-0.4250158355343749	0.0454200499348051	-0.0020731717991010	0.0001439423491859	-0.3470312757299660	0.0533700564235913	-0.0020740845198697	0.0001300583054650	
-0.1943237456365641	0.2185588367750416	-0.0020566395133417	0.0002988919929710	-0.0914267927182185	0.1940847856140669	-0.0020686062849239	0.0001993073289320	-0.0280586613430215	0.2029007633033654	-0.0020707674958113	0.0001753070605337	
-0.3148161527814348	0.0594996483497484	-0.0020598602251642	0.0002757027220168	-0.2036290498447095	0.0356804048490077	-0.0020744455529465	0.0001241366509150	-0.1360879239832847	0.0451168059488996	-0.0020766729408284	0.0000782142475996	
-0.3075460785307257	0.0584269151402290	-0.0020536805361748	0.0003186842549733	-0.1964420257943069	0.0350323080934069	-0.0020655442386215	0.0002290103613605	-0.1298810851831791	0.0448125219234066	-0.0020729440002310	0.0001472026110108	
0.3375936660938774	-0.3845846964940544	0.0019878283254302	-0.0006074819524104	0.4664091982580456	-0.4076292601200615	0.0019574618851964	-0.0006995988227295	0.5383847520357163	-0.3995880325270321	0.0019420231450731	-0.0007415814457706	
-0.2576757413609161	-0.1284143040700962	0.0020780004244560	0.0000239707505552	-0.1465269932753588	-0.1465127378078533	0.0020778725144232	0.0000332991882466	-0.0789494221335315	-0.1337851915397081	0.0020780510483737	0.0000190564419938	
-0.3271595451765696	0.3139663904193127	0.0019701225569264	-0.0006629205950777	-0.2191493565504455	0.2805998035299831	0.0020182878462509	-0.0004963859980053	-0.1527332132735547	0.2865110972335518	0.0020324077055933	-0.0004346463779409	
-0.3502135424727361	0.4540738687709274	-0.0019166372230005	0.0008052261065065	-0.2413739588839285	0.4131641507203856	-0.0017422659623990	0.0011356014568537	-0.1746633958802368	0.4197383081028896	-0.0011602598609505	0.0017283909871183	
-0.5059926698830549	0.0731544331512817	-0.0020399085320117	0.0003977672900595	-0.3802660705225445	0.0441180073428219	-0.0020619749462429	0.0002593295626622	-0.3055265864282047	0.0526051899677581	-0.0020711686314859	0.0001704780612116	
-0.3270364099328829	0.4754832851264292	0.0018935019462092	-0.0008584748108962	-0.2212770601848371	0.4345539628134175	0.0020319051555669	-0.0004370013956059	-0.1548041426688350	0.4377024839804118	0.0020699444469462	-0.0001848178429685	
-0.2296684278492934	0.0548701274606421	-0.0020771352501171	-0.0000647109781602	-0.1226375935254597	0.0328510652178871	-0.0020770381469667	-0.0000677710370047	-0.0571509311152539	0.0426451473018652	-0.0020771359651767	-0.0000646879066896	
-0.2878368163233614	-0.1283403581810925	0.0020760668213293	-0.0000929899246503	-0.1756327318934801	-0.1460982384239195	0.0020711669843653	-0.0001704981713631	-0.1069830600536500	-0.1329731619352769	0.0020709429141142	-0.0001732119986078	
-0.3417652750916181	0.4514482974942263	-0.0020309663935601	0.0004413653627045	-0.2349104507433560	0.4102076551052645	-0.0019844720764530	0.0006184117521005	-0.1697071582284614	0.4151769846870825	-0.0017822040094733	0.0010715062011806	
-0.3616722329140049	0.0663226522276277	-0.0020291083611563	0.0004498720926575	-0.2473259671298147	0.0414413876928901	-0.0020611518209665	0.0002658244954685	-0.1787356868621025	0.0507762648061537	-0.0020737195123448	0.0001357818907838	
-0.5049821155516133	0.0729538706509102	-0.0020397420219308	0.0003986245360552	-0.3792394823379256	0.0439693818233173	-0.0020600694606845	0.0002741270503433	-0.3044146976298153	0.0524913112018532	-0.0020693151891959	0.0001917689648277	
-0.2223956926402832	0.2225455177641376	-0.0020572420395618	0.0002946952542213	-0.1184612269711841	0.1967409654794759	-0.0020676960773362	0.0002085836838321	-0.0540368505153815	0.2050737971072826	-0.0020709068394783	0.0001736449256276	
-0.3010892825848542	0.3036291332175841	0.0019772805230369	-0.0006411449792547	-0.1941122095606249	0.2723402437832303	0.0019689187633699	-0.0006665052486944	-0.1287143038622943	0.2795098473671966	0.0019611819590062	-0.0006890485390000	
-0.3584856946998783	0.0655974142673611	-0.0020189538097332	0.0004936567060434	-0.2451475249336794	0.0411078923327047	-0.0020534970869338	0.0003198701064304	-0.1755526327198814	0.0504924087233569	-0.0020661920456244	0.0002230600330505	
-0.2753075286618014	0.2002999367857007	0.0020625070903276	-0.0002550412036143	-0.1683562583993590	0.1726586725333574	0.0020708646256490	-0.0001741501522333	-0.1028554594029711	0.1803488980369380	0.0020727821314563	-0.0001494758569458	
-0.1558991261741729	0.2131556288878773	-0.0020597897454523	0.0002762314179161	-0.0550755105617717	0.1905466436198445	-0.0020697953070863	0.0001864889437637	0.0093439476451468	0.1998329927022531	-0.0020725591614813	0.0001525514525140	
-0.2795408541920065	0.2008295339373757	0.0020620594496141	-0.0002586534024692	-0.1724769496636959	0.1730008569041301	0.0020706209119501	-0.0001770385982610	-0.1069861771435322	0.1806543457908426	0.0020726822276907	-0.0001508617003598	
-0.2659877515090509	-0.1284833296900615	0.0020781077548364	0.0000112377506284	-0.1548298079820473	-0.1466315335521572	0.0020779764184524	0.0000259781589583	-0.0872730415143056	-0.1338377624011941	0.0020781375785728	0.0000013083291275	
-0.1340999892356312	0.2099878196837435	-0.0020502291121504	0.0003402864924015	-0.0332529123830347	0.1885054240854273	-0.0020667161419024	0.0002181258645811	0.0301496038713267	0.1982500423194765	-0.0020707166288407	0.0001759098771092	
-0.2711555695763977	0.2296639911852303	-0.0020583422125588	0.0002868706513870	-0.1651973690984789	0.2013906828239273	-0.0020685217770646	0.0002001868664188	-0.0997627624488117	0.2089052385393026	-0.0020712948653000	0.0001689296673899	
-0.1797746467452297	0.0524617834980132	-0.0020729334929549	0.0001473512424434	-0.0748401947256124	0.0326681358049850	-0.0020744356734000	0.0001243024632378	-0.0104282898523731	0.0431893748505023	-0.0020756169935256	0.0001025866379431	
-0.5166517837678299	0.0047696005620369	-0.0019704085544345	0.0006620657756941	-0.3887582561975884	-0.0200828588610883	-0.0019803098209351	0.0006316788311973	-0.3104543166853183	-0.0099392202070970	-0.0019787023453350	0.0006367213056689	
0.3468783117212166	-0.3877487844223650	0.0018984896824555	-0.0008473316123995	0.4770636139523043	-0.4112007136859819	0.0019860636739785	-0.0006132552187219	0.5497943177776761	-0.4038593081314029	0.0019637890371072	-0.0006815452704574	
-0.1859958604442297	-0.1273914990630788	0.0020781326182447	0.0000047361799312	-0.0779261225506108	-0.1449319854605993	0.0020781360822212	0.0000028217206051	-0.0114220619392386	-0.1326574423704523	0.0020781361988032	-0.0000027340693099	
0.4042995593142524	0.0336663901213945	0.0019824931111961	-0.0006247582595811	0.5257623849611119	0.0300860621358288	0.0020728522352413	-0.0001484956302720	0.6047388329743790	0.0438467066199857	0.0020771708961944	-0.0000635506461605	
-0.1246994519433642	0.2082714147993518	-0.0020365803611487	0.0004145527585865	-0.0239119014201322	0.1873762695703298	-0.0020586944902054	0.0002843187821127	0.0395198999528519	0.1973345461176671	-0.0020659453665640	0.0002253446095392	
0.3844564665499184	0.0361171449363566	0.0020763759507329	-0.0000857732924341	0.5039272865598872	0.0305900376408607	0.0020778212354677	0.0000363730999869	0.5818780867239530	0.0437570206699222	0.0020764673385146	0.0000835202885019	
-0.1911842674315771	-0.1273585832118757	0.0020780680141270	-0.0000170962946728	-0.0831142466144157	-0.1449664919017498	0.0020780226536623	0.0000219487877808	-0.0166041660157055	-0.1326811286733289	0.0020780793809754	0.0000156462291840	
-0.1382828383357226	0.1810823691833426	0.0018809724043137	-0.0008857246712165	-0.0362801387624364	0.1607476571973681	0.0020300068559395	-0.0004457797075255	0.0270283328947836	0.1709102056176832	0.0020586603238466	-0.0002845673015971	
-0.2992944547239883	-0.1274210535901457	0.0020685219806396	-0.0002001847523454	-0.1859740892643184	-0.1454617839125112	0.0020781375836592	0.0000013001841731	-0.1174163709733831	-0.1326657167369810	0.0020739858179576	0.0001316306763851	
-0.1860450903344378	0.1892117474129891	0.0020606954113052	-0.0002693572558936	-0.0831223014876781	0.1656571678596518	0.0020705778209160	-0.0001775443808407	-0.0187339295620356	0.1746490544502451	0.0020731142869825	-0.0001447724261888	
-0.2026178746441078	0.0544709670996725	-0.0020706711612407	0.0001764469509502	-0.0966309743658249	0.0339482691566272	-0.0020772736544749	0.0000600803117728	-0.0311745639759500	0.0441353772922276	-0.0020781199508476	-0.0000086800850059	
-0.2504060664032599	-0.1282877844932444	0.0020776515882545	0.0000450721201484	-0.1392648606785742	-0.1463754354461742	0.0020776369068362	0.0000457472070438	-0.0727157141198865	-0.1337158557038068	0.0020779574589782	0.0000274600351024	
-0.5561953430142977	-0.0970164021064933	-0.0006600226215739	0.0019754662854114	-0.4214775010123882	-0.1163461119112081	-0.0014101679933189	0.0015302773313892	-0.3438809188477016	-0.1030869022429534	0.0000274482621756	0.0020831516024853	
0.3917418575179208	0.0356871815781907	0.0020719995676522	-0.0001600088309945	0.5122511680955371	0.0306140768359714	0.0020779829825500	-0.0000254450004647	0.5901803007737647	0.0439844248406637	0.0020779692635364	0.0000265471099753	
-0.3417924128862102	-0.1307065685083591	0.0020778920173125	0.0000320527809781	-0.2264768949458558	-0.1493071767721392	0.0020780190588294	0.0000222882111297	-0.1559100684637614	-0.1360182946435567	0.0020778865590691	0.0000324064434583	
-0.1724852734633941	0.0521110162116429	-0.0020773769349395	0.0000563773134055	-0.0675437164016915	0.0323618386850114	-0.0020772961750238	0.0000592925987730	-0.0031335540562853	0.0429350734586902	-0.0020773975636536	0.0000556081355340	
0.3854935572169302	0.0360595703053235	0.0020759948869360	-0.0000945901547376	0.5049674553116434	0.0305951279729422	0.0020779444422817	0.0000284327357208	0.5829142994316237	0.0437955955700044	0.0020766691391105	0.0000783156268594	
-0.1932797365974096	0.0535859229706396	-0.0020697076862564	0.0001874637261822	-0.0883303670554552	0.0335470493357664	-0.0020746141286800	0.0001212723208158	-0.0228667716258147	0.0439002971179522	-0.0020758546535536	0.0000976342156007	
-0.2442120123011319	0.2257523938286912	-0.0020557762254398	0.0003048022234166	-0.1392406868960754	0.1988556264708620	-0.0020677516549462	0.0002080292388860	-0.0748259350430083	0.2068529756923673	-0.0020707500751532	0.0001755137448337	
-0.2888765347399985	0.0560911784876629	-0.0020722633550010	0.0001565380114028	-0.1787564223637019	0.0329791701484186	-0.0020709324523191	0.0001733376613468	-0.1121964725696617	0.0428897932180053	-0.0020674984510452	0.0002105432676239	
-0.4789834723143009	-0.0081704872049976	-0.0020359542003270	0.0004176323951574	-0.3543476189986529	-0.0323935679897102	-0.0020145374824443	0.0005114678274399	-0.2806122048071623	-0.0210412424020726	-0.0019910103325685	0.0005969172864793	
-0.3575042704112658	0.0653728834957726	-0.0020169348991604	0.0005018822902081	-0.2441264985271645	0.0409631617778571	-0.0020498160994720	0.0003427779820850	-0.1745194091173161	0.0503849438714159	-0.0020631448107253	0.0002498035861721	
-0.5122201358022116	0.0742881290434714	-0.0020486139889951	0.0003499259569842	-0.3865386147361846	0.0447221448344793	-0.0020728765283720	0.0001481544305310	-0.3106960620605649	0.0528827230315564	-0.0020769362301604	0.0000708406147869	
-0.1776893670024772	0.0523243692046891	-0.0020747648939783	0.0001186518504200	-0.0727541269742553	0.0325606569265472	-0.0020750246474424	0.0001139953641665	-0.0083432475647631	0.0431006862626166	-0.0020759902562381	0.0000946922394671	
0.3003214877836277	-0.0622102391956004	-0.0020745750046610	0.0001219431073483	0.4166959278984441	-0.0728170652378378	-0.0019830620529084	0.0006229409428024	0.4891270126954044	-0.0598371218990815	-0.0016286927469320	0.0012939698352546	
0.3979741711429936	-0.0595687201123254	-0.0020714378326342	-0.0001671585833732	0.5216146102731254	-0.0699231739764001	-0.0020743262069788	-0.0001261250414126	0.6005864441326192	-0.0596396426995463	-0.0020732155432493	-0.0001433077516110	
-0.1154655939613575	0.2058816070971906	-0.0019533386436863	0.0007110867840855	-0.0144678945916286	0.1858356534582584	-0.0020379855717684	0.0004075533123784	0.0488765787977403	0.1961612361606903	-0.0020561077810971	0.0003025462805623	
-0.2680747737350705	0.2292286866436540	-0.0020580688372616	0.0002888351249070	-0.1620925781163903	0.2011000724269813	-0.0020686317726124	0.0001990412892572	-0.0966256092301323	0.2086468626590303	-0.0020714365048504	0.0001671751188885	
-0.1818169669027060	0.0526262144311741	-0.0020712856346329	0.0001690433753175	-0.0769262370670305	0.0327827718706660	-0.0020741298313645	0.0001293300430827	-0.0113936015780604	0.0432625776762919	-0.0020754804762832	0.0001053259307471	
-0.4852277458695975	0.0700182127948961	-0.0020714638113646	0.0001668347261847	-0.3616312466366647	0.0413481913199858	-0.0020655745422381	0.0002287355045662	-0.2878014276323365	0.0501735658979469	-0.0020581284958047	0.0002884075825594	
-0.2626583165417152	0.2867344766907531	0.0019372423013666	-0.0007540437979516	-0.1568897835477846	0.2583462798210284	0.0018469253082223	-0.0009550223550122	-0.0926523376986026	0.2674502128940949	0.0018237356885810	-0.0009988068227093	
-0.3448871549023008	0.3191424699671224	0.0020099458308760	-0.0005293116985696	-0.2359055554124899	0.2840790786887033	0.0020534317353083	-0.0003202914658740	-0.1693890018012612	0.2892885672600827	0.0020695712347296	-0.0001889716569958	
-0.2452358638216011	0.0548697028501660	-0.0020778638539149	0.0000338379506783	-0.1382000101249872	0.0325571366589735	-0.0020779170216348	-0.0000303800487882	-0.0716859288092452	0.0422791106974921	-0.0020777531439647	-0.0000400921223316	
-0.1403323394631323	0.2109823145115720	-0.0020554577656996	0.0003069531110833	-0.0395124468499009	0.1891130749009929	-0.0020688800088109	0.0001964311910389	0.0238904900352339	0.1987562647787937	-0.0020719122683486	0.0001611409249006	
-0.2897487311785853	0.3002875142934135	0.0019999719088421	-0.0005660085724986	-0.1837324553128767	0.2691537399360022	0.0020129160911845	-0.0005178437097550	-0.1183423543083072	0.2763094739587304	0.0020083126919941	-0.0005355054634266	
-0.2847430479586929	0.0557913327551645	-0.0020748620468072	0.0001169320116663	-0.1755634565416124	0.0327492487698081	-0.0020740446610253	0.0001306955629988	-0.1080784086746684	0.0425463706070656	-0.0020718996251932	0.0001613042182251	
-0.1309114723292429	0.2094501711848323	-0.0020464271578046	0.0003625578172732	-0.0301645496697982	0.1881699124836831	-0.0020647607409223	0.0002360043023060	0.0332535507097156	0.1979743848093430	-0.0020696448810884	0.0001881593018062	
-0.2015935266530630	0.2196103292990901	-0.0020575395542452	0.0002926003353153	-0.0987117051782992	0.1947865777542648	-0.0020684627498630	0.0002007989009073	-0.0342834652265963	0.2034169819040094	-0.0020707167405898	0.0001759085550680	
-0.1404098942553249	0.1819588171757109	0.0019553661359343	-0.0007054642953310	-0.0385003971375368	0.1611951236447642	0.0020468798815992	-0.0003599802162634	0.0249836063680777	0.1711704812381970	0.0020634170939718	-0.0002475330543610	
-0.2099611171757229	0.1922496480454317	0.0020619503859336	-0.0002595257482597	-0.1059984357413132	0.1675807471345453	0.0020709374406454	-0.0001732777550898	-0.0415451471594278	0.1762406138782856	0.0020730759296694	-0.0001453233920555	
-0.2898915230380022	0.2021464476619431	0.0020613274170815	-0.0002644525421922	-0.1828819829669145	0.1738969853936004	0.0020704669253547	-0.0001788393962111	-0.1163698697981873	0.1813227314525597	0.0020728805929518	-0.0001480972658964	
-0.4831585802641650	-0.0072525324100911	-0.0020218359668668	0.0004816559442152	-0.3584814828874897	-0.0312584297387055	-0.0019913443446814	0.0005957964695355	-0.2846779982151145	-0.0197212060492142	-0.0019600757914417	0.0006922045739405	
0.3969006627137683	0.0351979248233823	0.0020618268281616	-0.0002605104403716	0.5174555600214816	0.0304893899749446	0.0020772117295594	-0.0000621948386756	0.5964198895175834	0.0439990717691746	0.0020780766591694	-0.0000160054168979	
-0.5537731839656050	0.0764278496351566	-0.0020735604658806	0.0001382014263858	-0.4239865117851102	0.0453263690482150	-0.0020734721085415	0.0001395273787208	-0.3459955053327801	0.0533155371653589	-0.0020741303494855	0.0001293216918510	
-0.4113377758352232	0.0723877095192937	-0.0020190736555061	0.0004931638471867	-0.2939753319613899	0.0462547990255087	-0.0020546133974616	0.0003125827885658	-0.2234039097155370	0.0551745364608906	-0.0020724538241263	0.0001539829738022	
0.3740697236861397	0.0363480938209594	0.0020781158859014	-0.0000096085030304	0.4925207309589439	0.0301855556372996	0.0020760267455470	0.0000938848098273	0.5703980908978692	0.0432282386783334	0.0020754555380685	0.0001058186507804	
-0.1943555920068097	0.1902753652530273	0.0020614756437965	-0.0002632887733087	-0.0914698191384493	0.1663682326834257	0.0020708712684047	-0.0001740707478253	-0.0269956282007371	0.1752153747270084	0.0020731327865678	-0.0001445059429040	
-0.2732956473947509	0.2299616375065083	-0.0020583930765522	0.0002865036278198	-0.1673104019438358	0.2015920198932407	-0.0020684010467096	0.0002014366749881	-0.1018375999836768	0.2090751105280610	-0.0020711445864856	0.0001707713966361	
-0.6452625666245442	-0.1385656349351002	0.0020766959213098	0.0000775986100586	-0.5019678045646234	-0.1563894070247172	0.0018665816477106	-0.0009158101982265	-0.4165596494825500	-0.1384614400331052	0.0013921005163135	-0.0015468135307369	
-0.5113792651818668	0.0028473208181863	-0.0019345635797092	0.0007609240841038	-0.3843159646782875	-0.0215906630388090	-0.0019766643274850	0.0006430516969082	-0.3086353416733705	-0.0104805505950861	-0.0019746281637815	0.0006493082788055	
-0.4790121493754358	0.0696860552367921	-0.0020773194016016	0.0000584690659819	-0.3563824286294117	0.0408963535711837	-0.0020735576185697	0.0001382443543308	-0.2826723810910846	0.0495099763542319	-0.0020679460980107	0.0002060776083716	
-0.2763279713132643	0.2004247786393909	0.0020623707096833	-0.0002561471946290	-0.1693862530709838	0.1727435225339295	0.0020708164885012	-0.0001747244754698	-0.1038880359149620	0.1804249156544974	0.0020727391746507	-0.0001500733209719	
-0.1579312278497820	0.1854672986371743	0.0020577913574176	-0.0002908152594072	-0.0561366085990985	0.1632557009483013	0.0020694004367323	-0.0001908422235221	0.0082935575139652	0.1726727345081219	0.0020722817603400	-0.0001562929472836	
-0.3854939954532713	0.0686249194918285	-0.0020781325451713	0.0000047682945957	-0.2701678980435198	0.0422229094206703	-0.0020744624568649	0.0001238524291059	-0.2005191828162367	0.0513402402079355	-0.0020625022929782	0.0002550801907664	
-0.2826351360225401	-0.1284997537477200	0.0020779029808753	-0.0000313303423676	-0.1703741139099084	-0.1464601381067577	0.0020752757801285	-0.0001093043872036	-0.1028645458723993	-0.1333031894533604	0.0020717947660334	-0.0001626521760287	
-0.3076894459640858	0.3059744789776967	0.0019307644560359	-0.0007705607290093	-0.2006351027582318	0.2747529216683130	0.0019493942245206	-0.0007218832974304	-0.1352495818993251	0.2817843332694577	0.0019701045791384	-0.0006629742880169	
-0.1506675121882214	0.1843609699146184	0.0020496999535074	-0.0003434752843156	-0.0488315673141493	0.1625433991815295	0.0020667848238102	-0.0002174708596782	0.0145725029734413	0.1721836072221598	0.0020712726416573	-0.0001692032988877	
-0.2576530897351161	0.1981571716592955	0.0020631080834296	-0.0002501082494683	-0.1516508967041021	0.1713045659079857	0.0020719359686116	-0.0001608343735640	-0.0862375290892785	0.1792186849276743	0.0020739657720734	-0.0001319477191515	
-0.2909367227438209	0.0562745364756956	-0.0020703557019377	0.0001801288198472	-0.1808156357167089	0.0331837192768618	-0.0020687685031028	0.0001976079299544	-0.1142435083453573	0.0430895773098450	-0.0020656065950753	0.0002284444178893	
0.3397930514802798	0.0350389031929262	0.0020716634924769	0.0001643240088997	0.4561500670693368	0.0273650042185172	0.0020696850844435	0.0001877143435887	0.5320126841307899	0.0400451336546181	0.0020644512955299	0.0002387094324902	
0.3626432118445817	-0.0613800058630364	-0.0020764251315147	0.0000845682991716	0.4831932470425762	-0.0714039097715420	-0.0020769195666405	0.0000713299171743	0.5600652460373521	-0.0607886519791112	-0.0020767734102246	-0.0000754856622216	
-0.4862582124915983	0.0700920882895114	-0.0020703171584895	0.0001805734934197	-0.3626562842132323	0.0414826744575316	-0.0020635925382138	0.0002460587899235	-0.2888206276818391	0.0503339527767142	-0.0020564510451601	0.0003001924231870	
-0.2057438794055614	0.0547551685721751	-0.0020718504472808	0.0001619378027940	-0.0997544959106654	0.0340170514458333	-0.0020781039620840	0.0000119218050951	-0.0342858890268719	0.0440540291161355	-0.0020769979142414	-0.0000689991183551	
-0.4841962939884826	0.0699382263952620	-0.0020725929134152	0.0001520899022169	-0.3606012720870760	0.0412433281690046	-0.0020674721764428	0.0002108024102173	-0.2867794931515961	0.0500305460721257	-0.0020599478728265	0.0002750437995368	
-0.2192235740076670	0.2220940066411716	-0.0020574190415162	0.0002934507518140	-0.1153586584410597	0.1964320671857137	-0.0020679023175763	0.0002065186586974	-0.0509279611106402	0.2048172002565826	-0.0020710994149859	0.0001713210962178	
0.3958984060657820	-0.0597147890936353	-0.0020730951141686	-0.0001450480880781	0.5195386066771963	-0.0700414504386576	-0.0020735297062550	-0.0001386644720478	0.5985133095069777	-0.0597785339899035	-0.0020715073081646	-0.0001662910632558	
-0.6307191329780268	-0.1380073099656838	0.0020763748819929	0.0000857992897698	-0.4894110380895296	-0.1584353071340117	0.0020780940834304	0.0000135422532349	-0.4063019559295590	-0.1428050366099159	0.0020644556295339	-0.0002386717596938	
-0.1963741032063289	0.2188616241171796	-0.0020569380763289	0.0002968200009479	-0.0935306386641405	0.1942883046288570	-0.0020686212269239	0.0001991514083159	-0.0290962861200631	0.2029870510275110	-0.0020707444480496	0.0001755804542451	
-0.1621513294250441	0.1860465953810482	0.0020596011348853	-0.0002776412191169	-0.0602575195460443	0.1636331512937912	0.0020698708083597	-0.0001856448528221	0.0041610671421091	0.1729773587877292	0.0020724270911031	-0.0001543441483741	
-0.2951224515984754	0.2330840832490307	-0.0020557332618222	0.0003050933054847	-0.1881014264745295	0.2037079796239122	-0.0020665872178479	0.0002193500462012	-0.1215526513675392	0.2107796491834132	-0.0020698896675567	0.0001854334057559	
-0.5569958473939298	0.0766598858448962	-0.0020708866539870	0.0001738866955111	-0.4260484152969519	0.0454823097106886	-0.0020729577849729	0.0001470073889107	-0.3491034272675327	0.0534902602389814	-0.0020741617182263	0.0001288150683640	
-0.3106796598960126	0.2354339864189323	-0.0020548721224625	0.0003108688634846	-0.2026141337591219	0.2052718690934318	-0.0020666546610019	0.0002187105126953	-0.1361396039628948	0.2120718691576354	-0.0020702609306460	0.0001812202191724	
-0.3356791796962125	0.2390852142096229	-0.0020579900304393	0.0002893989060011	-0.2264869591525668	0.2076406832430601	-0.0020683506063915	0.0002019565242791	-0.1589444257749846	0.2139757295197873	-0.0020709334658566	0.0001733254911698	
-0.3459911769332780	0.0625719104350984	-0.0020394917165478	0.0003999095979853	-0.2327362533762486	0.0386030944499519	-0.0020286950586490	0.0004517415146556	-0.1642576215191294	0.0485722410640753	-0.0020317981507946	0.0004375011226318	
