0.2450093176831732	-0.0499756569199740	0.0001629843927296	0.0020769161947268	0.2358160696160227	-0.0551978848088880	0.0003738388471610	0.0020493468821166	0.2525360017274233	-0.0531261553514581	-0.0000252939993839	0.0020831790101771	
-0.4324258717012063	0.2239572703045259	0.0000148295875671	-0.0020832802884280	-0.4482919002029911	0.2083257337334846	0.0000318510837446	-0.0020830886220811	-0.4421713573861202	0.1958487127696889	0.0000708557142724	-0.0020821220212786	
-0.3638812846291476	0.1208118069343652	0.0001192083769142	-0.0020799028820234	-0.3775354330017781	0.1051508137135773	0.0000290167994271	-0.0020831302378856	-0.3693757100726984	0.0947147401277447	0.0002001177585096	-0.0020736514110684	
-0.1864541943858118	0.2527059993777878	-0.0015924307118425	0.0013385616081922	-0.2028341434535597	0.2415268347032888	0.0006009385173977	0.0019943276520002	-0.1937270480493694	0.2349712739071634	-0.0019594294060842	0.0006940413289860	
0.2437998033263052	0.1395858551600015	-0.0000134899299863	0.0020832894394535	0.2326122639684742	0.1343740779488646	-0.0000454323691649	0.0020828354097740	0.2440479250724329	0.1395796429043881	-0.0000792322726739	0.0020818185792099	
-0.3652110649761729	0.0385345895285947	0.0000507081354464	-0.0020827130359537	-0.3780654813864510	0.0229251606467475	0.0000505696342953	-0.0020827164203132	-0.3683273362588316	0.0114328833646259	0.0001146662402670	-0.0020801595148474	
0.2080216924125931	0.3010448995837477	0.0000151497367867	-0.0020832779733502	0.1946379145415073	0.2948008889998864	0.0000350312469971	-0.0020830373126520	0.2017688630413079	0.3010523368665918	0.0001042630156553	-0.0020807096336394	
-0.3948839289803928	0.2010403368940575	0.0000032580124805	0.0020833307730634	-0.4100925898139340	0.1854311271150824	-0.0000067669914719	0.0020833222881631	-0.4035514449268274	0.1739348780898687	-0.0000505594766753	0.0020827166681563	
-0.4331710636531263	0.4187393558206661	-0.0000958946630024	-0.0020811141138774	-0.4515224349513498	0.4041591579658352	0.0000059219124481	-0.0020833248746094	-0.4487365578162963	0.3916619329001305	0.0000030324061335	-0.0020833311153669	
-0.4329012328959640	0.2958391070811666	0.0000075963771768	-0.0020833194147673	-0.4496316658241692	0.2802167102021996	0.0000393399818156	-0.0020829600082011	-0.4447550253779351	0.2677068599272217	0.0000689788854260	-0.0020821853594173	
0.2433835170249876	0.2093701978289949	-0.0000107757962608	0.0020833053253611	0.2311605149013238	0.2041648601250964	-0.0000438634309532	0.0020828692098101	0.2410322738383950	0.2093743989651785	-0.0000886028773477	0.0020814389269178	
-0.3653959831042442	0.0760165364587880	0.0000734406419591	-0.0020820319998831	-0.3785825057010940	0.0604642593273761	0.0000835956796358	-0.0020816470774988	-0.3696628205131594	0.0489443699952709	0.0001383516051662	-0.0020787113281214	
-0.4314637732342006	0.0093751496246803	0.0000125026027400	-0.0020832956295615	-0.4448318873713658	-0.0083343394531399	0.0000348044730409	-0.0020830411330808	-0.4348028734659469	-0.0208480294470750	0.0000778587562312	-0.0020818706597767	
-0.4330008211423161	0.3229202839092802	0.0000126222303766	-0.0020832949045872	-0.4500714133577107	0.3072879989298734	0.0000300997750247	-0.0020831147941668	-0.4456438370524257	0.2947962819838873	0.0000677352433766	-0.0020822263915317	
0.2093142052199372	0.1239558669463655	-0.0000093865290603	-0.0020833120817018	0.1983161124225111	0.1177073996124069	0.0000205378383700	-0.0020832315913797	0.2097010034784135	0.1218686701455495	0.0000660014696490	-0.0020822823477103	
0.1371688951571317	-0.0039709985793442	0.0020780742580092	0.0000163157259850	0.1278079828985328	-0.0072427630788809	0.0020778028197875	0.0000374154268701	0.1444307744303901	-0.0126428580739492	0.0020752718498028	0.0001093793569795	
-0.1891125125182582	0.2468738218260609	0.0004339235237256	0.0020374114774397	-0.2027820224057059	0.2363786398329128	-0.0005074813770373	0.0020202601647782	-0.1975882918412994	0.2290606135761086	0.0002472297736686	0.0020685379430817	
0.0063033263334487	-0.1478036869722146	-0.0017154828953685	0.0011758670897022	0.0013122844155371	-0.1559121276670382	-0.0015192568787310	0.0014214714844148	0.0155168090025278	-0.1657216634196771	-0.0016045051497886	0.0013239912114403	
-0.4320076791685233	0.1083341746644927	0.0000106179846755	-0.0020833061397132	-0.4464723980870772	0.0916710651023326	0.0000417336281019	-0.0020829131913498	-0.4382954984565048	0.0791723810239777	0.0000677359222224	-0.0020822263693380	
0.2093542115659608	0.1312494415457457	-0.0000103993637899	-0.0020833072480075	0.1982509233624692	0.1249976748830629	0.0000175861509950	-0.0020832587349570	0.2094692963032485	0.1291504032492253	0.0000677134592278	-0.0020822271036074	
-0.3290068661648158	0.3146289742291490	0.0002815179579951	-0.0020641290318130	-0.3445088063758739	0.3009962616331314	-0.0001294224168105	-0.0020792892440222	-0.3404856885085020	0.2917090464411385	0.0003060330636290	-0.0020606194882151	
0.1741452287523179	0.0005197215325219	0.0016442434806011	0.0012740512446747	0.1632541056136806	-0.0033073115014058	0.0017756545941656	0.0010823789021756	0.1815340447788643	-0.0039652156877379	0.0011325957960702	0.0017467348559477	
0.1796037994737424	0.1229160168365363	-0.0000025413870840	0.0020833317754971	0.1686141305991385	0.1166738573209932	-0.0000338843509175	0.0020830563796063	0.1797054325311760	0.1197897269093888	-0.0000790820418520	0.0020818243200377	
-0.4315964532263514	0.0281208941588846	0.0000088462180762	-0.0020833144578859	-0.4451685519780830	0.0104074243274565	0.0000429345280125	-0.0020828886613769	-0.4355263047628843	-0.0020895979380024	0.0000750722157942	-0.0020819735170702	
-0.3583496217094959	0.1957322556273142	-0.0018811514012402	0.0008853425401231	-0.3766561370205915	0.1815189562845348	-0.0005392175143082	-0.0020119807790285	-0.3650755686710223	0.1701140277109104	-0.0016878727050583	0.0012153604947670	
-0.4327993844016820	0.2677116411699108	0.0000078385238285	-0.0020833185132681	-0.4492157948408044	0.2520790773136484	0.0000321829991215	-0.0020830834950008	-0.4438415903819256	0.2395778324082708	0.0000692175943949	-0.0020821773980818	
0.1818380323273676	-0.0673524044606233	0.0020779255923715	0.0000297850703501	0.1735282247866548	-0.0701167518540676	0.0020772887436954	0.0000595536809727	0.1932766784588987	-0.0752874740598252	0.0020758711687114	0.0000972806783900	
-0.0229840412449916	0.1405829519914664	0.0008377424929800	-0.0019065549676006	-0.0332444139740754	0.1312513346701806	0.0004983980736605	-0.0020225314786787	-0.0249627809303616	0.1281153854200539	0.0009351878548849	-0.0018604631429115	
-0.3951860626166748	0.2552044021171945	-0.0000159044284396	0.0020832723203169	-0.4109955950744178	0.2406357992256191	-0.0000387758953147	0.0020829706384087	-0.4054947917577194	0.2291560350611762	-0.0000777679187876	0.0020818740719698	
-0.4328250056732611	0.2750054932988102	0.0000079918250469	-0.0020833179279132	-0.4493203181618076	0.2593680572713336	0.0000267135657686	-0.0020831612013113	-0.4440694486008139	0.2468601077853984	0.0000664170520207	-0.0020822690674561	
0.1007859210176424	0.2417694704839172	-0.0020618946206361	-0.0002599706382034	0.0862778825570200	0.2382718551377329	-0.0020323266765350	-0.0004350269926371	0.0976765120525257	0.2347423647052738	-0.0020730564899312	-0.0001456018252280	
-0.3947955618416272	0.1302087038634412	-0.0000351591198691	0.0020830351474527	-0.4090482550240057	0.1145887887596886	-0.0000522039409580	0.0020826758948613	-0.4012629874395744	0.1031187276137082	-0.0000933957524462	0.0020812283254974	
0.2414239821745539	0.4094163380486285	-0.0000892013423563	0.0020814132372433	0.2267016031915349	0.4031446793819963	-0.0001074980335745	0.0020805441834278	0.2315171125392260	0.4114237360424048	-0.0001867304619188	0.0020749060106703	
0.5606090522345659	0.3541677345751614	-0.0000339919012966	0.0020830546185724	0.5445518753608189	0.3531263600101653	-0.0000691391377091	0.0020821800177786	0.5563105246442794	0.3698102602586748	-0.0001099787224751	0.0020804138785799	
0.1779789951441030	0.2781310562793326	0.0000000594012745	0.0020833333324823	0.1648689722343872	0.2718577318016770	-0.0000408935142230	0.0020829299379535	0.1723684237799711	0.2770792232828309	-0.0000617824511449	0.0020824124464897	
0.1779906460049261	0.2770910534396378	-0.0000027807561507	0.0020833314682166	0.1648794505451511	0.2708156865958451	-0.0000436026263744	0.0020828747132085	0.1723953468000544	0.2760378204559196	-0.0000658180489857	0.0020822881825176	
0.2443738522745315	0.0635427565768235	-0.0000255115294364	0.0020831763442842	0.2341799494843720	0.0583412097928488	-0.0000576855657553	0.0020825305506429	0.2474513828407873	0.0625069837549179	-0.0001028163846699	0.0020807819796188	
0.0292957400122887	0.2739519679465602	0.0006713456535466	0.0019716278678805	0.0147776435750986	0.2656320734500560	0.0004692285560057	0.0020295319871146	0.0230586978578030	0.2666639300907824	0.0005577870776469	0.0020068865880084	
0.1122015667770044	-0.0043761394619190	0.0020741911478519	0.0001283379374176	0.1028942735503109	-0.0079476772690844	0.0020722452797568	0.0001567783054284	0.1194710722478681	-0.0138017268622124	0.0020702918964966	0.0001808643420254	
-0.3651109724519637	0.0625740670806050	-0.0000270506045192	-0.0020831568302275	-0.3785131104178855	0.0469150498576710	-0.0000275329286057	-0.0020831504795793	-0.3690746833188688	0.0354458055206175	0.0000229529608496	-0.0020832062552424	
-0.3624752823430862	0.1863873694822840	-0.0004598950548783	-0.0020316779954196	-0.3784173246297414	0.1719278458177129	-0.0002451792824716	-0.0020687832068915	-0.3707750565407678	0.1613942416258383	-0.0003689982205728	-0.0020502283876583	
-0.3934597656341996	0.3914864935111226	0.0009589909625599	0.0018482451258632	-0.4129137195429665	0.3771503737254105	0.0002313132687902	0.0020703874241084	-0.4082642517069195	0.3666289851953902	0.0007921440335764	0.0019260436716677	
0.1807996431167964	-0.0673659448825500	0.0020779571415375	0.0000274841661508	0.1724887503107748	-0.0701478811553009	0.0020773515467866	0.0000573097758896	0.1922391082230576	-0.0753358991508006	0.0020758108511258	0.0000985657318045	
0.1361234210023035	0.1985712305989760	-0.0020759598349806	-0.0000953601598415	0.1226130159759623	0.1956799555255465	-0.0020752556464602	-0.0001096878882765	0.1350998041694432	0.1923396980477667	-0.0020709309593755	-0.0001733555864875	
-0.3954260322799096	0.2927057797504203	-0.0000114425190830	0.0020833017522818	-0.4117000873903428	0.2781238667459024	-0.0000348289669957	0.0020830407216302	-0.4068732846659538	0.2666784540191220	-0.0000782244019070	0.0020818568844171	
-0.4316040191976117	0.0666640259159125	0.0000011309230138	-0.0020833330248398	-0.4457447519752351	0.0500003153479197	0.0000209633128148	-0.0020832273321087	-0.4366994427223997	0.0374888134562719	0.0000673467541405	-0.0020822390559709	
-0.3952282189933976	0.2604127090192646	-0.0000179434367043	0.0020832556729816	-0.4110944512963597	0.2458423479394910	-0.0000411265435680	0.0020829253269519	-0.4056893995644839	0.2343565766664200	-0.0000805069530018	0.0020817694303021	
0.2067813588116014	-0.0674135873637097	0.0020781169822865	-0.0000093671599845	0.1984612816879771	-0.0698771808254499	0.0020780996965915	0.0000126469934950	0.2181955509014264	-0.0746004818681268	0.0020763778271587	0.0000857276288625	
-0.1348313815895269	0.2469187320646571	0.0003356432915995	-0.0020559808784090	-0.1476476392898926	0.2374801732145695	0.0003045235426088	-0.0020608442292526	-0.1426807002931599	0.2311762324450016	0.0004109175927769	-0.0020421995955467	
0.2435295508272027	0.1843855682776441	-0.0000244589997953	0.0020831890313062	0.2317354809558486	0.1791678519562359	-0.0000578006107827	0.0020825273447754	0.2421266260958348	0.1843763765155904	-0.0001024214215164	0.0020808015556249	
0.1548314775182247	-0.0678568933772715	0.0020746298416233	0.0001210018701058	0.1465205314764724	-0.0709708880611655	0.0020724705720100	0.0001537562681054	0.1651666070625645	-0.0765802477236527	0.0020706756598987	0.0001763938851771	
-0.3946243210186273	0.0729161135391646	-0.0000062773050921	0.0020833238288729	-0.4082890599962606	0.0562507397749300	-0.0000346580790795	0.0020830435861769	-0.3993797726950757	0.0447807296221093	-0.0000711002793669	0.0020821136424816	
-0.4320192637195639	0.1156260739869421	-0.0000017497649695	-0.0020833325948520	-0.4466065585842622	0.0989611566817493	0.0000336567915703	-0.0020830600872709	-0.4385202615586632	0.0864572848257353	0.0000599137761622	-0.0020824673218242	
-0.1557864401484160	0.1918172304930100	-0.0020111049989841	0.0005248680461396	-0.1679427705647803	0.1785639562818428	0.0014488439849763	0.0014935260362080	-0.1599735544435713	0.1740616615899342	-0.0017397558000621	-0.0011394625336182	
0.0277721825773664	0.2687399817034619	0.0004060328532212	0.0020431812832203	0.0145860919240405	0.2604225562172821	-0.0005092857849606	0.0020198037741043	0.0212493168857850	0.2604367467066288	0.0004787408597907	0.0020272980960962	
-0.3600749496203489	0.1944780018425965	-0.0007209733620651	-0.0019539378002537	-0.3770513752169926	0.1801476562806751	-0.0004693274347351	-0.0020295090093176	-0.3650755686710223	0.1701140277109104	-0.0016878727050583	0.0012153604947670	
0.5619852507249630	0.2645840235492581	-0.0000181420710012	0.0020832539440277	0.5471755602846715	0.2635392450047440	-0.0000493922976496	0.0020827448152541	0.5614205441746047	0.2791749120301906	-0.0001036411207753	0.0020807408587612	
0.2427211886018588	0.2937567354461538	0.0000063117973490	0.0020833237241363	0.2292775120257460	0.2885400706528670	-0.0000431027201956	0.0020828851702520	0.2371569183213164	0.2947967872017889	-0.0000607751318755	0.0020824422368832	
0.1795773578832290	0.1395863512886562	-0.0000121603719111	0.0020832976654418	0.1683490735001320	0.1333332955754335	-0.0000406670780993	0.0020829343933845	0.1790370903378989	0.1364655526732436	-0.0000923863970125	0.0020812736009107	
-0.3944860514213722	0.0427091435921153	-0.0000137542669223	0.0020832877023680	-0.4077642358298682	0.0260320515846786	-0.0000411053205738	0.0020829257479807	-0.3983233405740789	0.0145711187999140	-0.0000785368901634	0.0020818450604921	
-0.4332107907747061	0.3645845012321151	0.0000162988387422	-0.0020832692566522	-0.4506789963435273	0.3489643649854510	0.0000350425975418	-0.0020830371207787	-0.4470627867978791	0.3374883744002433	0.0000785624159503	-0.0020818440925623	
-0.3951439190413935	0.1541662071903400	-0.0000225431920217	0.0020832107522086	-0.4096913188378415	0.1385371962424262	-0.0000556165009306	0.0020825871163756	-0.4023226012792024	0.1270769664578693	-0.0000861452235116	0.0020815426075065	
-0.3637081832557882	0.1791759654297571	-0.0002700607124601	-0.0020656669309430	-0.3791046782890448	0.1645606873923038	-0.0001484604958862	-0.0020780103268732	-0.3717152766201404	0.1541088721594878	-0.0001843927302223	-0.0020751161131175	
-0.3946335849247391	0.0781242461595015	-0.0000018662727773	0.0020833324932346	-0.4083752623034809	0.0614581039709854	-0.0000333759038114	0.0020830646293636	-0.3995498875190599	0.0500132105352714	-0.0000671214947678	0.0020822463658474	
-0.4330706405161792	0.3385425591445971	0.0000061184759938	-0.0020833243037551	-0.4502863872628157	0.3229107982323355	0.0000284746011177	-0.0020831377572755	-0.4461330530559031	0.3104045915421788	0.0000657772284254	-0.0020822894788521	
0.1780610841286592	0.2656419659913103	-0.0000250380171037	0.0020831821180703	0.1651974254494796	0.2593741962448572	-0.0000698455866525	0.0020821563220092	0.1728972633498050	0.2635756831579403	-0.0000994132771513	0.0020809481736306	
-0.3651792866632345	0.0698595108708737	0.0000607385463506	-0.0020824433096372	-0.3784399375016602	0.0542033652913547	0.0000076199791002	-0.0020833193281427	-0.3692831082767869	0.0427599467587508	0.0001031219996686	-0.0020807667802434	
0.2434747755257004	0.2458298323667860	0.0000263475989508	0.0020831658854947	0.2307548876447238	0.2406253128662698	-0.0000038786136867	0.0020833297047806	0.2397683239063195	0.2468688436473185	-0.0000539987765502	0.0020826299028741	
0.0021742100851865	0.2831199335404654	-0.0018435266159880	-0.0009615992932674	-0.0146886889315483	0.2774764212417609	-0.0019641351127561	-0.0006805422775210	-0.0039952546237987	0.2736661125501783	-0.0017283362039765	-0.0011567961548905	
0.0051152195563086	-0.1470261640830866	-0.0017883866920827	0.0010611028192469	0.0001779814328720	-0.1549565132581106	-0.0016154134191383	0.0013105926715494	0.0143774300032294	-0.1648538329265348	-0.0016924859252024	0.0012088956632215	
-0.4328606010344762	0.2843810682362347	0.0000074909278325	-0.0020833197985084	-0.4494426762883393	0.2687607342545418	0.0000296345068040	-0.0020831214984430	-0.4443724942231389	0.2562647226347639	0.0000670704603200	-0.0020822480185563	
-0.3938894327881788	-0.0093754150136299	-0.0000538647102057	0.0020826333920312	-0.4064033585469883	-0.0260508348830557	-0.0001249960133866	0.0020795613856649	-0.3960965320283357	-0.0385519171601158	-0.0001236305951257	0.0020796434154869	
-0.3646330974253568	0.1697822434654308	-0.0001458647599881	-0.0020781950663862	-0.3795196542838029	0.1552106759188606	-0.0000219785996439	-0.0020832168155576	-0.3722698649181117	0.1437676943915953	-0.0000439302761791	-0.0020828677939814	
0.2438431514708369	0.1354171165330517	-0.0000280210873678	0.0020831439378081	0.2327095230149061	0.1302078407827651	-0.0000541415342837	0.0020826261779767	0.2442261207438938	0.1354180237799975	-0.0000943822092477	0.0020811836009043	
-0.3947447304092366	0.1270839890712249	-0.0000345356614402	0.0020830456295657	-0.4089708439602102	0.1114647170411255	-0.0000469704787117	0.0020828011203639	-0.4011269308609511	0.0999984800374366	-0.0000901693008866	0.0020813713199777	
0.0965836387379494	0.2408422090574995	-0.0019905265837361	-0.0005985365094037	0.0810138547377720	0.2365482890958104	-0.0019097199458558	-0.0008215774831877	0.0935568072812204	0.2341283334226638	-0.0020173917746056	-0.0005000334198687	
-0.4316131911977744	0.0583297544894499	-0.0000040186491426	-0.0020833294380362	-0.4456683306200692	0.0416687907558052	0.0000203697168263	-0.0020832332503093	-0.4364115746349007	0.0281248978617318	0.0000590398263206	-0.0020824924072838	
-0.3950303493713771	0.1833302553171630	0.0000213207242834	0.0020832236866900	-0.4100713000273656	0.1677138412641830	-0.0000012672050821	0.0020833329460098	-0.4031682444903843	0.1562496068390247	-0.0000487025562990	0.0020827611395136	
0.1779901338626725	0.2739695005171370	-0.0000095741224794	0.0020833112237648	0.1649599554441846	0.2676934225319431	-0.0000499958376110	0.0020827303427132	0.1725386675208586	0.2718784288747317	-0.0000802327761175	0.0020817800682803	
0.5605369181547302	0.3593773872537956	-0.0000274613905198	0.0020831514285945	0.5443977358717700	0.3583319035424338	-0.0000597102739398	0.0020824731960091	0.5560282971026889	0.3750069372570016	-0.0001102425801037	0.0020803998433519	
-0.3928547407240716	-0.0229376982628998	-0.0004365730720076	0.0020368425464710	-0.4033865642414569	-0.0386779741898562	-0.0010756149495897	0.0017825650870238	-0.3938429162932356	-0.0531397419476108	-0.0007836816808010	0.0019295196753569	
0.1579371027823975	-0.0332366659856585	-0.0020779361637701	-0.0000290344141258	0.1485820251311586	-0.0362549095094934	-0.0020775064207296	-0.0000513586385941	0.1672810094954268	-0.0414764099062169	-0.0020758721028268	-0.0000972606434573	
-0.4303992369180564	-0.0573414917471787	0.0003821598363190	-0.0020478038220961	-0.4413700803933471	-0.0738346921766920	0.0010305700493295	-0.0018091119755569	-0.4310668787110754	-0.0895273904374131	0.0007422128922106	-0.0019459290730979	
0.1780778723458406	0.2885112526161757	0.0000353338700498	0.0020830321757453	0.1647631688938238	0.2823002793259580	0.0000019003343044	0.0020833324622893	0.1721622897456923	0.2875266588990490	-0.0000339699988286	0.0020830549776569	
-0.1566282238188187	0.1751329661347921	0.0000405629331326	0.0020829364342659	-0.1698474546095012	0.1655249038565421	0.0001418802211826	0.0020784722766534	-0.1622139913257025	0.1582659923209883	-0.0000508513722611	0.0020827095261330	
0.5602529635326408	0.3822934533131759	-0.0000330559895070	0.0020830697561565	0.5437799762986082	0.3812565208510962	-0.0000627728106309	0.0020823826798326	0.5547316135939313	0.3989536012505412	-0.0001073933292946	0.0020805496177409	
0.1797152867610188	0.1041650921858159	-0.0000245208111948	0.0020831883010154	0.1690139586764018	0.0978998647710993	-0.0000557143261358	0.0020825844885166	0.1804606049005250	0.1010182554322669	-0.0000930058933719	0.0020812458713549	
0.2093130450763424	0.1229140596979305	-0.0000086079903439	-0.0020833154608291	0.1983257066874992	0.1166658420766299	0.0000216161771128	-0.0020832206266857	0.2097356767222465	0.1208282328468142	0.0000664860494039	-0.0020822668545148	
0.1788567795852815	0.3250028976216519	-0.0001571152511949	0.0020773706928053	0.1654688783098385	0.3187514355952313	-0.0001312176558192	0.0020791761605502	0.1712945453146997	0.3239459703734978	-0.0002691760873902	0.0020657829702262	
0.2434968942830511	0.1875058487717035	-0.0000186641274745	0.0020832493091798	0.2316496520868568	0.1822889777575209	-0.0000536546839770	0.0020826388406411	0.2419732757120344	0.1874938754174161	-0.0000965244320032	0.0020810848538066	
0.1790843522789936	0.1708627806864102	-0.0000432594632886	0.0020828819044804	0.1675227731935514	0.1646015769300455	-0.0000667868352604	0.0020822571805925	0.1774288543916722	0.1676782501083262	-0.0001144948096207	0.0020801690049390	
0.1785412183418483	0.2479168785934882	-0.0000857146021372	0.0020815604732687	0.1660501625300174	0.2416655128515495	-0.0001113684724146	0.0020803395753886	0.1740364888932380	0.2458559682159862	-0.0001606195217961	0.0020771013438445	
0.1795634290333036	0.1416692702297291	-0.0000157928355241	0.0020832731735173	0.1683074759440064	0.1354167103480072	-0.0000436156373382	0.0020828744394343	0.1789427912991770	0.1385478310063861	-0.0000954331551153	0.0020811354344024	
0.2419370968935801	0.3750037917549030	0.0000279146048413	0.0020831453745762	0.2274881518485546	0.3687500903760369	-0.0000156312207911	0.0020832743985159	0.2333954676400628	0.3770784604359733	-0.0000467298150300	0.0020828065609026	
0.5617213369969853	0.2874959420357140	-0.0000179383193014	0.0020832557172730	0.5466625971900538	0.2864592844944196	-0.0000461698971296	0.0020828191104263	0.5602447830050585	0.3031358656822452	-0.0001037401220689	0.0020807359004746	
0.1788387757744181	0.1823082132339891	-0.0000533803743111	0.0020826459248478	0.1671533817205793	0.1760250844688009	-0.0000689118943729	0.0020821875887310	0.1767500844347811	0.1791876121488866	-0.0001416299277800	0.0020784894324445	
0.5604190287379149	0.3697951122232139	-0.0000217561264924	0.0020832191625305	0.5441288093843928	0.3687404856064666	-0.0000531938491535	0.0020826507212150	0.5554394697574989	0.3853920640078961	-0.0001147355306285	0.0020801556750163	
0.2101738295397694	0.0093793365506243	0.0000183254679481	-0.0020832523308014	0.2006903586981089	0.0031294773525595	0.0000307386072835	-0.0020831054187402	0.2148508929532655	0.0051967396704053	0.0000984350211245	-0.0020809949102696	
-0.3646319456751463	0.2531335024130358	0.0000644637348198	-0.0020823307616306	-0.3800285982040958	0.2385754831924516	0.0000680145893101	-0.0020822172400075	-0.3746913729572978	0.2281800960486245	0.0001234682941534	-0.0020796531058666	
-0.3946524084873906	0.1208341884436540	-0.0000265827620869	0.0020831628829510	-0.4088480264182424	0.1052008719923305	-0.0000345188605510	0.0020830459094408	-0.4008772469944663	0.0937563017288101	-0.0000790018262435	0.0020818273808789	
-0.4331268521304956	0.3531269306633746	0.0000129913038711	-0.0020832926243994	-0.4504918322874659	0.3375085391166093	0.0000316397288455	-0.0020830918591645	-0.4466393850940129	0.3260479417260754	0.0000709078366864	-0.0020821202379890	
-0.0204035403744086	0.1219652458840204	-0.0002076389046722	-0.0020729081079509	-0.0327658370142279	0.1115741644288271	-0.0000668960974056	-0.0020822536556628	-0.0212783552831420	0.1102773435271387	-0.0001128509030378	-0.0020802592855781	
0.2421251109086047	0.3500002486536411	-0.0000352638988547	0.0020830333674069	0.2280679599811936	0.3448042709517458	-0.0000561597497756	0.0020825724647617	0.2344313405688183	0.3520657787864077	-0.0001083822712010	0.0020804980783617	
-0.3948843663395650	0.2041654146398653	-0.0000048055356477	0.0020833277632180	-0.4101064187477412	0.1885565487062187	-0.0000119812731670	0.0020832987083516	-0.4036303792272248	0.1770546471616645	-0.0000586015104384	0.0020825048495991	
-0.3613717749887865	0.1904991368588130	-0.0006378086848117	-0.0019827862510278	-0.3778791589949833	0.1759225038588899	-0.0003332797319480	-0.0020563672646030	-0.3698366293185718	0.1655898109691955	-0.0005391479380928	-0.0020119995177383	
-0.3957228101059798	0.3468766893805963	-0.0000382549723496	0.0020829803187998	-0.4124956087160653	0.3322919881921675	-0.0000546485081596	0.0020826128702596	-0.4087619352979223	0.3208170082635274	-0.0000980414215246	0.0020810135839936	
0.1795977308800872	0.1343778112417447	-0.0000043068165828	0.0020833288593617	0.1684405041005200	0.1281254113111953	-0.0000333060181342	0.0020830657535341	0.1792618204658911	0.1312401276382888	-0.0000856220298952	0.0020815643022244	
0.2098134002496229	0.0770822613037002	0.0000220266561556	-0.0020832163054508	0.1994698976425683	0.0708324876056670	0.0000437223644588	-0.0020828721906181	0.2119436789745057	0.0739570501269338	0.0000993479863303	-0.0020809513073569	
0.1800736993278729	0.0312619722435664	-0.0000115223615695	0.0020833013100144	0.1703287841394190	0.0249958402135376	-0.0000387710024039	0.0020829707299437	0.1835960287571125	0.0270611393039381	-0.0000944855081131	0.0020811788902402	
-0.3646977256305985	0.2729150340921694	-0.0001732683603459	-0.0020760793712718	-0.3807801181109682	0.2583190683295934	0.0000265145295869	-0.0020831637568860	-0.3755179013018769	0.2479340399581359	-0.0000554807331516	-0.0020825907558207	
-0.4326140235567222	0.2437505787689707	0.0000234600911770	-0.0020832005776162	-0.4487096488752632	0.2281273241286438	0.0000468289967768	-0.0020828043221479	-0.4429151466914846	0.2156170440817222	0.0000851627344602	-0.0020815832382230	
0.1330008367935485	-0.0687303200017289	0.0020781376402684	0.0000012058264879	0.1246937909413293	-0.0722336475436650	0.0020778684052000	0.0000335558980763	0.1434100371499719	-0.0784433851048769	0.0020756115600769	0.0001026970627158	
0.1790633415350209	0.1719040619684213	-0.0000432273330111	0.0020828825748871	0.1674884442559962	0.1656411913513939	-0.0000670030917441	0.0020822501983057	0.1773719462793808	0.1687119417366447	-0.0001148174613050	0.0020801511317008	
-0.3643637765820510	0.3633885412725508	-0.0007607505419314	-0.0019387209873161	-0.3822384386793751	0.3489630081925728	0.0001199731700634	-0.0020798586871409	-0.3780049027154008	0.3395090718332133	-0.0005948964784539	-0.0019961473484475	
-0.3950880140966297	0.2395826519900311	-0.0000123839662211	0.0020832963417111	-0.4106990097495796	0.2239555404311713	-0.0000352385338524	0.0020830337988082	-0.4049122877601534	0.2125103634293734	-0.0000725308193560	0.0020820640531797	
0.0997555359747048	0.2416060045462722	-0.0020489607601907	-0.0003478794920533	0.0841176555223662	0.2377007814083210	-0.0019896319621398	-0.0006015185074583	0.0966243403073530	0.2346544068214995	-0.0020643743712143	-0.0002393770880206	
-0.3945235810378253	0.0489575868728857	-0.0000113809858292	0.0020833020910314	-0.4078823671484336	0.0322982761340389	-0.0000376697584002	0.0020829910377046	-0.3985566756513289	0.0208457730120185	-0.0000757559558157	0.0020819486262258	
0.1246884424809481	0.1979348436130730	-0.0020728118051087	-0.0001490617357108	0.1111803529802534	0.1949159709679812	-0.0020699734721193	-0.0001844908444484	0.1236572996359349	0.1913517331930011	-0.0020688897011508	-0.0001963285699249	
0.0306763175155328	0.2781515874858740	0.0004548764336276	0.0020328131620626	0.0160372578720672	0.2697853454893169	0.0006511459857704	0.0019784246454123	0.0237774504889408	0.2708306862847980	0.0000026665213076	0.0020833316183089	
-0.4320265457649309	0.1322949779501172	0.0000100232654402	-0.0020833091006787	-0.4468463930821917	0.1156238923672030	0.0000284737262482	-0.0020831377692939	-0.4390641130020203	0.1031469456970519	0.0000770353259264	-0.0020819014450833	
0.2434643749132687	0.2635473477457719	-0.0000505689582094	0.0020827164368111	0.2306101762818883	0.2583319956658541	-0.0000576438338193	0.0020825317119734	0.2389802054365818	0.2645829940112334	-0.0001421838892387	0.0020784514215577	
-0.3648641573257438	0.1572788249885083	0.0000830772811039	-0.0020816679348139	-0.3789131197832345	0.1417194847341374	0.0001392570618739	-0.0020786505633815	-0.3718387871803863	0.1312698025299083	0.0001896831709644	-0.0020746368234057	
0.5622989362217272	0.2187499055210769	-0.0000245790048953	0.0020831876117822	0.5482162507804600	0.2187438813438745	-0.0000506447221948	0.0020827145866445	0.5636187517524502	0.2333512127124828	-0.0001035444476083	0.0020807456958684	
0.2093642037692002	0.1343757012870770	-0.0000079711499375	-0.0020833180075191	0.1982255207407557	0.1281218001982558	0.0000187091532306	-0.0020832489032791	0.2093592042833829	0.1323120607506179	0.0000710481859418	-0.0020821154296243	
0.0084331663988418	0.2873140076895901	-0.0017323247145356	-0.0011507846717233	-0.0084628940674997	0.2804986879787362	-0.0017527669948210	-0.0011192432612048	0.0024748883938845	0.2786658361048342	-0.0008145418439247	0.0019166318956586	
-0.3941602050424448	0.0041668512412977	-0.0000276331534538	0.0020831491458558	-0.4069307680973880	-0.0124974837154571	-0.0000639566860831	0.0020823464750683	-0.3967931953754682	-0.0249962056523526	-0.0000922724918900	0.0020812786792596	
0.2435440077904661	0.2583345490170197	-0.0000171748742794	0.0020832621833908	0.2307100663563537	0.2531252708197503	-0.0000256743985776	0.0020831743333293	0.2392904831185297	0.2593897126774927	-0.0001133557381364	0.0020802317001918	
0.2438309612761372	0.1614493405904824	-0.0000086600686219	0.0020833152439169	0.2323239837268204	0.1562364849017192	-0.0000309247964391	0.0020831026491872	0.2432933886497892	0.1614686661178513	-0.0000889778805070	0.0020814228498219	
0.5613047185114310	0.3197899365668495	-0.0000413272941948	0.0020829213336397	0.5458569566885663	0.3187530366927093	-0.0000687783085453	0.0020821920276976	0.5584262693262678	0.3354361084026769	-0.0001268901666705	0.0020794460938375	
0.1799581111452266	0.0427109569811526	-0.0000219368427258	0.0020832172578913	0.1700765269248771	0.0364466494090791	-0.0000554282626749	0.0020825921599803	0.1830272736018638	0.0385496081509467	-0.0000979962703920	0.0020810157213249	
0.1797979627714518	0.0979178202528536	-0.0000283498864455	0.0020831394667935	0.1691768154349232	0.0916602987399305	-0.0000516456098479	0.0020826898846794	0.1808062063802636	0.0937505805450233	-0.0001061480489881	0.0020806138425981	
-0.4320092092423345	0.1250028018451276	0.0000002288238979	-0.0020833333207039	-0.4467460728403019	0.1083343801563315	0.0000282095769857	-0.0020831413811043	-0.4388047276976508	0.0958199701158452	0.0000670772624785	-0.0020822477983466	
-0.4313700938295575	-0.0072917721383736	0.0000106581193024	-0.0020833059337465	-0.4445564479239961	-0.0249975582707974	0.0000250773745933	-0.0020831816422860	-0.4341950362769539	-0.0374959779047835	0.0000700549194770	-0.0020821492542330	
-0.1883996145316921	0.2487297352801193	0.0009920381983518	0.0018306313503761	-0.2029985202883101	0.2373055580646312	-0.0003687046034573	0.0020502814753345	-0.1962960442425351	0.2323608445146348	0.0012423696075750	0.0016700504417468	
0.5618547705994390	0.2760439999619446	-0.0000252506770199	0.0020831795383786	0.5469101221878925	0.2749948551355385	-0.0000488622351652	0.0020827573807912	0.5608741603679108	0.2906184105504628	-0.0001036969262711	0.0020807380644354	
0.1799130854636573	0.0500025206328518	-0.0000022635266436	0.0020833320975243	0.1699020706104988	0.0437359660981138	-0.0000420948802837	0.0020829058855028	0.1827337983688156	0.0458254177152076	-0.0000709700120668	0.0020821181090352	
0.2427263351679929	0.2895877563666964	-0.0000128512178455	0.0020832934976082	0.2293929634085805	0.2843713433600901	-0.0000687733261184	0.0020821921930935	0.2372874720770697	0.2906334277532309	-0.0000759071726163	0.0020819430908209	
0.1693651916362410	-0.0330793345278140	-0.0020779177721847	-0.0000303284122167	0.1610438596369688	-0.0359471906168112	-0.0020774020953804	-0.0000554377313808	0.1787332015470932	-0.0409184354528435	-0.0020754444963793	-0.0001060360752408	
-0.3588048405380349	0.1992027049927316	0.0019089827518595	0.0008232975032158	-0.3756019150002850	0.1846872236303809	-0.0007262159593837	-0.0019519856336128	-0.3664777009931182	0.1737336875655307	0.0005282343203697	0.0020149067916726	
-0.4331623390611666	0.3583350509362163	0.0000160406397680	-0.0020832712707506	-0.4505738844364992	0.3427161025343460	0.0000330009595549	-0.0020830706330614	-0.4468267250868233	0.3312488698301121	0.0000752432624015	-0.0020819673114902	
-0.3649276471862076	0.1593637801463874	0.0000435001067392	-0.0020828768675484	-0.3791317841010802	0.1448098802191349	0.0001527486579869	-0.0020776979613679	-0.3720096418792894	0.1333309046067132	0.0001569593955576	-0.0020773825335475	
0.2417274672161634	0.4020514826369714	-0.0000784424622664	0.0020818486384303	0.2270618028118673	0.3957950107044186	-0.0000935062168236	0.0020812233406062	0.2320819102896396	0.4042143071376547	-0.0001518384203824	0.0020777650139635	
0.1780997915700941	0.1949249669119683	-0.0002373925473360	0.0020696957331742	0.1665112636291679	0.1886087913399715	-0.0001817874484348	0.0020753471183023	0.1752405418424374	0.1925657499339725	-0.0003753321867150	0.0020490725403649	
-0.3288426137155673	0.3134947918020731	0.0002234241074706	-0.0020712579613197	-0.3447522357878414	0.2989161946631572	-0.0003459280165976	-0.0020542669023848	-0.3403508760986098	0.2906682788273595	0.0002499882940398	-0.0020682047213215	
-0.4327060137938958	0.2520844046375703	0.0000199502145186	-0.0020832373302568	-0.4489025853212355	0.2364580970477322	0.0000470195579952	-0.0020828000074255	-0.4432699129353497	0.2239711000336984	0.0000876497587173	-0.0020814794827617	
-0.3951639069506973	0.1562495792611268	-0.0000181730942902	0.0020832536722758	-0.4097454132614005	0.1406198942622894	-0.0000542005477769	0.0020826246352958	-0.4024086921882110	0.1291574826653648	-0.0000835685615808	0.0020816481717914	
0.1725443294572299	0.3625473537925307	-0.0013046309076784	0.0016216334436596	0.1600661520087854	0.3573178741884742	-0.0009101755131993	0.0018728884211304	0.1632731150754251	0.3595135335144272	-0.0014827317837973	0.0014597184751852	
0.1782150855381640	0.2583173898384981	-0.0000506061757253	0.0020827155283007	0.1655074866197055	0.2520934502094208	-0.0000976302390340	0.0020810330118269	0.1732770976489745	0.2562309820477867	-0.0001228445757821	0.0020796902268637	
0.2420707244311325	0.3531247327245568	-0.0000357777223220	0.0020830245615777	0.2279844605825189	0.3479258362743972	-0.0000575510166788	0.0020825342919046	0.2342645876284980	0.3552276717110919	-0.0001084550237921	0.0020804942681045	
0.1018305410618640	0.2418924462973432	-0.0020717528003383	-0.0001631885037055	0.0872887596849885	0.2384600626012579	-0.0020485318030907	-0.0003504091733195	0.0987338176365562	0.2347975874346417	-0.0020774662617624	-0.0000529660694224	
0.1548427649444163	-0.0035315970074368	0.0020767902131220	0.0000750196234451	0.1454944630974070	-0.0066337742042419	0.0020758143596782	0.0000984914431287	0.1631350549386171	-0.0114690885592234	0.0020721226397103	0.0001583990120914	
-0.3951061083983090	0.2427069113700940	-0.0000122331940979	0.0020832972369658	-0.4107524071627595	0.2270795764880692	-0.0000355142554488	0.0020830290927501	-0.4050555851179963	0.2166730215250411	-0.0000724530664422	0.0020820667738806	
0.1423548104088499	0.1988847607794147	-0.0020742270795276	-0.0001277529660423	0.1288358674678083	0.1960667278528308	-0.0020737782906219	-0.0001348766794242	0.1413020317986671	0.1928678552612160	-0.0020670173094611	-0.0002152387369280	
0.1517117328051069	0.1995741441729268	-0.0020695152239088	-0.0001895871340431	0.1381983831170713	0.1968147131799631	-0.0020682165632060	-0.0002033314835385	0.1506567745562138	0.1940099696651124	-0.0020613058263358	-0.0002646216230915	
0.2425157240295783	0.3281426769273981	-0.0000426232541394	0.0020828950863932	0.2287227864930170	0.3229240097591626	-0.0000700967164931	0.0020821478404899	0.2355577355587759	0.3301845356507902	-0.0001189584091216	0.0020799172653539	
-0.4324776870532768	0.2302069321386069	0.0000181655403753	-0.0020832537384879	-0.4484043571154719	0.2145921511354106	0.0000421781876179	-0.0020829041917839	-0.4423934667860985	0.2020913791746988	0.0000734004804121	-0.0020820334232254	
-0.3652258837851209	0.0573765681407338	-0.0000575376348786	-0.0020825346635199	-0.3785450833221645	0.0416939463608643	0.0000073767416416	-0.0020833202079946	-0.3690359079172972	0.0302265599148294	0.0000177158546472	-0.0020832576305039	
0.2443618152385905	0.0645843470404221	-0.0000241171450837	0.0020831930369680	0.2341495861319253	0.0593824514348325	-0.0000574881692279	0.0020825360364404	0.2474023949584750	0.0635464622142006	-0.0001015604277042	0.0020808439682576	
-0.4291545375262392	-0.0614663721812259	0.0008437101518912	-0.0019039084206518	-0.4392141449172723	-0.0768167182352467	0.0013898293835799	-0.0015488647007010	-0.4284467651017583	-0.0940179708745406	0.0013148371643225	-0.0016133276853358	
-0.4329668535783318	0.3166713210280497	0.0000103609734957	-0.0020833074402464	-0.4499839007995452	0.3010398983153726	0.0000306906636614	-0.0020831061291904	-0.4454478397718110	0.2885549378974496	0.0000673150808168	-0.0020822400852810	
0.1790199637401744	0.1739861055354996	-0.0000429074594097	0.0020828892219578	0.1674208974711909	0.1677198494486576	-0.0000670357674511	0.0020822491413381	0.1772588564371739	0.1707776872920193	-0.0001158755970663	0.0020800921624035	
-0.4323864981607067	0.2166661470126507	0.0000059911509826	-0.0020833246756552	-0.4482037537997362	0.2010360710568895	0.0000202093880296	-0.0020832348196408	-0.4419304196146503	0.1885302703144838	0.0000676495083142	-0.0020822291926971	
0.1880720698881324	-0.0672620012631869	0.0020780281529585	0.0000214191388966	0.1797607519016593	-0.0699397437313130	0.0020775732744261	0.0000485647678162	0.1995022698134575	-0.0750426919239787	0.0020770933486138	0.0000660488497083	
-0.0156350583353921	0.2839065638340011	-0.0013061573470264	0.0016203980574899	-0.0311033894815319	0.2716833609824123	0.0008631657607990	-0.0018951234036111	-0.0228720366218049	0.2726219485242493	-0.0015259129389238	0.0014142881165281	
0.5623966974176804	0.2114588752258544	-0.0000285162990699	0.0020831371840295	0.5483926503388121	0.2114561675118209	-0.0000498991873121	0.0020827326721586	0.5640113115262275	0.2260318357196798	-0.0001101014965089	0.0020804073521265	
-0.4322227748213978	0.1666665484536318	0.0000157415570625	-0.0020832735635598	-0.4474771470721629	0.1500046758553333	0.0000406583034193	-0.0020829345655399	-0.4402737432295654	0.1375079102467628	0.0000757961115843	-0.0020819471573715	
-0.3946281462395326	0.1187508689532105	-0.0000222042804989	0.0020832144103461	-0.4088152735981872	0.1031178117082283	-0.0000306708115541	0.0020831064230431	-0.4008011503413770	0.0916753987563611	-0.0000750500768399	0.0020819743192390	
0.1278064406665951	0.1981490997527728	-0.0020744416778540	-0.0001242017145983	0.1142959362853599	0.1951508265720165	-0.0020722815275676	-0.0001562960490233	0.1267674006981758	0.1916361371215972	-0.0020709771600725	-0.0001728000067510	
-0.4313212040200703	-0.0302093117435605	0.0000126386268251	-0.0020832948046825	-0.4442624165101429	-0.0479134394480517	0.0000362150247202	-0.0020830169667876	-0.4335178553126640	-0.0604242176226961	0.0000678160723345	-0.0020822237474077	
0.2427552090288749	0.2864595698220536	-0.0000305480834242	0.0020831082354543	0.2295129435320070	0.2812470681863867	-0.0000873518927735	0.0020814920670402	0.2374063662816455	0.2875137828415477	-0.0000934133261806	0.0020812275328479	
0.2443100726571834	0.0697924850020825	-0.0000166621314977	0.0020832663682985	0.2340084361945779	0.0645882166098793	-0.0000535089098203	0.0020826426098674	0.2471602132967464	0.0687432227112756	-0.0000993504415559	0.0020809511895522	
0.1770612729195986	0.3417031746015372	-0.0002227029263403	0.0020713360160610	0.1636288832957760	0.3354619108186946	-0.0002712609646587	0.0020655088705655	0.1688803886808841	0.3405630894684180	-0.0002635712087846	0.0020665091852157	
-0.4316062544502020	0.0614553487658048	-0.0000034826490530	-0.0020833304078358	-0.4456973217386376	0.0447930228975530	0.0000191255299219	-0.0020832451033585	-0.4365353079430760	0.0322867893609570	0.0000619416183219	-0.0020824076944482	
-0.4329428928518805	0.3104218761907562	0.0000064517396324	-0.0020833232933101	-0.4498907539592455	0.2947924049868519	0.0000339579500669	-0.0020830551750940	-0.4452501464711918	0.2823145916714441	0.0000680597758133	-0.0020822157561304	
-0.3326416342904590	0.0240555626756588	-0.0007538908708621	0.0019414121209023	-0.3436143115937204	0.0100929353216657	-0.0014510346099220	0.0014913871636856	-0.3321519079035622	-0.0023212135256422	-0.0003046280698313	0.0020608287035935	
0.5621322768881012	0.2437500673459287	-0.0000072008149890	0.0020833208265792	0.5476507632098797	0.2437505283014650	-0.0000430981847189	0.0020828852645729	0.5625013878747769	0.2583483321784125	-0.0001012787690056	0.0020808577648827	
0.2086985706355512	0.1916695061624689	0.0000067930074153	-0.0020833222030725	0.1968165108766423	0.1854149601962626	0.0000386611033633	-0.0020829727828558	0.2065479673532387	0.1906204759831224	0.0000825179736416	-0.0020816902923265	
-0.3644955340931895	0.2135049157277538	0.0001442540878462	-0.0020783080521545	-0.3789446744268903	0.1999075407263628	0.0004208250570315	-0.0020401709422677	-0.3732622953000728	0.1875426699127359	0.0002627138936899	-0.0020666188965371	
0.1800308022540746	0.0364652485801184	-0.0000218802320052	0.0020832178562287	0.1702273237339974	0.0301993424239660	-0.0000448481533204	0.0020828481345423	0.1833426845814061	0.0323192121825824	-0.0001064878142194	0.0020805963938388	
0.0073013996617888	0.2864121322433690	-0.0016768293302503	-0.0012306278147748	-0.0084628940674997	0.2804986879787362	-0.0017527669948210	-0.0011192432612048	0.0003737577253867	0.2776577002195051	-0.0012050346631400	-0.0016973213072467	
0.2420723583801223	0.3854170045888007	0.0000082619073585	0.0020833168690678	0.2274768581598767	0.3791672950119230	-0.0000031925641987	0.0020833308748938	0.2330930438705007	0.3875145084209982	-0.0000857993739421	0.0020815569633177	
0.1901734312918980	-0.0325632192837806	-0.0020747755719286	-0.0001184640502486	0.1807817800437057	-0.0352374853480774	-0.0020739574958010	-0.0001320783926066	0.2004980715384337	-0.0393803331601077	-0.0020474989333355	-0.0003564245148462	
0.2098700890269785	0.0572916764923466	-0.0000093580285088	-0.0020833122105602	0.1997293962772840	0.0510437982311734	0.0000182598030068	-0.0020832529102790	0.2127532030497880	0.0541565061099599	0.0000704904717339	-0.0020821344806673	
-0.3952908420991993	0.2677062084363214	-0.0000176535494296	0.0020832581620585	-0.4112421229448617	0.2531300532812355	-0.0000436725633805	0.0020828732406464	-0.4059770415956904	0.2416772325939324	-0.0000797959769479	0.0020817969408794	
-0.4323842040954953	0.2156245165568547	0.0000047133341399	-0.0020833279749100	-0.4481951237670451	0.1999945198719232	0.0000192162199585	-0.0020832442646135	-0.4418984701202376	0.1874895621729959	0.0000672284708150	-0.0020822428974318	
0.1673932822681092	-0.0024265494495999	0.0020295403961895	0.0004479091905177	0.1570034017480832	-0.0055844895498074	0.0020395951688473	0.0003993789967570	0.1754640590676003	-0.0091050369089071	0.0018932051285832	0.0008591324631157	
-0.4327861246892450	0.2645855593021795	0.0000084056523064	-0.0020833162911739	-0.4491647695138555	0.2489550012503712	0.0000359370347715	-0.0020830218054273	-0.4437386945339589	0.2364564544511805	0.0000722180693345	-0.0020820749790522	
-0.1556646168881268	0.1814350626091489	0.0007912135034011	0.0019264280321767	-0.1697445095955716	0.1696095242033496	-0.0000213874753139	0.0020832229990325	-0.1610717742016635	0.1656063546757942	0.0009760957707222	0.0018392240360053	
0.1790289223219719	0.3093214560348130	0.0001157021675992	0.0020801018647085	0.1653508159210804	0.3030970533075880	0.0001290004467623	0.0020793155972410	0.1724218928063319	0.3083390710118770	-0.0000098444419475	0.0020833099576322	
0.2427775950945722	0.3020860571424706	0.0000158700282584	0.0020832725839692	0.2291781075440864	0.2968753157048499	-0.0000110779309600	0.0020833037327413	0.2369252445963822	0.3031256526517181	-0.0000655939682100	0.0020822952887086	
0.2070940562626787	-0.0241430592345038	-0.0010944924850210	-0.0017709790857179	0.1962167025931922	-0.0290239835833053	-0.0013756843041317	-0.0015615044375376	0.2143018399098483	-0.0282109520885355	-0.0006616875022839	-0.0019749064633309	
0.2434305664762210	0.1999956124423883	-0.0000096353153054	0.0020833109402343	0.2313630012614881	0.1947893504284312	-0.0000425055581118	0.0020828975035760	0.2414229522775304	0.2000071358385678	-0.0000890635092480	0.0020814191692155	
0.1785050532807860	0.3291561626420693	-0.0002072823624120	0.0020729439697166	0.1651270016109958	0.3229128692186531	-0.0001956468546046	0.0020740801475273	0.1707029930888004	0.3281542170012146	-0.0003064694658533	0.0020605543039648	
0.1796638588934781	0.1093720297665948	-0.0000167113675951	0.0020832659719480	0.1688825612019249	0.1031010898883468	-0.0000497031165698	0.0020827373839594	0.1802397970265364	0.1062791694861637	-0.0000849755060322	0.0020815909280738	
-0.0269049676517610	0.1479989519375034	0.0011102776514019	-0.0017610763832898	-0.0364832031987248	0.1395307756424654	0.0009687903792681	-0.0018431018254163	-0.0291271090696358	0.1353891443690356	0.0011294613496001	-0.0017487734129434	
0.1793196728958190	0.1593566930106134	-0.0000385191360813	0.0020829754261731	0.1678770133020425	0.1531070187811023	-0.0000581645708650	0.0020825171604918	0.1780518510422078	0.1562815688077371	-0.0001112514555617	0.0020803458677888	
-0.0169325577191738	0.0604928629579932	-0.0006529347782662	-0.0019778320630076	-0.0290594381354481	0.0510343252087598	-0.0003741085209340	-0.0020492974239194	-0.0157270792685144	0.0489850667466884	-0.0006590687284014	-0.0019757863285930	
-0.4332787096318377	0.3750002057447387	0.0000110181572313	-0.0020833040513164	-0.4508672195361135	0.3593772876035831	0.0000375868049731	-0.0020829925437217	-0.4474642527780806	0.3479348060113531	0.0000795775547120	-0.0020818053434577	
0.2098226955950598	0.0479171754329449	-0.0000086404139525	-0.0020833153259346	0.1998188653299634	0.0416683285727776	0.0000243690442748	-0.0020831900908212	0.2130547791546392	0.0447930304558870	0.0000668810002371	-0.0020822541430593	
-0.4330959518755344	0.3468765491352077	0.0000081656441977	-0.0020833172504991	-0.4503987713257954	0.3312425411550998	0.0000298642715587	-0.0020831182007064	-0.4464280797462912	0.3198046941910793	0.0000665019204036	-0.0020822663451616	
-0.3876298650626058	0.3980138620338020	0.0017468638205559	0.0011284803197620	-0.4103358515947263	0.3853578175526056	0.0010780874580374	0.0017810633294639	-0.4029755807331625	0.3736986753743051	0.0016347088546743	0.0012863229265324	
0.2100298837513973	0.0197923500393533	0.0000336332997612	-0.0020830604686040	0.2004622667721729	0.0135399648658813	0.0000581797254849	-0.0020825167350498	0.2142512468406441	0.0166750408187322	0.0001123296036542	-0.0020802876410149	
-0.3953679149419478	0.2791635134155463	-0.0000101870512033	0.0020833083022531	-0.4114725847129555	0.2645833193871375	-0.0000397635077359	0.0020829519259132	-0.4063976456810275	0.2531221743199370	-0.0000711053221506	0.0020821134694117	
-0.0200240864112939	0.1061988180071783	0.0004532485476297	-0.0020331785648722	-0.0304118221633759	0.0968181735427954	0.0006332826351870	-0.0019842437200922	-0.0208537808594628	0.0937354269986865	0.0004856974735543	-0.0020256344086221	
0.2406230332813510	-0.0610883380068694	0.0014028172442272	0.0015370523011992	0.2306044168451716	-0.0645093640421960	0.0015346300531701	0.0014047769258412	0.2508588941387777	-0.0637277234763413	0.0008897888559124	0.0018827081559166	
-0.3945315779328602	0.0499991180146905	-0.0000110611707322	0.0020833038222419	-0.4078976516415572	0.0333391565850615	-0.0000372131940167	0.0020829992854547	-0.3985907614172198	0.0218862751205783	-0.0000752200382414	0.0020819681548936	
0.1792150587030347	0.1646134630232239	-0.0000419925269337	0.0020829079618593	0.1677226459626440	0.1583589371790884	-0.0000629805777077	0.0020823763749747	0.1777678514337550	0.1614670103608936	-0.0001132387883630	0.0020802381015951	
0.2433871281957695	0.2343749210596712	0.0000075573678290	0.0020833195573515	0.2308175440579121	0.2291680222039902	-0.0000171014924156	0.0020832627900968	0.2400847579362677	0.2354187187892125	-0.0000634880006214	0.0020823608891668	
0.1579591410872572	0.2001883767681197	-0.0020709473138632	-0.0001731591232197	0.1444036874764875	0.1974034354073249	-0.0020693660767141	-0.0001912163023927	0.1568974846334363	0.1947778878239659	-0.0020566613558678	-0.0002987409057940	
0.1932733649717270	-0.0672434072540246	0.0020781158319460	-0.0000096202237208	0.1849541830774808	-0.0698574006540195	0.0020780907907243	0.0000140408770736	0.2046958458732081	-0.0749204201030159	0.0020778240010670	0.0000362139754366	
0.2075118926622399	0.3552077922347833	-0.0000039021218071	-0.0020833296606623	0.1934152013254574	0.3489601043130995	0.0000203055233136	-0.0020832338801374	0.1993278113418138	0.3552011677444907	0.0000768980291762	-0.0020819065462681	
-0.4324862405539717	0.2312486174347563	0.0000184526665580	-0.0020832512023858	-0.4484248192059491	0.2156335403053071	0.0000433742311923	-0.0020828795057488	-0.4424304223780974	0.2031318080605394	0.0000738899692126	-0.0020820160223847	
0.2073557896036757	0.3708163588866723	0.0000494907555834	-0.0020827424662946	0.1931384483065943	0.3645789484896297	0.0000588597482274	-0.0020824975303259	0.1984796886171477	0.3718767333132712	0.0001498055899996	-0.0020779133076594	
0.2445770627774454	0.0468765080279195	-0.0000173056812832	0.0020832610954627	0.2345663793832137	0.0416616532746160	-0.0000396807933289	0.0020829535111833	0.2483413277448674	0.0447918217451335	-0.0000950719372322	0.0020811520498682	
-0.4321231875502961	0.1458341054931940	0.0000129883622820	-0.0020832926428327	-0.4470617694695277	0.1291602995988422	0.0000381072034834	-0.0020829830409655	-0.4395570359454223	0.1166655149783896	0.0000746764059235	-0.0020819878228497	
-0.4333027164720835	0.3802081837733221	0.0000092130691754	-0.0020833128598942	-0.4509629667128956	0.3645831375308186	0.0000368775702827	-0.0020830052842737	-0.4476575581683872	0.3531336731177990	0.0000784695458878	-0.0020818476126541	
0.2080445720376408	0.2947942562686279	0.0000010462963134	-0.0020833330692814	0.1947249959625212	0.2885513839617810	0.0000249359035991	-0.0020831833490134	0.2020611655051169	0.2948170010942693	0.0000885942454251	-0.0020814392961837	
0.5624090307204259	0.2104172664172747	-0.0000289368413143	0.0020831313556891	0.5484149483062004	0.2104150880762294	-0.0000497862334140	0.0020827353888344	0.5640706044693593	0.2249931699602606	-0.0001100834679603	0.0020804083109501	
0.1610690377569943	-0.0032348731590325	0.0020735314817326	0.0001386377868152	0.1517057830479176	-0.0062626233663850	0.0020713407500483	0.0001683632891253	0.1694543375587831	-0.0107816569967206	0.0020518022257426	0.0003306200697484	
-0.4323442891854117	0.1833348348433174	0.0000096593089282	-0.0020833108285694	-0.4478142562937514	0.1677082755856239	0.0000360074002879	-0.0020830205841841	-0.4408972061690386	0.1552049535438337	0.0000657796255749	-0.0020822894027483	
0.0946728061543939	0.2402485683937052	-0.0019477183018085	-0.0007264154814021	0.0789022489460275	0.2355646164436194	-0.0018496498938490	-0.0009497081876995	0.0913978649093762	0.2334827562744078	-0.0019707645942838	-0.0006609998879032	
0.1800601348535689	0.0333434937983075	-0.0000154017746111	0.0020832761160155	0.1702900795390530	0.0270770243776430	-0.0000398399186964	0.0020829504585180	0.1834990913059953	0.0291395130056965	-0.0001005486984429	0.0020808933474899	
-0.4323815908885483	0.2145828541275577	0.0000033106293123	-0.0020833306896989	-0.4481850098340907	0.1989530510557948	0.0000185313791794	-0.0020832505001936	-0.4418652396877119	0.1864489660501399	0.0000668902252100	-0.0020822538452536	
-0.0235714717465944	0.1417933354241374	0.0009003876063330	-0.0018776371800937	-0.0339134968373841	0.1334318262360315	0.0006447031333793	-0.0019805440765543	-0.0256281108552409	0.1293189108708792	0.0009898507453092	-0.0018318209883939	
0.1779907420446414	0.2791711383564557	0.0000032840008340	0.0020833307320552	0.1648373819856533	0.2728992523655607	-0.0000380810324296	0.0020829835219843	0.1723356291855542	0.2781209157649526	-0.0000572851646876	0.0020825416584607	
0.1790620595105868	0.0082151759476370	0.0005558527751172	0.0020074258834531	0.1682986566464763	0.0021003840801536	0.0009571613770736	0.0018491980317209	0.1840677779245563	0.0041422568820569	0.0001996799645428	0.0020736938250128	
-0.4315237141344579	0.0177063887694043	0.0000180833653399	-0.0020832544569955	-0.4449703644908399	-0.0000030384908415	0.0000346762164549	-0.0020830432828136	-0.4351271623732935	-0.0124906601118419	0.0000853595195324	-0.0020815751375884	
0.2086547874410437	0.2093754543329968	0.0000068913207480	-0.0020833218785698	0.1965289233253318	0.2031259791918221	0.0000354128993441	-0.0020830308269761	0.2058348226735117	0.2083370925108076	0.0000851518748176	-0.0020815836847137	
-0.4333203675590921	0.3843747078766545	0.0000096294095929	-0.0020833109676766	-0.4510549828002153	0.3697889579866068	0.0000349968628221	-0.0020830378935136	-0.4478079160035565	0.3572930307082909	0.0000767006573330	-0.0020819138635447	
0.0934595579882334	0.2397378319689817	-0.0019165868477481	-0.0008053466017403	0.0789022489460275	0.2355646164436194	-0.0018496498938490	-0.0009497081876995	0.0904617085853804	0.2331324033927235	-0.0019466040374354	-0.0007294110500293	
-0.4333449462359177	0.3895831194545104	0.0000114338184895	-0.0020833018002907	-0.4511418152044762	0.3749956275046489	0.0000336718928409	-0.0020830598419974	-0.4479894546773058	0.3624945562817795	0.0000735084327913	-0.0020820295955788	
-0.3649382445646100	0.2656194508272447	0.0000068623512677	-0.0020833219746739	-0.3805546965433690	0.2510164804871132	0.0000892204543121	-0.0020814124139898	-0.3754027919019253	0.2406026568919136	0.0000925184070105	-0.0020812677075201	
0.2074820941152500	0.3375008369598280	0.0000089598398975	-0.0020833139698930	0.1936474563837757	0.3312546388283193	0.0000441331710203	-0.0020828634833172	0.1999301961186343	0.3375141870957092	0.0000785308438546	-0.0020818452897201	
0.2025469893463715	-0.0290615569881117	-0.0016735788324981	-0.0012350667323008	0.1922799839610935	-0.0323830266256039	-0.0017662402530151	-0.0010977502565343	0.2116242947929660	-0.0330660010950922	-0.0013084015659431	-0.0016185774146638	
0.1799608991479482	0.0718742487645709	-0.0000084768144178	0.0020833160013940	0.1696775443359402	0.0656300963046147	-0.0000289536611434	0.0020831311208064	0.1820045098541926	0.0677132330848524	-0.0000882155258652	0.0020814554619885	
0.2440309042256052	0.1031265455206148	0.0000133872569713	0.0020832901050778	0.2331585876431294	0.0979203467031740	-0.0000232173656928	0.0020832033105553	0.2456787742981423	0.1020930472134018	-0.0000523042835803	0.0020826733646706	
0.2451615104283646	-0.0468713785231509	0.0000528760462435	0.0020826588546029	0.2361763510561269	-0.0521171891274319	0.0001420647338809	0.0020784596101638	0.2524598595373777	-0.0500001860454991	-0.0000683375033782	0.0020822066141837	
-0.0292295309192715	0.1509062997205273	0.0015045362632147	-0.0014371207729101	-0.0383245019972550	0.1427867005036593	0.0010811038402299	-0.0017792248401879	-0.0314383484886411	0.1382433328344525	0.0015121398768938	-0.0014290779000478	
0.5613260564084956	0.3187481019789530	-0.0000414914559520	0.0020829180536921	0.5458949298717057	0.3177114273156424	-0.0000676115543595	0.0020822304316076	0.5584941425092305	0.3343968055991799	-0.0001261707343418	0.0020794900886535	
-0.4327250727353246	0.2541675734771365	0.0000176116225281	-0.0020832585187021	-0.4489504038019323	0.2385409842093554	0.0000463806291937	-0.0020828144050190	-0.4433546168781610	0.2260519801687737	0.0000860291029589	-0.0020815474339858	
-0.3919174864893669	-0.0261176046566072	-0.0007577403412756	0.0019399053874589	-0.4020661261533214	-0.0405813171501020	-0.0013158254427452	0.0016125177139475	-0.3920331245237283	-0.0564596668012137	-0.0012009477631627	0.0017002299421140	
-0.3958659111529374	0.3552084798294077	-0.0000293055155265	0.0020831261759922	-0.4127379635414316	0.3406199596508818	-0.0000607872397548	0.0020824418817158	-0.4091448689786127	0.3291754961973190	-0.0000900778143725	0.0020813753011795	
-0.3944197497511963	0.0333378877239468	-0.0000170688561183	0.0020832630590923	-0.4075735862784751	0.0166597607794017	-0.0000429163291302	0.0020828890383081	-0.3979577438939819	0.0052085818270317	-0.0000812660517720	0.0020817397878878	
0.2422817468608552	0.3406292212644458	-0.0000342770727288	0.0020830499221409	0.2283263869537016	0.3354054244234684	-0.0000626737678802	0.0020823856780245	0.2348932469507209	0.3427117182106292	-0.0001057856624058	0.0020806323914700	
0.5604480425974248	0.3666706391971738	-0.0000214366382783	0.0020832224911895	0.5442101454742676	0.3656180315962074	-0.0000530915001485	0.0020826533459114	0.5556193606823980	0.3822754350861786	-0.0001135953086130	0.0020802185662855	
-0.3647619745465816	0.1677125502561136	-0.0001174631353708	-0.0020800026719769	-0.3795206478211127	0.1531182567174142	0.0000205196277864	-0.0020832317717302	-0.3722992103220771	0.1416761231338260	-0.0000102320562309	-0.0020833080805953	
-0.3614971747506361	0.3676115963952155	-0.0015462907281060	-0.0013918666398144	-0.3818920940422385	0.3540390874084921	-0.0004401337405992	-0.0020360722651419	-0.3754975433451732	0.3440745636311277	-0.0013987059743823	-0.0015408131799884	
0.2042594404281508	-0.0276521832997780	-0.0015100407913656	-0.0014313068220465	0.1934858129362610	-0.0315615455767154	-0.0016580001209796	-0.0012560061200393	0.2129293542191584	-0.0312054575608918	-0.0010743807535632	-0.0017833129534086	
-0.3592247140637342	0.1977129813659950	0.0017430685858552	-0.0011343629282585	-0.3761780503645609	0.1833530197120574	-0.0006028559632575	-0.0019937459761238	-0.3664537500263811	0.1726721634405378	-0.0005768770030437	0.0020014556417355	
-0.1357664471224321	0.2521494198709506	0.0003780707349010	-0.0020485665028080	-0.1484273388938256	0.2416980837875711	0.0003704306617352	-0.0020499687682085	-0.1438024269282384	0.2363657396371281	0.0004363739537248	-0.0020368854285433	
-0.4323797724063312	0.2093744259563650	-0.0000011456369499	-0.0020833330167602	-0.4481419510476501	0.1937457647884400	0.0000183572436702	-0.0020832520496412	-0.4417048826450386	0.1812461718166209	0.0000658824117655	-0.0020822861369199	
-0.3949061439473772	0.2093734653410902	-0.0000128931320049	0.0020832932373340	-0.4101521005716794	0.1937630640689710	-0.0000254180723434	0.0020831774924250	-0.4037978702740574	0.1823142840385039	-0.0000726829229581	0.0020820587223789	
0.5620886019096356	0.2520834983339219	-0.0000140145652566	0.0020832859588810	0.5474867892858384	0.2510401040025598	-0.0000465455347177	0.0020828107079140	0.5620702134053166	0.2666632986800002	-0.0001070792537036	0.0020805658868945	
-0.4332982151555781	0.3791665741909345	0.0000093823813489	-0.0020833121004790	-0.4509440362852485	0.3635419946359347	0.0000371332012587	-0.0020830007201513	-0.4476188493779442	0.3520939715861557	0.0000787942025532	-0.0020818352888705	
0.2080416757004739	0.2562502054752333	0.0000223965715032	-0.0020832123416002	0.1953214724591569	0.2499995603429705	0.0000597427410980	-0.0020824722601708	0.2034524943849219	0.2562427744526361	0.0000933649615377	-0.0020812297139368	
-0.3883649536502059	0.3975396886810699	0.0016748779010473	0.0012332956587307	-0.4107868906348408	0.3845675626274664	0.0009829755966892	0.0018355379347664	-0.4034415868724546	0.3732826932710828	0.0015768754610695	0.0013569426428941	
-0.4321645624426960	0.1552081894683456	0.0000063990278010	-0.0020833234566978	-0.4472529854862318	0.1385327037547645	0.0000424273105751	-0.0020828991068847	-0.4398694168402703	0.1260313742809833	0.0000702537771057	-0.0020821425205222	
0.1953539213928323	-0.0672602170679225	0.0020780255303143	-0.0000216733460393	0.1870319692884188	-0.0698494918923550	0.0020781377995235	0.0000008881418305	0.2067740831381948	-0.0748871992959884	0.0020779026968043	0.0000313492712284	
-0.3286762101230529	0.3114502477660379	0.0000969038356619	-0.0020810671334571	-0.3452203539866162	0.2969487323013908	-0.0005892704239388	-0.0019978237602047	-0.3401457753001422	0.2885310338877459	0.0001123016373958	-0.0020802891584836	
-0.4316115593666275	0.0364536774252373	0.0000009880139152	-0.0020833330978793	-0.4453379461592341	0.0187614885794218	0.0000407258983948	-0.0020829332383966	-0.4357889876707896	0.0062336773608950	0.0000617412586982	-0.0020824136743241	
-0.0208727391949107	0.1176871845102532	-0.0001663751249210	-0.0020766459782953	-0.0326811699506296	0.1071882092506697	0.0001798096179361	-0.0020755202768246	-0.0215682025178068	0.1063179739842080	-0.0002020608968031	-0.0020734620260695	
0.1758507475462302	0.3542230546631613	-0.0003172188066363	0.0020589187061936	0.1622203741825219	0.3479360246006379	-0.0002141967366714	0.0020722374014132	0.1669890077219793	0.3530176923231143	-0.0005860142400414	0.0019987861012298	
0.5625301185714435	0.2020843162710029	-0.0000296020296758	0.0020831219625215	0.5486069732108743	0.2020833920206153	-0.0000504315699680	0.0020827197847805	0.5645692586275257	0.2156354050929507	-0.0001036459739682	0.0020807406158091	
-0.4332341925871109	0.3677092002557698	0.0000151428768699	-0.0020832780234743	-0.4507346221327493	0.3520883473657601	0.0000360791646293	-0.0020830193362019	-0.4471848031137243	0.3406074429765314	0.0000792986293459	-0.0020818160400230	
0.1779798899587082	0.1959338585175137	-0.0002631741752174	0.0020665600390903	0.1664183325142544	0.1896292057153173	-0.0002033802147080	0.0020733323877185	0.1752405418424374	0.1925657499339725	-0.0003753321867150	0.0020490725403649	
-0.3923062678879137	0.3934239427719458	0.0011888970857539	0.0017087203637911	-0.4126150036801720	0.3791908953001403	0.0003801047488919	0.0020481881887535	-0.4072393085828295	0.3687056814386105	0.0010501454482336	0.0017977628863356	
-0.0149032394776468	0.0656865397181511	-0.0008532304825066	-0.0018996396922058	-0.0278296783001193	0.0561955579666911	-0.0005989358960507	-0.0019949330081824	-0.0136756685003580	0.0541806962907808	-0.0008573691524386	-0.0018977660315869	
0.0050556057984147	0.2846485530155012	-0.0017479802525191	-0.0011267415601177	-0.0113405722766055	0.2789735119019534	-0.0018436079353464	-0.0009614425954498	-0.0012430167452953	0.2753416572729942	-0.0016793443973925	-0.0012271762540335	
0.2452042966780120	-0.0437495079798049	0.0000127119879002	0.0020832943561000	0.2363034869041539	-0.0489809301832797	0.0000233597581297	0.0020832017107510	0.2523483415457590	-0.0468781604583580	-0.0000744011349277	0.0020819977273421	
0.5615777273785616	0.3031291193838909	-0.0000262216089404	0.0020831674831470	0.5463256311559765	0.3020770237069694	-0.0000477266359755	0.0020827838444257	0.5593892661803770	0.3187638790355806	-0.0001197409522850	0.0020798721362222	
-0.3648195115680049	0.1562393960836883	0.0000992506135199	-0.0020809559770705	-0.3788491093378910	0.1406863237076778	0.0001263408293909	-0.0020794797096433	-0.3717420635048497	0.1302438560383772	0.0002010425750615	-0.0020735615056208	
0.2434677415381473	0.1916674820849831	-0.0000121122063791	0.0020832979474357	0.2315454920111807	0.1864534287330503	-0.0000479239297562	0.0020827792914433	0.2417807406392357	0.1916557154437409	-0.0000903955389208	0.0020813614574318	
-0.4299402949529648	-0.0593050369146443	0.0005754440608288	-0.0020018701660447	-0.4401083198118533	-0.0757169535316884	0.0012668530403539	-0.0016514619396358	-0.4300787175080703	-0.0916166872749931	0.0010122127782073	-0.0018194982254121	
0.2420470217492335	0.3906239691457918	-0.0000270664346051	0.0020831566235781	0.2274346860275379	0.3843738649125910	-0.0000316742319781	0.0020830913321915	0.2328445717141580	0.3927152391516589	-0.0001153015040823	0.0020801242236125	
0.1799475365947381	0.0437523525285334	-0.0000198032547129	0.0020832387394595	0.1700496361191446	0.0374881459121966	-0.0000554556656017	0.0020825914268179	0.1829792947268487	0.0395887484081023	-0.0000945321333293	0.0020811767623325	
-0.3594990917434930	0.1947783138937189	-0.0011421050277869	-0.0017405009943361	-0.3770513752169926	0.1801476562806751	-0.0004693274347351	-0.0020295090093176	-0.3650755686710223	0.1701140277109104	-0.0016878727050583	0.0012153604947670	
0.2182167263100475	0.4336032961188910	-0.0020779195743117	0.0000302040683937	0.2005432545073635	0.4314052435026456	-0.0020781379120703	-0.0000005645162014	0.2078176260987049	0.4317260025353497	-0.0020774283747176	-0.0000544390416579	
0.2445692482030696	0.0479179371301818	-0.0000183526530169	0.0020832520902907	0.2345462774908583	0.0427032310841108	-0.0000398119174179	0.0020829509965814	0.2482920926674218	0.0458314904812497	-0.0000968155004864	0.0020810712654436	
0.2446101219903301	0.0427118822231081	-0.0000161899110791	0.0020832701102720	0.2346453438389795	0.0374951423427041	-0.0000427587561828	0.0020828922952386	0.2485295334163472	0.0406329593286223	-0.0000899024864843	0.0020813829195756	
0.1652114190430238	-0.0674580101828152	0.0020779426465369	0.0000285643262543	0.1568931558001126	-0.0704475863103326	0.0020773832599492	0.0000561425953225	0.1756014920825454	-0.0759689210678321	0.0020769334935016	0.0000709212051311	
0.5618168420630587	0.2791681483817287	-0.0000250934320553	0.0020831814479561	0.5468389263686380	0.2781211454968985	-0.0000477686673975	0.0020827828760347	0.5606701377237691	0.2947742326607835	-0.0001039494708947	0.0020807254000184	
0.2433634525046727	0.2239564182696942	0.0000038873959587	0.0020833296883299	0.2309160250094836	0.2187499462130473	-0.0000251420862817	0.0020831808583755	0.2404418878596303	0.2250141474247785	-0.0000727876010091	0.0020820550472142	
0.2418879291196975	0.3687524089340860	0.0000019494748115	0.0020833324166584	0.2275595088139397	0.3635416948465335	-0.0000394246068371	0.0020829584001945	0.2335600843323381	0.3708284423529912	-0.0000631093728182	0.0020823724561142	
-0.3955223108766495	0.3177067548460875	0.0000088904443625	0.0020833142686793	-0.4121314128447582	0.3031277937909965	-0.0000238265845587	0.0020831963972624	-0.4077404810511126	0.2916561942519287	-0.0000530934681839	0.0020826532954897	
0.2448880668091064	0.0260233679714924	-0.0000608377402188	0.0020824403995930	0.2351629034670178	0.0208567722880677	-0.0000897717982874	0.0020813885886020	0.2493321974448646	0.0239546252110350	-0.0001252161091253	0.0020795480784125	
0.1800666861496342	0.0323028114676382	-0.0000132881342779	0.0020832907428607	0.1703092673888783	0.0260363853571386	-0.0000391032707041	0.0020829644877224	0.1835494664595000	0.0281002922025170	-0.0000975560301814	0.0020810365093807	
0.1799668724197523	0.0635449193901047	0.0000071122830408	0.0020833211322234	0.1697537175816948	0.0573037680290435	-0.0000114280968037	0.0020833018318424	0.1823332252048995	0.0593969417385664	-0.0000699010954593	0.0020821544499093	
0.1796017682171480	0.1291681601432361	-0.0000001143472070	0.0020833333301796	0.1685186121139181	0.1229191399264871	-0.0000305330694545	0.0020831084566770	0.1794680069327234	0.1260345329973524	-0.0000806798711501	0.0020817627024419	
0.2072198318393979	0.3750322051046508	0.0000868438699218	-0.0020815134310423	0.1930014588331170	0.3687367684715185	0.0000761031736868	-0.0020819358996062	0.1981254924702425	0.3759896669772838	0.0002342702262370	-0.0020700532561184	
-0.4332937019655427	0.3781249714638303	0.0000096564934655	-0.0020833108416868	-0.4509250420438600	0.3625008424926243	0.0000373506381556	-0.0020829968131366	-0.4475810934388728	0.3510541757901616	0.0000790537701123	-0.0020818253991765	
0.1766495752699120	0.0031189984243599	0.0012460311655292	0.0016673066425436	0.1656491757330294	-0.0014891443881269	0.0015005880255093	0.0014412634942427	0.1829560182883723	-0.0010750146594680	0.0007180253175319	0.0019550284901059	
0.5618002127927473	0.2802092032484944	-0.0000247497635051	0.0020831855799236	0.5468187893992908	0.2791633150711963	-0.0000474293344845	0.0020827906698081	0.5606701377237691	0.2947742326607835	-0.0001039494708947	0.0020807254000184	
-0.4328093627861000	0.2708377609709976	0.0000078783960250	-0.0020833183621137	-0.4492636257304442	0.2552030770490929	0.0000290595877388	-0.0020831296384436	-0.4439401419690560	0.2426990501557134	0.0000673796461780	-0.0020822379865424	
-0.1371586512047884	0.2583328582870666	0.0005717286445427	-0.0020029397703406	-0.1495994285547972	0.2479224890719565	0.0004320873857515	-0.0020378036226378	-0.1454379804234778	0.2427190437264254	0.0006295166033270	-0.0019854477306956	
-0.3310532969123084	0.3008049639541399	-0.0010992512809980	-0.0017680144456140	-0.3506095739239534	0.2890392506881542	-0.0016239288212926	-0.0012999733670021	-0.3422545786389006	0.2783408820607776	-0.0010538876457203	-0.0017955607119733	
-0.3949354947654343	0.1927054609029054	0.0000194838909001	0.0020832417659241	-0.4100774712333990	0.1770937086693299	-0.0000030435166715	0.0020833310990842	-0.4033744855532208	0.1656136890419484	-0.0000446395571607	0.0020828526380447	
0.1785576644603009	0.3021184648307531	0.0001365793850441	0.0020788291086883	0.1649474081676036	0.2958847742024195	0.0000779375690017	0.0020818676960432	0.1722820132215047	0.3010759492389216	0.0000706130831830	0.0020821303052546	
-0.3940564453796254	-0.0020818611471861	-0.0000395751034211	0.0020829555319868	-0.4067225583711625	-0.0187558414325649	-0.0000727659394760	0.0020820558081683	-0.3964990256294387	-0.0312383118894965	-0.0001047689043852	0.0020806840950110	
0.2418907961663668	0.3666682212125725	-0.0000074919995332	0.0020833197946354	0.2276038747295215	0.3614588720931322	-0.0000472732489511	0.0020827942361030	0.2336300345182603	0.3687459199196792	-0.0000721978582754	0.0020820756834962	
-0.3953974638458316	0.2864546462362147	-0.0000082157297182	0.0020833170525991	-0.4115995197296561	0.2718743180612944	-0.0000348413706439	0.0020830405131626	-0.4066472014094000	0.2604081342083897	-0.0000719456008472	0.0020820844591654	
-0.0208938087450135	0.1114353505849300	0.0001802238185073	-0.0020754841716796	-0.0319367395616514	0.1021414930043274	0.0004579149202578	-0.0020321274474486	-0.0217893042203595	0.1000073471396295	0.0001041875572531	-0.0020807134323621	
0.1662519896100476	-0.0674445390274678	0.0020780369309051	0.0000205454412735	0.1579342881030372	-0.0704232968154377	0.0020775854377139	0.0000480389765097	0.1766403818678633	-0.0759333642146946	0.0020770858779448	0.0000662845412782	
-0.4321543847568414	0.1520833397017205	0.0000072850081343	-0.0020833205324063	-0.4471863647011843	0.1354082722975248	0.0000421913503637	-0.0020829039238660	-0.4397678584366060	0.1229090491532594	0.0000706254854797	-0.0020821298825020	
-0.3655057511393988	0.0906327256877127	-0.0000774350310491	-0.0020818865423812	-0.3791956170992595	0.0750003972619843	0.0000492904196743	-0.0020827472408802	-0.3703519504604910	0.0645557022223985	-0.0000067554130967	-0.0020833223259276	
0.1796558624684155	0.1104136350519864	-0.0000153504441106	0.0020832764967690	0.1688585868953901	0.1041420496502356	-0.0000480825762226	0.0020827756167003	0.1801966511548250	0.1073173158489129	-0.0000839944846657	0.0020816309434821	
0.1781270540640342	0.2614759644047657	-0.0000380579816800	0.0020829839453788	0.1653556089444412	0.2552147753092834	-0.0000852562812268	0.0020815793897166	0.1731106590215680	0.2593413993109448	-0.0001113091974481	0.0020803427636373	
-0.3936154936423279	-0.0166525778178171	-0.0001243921784150	0.0020795977735966	-0.4054732199966687	-0.0333958025532158	-0.0004761011832727	0.0020279227457372	-0.3955251959156012	-0.0457839432762939	-0.0002380826437109	0.0020696160662172	
-0.1563223337748938	0.1777930189959551	0.0002010836904818	0.0020735574988967	-0.1698983899003650	0.1657206434943264	0.0001368643318593	0.0020788102742054	-0.1621336144226894	0.1614280689435827	0.0001628442147666	0.0020769272453710	
0.2093742864376192	0.1406208117537944	0.0000022423860928	-0.0020833321205006	0.1981619210131033	0.1343692988465720	0.0000247893582706	-0.0020831851067757	0.2091349708073742	0.1385544764098213	0.0000820560357246	-0.0020817086435742	
0.2075120705774586	0.3583315935861493	0.0000035306529626	-0.0020833303266314	0.1933818159533638	0.3520850591251359	0.0000239554838389	-0.0020831949115863	0.1992031309046273	0.3583196455143985	0.0000861402078652	-0.0020815428161135	
-0.4330497919770249	0.3322931848437860	0.0000088486550172	-0.0020833144474849	-0.4502024079618756	0.3166612430448338	0.0000295028223392	-0.0020831233769820	-0.4459392041004349	0.3041604010740830	0.0000673846846448	-0.0020822378226790	
-0.0210217429950827	0.1134903148934886	0.0000533379402699	-0.0020826470174865	-0.0322960193440570	0.1041486250281445	0.0003551560406289	-0.0020526837304290	-0.0218198403406330	0.1020834843268131	-0.0000351047106983	-0.0020830360696970	
-0.4313444555595136	-0.0177095621028224	0.0000003104931944	-0.0020833333100801	-0.4444481834640478	-0.0354110238805448	0.0000207105477665	-0.0020832298729795	-0.4338709278227099	-0.0478998289909023	0.0000565172180027	-0.0020825627459704	
0.5601991621234381	0.3854184543142708	-0.0000350037952076	0.0020830377764487	0.5436864348260444	0.3843793168702776	-0.0000626845601940	0.0020823853515529	0.5545749395859325	0.4020727838638491	-0.0001047516530550	0.0020806849679457	
0.2427185491213476	0.2906302721470060	-0.0000073975402881	0.0020833201338766	0.2293571623340944	0.2854133027627817	-0.0000622525155271	0.0020823983771096	0.2372495249158870	0.2916738488953651	-0.0000711355059618	0.0020821124332374	
0.1780021812980386	0.2718880998951589	-0.0000130838631701	0.0020832920422483	0.1650119828413859	0.2656128697677529	-0.0000539982754575	0.0020826299159315	0.1726203329143065	0.2698013310834692	-0.0000857047308877	0.0020815608817588	
0.2085600259346431	0.2249978287250369	0.0000212541924282	-0.0020832243699504	0.1962300235305643	0.2187469433798509	0.0000444505266795	-0.0020828567009903	0.2051433081956451	0.2239778436870943	0.0000994777159477	-0.0020809450787752	
-0.4324330451786438	0.2249988302591251	0.0000156192671514	-0.0020832744886210	-0.4483064850740126	0.2093669907050622	0.0000338514241961	-0.0020830569176336	-0.4422064264167586	0.1968891881541808	0.0000712987462489	-0.0020821068217633	
0.2410659154312288	0.4156253608537444	-0.0001879625365102	0.0020747942047969	0.2263732126448432	0.4093547267887608	-0.0001239317216971	0.0020796254025142	0.2306683064962771	0.4177067961228834	-0.0004292782634638	0.0020384002058990	
0.0305295758255151	0.2781158630688478	0.0004267999022130	0.0020389231697094	0.0160372578720672	0.2697853454893169	0.0006511459857704	0.0019784246454123	0.0237270967620462	0.2697919493480664	0.0002143077000638	0.0020722258712483	
0.1798325181239918	0.0124880681502721	0.0002107525810110	0.0020725922817860	0.1697373974099414	0.0061411053340428	0.0004601154900440	0.0020316278347951	0.1842384681543888	0.0072696469066997	0.0000396968207747	0.0020829532042658	
0.1589986519827580	-0.0033551438100360	0.0020755634791179	0.0001036690811055	0.1496426265594222	-0.0064087788156101	0.0020739776385006	0.0001317601339828	0.1672269415329342	-0.0110972764762228	0.0020645757245109	0.0002376254415487	
0.2093554426467950	0.1322914792872134	-0.0000097930171385	-0.0020833102012129	0.1982435777731413	0.1260390927007389	0.0000178062559992	-0.0020832568559181	0.2094311837660187	0.1301902119747458	0.0000686010067906	-0.0020821979059977	
0.5604628105060392	0.3656292148703776	-0.0000217951945804	0.0020832187521116	0.5442337507522446	0.3645772693329661	-0.0000533888522282	0.0020826457064448	0.5556815156649546	0.3812372425725242	-0.0001131269328942	0.0020802442179541	
0.1785763728412399	0.2468755066554001	-0.0000858074244529	0.0020815566298081	0.1660960409757489	0.2406242019788971	-0.0001071849297607	0.0020805604181951	0.1741019747566559	0.2447718326593334	-0.0001620810086348	0.0020769872433315	
0.1610510948705796	-0.0675570260168011	0.0020770025931279	0.0000688574246885	0.1527323860337343	-0.0705971263847731	0.0020758425921663	0.0000978916031816	0.1714505427651182	-0.0761452504957412	0.0020755029649558	0.0001048796178788	
0.1789978147578559	0.1750268861550194	-0.0000427010813086	0.0020828934843446	0.1673875271477236	0.1687588942241228	-0.0000669201649502	0.0020822528784394	0.1772029934823971	0.1718096394107356	-0.0001167438030013	0.0020800433724995	
0.1475432447864685	-0.0037695944741920	0.0020772792819978	0.0000598844468620	0.1381889006719785	-0.0069430543780722	0.0020766803140456	0.0000780172522110	0.1558927665715862	-0.0119647591294303	0.0020739807792578	0.0001317104398161	
-0.3949674564886310	0.2187489538337452	-0.0000130709236536	0.0020832921238798	-0.4103118045923629	0.2031293515065027	-0.0000416119727321	0.0020829156374898	-0.4041566332798601	0.1916684948644604	-0.0000803558037652	0.0020817752993410	
0.2452071427480308	0.0135411595453352	-0.0000291242331516	0.0020831287311194	0.2356032226602939	0.0083233149963250	-0.0000406092901157	0.0020829355264758	0.2501282346113211	0.0114332269943094	-0.0001235174823088	0.0020796501703763	
0.2098849877843779	0.0656249303801300	0.0000031089346269	-0.0020833310020051	0.1996501286352965	0.0593775616733045	0.0000229271483112	-0.0020832065409105	0.2124448448539692	0.0625229360186935	0.0000830073096248	-0.0020816707401017	
0.1797835750347583	0.0989591146442128	-0.0000286668702926	0.0020831351070543	0.1691508332900674	0.0927004380971253	-0.0000531971746275	0.0020826506358497	0.1807025108706002	0.0958264249932217	-0.0001034391128448	0.0020807509612129	
-0.4328147028632324	0.2718796886298687	0.0000079192348367	-0.0020833182064999	-0.4492770113731323	0.2562443573906180	0.0000283141407340	-0.0020831399553916	-0.4439734205055568	0.2437393232017434	0.0000670077539713	-0.0020822500475273	
0.2443022328724394	0.0708341392886602	-0.0000156342334242	0.0020832743757962	0.2339809395042934	0.0656293412309495	-0.0000523618146558	0.0020826719118021	0.2471114451190600	0.0697823361219195	-0.0000994659700666	0.0020809456430542	
0.0716191671445611	0.3520995906650314	0.0006425691691501	-0.0019812409203212	0.0581444807860930	0.3447873825028085	0.0005379493728634	-0.0020123219160190	0.0616223001778176	0.3457358415172256	0.0013863727966082	-0.0015519748987216	
-0.0122484211205311	0.0823451388253944	0.0006037294299671	-0.0019934803307253	-0.0224409187249563	0.0730004695050810	0.0002247697535620	-0.0020711116369457	-0.0126953444067408	0.0697296907418360	0.0006669218649869	-0.0019731361585064	
-0.1195140103091126	-0.4406514334554090	0.0019402621053012	-0.0007461997899136	-0.1199452930979918	-0.4576017711898727	0.0001635789043819	-0.0020768692212779	-0.1019264716739205	-0.4709224024724337	0.0011243380394601	-0.0017520882311732	
-0.4323843796209584	0.2020827895275510	-0.0000008135222931	-0.0020833331737017	-0.4480706118381092	0.1864568498896632	0.0000235577067077	-0.0020831994705107	-0.4414811568771203	0.1739626056161397	0.0000659485268839	-0.0020822840335449	
0.2092141162789052	0.1572969478619120	0.0000360204910128	-0.0020830203567217	0.1978451060498033	0.1510533707112601	0.0000567974673047	-0.0020825550834400	0.2083437947365976	0.1551819393046956	0.0001157444707247	-0.0020800994994548	
-0.3646678932762404	0.3624834381234944	-0.0006276140647097	-0.0019860529712507	-0.3821587332542608	0.3479358708951364	0.0002211002192006	-0.0020715085659440	-0.3782482661767552	0.3385491274567496	-0.0004632300759274	-0.0020309163997761	
-0.4316073973469603	0.0697890970838799	0.0000052721072728	-0.0020833266290991	-0.4457775787211737	0.0531246717690190	0.0000240549445344	-0.0020831937597360	-0.4368069441863983	0.0406096593011639	0.0000708597290426	-0.0020821218839659	
0.2082507315741753	0.2437548485101160	0.0000422763452962	-0.0020829021918441	0.1957351647394833	0.2375096052129231	0.0000693789671437	-0.0020821720004376	0.2041519458881134	0.2427313546922834	0.0001162973866240	-0.0020800685050497	
-0.3651150535900555	0.0343603234243896	0.0000421825474918	-0.0020829041030511	-0.3779882845513952	0.0187662593019234	0.0000256760416401	-0.0020831743129771	-0.3681048281821740	0.0072724358808022	0.0001019468285915	-0.0020808249785077	
