-0.0444330460441764	-0.0409111035955020	-0.0019023043897163	-0.0008386890719603	0.0859286840773745	-0.0215110578015302	-0.0019608779631623	-0.0006899174935564	0.2080983548742834	-0.0149202500118845	-0.0019925725603517	-0.0005916551595408	
-0.2772343418573626	-0.3975945817361924	0.0019825936131635	-0.0006244376581473	-0.1404590154877029	-0.3711522381812181	0.0020430858444569	-0.0003810261439457	-0.0208350536375815	-0.3667508860122304	0.0019313706566368	-0.0007690324360452	
-0.3460145704052825	0.3362133171638138	-0.0020775083662426	-0.0000512794857061	-0.2119577258983056	0.3484907247337372	-0.0020718739321224	-0.0001616355470850	-0.0945664517339802	0.3490914669082771	-0.0020602109790369	-0.0002730560845505	
0.5243201759978602	0.4979163995416793	0.0000074228526781	-0.0020833200433918	-0.5465472957250020	0.3312206823120440	-0.0020715471306977	-0.0001657917513939	-0.6639650683004273	-0.2768054522095663	0.0020781312936875	0.0000052881159203	
-0.1137495378489235	-0.0315327070600558	-0.0006934257668658	0.0019639326062541	0.0169833779261482	-0.0122991991853055	-0.0006965474505109	0.0019628220762071	0.1370143145142353	-0.0063324691919774	-0.0007022567045339	0.0019607764773277	
0.0403402274955825	-0.4309733258886897	0.0016817476931593	0.0012238641350629	0.1746643048108317	-0.4178726529818299	0.0017389241174442	0.0011407377029846	0.3033016314228805	-0.4279333822466379	0.0017850082323439	0.0010668046691895	
-0.1919384670405537	-0.3158379778460691	0.0017188866737568	0.0011708608190139	-0.0596879935076500	-0.2923256152442963	0.0017400010439508	0.0011390861267439	0.0609232206040442	-0.2892416391041630	0.0017544429148819	0.0011166012039011	
-0.2054051720450399	-0.3814540029496640	0.0011487157857213	0.0017361232198366	-0.0753916431004077	-0.3586386233896600	0.0011951304903604	0.0017043445300872	0.0440455169163735	-0.3575789736907337	0.0012412739104268	0.0016708690621088	
-0.2712966152091341	-0.3633098331665423	-0.0019184000912689	-0.0008009959871486	-0.1349741066410302	-0.3356839229540989	-0.0019369168086986	-0.0007548836814685	-0.0144955834898437	-0.3313892553476636	-0.0019512683678732	-0.0007167764620484	
-0.2718000499720054	-0.4687194741758572	0.0003585257307789	-0.0020520949225778	-0.1368450418938524	-0.4385214304488518	0.0003773679129863	-0.0020486967353116	-0.0148403778996435	-0.4323138830325390	0.0003923046164045	-0.0020458749691201	
-0.2585386345127855	-0.3577129156371541	-0.0018946996118465	-0.0008558149851222	-0.1236810715316558	-0.3311728306858686	-0.0019233349461269	-0.0007890128364619	-0.0031218291692279	-0.3270715657416861	-0.0019365483666904	-0.0007558330930115	
-0.2245446029680033	-0.3484708553049442	-0.0020740202380008	0.0001310844981418	-0.0925256778101510	-0.3237415381178007	-0.0020199999185841	0.0004893369042334	0.0271208576765203	-0.3201763863565414	-0.0018999971697152	0.0008439289212929	
-0.2170233713454462	-0.3045028578905080	-0.0018389710250430	-0.0009703263050826	-0.0832843265143892	-0.2797884729643135	-0.0018694857686088	-0.0009098373535667	0.0365686913125954	-0.2765167358683239	-0.0018550682236515	-0.0009390270309294	
-0.1298071078324649	0.0395690812630131	0.0009451282171018	0.0018554079096956	-0.0000909838586908	0.0583452477860368	0.0006630746547123	0.0019744388296785	0.1185919536592169	0.0656088954607290	0.0006556218736483	0.0019769385043206	
0.0070928582470475	0.0758628833023610	0.0014991636071030	-0.0014427524917634	0.1388206373087039	0.0985238693604378	0.0015509190844664	-0.0013866816461414	0.2631978282334885	0.1097098633145376	0.0015380141752042	-0.0014010524445343	
0.0010064752050557	-0.4645581202336095	0.0012007070210423	0.0017004008145250	0.1324466580032316	-0.4493907667640528	0.0013327696588813	0.0015984712501657	0.2601438743239342	-0.4576496021170142	0.0013794095039024	0.0015581981430832	
0.1226731301770448	-0.3792613005487226	0.0017570593506710	0.0011124588229813	0.2607761440920626	-0.3697429809993173	0.0018026235988656	0.0010366090730457	0.3970429628582883	-0.3804424646104732	0.0018701408164183	0.0009084834133111	
-0.2670861872010442	-0.5010416553015147	0.0000000239641667	-0.0020833333331948	-0.1304373449245986	-0.4697681654709864	0.0004288927829585	-0.0020384817545728	-0.0081672744530328	-0.4635336895608517	0.0004457950241501	-0.0020348340635345	
-0.2545795824601574	-0.3975030166587460	0.0020781339998956	0.0000040816837693	-0.1205280274126400	-0.3714737807424066	0.0020757992612557	-0.0000988107331813	-0.0020824586554927	-0.3679986862322175	0.0020683638524287	-0.0002018201385087	
-0.1120207953004000	0.0537901987492579	0.0017040184608403	0.0011925025452072	0.0177300761614793	0.0738385571305109	0.0017168078965707	0.0011739219973441	0.1360339347901587	0.0813921969778232	0.0016871827557701	0.0012163229040813	
-0.2769824082938793	-0.4312680559707691	0.0001885209096867	-0.0020747432905292	-0.1420769957206343	-0.4020915457532929	0.0002091959342737	-0.0020727507690623	-0.0203469032873818	-0.3958360953808992	0.0002367895116227	-0.0020697651577332	
0.0156043610706450	-0.4489834874982517	0.0016079572762992	0.0013197755047057	0.1457726727451458	-0.4369077769846861	0.0016668347849076	0.0012441987469794	0.2715384433789604	-0.4473759713419018	0.0016840126504267	0.0012207300903887	
-0.0384142833059371	0.0787178971470468	0.0020316321403027	0.0004382752348037	0.0914367233310048	0.1000172067888572	0.0020243538239650	0.0004709073354712	0.2120196077155442	0.1099139178528587	0.0020099775553522	0.0005291906138926	
-0.2768872823051498	-0.4322691155116108	0.0001915714000728	-0.0020744624482195	-0.1419732631372469	-0.4031365197668550	0.0002119395779830	-0.0020724706319750	-0.0202245216537504	-0.3968665247550979	0.0002381165836044	-0.0020696121420405	
-0.1984355801962948	0.3369962590801494	-0.0020774140446031	-0.0000549858772145	-0.0696005388438120	0.3560929151450262	-0.0020715554508627	-0.0001656872383781	0.0457854828553741	0.3641732755748962	-0.0020602505744017	-0.0002727556733710	
-0.3750854748243029	0.3357962236187277	-0.0020774502549783	0.0000535933233850	-0.2389856421985235	0.3468487065650961	-0.0020774585838523	-0.0000532678641835	-0.1215829734467546	0.3460265618846217	-0.0020711806595560	-0.0001703311347137	
-0.0747515658833846	0.0693276074425205	0.0020013708642747	0.0005610169163624	0.0551326914336274	0.0902185101301365	0.0019906546189720	0.0005981084097150	0.1745212350055779	0.0991982706365928	0.0019860872779543	0.0006131783878740	
-0.2763256235521287	-0.3978033110704478	0.0020210841773590	-0.0004848165525888	-0.1404590154877029	-0.3711522381812181	0.0020430858444569	-0.0003810261439457	-0.0208350536375815	-0.3667508860122304	0.0019313706566368	-0.0007690324360452	
-0.2038221089089011	-0.3790729571078226	0.0011037197453608	0.0017652144066271	-0.0732755690307281	-0.3555010863683136	0.0011278526063809	0.0017498165813099	0.0465748962334731	-0.3540540043790821	0.0011544076506866	0.0017323247788991	
-0.0010268373333345	-0.0271110796076325	-0.0019603508812373	-0.0006914212201870	0.1299506521431093	-0.0074488519720016	-0.0019689869384175	-0.0006663028107518	0.2537435484676160	-0.0004953180296267	-0.0019700775621124	-0.0006630549686869	
-0.0852110691299952	-0.0489315802700047	-0.0019660272288947	-0.0006750290658961	0.0446359593508808	-0.0289993589255826	-0.0019635889043423	-0.0006821245396457	0.1650685456476138	-0.0234597427900464	-0.0019285917553441	-0.0007760096916528	
-0.1143014378685677	0.0520894585644807	0.0016917096384401	0.0012099871828756	0.0146684797963957	0.0717006724687533	0.0017040867022094	0.0011924045379992	0.1329920877721191	0.0791784508144461	0.0016742824318103	0.0012341079725317	
-0.3449751644394857	0.3362414343508101	-0.0020776108390821	-0.0000469219265947	-0.2109200810460731	0.3485550399507790	-0.0020720843728044	-0.0001589013119272	-0.0935374351452900	0.3492118298770006	-0.0020606247362836	-0.0002699000998250	
0.0662839373974935	-0.4131083779500276	0.0017342620407492	0.0011478483478923	0.2016639076201566	-0.4012577214544801	0.0017764579460392	0.0010810532853630	0.3336693565343857	-0.4107639938685064	0.0018213594455017	0.0010031550545514	
-0.0063377562573824	-0.4937547868829888	-0.0002047438951106	0.0020731974949048	0.1228232740500038	-0.4780946479043467	-0.0003448277220804	0.0020544528093654	0.2493768465464943	-0.4854166458888564	-0.0002235249640310	0.0020712470250826	
-0.1858936610257440	-0.3104573383324391	0.0010184318476006	0.0018160071172515	-0.0540734735258138	-0.2874802141135989	0.0012071064914497	0.0016958411065770	0.0671763687879142	-0.2841844161601491	0.0012728548832145	0.0016468173245047	
0.0092905782311847	-0.0227905726602447	-0.0018949173564529	-0.0008553303391694	0.1412049985047055	-0.0029060110491205	-0.0018944170567256	-0.0008564433915566	0.2650160466265566	0.0040623363098385	-0.0019022711528362	-0.0008387648327739	
-0.2738556857845641	-0.4562364996632827	0.0003184619651915	-0.0020587258269437	-0.1387897611606568	-0.4270728810213841	0.0003256638379543	-0.0020575932287248	-0.0170761240974747	-0.4198016783317395	0.0003402520189225	-0.0020552193947712	
-0.3007155656057054	-0.3822925925593122	0.0006806352367087	-0.0019684243026591	-0.1648101481045957	-0.3551751125655648	0.0004341436566858	-0.0020373643467872	-0.0443145216862971	-0.3499846306345841	0.0004621325455947	-0.0020311676742310	
-0.2779885205649753	-0.4187111721521561	0.0001392696321961	-0.0020786497169914	-0.1430400157430224	-0.3895163771516627	-0.0000288161352153	-0.0020831330373001	-0.0209639150518554	-0.3833975562420223	-0.0004366592897226	-0.0020368239722923	
-0.2369470155788156	-0.3975193206366427	0.0020764986458250	-0.0000827343307977	-0.1038992551146508	-0.3722044089491777	0.0020770295431404	-0.0000680355294035	0.0145753994427515	-0.3695316164850752	0.0020780415675270	-0.0000200685953948	
-0.2472399761197500	-0.3521787839617118	-0.0017884500322963	-0.0010609955236510	-0.1122980594809684	-0.3259108674532110	-0.0017923470528196	-0.0010543657819103	0.0084096348039698	-0.3220473744292124	-0.0018296452127342	-0.0009878852376486	
-0.2671598104405836	-0.4979182725074248	0.0001032210772737	-0.0020807618430371	-0.1311161071439372	-0.4666761000620152	0.0004271730405690	-0.0020388446352471	-0.0088797550668140	-0.4603897751860420	0.0004464169380654	-0.0020346970313102	
0.0529833800560011	-0.4218615562077139	0.0017106414637090	0.0011829344022352	0.1880218186194440	-0.4092933697869506	0.0017757155971278	0.0010822783187326	0.3189717423531480	-0.4187102061355166	0.0018120864575026	0.0010198929545828	
-0.0686782868249309	-0.0455097483529085	-0.0020554043838931	-0.0003073121479039	0.0612639649555752	-0.0259006978958439	-0.0020599058573984	-0.0002753598657228	0.1828405764432447	-0.0196670324793186	-0.0020586741083498	-0.0002844670624113	
-0.2100826004669915	-0.3430420703405881	-0.0020731758049992	0.0001438843524827	-0.0777110451648457	-0.3194531668135159	-0.0020479534719966	0.0003537902966289	0.0416787707519460	-0.3164870997461947	-0.0020604502084530	0.0002712358878581	
-0.1188663879479612	-0.0158021639678663	-0.0006239393526827	0.0019872162759110	0.0118705908413277	0.0033146991870390	-0.0006260858014479	0.0019865376865171	0.1312566460698716	0.0105642444912276	-0.0006619177884910	0.0019748289052266	
-0.1063166923499627	-0.0473354545917903	-0.0012439575235978	0.0016688620776505	0.0241919040534850	-0.0277165243436194	-0.0012315333557502	0.0016780972916389	0.1437196551962655	-0.0214596634213675	-0.0011559535405406	0.0017312884495431	
-0.0925679651768569	0.0639526368374435	0.0019550994043442	0.0007062068665915	0.0374002873904843	0.0844006074276787	0.0019372178872828	0.0007541068320691	0.1568046163322171	0.0930583730170293	0.0019246031758254	0.0007858986931215	
-0.2719928251488343	-0.4676920857900336	0.0003549633410801	-0.0020527172289202	-0.1370430342417687	-0.4374928903086637	0.0003714795060955	-0.0020497780140128	-0.0150410838683481	-0.4312856651950485	0.0003877539823599	-0.0020467466676363	
0.0138742799192261	0.0637009790079509	0.0007490512882692	-0.0019432938659455	0.1463524747088581	0.0853507586570627	0.0007373988257069	-0.0019477675852118	0.2710662418005078	0.0957768801811542	0.0007507297438133	-0.0019426428213444	
-0.0373873932990260	0.0789077529033387	0.0020329156414237	0.0004322524874937	0.0924582463625081	0.1002331795665438	0.0020258151591698	0.0004645486345001	0.2130333371863755	0.1101769158775204	0.0020105978159166	0.0005268172518768	
-0.0811195940415369	-0.0476570645575590	-0.0020200194021908	-0.0004892560655061	0.0487652863757349	-0.0278565473986040	-0.0020198561185210	-0.0004899331032766	0.1683899356489559	-0.0220911363048691	-0.0019890471622574	-0.0006034591072278	
-0.5496689488997575	0.3348127741391710	-0.0020779089415580	0.0000309304843826	-0.3989883380323920	0.3383038151066465	-0.0020768026231639	-0.0000746735534659	-0.2711650576744473	0.3298981241927623	-0.0020715214284656	-0.0001661141897503	
-0.5392716392902558	0.3346044801114075	-0.0020772153672548	0.0000620726168322	-0.3896508895156768	0.3385422265699887	-0.0020777336613177	-0.0000410943239482	-0.2649727641513485	0.3303244860492958	-0.0020729214555118	-0.0001475213339890	
-0.2891217843520170	-0.3931140463783490	0.0019724514197331	-0.0006559238031401	-0.1525140609247720	-0.3663220986548233	0.0019261447856427	-0.0007820937834634	-0.0322476902967067	-0.3615110797614369	0.0019053962024987	-0.0008316055104418	
-0.1205791929192950	-0.0104350673166876	-0.0006167766188013	0.0019894622227392	0.0100562479925974	0.0092430424998539	-0.0006124566246194	0.0019908030542366	0.1296242195012033	0.0155178560301341	-0.0006519432668136	0.0019781607487969	
-0.1957300020556289	-0.3604008892467800	0.0002623130858244	0.0020666700636427	-0.0654943204062232	-0.3385387936210839	0.0003680460486891	0.0020504003871782	0.0545034179514154	-0.3375590982152942	0.0004505130977596	0.0020337894797043	
-0.2807586069646600	-0.3961722116634345	0.0019253782737784	-0.0007839883314788	-0.1452583018110316	-0.3694716130566868	0.0018909562151042	-0.0008640957383750	-0.0250757859110869	-0.3647919095671815	0.0018702792622043	-0.0009081969359120	
-0.0260115284978121	-0.0320948137724599	-0.0020741215868675	-0.0001294628576279	0.1049294711945739	-0.0124109869455221	-0.0020722503293499	-0.0001567112129543	0.2265766252588421	-0.0054755001870934	-0.0020676624819330	-0.0002089181124567	
-0.3107168525377431	0.3359512563130845	-0.0020781031192093	-0.0000120685598382	-0.1776837695435067	0.3499056996557347	-0.0020762859433009	-0.0000879357681277	-0.0613106219249822	0.3523617602238656	-0.0020677045398609	-0.0002084993573915	
-0.0706195318756080	0.0705346696855321	0.0019987406065365	0.0005703630220953	0.0592480175617999	0.0915203773149061	0.0019883250151995	0.0006058461198208	0.1786455971272994	0.1004428037412390	0.0019833327608835	0.0006220741982489	
-0.2307268310510030	-0.3977079634137048	0.0020763227241161	0.0000870585914675	-0.0977533880362828	-0.3725763678327564	0.0020775515833953	-0.0000494885524371	0.0218332009005764	-0.3698728308309685	0.0020692651427577	-0.0001923109304659	
-0.1312519406825033	0.0323001051191640	0.0000095957020732	0.0020833111239843	-0.0008271958448663	0.0510439519794249	-0.0001192228870853	0.0020799020461672	0.1178877379399784	0.0583456215566951	-0.0001213886725962	0.0020797761417515	
0.0725455713922758	-0.4088662739881316	0.0017293613237839	0.0011552554024202	0.2077208342761513	-0.3976043166573450	0.0018016098816514	0.0010383787050237	0.3409145503890403	-0.4066717535494327	0.0018356161377179	0.0009766896540923	
-0.1191359706536634	0.0485903376397278	0.0017088199817762	0.0011855772723019	0.0098187354565241	0.0683316780637497	0.0017194443528007	0.0011700375946662	0.1282650181846000	0.0756482674697014	0.0016814842112118	0.0012242279233370	
-0.1872753306939799	-0.3123636561979202	0.0015361891297243	0.0014030632918909	-0.0550238891555263	-0.2885673636714938	0.0014553400926295	0.0014871649811115	0.0656731772792081	-0.2855428205416061	0.0015109551593836	0.0014303367044100	
0.0705694270332415	-0.4101982344332982	0.0017111885434155	0.0011821389150463	0.2056818150832183	-0.3987890296498631	0.0017756171667336	0.0010824406072681	0.3377373589060195	-0.4084723250913364	0.0018027305633330	0.0010364221123165	
-0.2707124492972267	-0.4749598791837389	0.0003794410130827	-0.0020483118703239	-0.1356737504733512	-0.4447584948980356	0.0004077011966802	-0.0020428473686983	-0.0135888589573849	-0.4385488334406422	0.0004205872167942	-0.0020402202325306	
-0.1185295544653978	0.0490421886203978	0.0017064744218420	0.0011889677667083	0.0104278341503347	0.0687139979436053	0.0017208698052031	0.0011679295433288	0.1288211959946454	0.0760632486622683	0.0016815514589075	0.0012241350904551	
-0.0478308452098026	0.0765349609932363	0.0020227936836441	0.0004775975781606	0.0820947985148545	0.0978042447278571	0.0020202075280706	0.0004884747908356	0.2026055060410888	0.1074204301502401	0.0020125623806074	0.0005192235455144	
-0.0674816113223612	0.0713700062596663	0.0019978184849528	0.0005736006798922	0.0623792537436113	0.0924465554289922	0.0019887027055896	0.0006045989711677	0.1819151302250972	0.1015676215630110	0.0019834678741114	0.0006216411003968	
-0.3543323971648582	0.3359738147980570	-0.0020769284627484	-0.0000710691143021	-0.2192425662088562	0.3478618870943830	-0.0020716945281102	-0.0001639303034770	-0.1018454462699881	0.3481440615108737	-0.0020597436463720	-0.0002765766686922	
-0.2400251356888001	0.3364743182869542	-0.0020780260851709	0.0000216198143226	-0.1101754065648204	0.3536374116583941	-0.0020766755348837	-0.0000781449971171	0.0051751290391164	0.3595482550890001	-0.0020690674743143	-0.0001944366399239	
-0.1152762599498890	-0.0270523874362122	-0.0006632739041937	0.0019743715696030	0.0153477553080043	-0.0074144315483445	-0.0006572621395917	0.0019763910519118	0.1351582478110864	-0.0010005747085746	-0.0006704004736866	0.0019719510616907	
0.0269439835299087	0.0239467845690120	0.0005905947869500	-0.0019974306957638	0.1598128838646969	0.0447571852106206	0.0006037176239484	-0.0019934839240626	0.2856877297348214	0.0541557263759700	0.0006618712834419	-0.0019748445700848	
-0.0058875792623664	-0.4782311069852271	0.0005270772070181	0.0020152113058918	0.1232555567133704	-0.4655059484018764	0.0005276203556467	0.0020150684559070	0.2497203041758365	-0.4761176626161917	0.0004190445278314	0.0020405392356927	
0.0106601640105181	0.0710028599773618	0.0010135184896325	-0.0018187675855324	0.1432101595522395	0.0926006931805906	0.0009692611869315	-0.0018428530384632	0.2672490051269653	0.1042990351835370	0.0010114421421221	-0.0018199288725216	
-0.2296501026760084	-0.3135258206465439	-0.0014823176063648	-0.0014601411682775	-0.0958765383084271	-0.2882554299750471	-0.0015034604343176	-0.0014382518577682	0.0245333702932690	-0.2850382900565185	-0.0014597014635833	-0.0014828629256018	
0.0018728144325763	-0.4633769263666926	0.0012371007403347	0.0016739766664199	0.1338682131913768	-0.4477537483679960	0.0013781990979214	0.0015592741866151	0.2616380920990563	-0.4560405184902993	0.0014281393823208	0.0015134348431886	
-0.0696142101575784	0.0708057392445586	0.0019980277645783	0.0005728676149804	0.0602474161578560	0.0917959090216603	0.0019872494564506	0.0006093823851664	0.1797951106032057	0.1008157483633522	0.0019836099254100	0.0006211854054828	
-0.1234779954461999	0.0457237477614081	0.0017320072894401	0.0011512647531272	0.0055597949286809	0.0654333064568939	0.0016930942103173	0.0012080393274612	0.1233655995032118	0.0720095625079579	0.0016170125897438	0.0013086092127714	
0.0173688400092835	0.0540689451703784	0.0006752864881846	-0.0019702748608693	0.1496522122041736	0.0760504732407331	0.0006837637504599	-0.0019673343195609	0.2748121264749684	0.0855926360371494	0.0007064544622012	-0.0019592604119517	
-0.2337904885986290	0.3364088723190081	-0.0020780113218428	0.0000230017495740	-0.1038931763448936	0.3538914990584559	-0.0020768743120581	-0.0000726421114612	0.0114594672943099	0.3601281084472527	-0.0020690049054245	-0.0001951046327762	
-0.2780551087267700	-0.4176604764081903	0.0001021649062016	-0.0020808142291283	-0.1429845836073441	-0.3884435579199398	-0.0001579710376937	-0.0020773054659381	-0.0205806364260782	-0.3822072863637000	-0.0007294347925699	-0.0019507790649158	
-0.0124288564447183	-0.0304244008035681	-0.0020056477971785	-0.0005454506711198	0.1185271737348511	-0.0108484056194688	-0.0020037506104695	-0.0005524138778334	0.2420586960020985	-0.0038781361309685	-0.0019950873682626	-0.0005830758316091	
-0.0405622453691451	-0.0384971645462815	-0.0016267134829335	-0.0012964696293059	0.0899624773909070	-0.0192983018596727	-0.0016750472594382	-0.0012330644766895	0.2122354878450591	-0.0127915971501046	-0.0016807103822658	-0.0012252953916730	
-0.2026172298194693	-0.3770839874011758	0.0010700554939165	0.0017859246253830	-0.0725033351106503	-0.3542970577123605	0.0011041621276198	0.0017649363398860	0.0470447675035024	-0.3532962467424060	0.0011402010164716	0.0017417551500312	
-0.1997087060840892	-0.3206527916472503	0.0018040722085074	0.0010340732662017	-0.0668199393808351	-0.2965723009866577	0.0018108068719284	0.0010221744708380	0.0537278424600525	-0.2934394752509473	0.0018176786328551	0.0010098424320930	
-0.1134316839925366	-0.0323925122990408	-0.0006964422452968	0.0019628595941355	0.0171717058340466	-0.0127890467687142	-0.0007005297959016	0.0019613972075334	0.1372953545904879	-0.0072109671073543	-0.0006977737096934	0.0019623843008029	
0.1194802350725990	-0.3812287128526285	0.0017869370546181	0.0010635544477244	0.2575219206286826	-0.3715709827436994	0.0018286968415141	0.0009896484618781	0.3936984025456345	-0.3820555014297860	0.0018798987119012	0.0008880126279030	
-0.3034166920137460	0.3361004909950570	-0.0020768528692497	-0.0000732556470713	-0.1714472968620790	0.3503025872927032	-0.0020723294992343	-0.0001556555032096	-0.0550671021509137	0.3530694638469191	-0.0020604056328850	-0.0002715759855864	
-0.0067790126959950	-0.4885385005376537	-0.0001129155080249	0.0020802557622991	0.1223584967493507	-0.4729148557096282	-0.0000166315975807	0.0020832666135089	0.2492839777072647	-0.4791570605769825	0.0001952381586427	0.0020741188517675	
-0.2394557662882273	-0.3413664299734435	-0.0000938605868054	-0.0020812073092107	-0.1057018655355156	-0.3158117332422044	0.0000655335451163	-0.0020822972007312	0.0153375185656777	-0.3112921953722066	0.0001411836680599	-0.0020785199447997	
0.0204767767690016	0.0447075460967290	0.0006533004466585	-0.0019777107041467	0.1531454474234019	0.0657362713878333	0.0006640721323685	-0.0019741018883547	0.2782274046988663	0.0759686852052620	0.0006946542302087	-0.0019634962540912	
-0.2233749161389521	-0.3083715806382811	-0.0017067172436260	-0.0011886174337505	-0.0901734515282542	-0.2836840226320308	-0.0017238256468779	-0.0011635404893242	0.0302025205978924	-0.2803107787950390	-0.0017096400733534	-0.0011843884428377	
-0.2325661428523364	-0.3168062309453678	-0.0012721447720687	-0.0016473686838011	-0.0988576765407246	-0.2915576270801923	-0.0012800668348669	-0.0016411896841845	0.0221533801972409	-0.2877418324258286	-0.0012645267030662	-0.0016532528125405	
-0.2119763062913391	0.3365907866309962	-0.0020773097353438	-0.0000588131995611	-0.0820781526413680	0.3551140324535263	-0.0020724172603069	-0.0001544767530978	0.0332361447885386	0.3625986221546678	-0.0020623669452320	-0.0002561776540301	
0.0323633765395596	-0.4366931150660070	0.0016948992099706	0.0012054928763325	0.1664400465177330	-0.4232378703754958	0.0017467951461879	0.0011285871512806	0.2961059168820209	-0.4322386390653433	0.0017883959302778	0.0010610871710545	
0.0292754718649234	-0.0095491316213624	-0.0009687431333529	-0.0018431267828535	0.1619270335060156	0.0095669965145695	-0.0008887952608702	-0.0018831797682968	0.2888326155925267	0.0167033053825315	-0.0009795838521728	-0.0018373593372881	
0.0225034137543539	0.0384561568204269	0.0006322691189385	-0.0019845685221967	0.1552121655812921	0.0594691303326158	0.0006410165916293	-0.0019817463075633	0.2807437585551040	0.0688011206904676	0.0006767565778518	-0.0019697678676146	
-0.1084690567638025	-0.0441631230402174	-0.0010107746826127	0.0018203015151515	0.0222826199307222	-0.0245271457867161	-0.0010402687104664	0.0018035246683533	0.1422552213531079	-0.0188493744520840	-0.0010114377475214	0.0018199313270812	
-0.0240867400292901	-0.0969741794865084	0.0006622657747763	-0.0019747116499203	0.1074289717562873	-0.0779076475074897	0.0006948677143607	-0.0019634203355007	0.2320453515678231	-0.0727353070241312	0.0007149639769832	-0.0019561557267043	
-0.2774322099542443	0.3365390107961599	-0.0020781009677706	0.0000124353013561	-0.1465068201501857	0.3520539393825046	-0.0020756422541757	-0.0001020716895342	-0.0301188968865884	0.3561275300630132	-0.0020682517329482	-0.0002029716368672	
-0.1992360808427460	-0.3709411866383582	0.0009231717316957	0.0018664847105741	-0.0694264324867880	-0.3490437258117809	0.0009769480384973	0.0018387692093715	0.0504718964813993	-0.3477088482379150	0.0010013593152232	0.0018255238782880	
-0.0717539832670940	0.0702339142252863	0.0020003936893127	0.0005645086191823	0.0571106398080476	0.0908756583601028	0.0019907473515765	0.0005977981395597	0.1766643761362904	0.0998656686288254	0.0019842743151441	0.0006190491812813	
-0.2730812023310413	-0.3639899443134353	-0.0019224852690859	-0.0007910912211567	-0.1371356658037592	-0.3365122574058049	-0.0019396531959658	-0.0007477890547900	-0.0166650970672444	-0.3321846327923992	-0.0019548111671828	-0.0007070083181241	
-0.0861763284058951	-0.0492035038819826	-0.0019567255986863	-0.0007016658065181	0.0437081939099491	-0.0294304116270396	-0.0019515140402211	-0.0007161039664796	0.1631682417241247	-0.0240856808415009	-0.0019054071872744	-0.0008315802153797	
-0.0944676024773610	0.0631558198649761	0.0019404780602056	0.0007456352097597	0.0352803621717721	0.0835200170996429	0.0019182006057990	0.0008014759815709	0.1547089372109418	0.0920635754565415	0.0019069613662879	0.0008279920826103	
-0.1296251781475972	0.0208652054983752	-0.0004690596721458	0.0020295712211593	0.0009549139856435	0.0406140858801615	-0.0004881087287106	0.0020250518282295	0.1200059921177713	0.0469547858826169	-0.0005186611610939	0.0020174046816248	
0.0075389729232477	-0.4565110283232324	0.0014215572730928	0.0015196499404582	0.1390477585419904	-0.4424933018259455	0.0015392495813990	0.0013996882686919	0.2663569733090378	-0.4514620211142295	0.0015742178579128	0.0013600402993197	
-0.1932585050234282	0.3370745033166220	-0.0020781221692882	-0.0000081287969459	-0.0644439887763548	0.3565124684448894	-0.0020738905629959	-0.0001331304577095	0.0508719901870065	0.3648904633813315	-0.0020634401218759	-0.0002473400581596	
-0.2265172551884410	0.3363715917212591	-0.0020781354691892	-0.0000032438850298	-0.0966352445380968	0.3542108430621815	-0.0020760098607860	-0.0000942592946660	0.0186538665061683	0.3609263603872739	-0.0020664083393076	-0.0002210372098146	
-0.5486282784309119	0.3347874890213378	-0.0020778750080419	0.0000331424381879	-0.3979515976570315	0.3383320999023168	-0.0020768858619218	-0.0000723094794390	-0.2711650576744473	0.3298981241927623	-0.0020715214284656	-0.0001661141897503	
-0.2003090808961021	-0.3730221614075049	0.0009856087795919	0.0018341182940674	-0.0705603980390491	-0.3510894380080559	0.0010371485716020	0.0018053297508825	0.0490480963661958	-0.3501116639306416	0.0010692336878828	0.0017864192256294	
0.0123148803777758	0.0676304014857396	0.0008424785741478	-0.0019044564429456	0.1445805821653546	0.0896596488936878	0.0008375586425164	-0.0019066361454988	0.2692849805926665	0.1000843097920719	0.0008305430893815	-0.0019097179462110	
-0.2192432136018299	0.3364371104855873	-0.0020777881123928	-0.0000382274515939	-0.0893866507385076	0.3546568853187920	-0.0020740039541411	-0.0001313431751109	0.0259520964285150	0.3616760291262197	-0.0020634660609707	-0.0002471224802596	
0.0288080447888961	0.0176720816371345	0.0005945016530415	-0.0019962655615624	0.1617217020167327	0.0384906161011713	0.0006073975942050	-0.0019923601520108	0.2880956071486130	0.0469174188643935	0.0006689560245852	-0.0019724439934372	
-0.1186105775456732	-0.0167345406583311	-0.0006283814827774	0.0019858090808397	0.0120391426214580	0.0029357838341975	-0.0006298147996917	0.0019853526848625	0.1317131897204527	0.0092618196294575	-0.0006599273656142	0.0019754982681215	
-0.2587549686062404	-0.3975321095788392	0.0020780893976957	-0.0000142465747278	-0.1246828997628004	-0.3712473794874870	0.0020727042841791	-0.0001505568405324	-0.0051920394536904	-0.3676174300511038	0.0020579338257387	-0.0002898003091442	
-0.2202389880932713	-0.3063322564989814	-0.0017777496824499	-0.0010789171062680	-0.0870316292830319	-0.2817355198769434	-0.0017981620602839	-0.0010443676747634	0.0333442233098344	-0.2782985363081557	-0.0017895661544448	-0.0010591024528434	
0.0852924113763486	-0.4011965595618609	0.0017350051935700	0.0011467191142278	0.2204402309184152	-0.3909220340907799	0.0017882107893688	0.0010614007140639	0.3532949194616331	-0.4010681585661816	0.0018624212507587	0.0009242835707146	
-0.1797413655722744	0.3366787479325684	-0.0020755827312418	0.0001032809755201	-0.0509222875496559	0.3568920069481483	-0.0020781361125988	-0.0000027991458090	0.0644121208959345	0.3659705774337303	-0.0020747483004393	-0.0001189431016195	
-0.0946787764798082	0.0630205165814337	0.0019370001566593	0.0007546687174085	0.0352803621717721	0.0835200170996429	0.0019182006057990	0.0008014759815709	0.1537665632420181	0.0917216735231554	0.0019004932529483	0.0008428055683471	
-0.3148777945572849	0.3359809478727862	-0.0020778670531505	0.0000336399343757	-0.1818462655593571	0.3497666452880555	-0.0020775899701486	-0.0000478415710421	-0.0654600418731432	0.3519667131273120	-0.0020716389652230	-0.0001646344814626	
-0.0029723722219726	-0.4709192290735223	0.0009739463296733	0.0018403688594564	0.1275522730235992	-0.4560711443939282	0.0011152680558752	0.0017579044494076	0.2546997894969197	-0.4646770826943217	0.0011508952203492	0.0017346719839829	
0.0332265281924710	0.0010436966531869	0.0002033438927080	-0.0020733359681810	0.1664619983585636	0.0208127556377206	0.0001545374436638	-0.0020775650165313	0.2934924209879272	0.0291330900094844	0.0002324126992113	-0.0020702636786437	
-0.2058650012750327	-0.3822096545915778	0.0011672787822928	0.0017236347662818	-0.0758692691440377	-0.3593632298645850	0.0012151573689040	0.0016900526857538	0.0435649999409885	-0.3582777251293066	0.0012606783514579	0.0016562039093141	
-0.0225616393680935	-0.1008789202299276	0.0008582447744514	-0.0018973682196109	0.1092321392817293	-0.0822228174056356	0.0008741311631746	-0.0018900653917879	0.2338842713260944	-0.0770330360561831	0.0008823182912809	-0.0018862382981157	
-0.3210983775871839	0.3361338163976937	-0.0020772348941696	0.0000614123769233	-0.1880811686367028	0.3496447393781024	-0.0020777611987905	-0.0000396703763506	-0.0717045029452875	0.3514804546312935	-0.0020724849876476	-0.0001535608630817	
0.0902254916233889	-0.3976895983456383	0.0016632484377905	0.0012490128682945	0.2263066290875713	-0.3872096967948047	0.0017457113158042	0.0011302712916532	0.3598416342769601	-0.3973585777763187	0.0017860552111017	0.0010650420917181	
0.0821143641246352	-0.4031858288524848	0.0017937564375897	0.0010519542289628	0.2171854687116932	-0.3927564118231402	0.0018438404960756	0.0009609942848483	0.3502860740204434	-0.4024384146464887	0.0019026828267949	0.0008378258783534	
-0.0067322929130628	-0.4832682921187201	0.0001830739486323	0.0020752334609102	0.1224137239923646	-0.4708173005457650	0.0001376033454534	0.0020787612429889	0.2491731257256469	-0.4812430854025614	0.0000398126322622	0.0020829509828498	
-0.2402506514289390	-0.3456217529844367	-0.0008619182882856	-0.0018956939318554	-0.1060683190796745	-0.3197107385861527	-0.0006637153425124	-0.0019742224743869	0.0153498637292057	-0.3153869520000671	-0.0004574355634118	-0.0020322359456606	
-0.3377005755240836	0.3363362448974717	-0.0020780938854866	-0.0000135727459631	-0.2036591957830634	0.3490285195427699	-0.0020740891516351	-0.0001299840500458	-0.0872833089034730	0.3500191185253703	-0.0020639665077644	-0.0002428860208882	
-0.2080365006620791	-0.3852543260555002	0.0012605553260519	0.0016562980160108	-0.0781385157205878	-0.3623336489189194	0.0013246722033964	0.0016052216612875	0.0412200324117107	-0.3611633356655139	0.0013764002627753	0.0015608702269912	
0.0197610160010253	0.0468804137774749	0.0006608227528101	-0.0019751974342584	0.1522573793324371	0.0686089806355085	0.0006700926787872	-0.0019720561990525	0.2774613463065116	0.0781343330222088	0.0007002636808417	-0.0019614927081564	
-0.2994829739777358	-0.3758724244995438	-0.0014173223651212	-0.0015236202028901	-0.1623936721736722	-0.3465922067009009	-0.0016645025161447	-0.0012473327512499	-0.0404443352380696	-0.3407164143668991	-0.0017946075697191	-0.0010504942827003	
-0.2524851537780632	-0.3975190732655504	0.0020777786633684	-0.0000387401688566	-0.1184408630389105	-0.3715928529845160	0.0020740370130379	-0.0001308174815719	-0.0000144672136909	-0.3681896719298498	0.0020705680247157	-0.0001776591617484	
-0.2296345014284604	0.3363755907407150	-0.0020781076601235	0.0000112553390415	-0.0997462504134775	0.3540643576816304	-0.0020765509428260	-0.0000814044847460	0.0155718514570600	0.3605616881617511	-0.0020678523292730	-0.0002070210876625	
-0.1964899882451676	-0.3521253076962134	-0.0006852017760059	0.0019668314269868	-0.0659252225857073	-0.3293335164961630	-0.0006135749731502	0.0019904569339473	0.0542872324963429	-0.3269910435465465	-0.0006001073983629	0.0019945791518399	
0.0860502429494968	-0.4007217204757635	0.0017185825430631	0.0011713094087955	0.2212368173675558	-0.3904729759755598	0.0017739928644401	0.0010851138982665	0.3545140896848005	-0.4004018243301571	0.0018403509260987	0.0009676934539705	
-0.0644678457732845	0.0722847423535464	0.0020008550098410	0.0005628631113692	0.0643742104951602	0.0930755148120431	0.0019903586106125	0.0005990976401205	0.1849042070399943	0.1024214203707179	0.0019830860208794	0.0006228642563197	
-0.1222637185999196	-0.0050869070189672	-0.0006103420084643	0.0019914556222551	0.0083846322586003	0.0146086399056286	-0.0006015753370651	0.0019941346908751	0.1278713658334450	0.0208577035184955	-0.0006413663736735	0.0019816325662013	
-0.1072938142294807	-0.0461583270091072	-0.0011262622470460	0.0017508457577681	0.0235504619631320	-0.0264834518635469	-0.0011661858733184	0.0017243781021749	0.1434225106484172	-0.0207959035756584	-0.0011407006539296	0.0017414263330688	
-0.0676836576306495	-0.0453794549125320	-0.0020542537055187	-0.0003149497181582	0.0622679781437236	-0.0257886948445232	-0.0020582198804415	-0.0002877514195801	0.1838422770052244	-0.0195443408885330	-0.0020573317402560	-0.0002940652394093	
-0.2096129809011087	-0.3432326237846736	-0.0020731729347641	0.0001439259096363	-0.0767648563187306	-0.3196066351243774	-0.0020272889682551	0.0004580415126235	0.0426373076697819	-0.3166145144723377	-0.0020395697200792	0.0003995095899595	
-0.0894360453923897	0.0649612725604944	0.0019691161012152	0.0006659190887403	0.0404945766829330	0.0855473548529799	0.0019514501135703	0.0007162790261558	0.1599017575934610	0.0942008071095073	0.0019383967170446	0.0007510562910521	
-0.0059988753673113	-0.4979096044592362	-0.0001186011225018	0.0020799377712984	0.1237215934088668	-0.4822765572257389	-0.0004936077333575	0.0020237117921215	0.2497845891018748	-0.4884945864961798	-0.0003363434666321	0.0020558658780549	
0.0278853783856450	-0.0122554603717979	-0.0010450266537470	-0.0018007581297044	0.1602871070669739	0.0068373525788407	-0.0012069216932339	-0.0016959732899390	0.2859125251414241	0.0131668572302827	-0.0015978266912756	-0.0013320834940742	
0.0215320083676431	0.0415921486389277	0.0006441261689719	-0.0019807327357571	0.1542362480902557	0.0626175719439250	0.0006516703837880	-0.0019782511122230	0.2793401557600300	0.0728685358624641	0.0006893473862684	-0.0019653750252125	
0.0291164984359948	0.0166692982960365	0.0005914098891516	-0.0019971883002039	0.1620330842499381	0.0374921705949692	0.0006035104854156	-0.0019935469572688	0.2880956071486130	0.0469174188643935	0.0006689560245852	-0.0019724439934372	
0.0174206273585893	-0.4475640007926342	0.0016358515201975	0.0012848621737762	0.1507155437219397	-0.4334182474035241	0.0017226974403593	0.0011652185745008	0.2784843112725720	-0.4427334507764435	0.0017657165257926	0.0010985966812737	
-0.1900396350168324	-0.2963928672074538	-0.0020676871742178	-0.0002086723634956	-0.0571492867122902	-0.2729185839212689	-0.0020744994397793	-0.0001232283057194	0.0623930660782069	-0.2695824191618364	-0.0020730384175698	-0.0001458601945429	
-0.0591375147673171	-0.0439615125968646	-0.0020427800520874	-0.0003826703593511	0.0717574438264096	-0.0241037776933919	-0.0020401120389772	-0.0003967169616780	0.1923388814764873	-0.0179933087860797	-0.0020377139481967	-0.0004089160068896	
-0.2978630722598682	-0.3743014313137410	-0.0016969878955979	-0.0012025360792231	-0.1604604674060836	-0.3453262856366281	-0.0018193315520922	-0.0010068465412175	-0.0391564519257479	-0.3400146869905591	-0.0018628459913897	-0.0009234229396561	
-0.2173615770865541	-0.3047505916742227	-0.0018331169039816	-0.0009813957429150	-0.0841733404306380	-0.2801870102295436	-0.0018537165028811	-0.0009417059539491	0.0362228776020714	-0.2767487931920306	-0.0018490656825468	-0.0009508508247297	
-0.2671194871565193	-0.4989590252430483	0.0000694536724296	-0.0020821694974118	-0.1308919115232028	-0.4677068407350337	0.0004273314138019	-0.0020388112807575	-0.0086325935943512	-0.4614755366092226	0.0004458296868104	-0.0020348264312497	
-0.1911140492197676	-0.2964935126081845	-0.0020627861220817	-0.0002527630611989	-0.0582024662691639	-0.2729811346618705	-0.0020711217435165	-0.0001710495988618	0.0613343316961350	-0.2696476173417350	-0.0020698224193128	-0.0001861862777441	
-0.0072763684464778	0.0823506104229246	0.0020634652070652	-0.0002471296459376	0.1236092290862767	0.1046043641970067	0.0020747889765623	-0.0001182278704199	0.2451790599334661	0.1158840544006405	0.0020773252161500	0.0000582610792596	
-0.2410144851421514	-0.3469262125870654	-0.0011698135660232	-0.0017219068287021	-0.1067772743923362	-0.3210980288480398	-0.0010960523675805	-0.0017700092720150	0.0147101200510940	-0.3168480684981880	-0.0009998963518232	-0.0018263296118478	
-0.1210036417358898	0.0472873401836233	0.0017333452150918	0.0011492392861747	0.0079471258697545	0.0669389711571198	0.0017407899751318	0.0011378740492185	0.1263939647532538	0.0742245719635264	0.0016947654590396	0.0012056818466665	
-0.2782664653199040	-0.3660711233876894	-0.0019367933928103	-0.0007552018560014	-0.1423742453724607	-0.3384901348402297	-0.0019516825528237	-0.0007156422711043	-0.0219483425151132	-0.3340550334526279	-0.0019680166502163	-0.0006691775457695	
-0.2383482020031807	-0.3311551345154324	-0.0003849243556525	-0.0020472833849673	-0.1048460827044805	-0.3062746167954712	-0.0004190764856427	-0.0020405326397287	0.0165729188463765	-0.3010296177664715	-0.0004797143362581	-0.0020270668133679	
-0.2484623605647913	-0.3529078584527202	-0.0018190496285785	-0.0010073583463224	-0.1135223092984490	-0.3266126493913935	-0.0018299493462412	-0.0009873189279325	0.0071706575455160	-0.3227211415669726	-0.0018617828892357	-0.0009255751776715	
-0.3647011750536672	0.3356871898340757	-0.0020780062837887	-0.0000234547126787	-0.2285943834161419	0.3471889476793444	-0.0020751086797162	-0.0001124475522444	-0.1111844679614652	0.3469589498671155	-0.0020658931152784	-0.0002258255249956	
-0.2988628851431750	-0.3882301483335704	0.0013473496005029	-0.0015861395686160	-0.1626777710490428	-0.3610667857992700	0.0015027570206824	-0.0014389904819038	-0.0426100222131023	-0.3552138616719452	0.0012381626797023	-0.0016731874194843	
-0.1956187229970614	-0.3562915136496498	-0.0001608208952731	0.0020770856840712	-0.0651288156504298	-0.3343428025361009	-0.0000322380162143	0.0020830826400180	0.0550857831798147	-0.3322902591321835	-0.0000188849781945	0.0020832473088751	
0.0109791674231072	0.0705664445154427	0.0009753627336714	-0.0018396148258274	0.1432101595522395	0.0926006931805906	0.0009692611869315	-0.0018428530384632	0.2679418596869867	0.1030449066885600	0.0009372933266400	-0.0018593979974634	
-0.0197696698916030	-0.0318977204234632	-0.0020729414643229	-0.0001472384966875	0.1111563818790970	-0.0121442731328386	-0.0020734248240946	-0.0001402317894929	0.2337969724343113	-0.0053344173053763	-0.0020775568967195	-0.0000492638697106	
-0.0228874734338549	-0.0320126170530045	-0.0020777395798621	-0.0000407924745849	0.1080373210406708	-0.0122519184734400	-0.0020773725309793	-0.0000565401664224	0.2306851354422823	-0.0053316230421881	-0.0020781343327838	0.0000039076390475	
-0.0062328948659283	0.0822002891013454	0.0020506896717649	-0.0003374858870300	0.1246644089814114	0.1045449547275586	0.0020681718444074	-0.0002037881069785	0.2472681786640417	0.1158866158451763	0.0020769381042798	-0.0000707853718932	
-0.1807778607257720	0.3367188046347409	-0.0020755126525108	0.0001046867696364	-0.0519593341869995	0.3569025667185842	-0.0020781265063318	-0.0000069254073115	0.0644121208959345	0.3659705774337303	-0.0020747483004393	-0.0001189431016195	
-0.1828521855973098	0.3368112037476497	-0.0020757049827261	0.0001007815367142	-0.0540323725463926	0.3568951039791930	-0.0020780536085476	-0.0000187737679363	0.0612957601081024	0.3658122110568444	-0.0020736918618479	-0.0001362056311495	
-0.3959044177957576	0.3356172044529263	-0.0020752573721267	-0.0001096550709115	-0.2586904611654393	0.3455699720315194	-0.0020680488816657	-0.0002050383860907	-0.1402888994990248	0.3438252918352617	-0.0020565142203458	-0.0002997571563511	
-0.1150332363256344	0.0516278250704304	0.0016868880437742	0.0012167336455621	0.0142121931025515	0.0712983298506243	0.0017024757922844	0.0011947149116830	0.1323114527506005	0.0787229173424122	0.0016669003994989	0.0012441103991358	
-0.2327936240213774	-0.3977177258224683	0.0020776653808608	-0.0000444285543576	-0.0998280808916857	-0.3724587344624377	0.0020728437583401	-0.0001486145039968	0.0197343641865992	-0.3696794822253990	0.0020724564204217	-0.0001539478513495	
-0.1913332801783350	-0.3155179196249611	0.0017165299479917	0.0011743304154473	-0.0584311724807683	-0.2914799390955007	0.0017125767893515	0.0011801167702011	0.0615470437743013	-0.2887414392596027	0.0017312679740737	0.0011523817955345	
0.0050461429306700	-0.0246960631354959	-0.0019062110305830	-0.0008297266850855	0.1369635816617967	-0.0048168100561845	-0.0019089548503081	-0.0008233625194782	0.2607421063706999	0.0022120891923217	-0.0019199932145842	-0.0007971505028356	
-0.2023205923718159	-0.3221231801440532	0.0017843243037374	0.0010679539278136	-0.0694567103769289	-0.2980635177389079	0.0017939379518618	0.0010516431057817	0.0510612698744810	-0.2949364586634394	0.0018011696919056	0.0010391458901986	
-0.0176299597811500	-0.0316478652415691	-0.0020556842552520	-0.0003054249829571	0.1132937606948342	-0.0119013264519778	-0.0020574024740638	-0.0002935674660734	0.2369035604860691	-0.0051290274170349	-0.0020577350449917	-0.0002912154367553	
-0.2534458019632645	-0.3553862756845553	-0.0018763765754597	-0.0008954679082176	-0.1185330711254839	-0.3289948959838956	-0.0019013597964873	-0.0008408390225807	0.0020751219380050	-0.3249930861368472	-0.0019198715756358	-0.0007974448818513	
-0.2640244855865189	-0.3601822069824370	-0.0019051479351942	-0.0008321769611080	-0.1288698874306314	-0.3332689645690026	-0.0019303444772499	-0.0007716174822980	-0.0092545979319657	-0.3294279679962465	-0.0019438975517008	-0.0007366293373884	
-0.3408179699927231	0.3363102065810786	-0.0020779491552427	-0.0000280844412553	-0.2067715461100085	0.3488388360580192	-0.0020731582784985	-0.0001441379250040	-0.0893390419679081	0.3497446984130008	-0.0020628050603040	-0.0002526076851533	
-0.1212610799705632	-0.0082175689541583	-0.0006125274622138	0.0019907811510598	0.0093443578513372	0.0114555999306822	-0.0006043552630312	0.0019932897392556	0.1288900734478268	0.0177263148430824	-0.0006496633063401	0.0019789144539936	
0.0244553595519230	0.0321923440348509	0.0006092093185019	-0.0019918041531384	0.1572078378230837	0.0531889299660529	0.0006187949086726	-0.0019888322478063	0.2828750786807609	0.0625570478224321	0.0006632881990558	-0.0019743667432625	
-0.0135334053835920	0.0824505675925008	0.0020744507930709	0.0001240486135663	0.1163468096702075	0.1043232903681048	0.0020670697469524	0.0002147320364080	0.2390478130154469	0.1153278720849665	0.0020612705134674	0.0002648979279140	
0.1142368716368950	-0.3842652371300770	0.0018093842265058	0.0010247032158428	0.2513737771832300	-0.3748360445492336	0.0018416387137382	0.0009652280882629	0.3877777741658515	-0.3848499627668086	0.0018797293949483	0.0008883727724962	
0.0391724852990902	-0.4318185260555378	0.0016848015405057	0.0012196356114662	0.1727130759899186	-0.4191251570968170	0.0017383066104803	0.0011416831743927	0.3025172269082071	-0.4283919357215601	0.0017839050325691	0.0010686576333157	
0.0237783691082663	-0.0163610831221118	-0.0017791835078446	-0.0010765391628182	0.1558304386941436	0.0032074611301512	-0.0018571198440038	-0.0009349425846660	0.2815290068076456	0.0105991745824559	-0.0019138178093978	-0.0008119376732888	
-0.1925814005873585	-0.3163860429281475	0.0017442930441748	0.0011324697553192	-0.0602974897046725	-0.2926822604252208	0.0017489871660586	0.0011251701079078	0.0602848935840553	-0.2896002165876477	0.0017635024676653	0.0011021649978193	
-0.0458324883936928	-0.0415326080132701	-0.0019885203970169	-0.0006052013117510	0.0850559605325032	-0.0216963994111281	-0.0019996218477106	-0.0005672502231995	0.2065655226153742	-0.0153683295635484	-0.0020345857075583	-0.0004242819926079	
-0.1870715692359768	-0.2959784653492744	-0.0020664911434075	-0.0002202578349497	-0.0540073807253433	-0.2728471959636832	-0.0020775103729594	-0.0000511977144670	0.0655614422460313	-0.2694860768403932	-0.0020780311925343	-0.0000211206915415	
-0.0966154738649000	-0.0526042770628810	-0.0020681444672795	-0.0002040671456080	0.0332348287174028	-0.0325129901654113	-0.0020746337520951	-0.0001209344688723	0.1527070230333197	-0.0274302126411897	-0.0020777277521211	0.0000413934998527	
-0.2200912733252152	-0.3951861885858143	0.0018957854947871	0.0008533947854333	-0.0892786680189255	-0.3709978345771046	0.0019182149133954	0.0008014415664025	0.0289932093355284	-0.3695633888559227	0.0020090143421982	0.0005328538557779	
-0.1101891404668588	-0.0406631345527830	-0.0008579969473782	0.0018974808618974	0.0204847759765291	-0.0210771813818774	-0.0008901406748947	0.0018825410094817	0.1405285518072062	-0.0154215807379455	-0.0008581619333911	0.0018974058768684	
-0.0663794399179145	-0.0451619439389656	-0.0020522668534419	-0.0003277090479491	0.0642614837534591	-0.0255439605481637	-0.0020545604712447	-0.0003129322155188	0.1848426581908704	-0.0194249944489523	-0.0020552980856348	-0.0003080258175797	
-0.0010808294598557	-0.4676792634318030	0.0011089801341681	0.0017618978314952	0.1310373993348399	-0.4511395410731903	0.0012852079537730	0.0016371466557451	0.2596596105252750	-0.4582318181463290	0.0013636180204384	0.0015721052064023	
-0.2202821872290248	0.3364215384945176	-0.0020778587921983	-0.0000341488990013	-0.0904197028330493	0.3545692878310931	-0.0020743156218706	-0.0001262998801953	0.0249262704052722	0.3615623816604759	-0.0020637209185798	-0.0002449743036418	
-0.2030068879996835	-0.3226017612156061	0.0017727461097615	0.0010871597043789	-0.0694567103769289	-0.2980635177389079	0.0017939379518618	0.0010516431057817	0.0503890418211697	-0.2952910891397522	0.0017927511016471	0.0010536751850216	
-0.0412161908901547	-0.0389412261284263	-0.0016542725827316	-0.0012609360836494	0.0892521098812071	-0.0196690687484557	-0.0017178214759301	-0.0011724308757039	0.2116640584048495	-0.0132155348348108	-0.0017198688665432	-0.0011694103761734	
0.0178627166417367	-0.4471639002799333	0.0016433457376422	0.0012752147896046	0.1514815783789287	-0.4329543696134820	0.0017313716833469	0.0011522251937245	0.2796701206287856	-0.4419633558595086	0.0017713299774558	0.0010894770439239	
-0.1280309626618908	0.0145423204479317	-0.0005390388023730	0.0020120289056433	0.0025304015855557	0.0344599777396525	-0.0005511442081722	0.0020087302311125	0.1217282651739797	0.0406578990571991	-0.0005755967114669	0.0020018260601155	
-0.2725378713241972	-0.4646006730836871	0.0003442185907300	-0.0020545554669666	-0.1376077882217480	-0.4343985068025121	0.0003569328945403	-0.0020523739632094	-0.0156162366511324	-0.4281267351565324	0.0003749986618087	-0.0020491339103479	
-0.2083517137286723	-0.3263456781748317	0.0015003042545318	0.0014415603661052	-0.0750195125818311	-0.3019423209640081	0.0015409509318744	0.0013978056065311	0.0454536486560606	-0.2987597571828376	0.0015613671167878	0.0013748476029561	
-0.0800346291146398	0.0678839679033940	0.0020008970956971	0.0005627127347397	0.0498532517597591	0.0886702231626948	0.0019890330445872	0.0006035058711214	0.1694226749312950	0.0976303150816112	0.0019794362915438	0.0006344244768177	
-0.2716083787766704	-0.4698221557324974	0.0003627908050607	-0.0020513414394227	-0.1366243103410201	-0.4396179521331626	0.0003831693737576	-0.0020476142208262	-0.0146381739947339	-0.4333405804577036	0.0003963564200137	-0.0020450899472073	
-0.1970280326972618	-0.3657220912753816	0.0006729583778783	0.0019710752405916	-0.0669154557981443	-0.3436326253154396	0.0007338057022373	0.0019491308959780	0.0528797980016305	-0.3426727374860738	0.0007859777140869	0.0019285808629392	
-0.3532921512984821	0.3360177904400160	-0.0020769336874670	-0.0000709154961718	-0.2182051641306035	0.3479513914949672	-0.0020715436876667	-0.0001658349813324	-0.1008176952629684	0.3482855738258562	-0.0020595024399055	-0.0002783760345502	
0.0240867606482433	0.0333729065684805	0.0006139503355099	-0.0019903406071296	0.1569235433208330	0.0541718199242681	0.0006225223500276	-0.0019876628509444	0.2825362868121677	0.0635203709366507	0.0006663474178231	-0.0019733312005373	
-0.0068054369779709	-0.4844161149805594	0.0001079323900007	0.0020805215829579	0.1223731151020668	-0.4718646997692584	0.0000588584056838	0.0020824975684611	0.2491731257256469	-0.4812430854025614	0.0000398126322622	0.0020829509828498	
-0.2779173199267368	-0.4198145245918103	0.0001610595371422	-0.0020770671005711	-0.1430380591922218	-0.3905732148036690	0.0000606218934942	-0.0020824467257935	-0.0211551966479775	-0.3844833348390831	-0.0002274866377499	-0.0020708134954970	
0.0046264142206036	-0.4597851162289163	0.0013305924136322	0.0016002931482170	0.1374013795739879	-0.4440099692822352	0.0014927124838773	0.0014494593265304	0.2658724335171393	-0.4519316352677894	0.0015611534804596	0.0013750913986997	
0.1202626492977135	-0.3808067477017970	0.0017832873863375	0.0010696931477224	0.2579409770732477	-0.3712830899160594	0.0018253431556603	0.0009958513591130	0.3936984025456345	-0.3820555014297860	0.0018798987119012	0.0008880126279030	
0.0238084930968148	0.0343554998680329	0.0006184637324985	-0.0019889357736767	0.1566394976123604	0.0551513741585012	0.0006259889027171	-0.0019865683758137	0.2820869253511524	0.0647027922528282	0.0006679611422224	-0.0019727828165425	
-0.2483391758913689	0.3365169654545691	-0.0020781357408681	0.0000030639787962	-0.1174347093501591	0.3533726654120001	-0.0020760348181273	-0.0000937052392711	-0.0020200320548225	0.3589220790482267	-0.0020682424960772	-0.0002030662082091	
-0.0018509102438455	-0.4688994322473312	0.0010642731850276	0.0017893937238946	0.1296760098698480	-0.4529572460122848	0.0012298398338285	0.0016793450442537	0.2573006629694596	-0.4611236111798154	0.0012810002115319	0.0016404576105812	
0.0728309983855295	-0.4086047429832018	0.0017354916763949	0.0011459790301645	0.2088671361678480	-0.3969248972352492	0.0018256646622567	0.0009952588758199	0.3409145503890403	-0.4066717535494327	0.0018356161377179	0.0009766896540923	
-0.2057384830407666	-0.3437542149324856	-0.0020174801956719	0.0004996747614550	-0.0735782491074717	-0.3205894548055194	-0.0019102083500724	0.0008204355866175	0.0449908067597439	-0.3172884555439591	-0.0019708268797722	0.0006608132253549	
-0.1077236749091293	-0.0454581126397571	-0.0010861281678623	0.0017761468508554	0.0230039157897255	-0.0258744377085213	-0.0011027186009168	0.0017658431197247	0.1426036732988004	-0.0195239287613404	-0.0010369423379723	0.0018054488079500	
-0.2036227782079413	-0.3229444802311134	0.0017620406080133	0.0011045122602530	-0.0707616671295263	-0.2988659092496828	0.0017745289863282	0.0010842325432698	0.0497518425931956	-0.2957156706851850	0.0017810685191238	0.0010734020012713	
-0.2103963630186393	-0.3881010689114497	0.0014018999191445	0.0015378931998981	-0.0806034651902494	-0.3650172391350211	0.0014721009385486	0.0014704923170076	0.0386657262442061	-0.3637739540591633	0.0015187513543429	0.0014220142955654	
0.1238959841229589	-0.3784752334058728	0.0017387726442177	0.0011409697288457	0.2620050382732415	-0.3689926502906640	0.0017869053914489	0.0010636079112885	0.3991260080503414	-0.3793918433870025	0.0018550607577396	0.0009390418536906	
0.0777404445646334	-0.4057355006817410	0.0018090893972574	0.0010252262449061	0.2139197901924600	-0.3944110722913718	0.0018715486096072	0.0009055651367106	0.3460363238875608	-0.4042712980783037	0.0019120512590769	0.0008161098031076	
-0.3615836583492049	0.3357539706483150	-0.0020776000078193	-0.0000474014629358	-0.2265175240711179	0.3472982519570122	-0.0020741658327496	-0.0001287484679475	-0.1091182060260288	0.3471750528892337	-0.0020641002701789	-0.0002417409245688	
0.1089534590638954	-0.3872432211452762	0.0018224503449616	0.0010011618916763	0.2464084764843975	-0.3773792558224078	0.0018486677669497	0.0009516281011131	0.3814758051502312	-0.3878009637691502	0.0018837095439482	0.0008798591627790	
-0.1901522297126904	0.3370706265084609	-0.0020779189656848	0.0000302461198414	-0.0613307674949543	0.3566920755952442	-0.0020757589754638	-0.0000996576494429	0.0540718327743842	0.3652693894307675	-0.0020668387545184	-0.0002169551325101	
-0.2952173139714007	-0.3727710671157636	-0.0018453551849956	-0.0009580678769509	-0.1577706375108661	-0.3439938421574094	-0.0019125835871404	-0.0008148552372907	-0.0362445535250139	-0.3387358762153762	-0.0019407048452279	-0.0007450417876936	
-0.2834942448782146	-0.3680485513894541	-0.0019514433575791	-0.0007162975242376	-0.1463635371155420	-0.3399040857168346	-0.0019629259959656	-0.0006840393541833	-0.0259978665907684	-0.3353678074406194	-0.0019786936121314	-0.0006367485805693	
0.0666528282987932	-0.4128160485415027	0.0017312024379967	0.0011524807397126	0.2025071787189375	-0.4007479183469266	0.0017705204843175	0.0010907986460940	0.3336693565343857	-0.4107639938685064	0.0018213594455017	0.0010031550545514	
-0.2770738039799581	-0.4302232786171866	0.0001849100113424	-0.0020750698526130	-0.1421773121200441	-0.4010466753637971	0.0002067808814363	-0.0020729943043689	-0.0204749602840179	-0.3947915223071476	0.0002344296839598	-0.0020700351135161	
0.0033258238873688	-0.0254296011001194	-0.0019189311071263	-0.0007997166289116	0.1352031077342976	-0.0054636360421350	-0.0019211645369519	-0.0007943092381992	0.2586030031882078	0.0013012475266701	-0.0019341029351330	-0.0007621000351368	
-0.0519901137697046	0.0755029987347004	0.0020200848692148	0.0004889843350353	0.0769197722145429	0.0965184027788335	0.0020167678489493	0.0005025565017844	0.1974412084921560	0.1060767352890744	0.0020095741129029	0.0005307282562915	
-0.1250101338098757	0.0040785481424263	-0.0005965288532140	0.0019956576980173	0.0055755530367289	0.0240623346151071	-0.0005880779898236	0.0019981768479239	0.1248569619623433	0.0302572926119140	-0.0006200237101007	0.0019884475922190	
0.0872169681657972	-0.3999002758296020	0.0016956820107042	0.0012043860004523	0.2231977924182745	-0.3892618760520221	0.0017451585407307	0.0011311288693012	0.3561815304244853	-0.3995881503282441	0.0018151979395630	0.0010143169656414	
-0.3595054741465656	0.3358123748429913	-0.0020773034994248	-0.0000590341424534	-0.2244355201982237	0.3474283908528731	-0.0020732480927746	-0.0001428337165300	-0.1069940595649143	0.3474177085579893	-0.0020624207446570	-0.0002557419955261	
-0.1180576849232648	-0.0185754238962659	-0.0006311642167788	0.0019849219576828	0.0125676841492375	0.0010858704046880	-0.0006323342527675	0.0019845476659625	0.1323131050304760	0.0074535589477450	-0.0006613048924458	0.0019750352561221	
0.0048696195335236	0.0776871610047738	0.0017206587776990	-0.0011682419745894	0.1363447040541076	0.1003458203592467	0.0017647728599447	-0.0011001195158705	0.2608572287850125	0.1115331853995010	0.0017532831858295	-0.0011184304296221	
-0.2816051137643809	-0.3958613110846831	0.0019272099516649	-0.0007794521637849	-0.1457532689628951	-0.3691845069169434	0.0018910948458372	-0.0008637907800781	-0.0266790476709449	-0.3640768830647905	0.0018764494177262	-0.0008953144932181	
0.0102286729933828	0.0717689293486611	0.0010670378735857	-0.0017877382327768	0.1424972149872423	0.0938449738335637	0.0010567038665623	-0.0017938964914309	0.2672490051269653	0.1042990351835370	0.0010114421421221	-0.0018199288725216	
-0.0467404259660013	0.0768017858835072	0.0020231621516214	0.0004760264469111	0.0831166867504097	0.0980336912375018	0.0020200847255553	0.0004889849314901	0.2036171835782759	0.1076872760458519	0.0020120338056748	0.0005212782756586	
0.0580163387105662	-0.4184848407898128	0.0017372433902238	0.0011433084646437	0.1924379320948071	-0.4066213781900893	0.0017959838954812	0.0010481276994944	0.3242757242740186	-0.4157892512931099	0.0018341836730895	0.0009793905533445	
0.0396146833115069	-0.4314459394833508	0.0016837346592687	0.0012211154099535	0.1734778139819146	-0.4186730905176402	0.0017359555876055	0.0011452726452649	0.3033016314228805	-0.4279333822466379	0.0017850082323439	0.0010668046691895	
-0.3522521845677408	0.3360399094323919	-0.0020769734455163	-0.0000697354254620	-0.2171680460522627	0.3480397018019449	-0.0020714774353904	-0.0001666646325778	-0.1008176952629684	0.3482855738258562	-0.0020595024399055	-0.0002783760345502	
0.0041890876867253	-0.0250671091839229	-0.0019118917765208	-0.0008164852209383	0.1360856022226765	-0.0051423451416675	-0.0019150500501330	-0.0008090124093217	0.2598883137613023	0.0018378392594203	-0.0019251911528629	-0.0007844500194945	
-0.2066964097223969	-0.3833855449716383	0.0011963046407750	0.0017035164559274	-0.0767418093746360	-0.3605246224534897	0.0012522770942021	0.0016625970847665	0.0426591486894203	-0.3594195850472694	0.0013018175048624	0.0016239041614814	
-0.0976348681148000	-0.0526875652378060	-0.0020778813303607	-0.0000327416502051	0.0321805420402942	-0.0325410066110869	-0.0020760413104710	0.0000935605697385	0.1516602893538339	-0.0273571889733851	-0.0020594593691067	0.0002786960920627	
-0.2535345826412260	0.3365115971382387	-0.0020781358313903	-0.0000030016408221	-0.1226122905581719	0.3531514903441435	-0.0020758373983178	-0.0000980022301843	-0.0072751300710105	0.3583456520631843	-0.0020679718618800	-0.0002058176133626	
0.0883781497645385	-0.3990402340899674	0.0016762446484218	0.0012314280793382	0.2243795299798075	-0.3884534940003242	0.0017372055479625	0.0011433662512761	0.3573834382747141	-0.3988610080916020	0.0017998075671552	0.0010415151064312	
-0.1302288407801683	0.0385985179232815	0.0007779814418336	0.0019318365861212	-0.0003300743658181	0.0573283481643512	0.0005119390718597	0.0020191295447308	0.1183504084066479	0.0645933899532833	0.0005225680760816	0.0020163911549929	
-0.2545736532120385	0.3365109369082683	-0.0020781354349765	-0.0000032658382205	-0.1236477663999324	0.3531071386118138	-0.0020758413172354	-0.0000979187703267	-0.0082988109444958	0.3582298234316553	-0.0020681116812161	-0.0002044008081648	
-0.1007778623483425	-0.0520384437215541	-0.0019688331211730	0.0006667594562928	0.0291782211931274	-0.0320059841788315	-0.0019087734066117	0.0008237851716628	0.1485509703782167	-0.0261446250074963	-0.0017971696125749	0.0010460831142729	
-0.2752172934377109	-0.3648914836579789	-0.0019281662173136	-0.0007770717180379	-0.1393001562128129	-0.3373401760687496	-0.0019444498604048	-0.0007351628808085	-0.0185110602933395	-0.3328000346872014	-0.0019591496951973	-0.0006948344570998	
-0.2771634876111017	-0.4291779221723158	0.0001824331164005	-0.0020752901769625	-0.1422765338154971	-0.4000019256668894	0.0002049975090046	-0.0020731723074883	-0.0205978887326858	-0.3937482059414404	0.0002324714715854	-0.0020702570468380	
-0.0778964212685728	-0.0469991639588405	-0.0020427400822586	-0.0003828847332743	0.0519725675661600	-0.0271582276607334	-0.0020491811721328	-0.0003465722717220	0.1725829877354308	-0.0212095797578525	-0.0020401596655563	-0.0003964707371782	
-0.2917616198907069	-0.3711601590609924	-0.0019246640556254	-0.0007857488403128	-0.1547629964871851	-0.3428066856462988	-0.0019527679502578	-0.0007126603424804	-0.0331641490071088	-0.3376583038583679	-0.0019725188799125	-0.0006557198905146	
-0.2042483820907888	-0.3232704617990103	0.0017497101052992	0.0011240399297377	-0.0713924668314967	-0.2992214787290454	0.0017604319250918	0.0011070872786630	0.0491027772431670	-0.2960838314714007	0.0017673750027923	0.0010959132185946	
-0.3563887118046587	0.3359042951577314	-0.0020769969892994	-0.0000690270944860	-0.2213184678768464	0.3476881857931893	-0.0020721521520057	-0.0001580105302497	-0.1039017946848284	0.3478420180558054	-0.0020605391328982	-0.0002705561228239	
-0.1253787109128063	0.0052999866196032	-0.0005909760303911	0.0019973173666469	0.0052819624100440	0.0250229956856303	-0.0005863423314781	0.0019986893987593	0.1245772631932723	0.0312186589623702	-0.0006175120534399	0.0019892329307289	
-0.2824503121426717	-0.3955494058477502	0.0019311404657262	-0.0007696131845115	-0.1473860663548084	-0.3685046804511896	0.0018926808261151	-0.0008602926686204	-0.0279834680455547	-0.3634345335496146	0.0018858814234419	-0.0008751708760857	
-0.0450053231819688	-0.0412979276650579	-0.0019415519999984	-0.0007428202528777	0.0859286840773745	-0.0215110578015302	-0.0019608779631623	-0.0006899174935564	0.2074200560106163	-0.0151661191117975	-0.0020151571097875	-0.0005090087714387	
-0.2252403710809075	-0.3096988564961038	-0.0016562023980111	-0.0012583875471786	-0.0913460562159797	-0.2845070136864794	-0.0016894093834966	-0.0012132128231501	0.0290304197910199	-0.2811639808546650	-0.0016731222691190	-0.0012356882551256	
-0.1208409951356882	-0.0094939936433205	-0.0006143090662437	0.0019902293616984	0.0096335282571872	0.0105243266949468	-0.0006082719681786	0.0019920920420759	0.1291831626804985	0.0168022548217985	-0.0006521663246988	0.0019780868534712	
-0.2566706664187515	-0.3975220493335611	0.0020780053868000	0.0000235344450779	-0.1226184073045344	-0.3713752961551492	0.0020757961199326	-0.0000988770336490	-0.0041574246673971	-0.3677600711956228	0.0020615156471503	-0.0002629737990230	
-0.0064345982535269	-0.4927170681484724	-0.0002067475733293	0.0020729976432093	0.1228232740500038	-0.4780946479043467	-0.0003448277220804	0.0020544528093654	0.2493768465464943	-0.4854166458888564	-0.0002235249640310	0.0020712470250826	
-0.1283148488308474	0.0155370475896102	-0.0005320489050674	0.0020138978601166	0.0025304015855557	0.0344599777396525	-0.0005511442081722	0.0020087302311125	0.1214375614239636	0.0416398717300168	-0.0005694263994812	0.0020035987858574	
-0.0623391874596280	0.0728672955325083	0.0020029745990913	0.0005552350155831	0.0675137796990904	0.0939705280540929	0.0019946473200893	0.0005845869398290	0.1870352981614614	0.1031040778863029	0.0019876471663903	0.0006080773974547	
-0.2018797572832233	-0.3758874206681274	0.0010507590223243	0.0017974025374345	-0.0717395137625831	-0.3531014068508537	0.0010810234626120	0.0017792739217454	0.0478295935106546	-0.3521018671149339	0.0011148415650940	0.0017581763097005	
-0.2691247589203746	-0.4833337543269703	0.0003810638486396	-0.0020480090735135	-0.1339464505057646	-0.4531189382847996	0.0004279025489922	-0.0020386908885380	-0.0117943186233640	-0.4469026709603210	0.0004441018603477	-0.0020352061198897	
-0.2423737571558680	-0.3486314751270463	-0.0014746806720860	-0.0014678922596572	-0.1081349792144696	-0.3228262043099313	-0.0014752697760007	-0.0014672972291278	0.0133995058074762	-0.3186081561566733	-0.0014704626176741	-0.0014721388019219	
0.0147225552251583	0.0615288214153972	0.0007162360940139	-0.0019556879757477	0.1469589824818970	0.0835159424015888	0.0007208316552907	-0.0019539903437947	0.2718656098567869	0.0935998351119855	0.0007328023599386	-0.0019495102272897	
0.0085877991544010	0.0741853296812687	0.0012948679369612	-0.0016294787232327	0.1403546258676102	0.0969446563107462	0.0013561622331713	-0.0015785735333631	0.2652056696268880	0.1074909767262938	0.0012771303535757	-0.0016434872478715	
-0.2394013128089882	-0.3393704406405705	-0.0000777787045943	-0.0020818736670234	-0.1057168200811940	-0.3147411212983517	0.0000576773795639	-0.0020825307785174	0.0152467903108918	-0.3091977288715066	-0.0000247273489584	-0.0020831858474368	
0.0832999819484035	-0.4024341282246968	0.0017739690961167	0.0010851529493537	0.2183886887484028	-0.3920707736697024	0.0018246290448367	0.0009971657148213	0.3511998990589309	-0.4020684940375918	0.0018919703537276	0.0008618618375923	
0.0113400022856912	0.0697404656262831	0.0009371733733449	-0.0018594587618647	0.1436150624241466	0.0917946692274186	0.0009259469755999	-0.0018651026053641	0.2683380079577142	0.1022287027701139	0.0009016267302677	-0.0018770394994309	
-0.2363834936048170	-0.3237665738157923	-0.0007356064689359	-0.0019484485967742	-0.1029027297781909	-0.2989461772753959	-0.0007099427645774	-0.0019579928000480	0.0184032435920291	-0.2946881669421260	-0.0007277851269304	-0.0019513981962677	
0.0292976790471620	-0.4388580619955527	0.0017001851391222	0.0011979887547532	0.1632925928800851	-0.4252730226359361	0.0017502653533856	0.0011231708151700	0.2928981641892576	-0.4341530039864849	0.0017924103708980	0.0010542575993528	
0.0913804873187468	-0.3968033774367281	0.0016729392392708	0.0012359372795408	0.2275124695305049	-0.3864005832048421	0.0017639452058224	0.0011014527353893	0.3618425468634403	-0.3961773319974580	0.0018074623236387	0.0010281063699332	
-0.2306735389535033	0.3363839450841267	-0.0020780829058011	0.0000151684343188	-0.1007833679168397	0.3540246695162778	-0.0020766695581743	-0.0000783044582560	0.0145434642051480	0.3604523066746105	-0.0020682337888335	-0.0002031553162856	
-0.1231893063200431	-0.0019337582587237	-0.0006081485426093	0.0019921299137158	0.0074433452276600	0.0177636812492759	-0.0005940877534749	0.0019963893938253	0.1268512799389552	0.0239874964016881	-0.0006353459862223	0.0019835807041950	
-0.2514392972321657	-0.3975410267344514	0.0020773280386522	-0.0000581598498349	-0.1174011887276946	-0.3716656628279425	0.0020728061732086	-0.0001491404225673	0.0010565689333095	-0.3682929021908805	0.0020700796429256	-0.0001832897116498	
-0.2672176189562043	-0.4968781145118539	0.0001359521016865	-0.0020788704320944	-0.1313355592416190	-0.4656450211346175	0.0004268514519743	-0.0020389123242924	-0.0090965703614424	-0.4593605207611445	0.0004466566549370	-0.0020346441587297	
0.0330338583345530	-0.0030717038487026	-0.0005014952023206	-0.0020217619248513	0.1661094698637683	0.0167043707491227	-0.0006149127182488	-0.0019900420033816	0.2930138651517451	0.0239594145228267	-0.0007166279783842	-0.0019555436917530	
-0.3345837617193025	0.3363480607850434	-0.0020781376818001	0.0000011316077713	-0.2005449273216132	0.3492000514059020	-0.0020750382256450	-0.0001137466946896	-0.0841935775166892	0.3503971168824782	-0.0020656476169947	-0.0002280713302201	
-0.2179889467897714	-0.3941230870025283	0.0018152987197369	0.0010141356876700	-0.0871686169370822	-0.3699854988953560	0.0018283130572615	0.0009903608469615	0.0311943248364408	-0.3687926464742116	0.0019175571463942	0.0008030219546396	
-0.0193205152480395	-0.1081469432903272	0.0008231660387639	-0.0019129253000973	0.1125137252515577	-0.0894578655808095	0.0008029500231202	-0.0019215414033781	0.2372342026586679	-0.0842311060683261	0.0008337753295823	-0.0019083019221741	
-0.0572361458636597	-0.0435621242166278	-0.0020437332850525	-0.0003775204674694	0.0736888033302751	-0.0237753542109881	-0.0020395180874560	-0.0003997744124623	0.1942792539038090	-0.0176453619248387	-0.0020338364446111	-0.0004278770709741	
-0.2088787961988931	-0.3009099428627106	-0.0019479127297238	-0.0007258913419856	-0.0759117118399532	-0.2767308429935197	-0.0019665677129370	-0.0006734449451776	0.0447233544591596	-0.2731566682047611	-0.0019695894091163	-0.0006645108573657	
-0.2483143832108527	-0.3976434498767615	0.0020771536124764	-0.0000641158815000	-0.1143020998274039	-0.3719158896761347	0.0020712790626904	-0.0001691242848599	0.0041711081619344	-0.3685939377784613	0.0020647108808741	-0.0002364422913225	
-0.0820171075565106	0.0672555071248361	0.0019962465391249	0.0005790748011555	0.0477126324158805	0.0879608329900843	0.0019822624773654	0.0006254932992708	0.1672866630621261	0.0968919183073848	0.0019740409981494	0.0006511001235253	
-0.3854878759958681	0.3359857601083605	-0.0020781280431566	-0.0000064452970654	-0.2483109221108892	0.3465155671647689	-0.0020744689030349	-0.0001237438709109	-0.1309615367263284	0.3450810299924114	-0.0020638279481993	-0.0002440664414649	
-0.0216161837082530	-0.1030175135911935	0.0008911748822657	-0.0018820491970027	0.1102248751831068	-0.0843324691908272	0.0008798146691486	-0.0018874132346963	0.2348876103932525	-0.0791366857000642	0.0008942159737325	-0.0018805989634748	
-0.0371156923340629	-0.0358261218238398	-0.0017012254545583	-0.0011965035736488	0.0934088769713923	-0.0165212319768372	-0.0016939564681006	-0.0012068238832057	0.2151116863314677	-0.0104460549290857	-0.0016211992658195	-0.0013033928249736	
-0.0155867295431897	-0.0312437366623777	-0.0020296365970108	-0.0004474708838215	0.1153478716196199	-0.0115700470685344	-0.0020308514652703	-0.0004418965242924	0.2389546850130141	-0.0048034338806469	-0.0020262641698984	-0.0004625763701456	
0.0306256698203372	0.0114917357851783	0.0005913496271774	-0.0019972062333964	0.1635800795682124	0.0323270750781902	0.0006039128012465	-0.0019934245090971	0.2902330120697567	0.0406624346157047	0.0006682832312650	-0.0019726731855369	
-0.2660165736431392	-0.3970213307948784	0.0020766320472348	-0.0000792979342301	-0.1329526008331167	-0.3706287183476089	0.0020743705603568	0.0001253897769429	-0.0144247120746244	-0.3674208647776483	0.0020595355343760	0.0002781298559889	
0.0243717842696006	0.0323878938679437	0.0006096601244707	-0.0019916655241373	0.1572078378230837	0.0531889299660529	0.0006187949086726	-0.0019888322478063	0.2828750786807609	0.0625570478224321	0.0006632881990558	-0.0019743667432625	
-0.2048607549260688	-0.3439807930611614	-0.0019888307168433	0.0006041756349517	-0.0728125443352512	-0.3209244047152240	-0.0018615273895196	0.0009260915055815	0.0449908067597439	-0.3172884555439591	-0.0019708268797722	0.0006608132253549	
0.0116813027135646	-0.4523801489691344	0.0015273038355678	0.0014127784353892	0.1430427536618183	-0.4391105343345009	0.0016232549550735	0.0013008189254782	0.2703746774930217	-0.4482206043910030	0.0016652037153250	0.0012463917989668	
-0.2939006658189964	-0.3720833630562907	-0.0018869746366174	-0.0008727994488633	-0.1561242417059512	-0.3433428007147873	-0.0019383742995527	-0.0007511144352843	-0.0353866406539414	-0.3384464368360527	-0.0019512028576920	-0.0007169556666902	
-0.0332090839098382	0.0797285607703251	0.0020417314739103	0.0003882537507772	0.0966213754563873	0.1011763415869703	0.0020341397531706	0.0004264255607881	0.2171924478935705	0.1112038346311603	0.0020176770168464	0.0004988754221925	
-0.2732223941523070	-0.4604144320912356	0.0003321646416904	-0.0020565485825186	-0.1383031142840534	-0.4302121499182581	0.0003388005110922	-0.0020554603730354	-0.0163503692992175	-0.4239480893416579	0.0003568995480690	-0.0020523797913205	
-0.0060701442689411	-0.4968688122177377	-0.0001512764288297	0.0020778062118591	0.1234842745151118	-0.4812821241416455	-0.0004683493393973	0.0020297360783119	0.2496384708712883	-0.4874725934694592	-0.0003073790566396	0.0020604181355693	
-0.2377550488947121	-0.3281739230674680	-0.0004808204832871	-0.0020268034078362	-0.1041298176261745	-0.3030700544175698	-0.0004981713361281	-0.0020225876181629	0.0171525118360057	-0.2988368787783705	-0.0005261790945243	-0.0020154471676685	
-0.2223497179324134	-0.3481328384360950	-0.0019251108365070	-0.0007846480889251	-0.0904109377290575	-0.3237686054214615	-0.0020282529354735	-0.0004537323510148	0.0279700758301236	-0.3203829732005960	-0.0020211152480978	0.0004846863591911	
0.0189882287948356	-0.4462569757829015	0.0016580679814115	0.0012559160868494	0.1518950291745349	-0.4326166005008138	0.0017348195623268	0.0011470013336450	0.2796701206287856	-0.4419633558595086	0.0017713299774558	0.0010894770439239	
-0.2794334100136594	-0.3967528071823261	0.0019311413475604	-0.0007696109607008	-0.1436208247786471	-0.3701503663925438	0.0019151693785383	-0.0008087284688532	-0.0237824546954114	-0.3654501068610239	0.0018726554604609	-0.0009032625277710	
0.0126850146219853	0.0667729379003326	0.0008151939076421	-0.0019163532586148	0.1449231118214394	0.0887849041520948	0.0008131842948151	-0.0019172111526975	0.2696265713699050	0.0992096874162139	0.0008113054052014	-0.0019180109804465	
-0.5444677822234981	0.3347185498537069	-0.0020776564278466	0.0000448473560311	-0.3948410700017849	0.3384276232993434	-0.0020772116476429	-0.0000621975881958	-0.2691031592774933	0.3300463806404290	-0.0020720306611440	-0.0001596036608575	
-0.0280603472115388	-0.0322696208210685	-0.0020603120583340	-0.0002722885246144	0.1029054957051380	-0.0126455459820542	-0.0020565734072460	-0.0002993487817761	0.2242907394702294	-0.0057898374746991	-0.0020374587321597	-0.0004101920975101	
-0.2766901227961190	-0.4343633556049131	0.0002007601424756	-0.0020735890065037	-0.1417584556496413	-0.4051930687197946	0.0002193778178710	-0.0020716925970997	-0.0199979953959170	-0.3989526848553749	0.0002434878833278	-0.0020689839598615	
-0.3990044372425804	0.3354357021718516	-0.0020754555070421	-0.0001058192623565	-0.2607372261928895	0.3453511867389732	-0.0020687633118846	-0.0001976625415696	-0.1423063508312029	0.3435112526223704	-0.0020575738903114	-0.0002923575756703	
-0.2124412282602611	-0.3901337344218928	0.0015321316240094	0.0014075150643958	-0.0822065038761460	-0.3665325176563559	0.0015673479059574	0.0013679912530991	0.0364183563627760	-0.3656894773429466	0.0016453172129455	0.0012726573709083	
-0.2150459960290852	-0.3436524936261677	-0.0019644145725960	-0.0006797311405299	-0.0830903128707859	-0.3197173610494147	-0.0019173094104284	-0.0008036162331069	0.0352550429365778	-0.3179120657792068	-0.0017868311363941	-0.0010637332774037	
-0.0600738788805193	-0.0442250506540803	-0.0020424474690119	-0.0003844503652467	0.0707848428507646	-0.0242740061613301	-0.0020410639093136	-0.0003917654264082	0.1913607825736581	-0.0181671532597316	-0.0020400253441664	-0.0003971647583384	
-0.0311626071275264	0.0801099638435696	0.0020462275176503	0.0003636884923593	0.0987525840787179	0.1016441924563823	0.0020387505364274	0.0004036898947179	0.2192137248548113	0.1117219744881426	0.0020229703557507	0.0004768449377669	
-0.2740282288959039	-0.4552006155369716	0.0003149204991869	-0.0020592732607700	-0.1389665983764892	-0.4260361317789769	0.0003217051501727	-0.0020582190010475	-0.0172532033286793	-0.4187429247925079	0.0003360789972623	-0.0020559093447871	
-0.2286992872859365	-0.3975626199262532	0.0020647029788795	0.0002365116299232	-0.0957046238870400	-0.3725509015711431	0.0020737442617709	0.0001354014794552	0.0228944359202965	-0.3699658732756697	0.0020716798468375	-0.0001641166625838	
-0.2019413438434624	-0.3451977353007420	-0.0017948755661715	0.0010500340248695	-0.0702884431331827	-0.3225670502508785	-0.0015991112930503	0.0013305333830266	0.0486236229207194	-0.3189720891709412	-0.0017275140477570	0.0011580297132411	
-0.2952378356908384	-0.3907993436473651	0.0018668348859005	-0.0009152912882812	-0.1589495824534194	-0.3635077503660772	0.0018538306334424	-0.0009414801330356	-0.0398818866858652	-0.3576859334690752	0.0017285470058515	-0.0011564795624503	
-0.2356882023983814	-0.3219567863862613	-0.0008711094064597	-0.0018914669648364	-0.1020236505549421	-0.2967898864535702	-0.0008634032521704	-0.0018950146745824	0.0191283869233534	-0.2928890858673607	-0.0008546439918364	-0.0018990009947679	
-0.1300900357940232	0.0228960496061941	-0.0004309889012782	0.0020380373957907	0.0004216429133295	0.0427546008570193	-0.0004530082260166	0.0020332323920477	0.1194797048765837	0.0489565610204208	-0.0004866426026790	0.0020254064208920	
-0.0166068323268120	0.0821856764049519	0.0020679488710178	0.0002060496405969	0.1132915979204089	0.1039844684800486	0.0020609758579902	0.0002671921321613	0.2348061463913966	0.1147062805496838	0.0020535292204231	0.0003196627147662	
0.0200500665147616	0.0459210304401810	0.0006577744524550	-0.0019762197517365	0.1525483970371739	0.0676526547192625	0.0006696221821292	-0.0019722168083612	0.2777654434373498	0.0771862129012276	0.0006979139049870	-0.0019623341957057	
0.0464144493462900	-0.4265767027480228	0.0016867694819846	0.0012168988263412	0.1809338096272514	-0.4137579253625603	0.0017473531527364	0.0011277186880729	0.3109181793584318	-0.4233273857324442	0.0017897195700621	0.0010588418853948	
-0.1240780672059153	0.0009119911123378	-0.0006030535600418	0.0019936859182322	0.0067429080013238	0.0199478170837597	-0.0005927289411847	0.0019967952689932	0.1258604863504267	0.0271254685847517	-0.0006263712396145	0.0019864472535614	
-0.2661419220671680	-0.3611300892600038	-0.0019085266945561	-0.0008243594469416	-0.1310140206753401	-0.3341414077485892	-0.0019319729996036	-0.0007675103777646	-0.0104971493443893	-0.3299202276028837	-0.0019448848218732	-0.0007340056413048	
-0.2172000984635885	-0.3936939989090764	0.0017811046004431	0.0010733418304458	-0.0863826890528993	-0.3695676428019032	0.0017906783736567	0.0010572114518393	0.0320422628188294	-0.3684489544637069	0.0018767140136025	0.0008947569494755	
-0.2721889906053997	-0.3636509484843630	-0.0019200280090296	-0.0007970662731982	-0.1362252004913882	-0.3361876741538818	-0.0019384486104745	-0.0007509216752473	-0.0154120977876795	-0.3317200813561513	-0.0019528064325081	-0.0007125543600580	
0.0001649913933537	-0.4657474986885591	0.0011708432091068	0.0017212033640460	0.1310373993348399	-0.4511395410731903	0.0012852079537730	0.0016371466557451	0.2587026529946160	-0.4593517841184071	0.0013306044180895	0.0016002831168501	
-0.2430023572441543	-0.3491324693395413	-0.0015402014400429	-0.0013986355397708	-0.1081349792144696	-0.3228262043099313	-0.0014752697760007	-0.0014672972291278	0.0127625793983290	-0.3191440624666419	-0.0015590136773425	-0.0013775290641700	
-0.1953591472524486	-0.2970637712812333	-0.0020386746264132	-0.0004040749905906	-0.0622767188920444	-0.2734890514292168	-0.0020584275443735	-0.0002862546428279	0.0571203808666072	-0.2701073890677901	-0.0020517942917394	-0.0003306695502482	
-0.1069216303625575	-0.0467457662582648	-0.0011581277687175	0.0017298274961929	0.0238788572536254	-0.0271095217526651	-0.0012040224532351	0.0016980430792845	0.1437196551962655	-0.0214596634213675	-0.0011559535405406	0.0017312884495431	
-0.0904139675848025	0.0646565287524762	0.0019644418965192	0.0006796517742228	0.0395258187865086	0.0852345443713743	0.0019467450936717	0.0007290326120218	0.1589485027180659	0.0938630859685617	0.0019331463485964	0.0007645353765969	
-0.1964024129683243	-0.2972600651627810	-0.0020324740209588	-0.0004343346178174	-0.0633451092123939	-0.2736215993267125	-0.0020527623621895	-0.0003245750438953	0.0560792154228680	-0.2702668517673874	-0.0020463240976082	-0.0003631419588109	
0.0365705797231684	-0.4336426317671218	0.0016857330780403	0.0012183413014121	0.1703486716319538	-0.4207350817111387	0.0017408063505952	0.0011378488712090	0.3005080121807504	-0.4295607374113875	0.0017834931196707	0.0010693483768292	
-0.1986803163636789	-0.3480771948493704	-0.0012890520078077	0.0016341064953687	-0.0674117339908017	-0.3259646767517549	-0.0010587604896442	0.0017926773631604	0.0522786493882779	-0.3227012074472429	-0.0011473600351423	0.0017370239850289	
-0.0966031890073950	0.0623759841851457	0.0019227081524315	0.0007905466463863	0.0331513522635143	0.0826543296439611	0.0019051938479136	0.0008320713164368	0.1528270405687656	0.0913721240179419	0.0018961053589615	0.0008526803021865	
-0.2421036397327598	0.3364917856487074	-0.0020780651842195	0.0000174385677405	-0.1122508931457893	0.3535652853065807	-0.0020764961682287	-0.0000827968021660	0.0031176921559394	0.3593709883642912	-0.0020688096785773	-0.0001971742233085	
-0.3698934873812963	0.3356949610359448	-0.0020780162483569	0.0000225500166976	-0.2337900199341480	0.3469856142972261	-0.0020769190940285	-0.0000713437458099	-0.1163583943775338	0.3464919410868009	-0.0020698443348779	-0.0001859412614276	
-0.3917587563972632	0.3358336678516974	-0.0020765346356596	-0.0000818214778828	-0.2545935277747207	0.3460025372986315	-0.0020692979550437	-0.0001919557720759	-0.1360628362483284	0.3444697979576044	-0.0020578621589288	-0.0002903113187970	
-0.0145825113138083	-0.0309731532199685	-0.0020175303181635	-0.0004994713304754	0.1163647231008762	-0.0113635550743514	-0.0020183868532209	-0.0004959812489321	0.2400596714589218	-0.0044846701166411	-0.0020102191135742	-0.0005282676713988	
-0.2556125753323757	0.3365075480874657	-0.0020781350260758	-0.0000035176283753	-0.1246834027867241	0.3530636075921274	-0.0020758399111528	-0.0000979487233877	-0.0093235173866567	0.3581211199445142	-0.0020680137394003	-0.0002053942989529	
-0.0094845110483200	-0.0296974725091437	-0.0020065790986516	-0.0005419973574553	0.1216954387072597	-0.0098661574037597	-0.0020040350867354	-0.0005513757927113	0.2451908507005848	-0.0030035767504233	-0.0019979498599418	-0.0005731406179546	
0.1258019369840556	-0.3771799612708027	0.0016999596106207	0.0011983103625545	0.2639869608248132	-0.3677958524472528	0.0017563481415825	0.0011135869564713	0.4012012005355623	-0.3783250845885899	0.0018340823633094	0.0009795812103573	
-0.3138381264696097	0.3359769680261513	-0.0020780272493670	0.0000215070613431	-0.1808063575517034	0.3497865476571887	-0.0020773525211952	-0.0000572742679211	-0.0644219579560869	0.3520556866901181	-0.0020707475263256	-0.0001755439643923	
-0.1131291208665921	-0.0332571185722160	-0.0007075229322301	0.0019588728917336	0.0174929898305061	-0.0136435357873284	-0.0007061043204914	0.0019593872597469	0.1375982655838771	-0.0080730973671486	-0.0007105253553633	0.0019577804040472	
0.0281653094518107	0.0198065887380664	0.0005931621475609	-0.0019966659807799	0.1610731495493600	0.0406275287559883	0.0006072752211561	-0.0019923976417075	0.2870745082570673	0.0500502131547180	0.0006615915804739	-0.0019749387599824	
-0.0425758135585945	0.0777189824800683	0.0020255002424380	0.0004659266550978	0.0872756871054603	0.0990395273780229	0.0020219800160352	0.0004810478397062	0.2077715462147811	0.1087454619308773	0.0020092367632422	0.0005320103511281	
-0.0654749111186802	0.0719957083222951	0.0020001254339246	0.0005654630973393	0.0633757198830601	0.0927649382234949	0.0019896099840156	0.0006015915632024	0.1829137256973997	0.1018340890078422	0.0019822745012301	0.0006254550021650	
-0.0923693149925935	0.0640718992076220	0.0019569758393275	0.0007009640746304	0.0374002873904843	0.0844006074276787	0.0019372178872828	0.0007541068320691	0.1568046163322171	0.0930583730170293	0.0019246031758254	0.0007858986931215	
-0.1203135492891543	-0.0113720017137380	-0.0006148956272886	0.0019900473107574	0.0103156009200643	0.0083033336264684	-0.0006167182460063	0.0019894804092306	0.1299278355967983	0.0146018028713757	-0.0006543481752580	0.0019773625640155	
-0.0196625238829834	-0.1072551434674279	0.0008418941165148	-0.0019047161772631	0.1121321921655987	-0.0885802383412614	0.0008223426944926	-0.0019132811624300	0.2368411863889407	-0.0833636357929295	0.0008476629345382	-0.0019021430477509	
-0.0830093907567842	-0.0483320484173964	-0.0019958535037033	-0.0005804347655394	0.0468001667467886	-0.0282829825733728	-0.0019942259679259	-0.0005860298838068	0.1671661303347195	-0.0224861465510011	-0.0019691524111371	-0.0006658111734132	
-0.1017327720436090	0.0600844242986803	0.0018607975034886	0.0009275645265950	0.0280560214064515	0.0802046434803368	0.0018478516246111	0.0009532198235948	0.1466227003371458	0.0881992788170718	0.0018252663699365	0.0009959927948871	
-0.2900912350241518	-0.3705319892696557	-0.0019396465739479	-0.0007478063170772	-0.1530063779432178	-0.3422418913548411	-0.0019616536735691	-0.0006876977290520	-0.0313863193734153	-0.3370849300470229	-0.0019795192723791	-0.0006341642174589	
-0.1958889299077061	-0.3614994166357142	0.0003599311530898	0.0020518476505209	-0.0656973855153268	-0.3395528988499795	0.0004516213094479	0.0020335424477579	0.0542507455679149	-0.3385779075868633	0.0005278537734318	0.0020150070178999	
-0.2131858183455635	-0.3430500059324099	-0.0020693047084747	-0.0001918825910349	-0.0819115767974548	-0.3194501584387756	-0.0020246222796367	-0.0004697460019568	0.0365082384941320	-0.3173660086593356	-0.0018629548434949	-0.0009232022172187	
-0.0563211389903732	-0.0433179322167418	-0.0020453595161622	-0.0003685628885598	0.0736888033302751	-0.0237753542109881	-0.0020395180874560	-0.0003997744124623	0.1952368514500787	-0.0174637898838939	-0.0020323838584705	-0.0004347584302973	
-0.1285695498058033	0.0415928350070542	0.0013177302594699	0.0016109536999213	0.0008231684946840	0.0604609876193430	0.0010130633187938	0.0018190224267707	0.1195347015333186	0.0677003428842038	0.0010119466352920	0.0018196470000829	
-0.1266075132610563	0.0094110712226966	-0.0005741653118835	0.0020022391423028	0.0040767315061417	0.0291482542375051	-0.0005771238691219	0.0020013841150480	0.1233010342118330	0.0353296660102745	-0.0006024932336444	0.0019938561688270	
-0.2846427420369613	-0.3946908330985400	0.0019503180923117	-0.0007193710029561	-0.1487031918978596	-0.3678844461255611	0.0019030531864257	-0.0008369800805213	-0.0292968316892633	-0.3628009752594523	0.0018931582284382	-0.0008592363232455	
-0.1955698218815363	-0.3583449732289685	0.0000622300304281	0.0020823990525362	-0.0652052533825050	-0.3364579489189379	0.0001804252150288	0.0020754665860501	0.0548903801314190	-0.3354093581094814	0.0002733423697273	0.0020652330811458	
-0.1275576583857591	0.0426250836224523	0.0014872855660013	0.0014550551556738	0.0016435969488737	0.0615739577542472	0.0012422531774124	0.0016701374827381	0.1203038765917743	0.0688076207626873	0.0012320183161445	0.0016777394953102	
-0.0484957239706019	-0.0421342620587244	-0.0020505674253178	-0.0003382315745275	0.0823032885820402	-0.0221794262650387	-0.0020516134954074	-0.0003317950370036	0.2037577320525064	-0.0157710406347313	-0.0020519911417256	-0.0003294396411427	
