0.1496082406432314	-0.4156714921862424	0.0020753596219527	-0.0001076926648355	0.1736989175803699	-0.4299052678196565	0.0020777029065986	-0.0000426284240933	0.2544111499022275	-0.4512497289211581	0.0020646563601132	-0.0002369202829192	
-0.1040016159138263	-0.2954313720836355	0.0020372715768973	0.0004111252630067	-0.0810979667398134	-0.2997917072862437	0.0020388642826932	0.0004031121378377	-0.0072066649507322	-0.3096445479588518	0.0020461468048983	0.0003641445864853	
-0.3896483826714596	0.4635569019706638	-0.0020674042821587	0.0002114705560056	-0.3522611099497089	0.4623911817925542	-0.0020628891485383	0.0002519166200888	-0.2732828786276963	0.4447296714829045	-0.0020671343222626	0.0002141063834718	
-0.4478455647500141	-0.4273501953216400	-0.0020617485825653	-0.0002611320670352	-0.4260181821078388	-0.4250012614539939	-0.0019995770685261	-0.0005674088412331	-0.3439959398278034	-0.4256335861658543	-0.0019491105749383	-0.0007226526415398	
0.2234618086433464	0.4038473954269811	-0.0019582709250615	-0.0006973196319482	0.2598531036950558	0.4006001342629927	-0.0019296829427656	-0.0007732786457046	0.3417728505143005	0.4024489528935802	-0.0018880556685286	-0.0008704467356271	
0.2452143978042119	-0.4260689760567499	0.0020588057353730	-0.0002835080682031	0.2712023396278037	-0.4437065701371422	0.0020563774666700	-0.0003006985560671	0.3564240239238101	-0.4693471406870113	0.0020524285085079	-0.0003266899959236	
0.3150908467795995	-0.3056754866064453	-0.0020618672872530	0.0002601884189930	0.3448945095368947	-0.3217798880113762	-0.0017080345556685	-0.0011867141991926	0.4341274358999008	-0.3414891756014807	-0.0009677935810083	-0.0018436280498943	
-0.4571271527157649	0.4711597657585677	-0.0020613713662145	0.0002641080289520	-0.4186631098166035	0.4701844809373037	-0.0020610268076622	0.0002667968692078	-0.3365739000463688	0.4504588445013675	-0.0020685505477638	0.0001998878664326	
0.2399347710566416	-0.4253067081655488	0.0020585066527906	-0.0002856823514609	0.2659584240110722	-0.4428959704149075	0.0020519563901046	-0.0003296571096927	0.3512465916631173	-0.4684916934822084	0.0020448848236450	-0.0003712006618824	
-0.6608495593505118	-0.4593335347669555	-0.0020758150813746	-0.0000984761552540	-0.6349337328187272	-0.4526892265384422	-0.0020495144810940	-0.0003445857924199	-0.5413659278858920	-0.4478179931718145	-0.0020570175896705	-0.0002962656932292	
-0.0675408581102547	-0.3969085262943448	0.0020780262810407	-0.0000216008854163	-0.0457092780960386	-0.4049511502393691	0.0020781255224222	-0.0000072160318036	0.0280652159828577	-0.4185875310298310	0.0020765555681125	-0.0000812858207963	
0.2597713530634561	-0.2967386943630043	-0.0020743657163031	0.0001254702892006	0.2888670240115474	-0.3123770524176205	-0.0020767243580167	0.0000768299642175	0.3751412926377724	-0.3338691096467420	-0.0020725487603648	0.0001526934027810	
0.2192560373586970	-0.3537611432741073	0.0020702101801172	0.0001818019551711	0.2451582158777963	-0.3674403375117486	0.0020370724072803	0.0004121159180526	0.3285879004515291	-0.3868555376095440	0.0018530456793247	0.0009430318846949	
0.2524984299329615	-0.4270062379446715	0.0020648707102850	-0.0002350353681148	0.2784684503528714	-0.4446656869275058	0.0020635978380311	-0.0002460141159368	0.3647000053097240	-0.4705913537286076	0.0020583824195310	-0.0002865805662540	
0.3471510581010613	0.4737848368377482	-0.0017813388214963	-0.0010729511212181	0.3875424015106188	0.4719269373120587	-0.0018069612516094	-0.0010289911861648	0.4780109978629130	0.4811860787365266	-0.0018217736319840	-0.0010023989090601	
-0.6545635798142492	-0.4587897692253335	-0.0020612757490276	-0.0002648569808783	-0.6297183648745831	-0.4517755656658741	-0.0020494161439599	-0.0003451730918435	-0.5351146581237125	-0.4469327011339200	-0.0020585202521612	-0.0002855838522518	
-0.0529847058817721	-0.3750607260173071	-0.0020650862529890	-0.0002331243996227	-0.0312304920995902	-0.3826687432539153	-0.0020741131885569	-0.0001295980095442	0.0437706384043445	-0.3965453703366400	-0.0020557608576083	0.0003049063743687	
-0.1621081660665379	-0.3533673907182822	-0.0020673527653417	-0.0002119761117633	-0.1402239807151319	-0.3580296348811731	-0.0020740991820435	-0.0001298230986496	-0.0655487730077180	-0.3680608266654968	-0.0020768029946875	-0.0000746631682928	
0.0477990936394288	-0.4083255347325670	0.0020637950101239	-0.0002443461979135	0.0706213723728402	-0.4199790997261075	0.0020714490077645	-0.0001670193489371	0.1464892050368723	-0.4376278570316764	0.0020702363413438	-0.0001815023125792	
-0.1849598976482928	-0.3823528442168149	0.0020780176208475	-0.0000224225462343	-0.1641597966292372	-0.3873700702552866	0.0020752319367816	-0.0001101377873839	-0.0893314257147519	-0.3976248457115556	0.0020687025821442	-0.0001983002911646	
-0.1298609507828986	-0.0616551625127635	-0.0020668002009771	-0.0002173239374089	-0.1028555449509084	-0.0648929454064899	-0.0020773367907456	-0.0000578448276070	-0.0290940867611831	-0.0739481275758766	-0.0020781377350269	0.0000010286902709	
-0.0851737487669278	-0.3585689330461359	0.0020593401569327	0.0002795800080492	-0.0633795883923171	-0.3650076390867540	0.0020740818354323	0.0001301013222868	0.0114259398907980	-0.3771593084755432	0.0020781370959435	-0.0000019307271549	
-0.5849308201079914	0.4857776182238312	-0.0020711566822341	0.0001706238987967	-0.5434030609517055	0.4855679558793941	-0.0020705099398672	0.0001783382062597	-0.4540366880569804	0.4627185621410495	-0.0020639212975539	0.0002432718152583	
-0.1672907214876507	-0.0698771221120982	-0.0020672925893260	0.0002125651053908	-0.1402806724153822	-0.0728654005328384	-0.0020780839199639	0.0000150281491978	-0.0666006467307625	-0.0819450318392230	-0.0020754432921815	0.0001060597603521	
-0.2940639499443225	-0.0752097484815685	-0.0020776132932348	-0.0000468125900758	-0.2670523589946979	-0.0759581042181175	-0.0020773809662035	0.0000562278284447	-0.1902402051747897	-0.0840479749345458	-0.0020693095766568	-0.0001918298213283	
-0.5890641607908150	-0.4460934123289873	-0.0020205789252759	-0.0004869285075063	-0.5651173433990331	-0.4399114362709269	-0.0020049044390577	-0.0005481903284574	-0.4757470085485478	-0.4368172584889621	-0.0020712839297035	-0.0001690643690600	
-0.2587779129636387	-0.0705793232871560	-0.0020486198149704	-0.0003498916767908	-0.2318187210777532	-0.0706270807692698	-0.0019971746538463	-0.0005758495614357	-0.1566078658084945	-0.0773787758999208	-0.0016863916590036	-0.0012174249839735	
0.1351066197643040	-0.4144285136700186	0.0020693530655147	-0.0001913577633274	0.1588683565704784	-0.4286150755052142	0.0020630934247844	-0.0002502297419905	0.2380251374508169	-0.4496992104924215	0.0020553060235599	-0.0003079725820199	
-0.5673660925614510	0.4841936280020229	-0.0020669243567363	0.0002161339832691	-0.5256864202241359	0.4837652497876415	-0.0020630732947944	0.0002503964841790	-0.4385693491185572	0.4609589557037983	-0.0020643364324464	0.0002397056791981	
0.4872826464289983	-0.2549742245277084	-0.0020376940963805	-0.0004090154153195	0.5236304859330136	-0.2735758384243493	-0.0020456313833593	-0.0003670433606701	0.6287023769665712	-0.2973453723747471	-0.0020543161736398	-0.0003145399584313	
-0.3221678853569875	0.4558484097812842	-0.0020660907208626	0.0002240012880350	-0.2857185312697538	0.4543414011438447	-0.0020656151115199	0.0002283670129584	-0.2088383086227801	0.4386670219674896	-0.0020716236071643	0.0001648285882861	
0.1679964684559003	0.3237222399808444	0.0014692285906308	-0.0014733765545641	0.2029600025937803	0.3178909764631056	0.0017958173905355	0.0010484143842616	0.2818200034327375	0.3188832610365432	0.0020312735736653	0.0004399423792947	
-0.1215761170843469	0.4332784823650592	-0.0020641944854271	0.0002409310671620	-0.0862408251827893	0.4302258731529139	-0.0020641182019500	0.0002415869983024	-0.0135335699936496	0.4205334242606585	-0.0020704192385240	0.0001793933776290	
-0.4499108294736443	0.4083189109925348	0.0016748283495797	0.0012333632861638	-0.4115846038507273	0.4107839178447893	0.0016425180014294	-0.0012762860980887	-0.3313544726315300	0.3912063953543427	0.0015757131069947	-0.0013582989749302	
0.3491588825390244	0.4749468076015833	-0.0017904098007818	-0.0010576684981474	0.3895580582212290	0.4730750334889923	-0.0018130236925586	-0.0010182175844862	0.4800441064695924	0.4823007837410082	-0.0018188954614628	-0.0010076380784636	
0.2859256092508861	-0.3287289329002694	0.0020635451537368	-0.0002464578450639	0.3147498331835984	-0.3459885010078004	0.0020429323403537	-0.0003818524360926	0.4029853216284904	-0.3700695768413301	0.0020111115265069	-0.0005248429091725	
-0.1984659143950786	0.4426733427205452	-0.0020624979282926	0.0002551156564870	-0.1631866774308010	0.4401755994490255	-0.0020598337268152	0.0002759016174713	-0.0893557548603977	0.4281718450374516	-0.0020676560138543	0.0002089824374992	
0.0654321268281982	-0.4090569828244194	0.0020773279058301	-0.0000581646174707	0.0883775814583804	-0.4210317752941656	0.0020685594438960	-0.0001997953218124	0.1651537653150211	-0.4394477068717322	0.0020625827656941	-0.0002544254017681	
-0.0373765340250890	0.3521976165584095	0.0020698901799146	0.0001854276578697	-0.0041473051355413	0.3500347280916088	0.0020433412187655	0.0003796473752302	0.0706683492512246	0.3438096921091802	0.0020582247173218	0.0002877166471413	
0.1038741569327846	-0.4545745954653719	-0.0020372284007895	0.0004113402285665	0.1267718141013443	-0.4696952444081873	-0.0020372800351749	0.0004110831371628	0.2057919156758916	-0.4881936080981757	-0.0020773540051033	0.0000572201511568	
-0.1714323540056091	-0.3544409593454125	-0.0020634505474131	-0.0002472526317847	-0.1496337317160612	-0.3587790443965855	-0.0020689319802948	-0.0001958802899703	-0.0747777964823483	-0.3684534792585525	-0.0020747492593890	-0.0001189262895355	
0.1598684409672912	-0.4158382945097218	0.0020738519532638	-0.0001337335549300	0.1840894559727086	-0.4309619512459336	0.0020457563111666	-0.0003663429290753	0.2639195913689912	-0.4531332464610362	0.0020283738931805	-0.0004531886026918	
0.0332371966367173	-0.3165770599611998	-0.0020686233463005	-0.0001991292825224	0.0561424145132067	-0.3252959321367500	-0.0020725843984442	-0.0001522064752958	0.1330003183330737	-0.3395751672148478	-0.0020763138859155	-0.0000872701777368	
0.3636301526489067	0.4833932523815197	-0.0017699622456340	-0.0010917087593601	0.4039876877654354	0.4815303410210252	-0.0017579514190118	-0.0011110415407431	0.4934274645988177	0.4917461995818969	-0.0012759707335936	-0.0016443922228569	
-0.2296297167946929	0.3750686579397079	0.0020378779336200	-0.0004080938827835	-0.1953774112498756	0.3725754409808582	0.0020514509947282	-0.0003328032981625	-0.1215773498827253	0.3603341089613917	0.0020623504549840	-0.0002563110386821	
-0.0363674140102390	-0.3979885676738357	0.0020648923948894	-0.0002348438282448	-0.0145505789773342	-0.4075225210482588	0.0020624153448140	-0.0002557857565415	0.0602786120107554	-0.4226710241500798	0.0020606560632358	-0.0002696596194766	
-0.6306546006127186	-0.4545807175556963	-0.0020475928814081	-0.0003558816977113	-0.6057654492327506	-0.4479980316653825	-0.0020530562683610	-0.0003227013983791	-0.5132634833332222	-0.4439981740309765	-0.0020558038593677	-0.0003046148510596	
0.1878962447030361	-0.1852672473741508	-0.0016775870071778	-0.0012295895782452	0.2136159803853778	-0.1944559749771188	-0.0015959822020064	-0.0013343038907857	0.2938848890807750	-0.2061413296048007	-0.0013752898141780	-0.0015618536336812	
-0.6119453423432327	0.4877534723150584	-0.0020732579111561	0.0001426904158867	-0.5693937696516739	0.4875642998416056	-0.0020724866026340	0.0001535389562464	-0.4789803093241645	0.4658077173701086	-0.0020613646831486	0.0002641604463365	
-0.1942517012338927	0.4421699188055961	-0.0020624165313113	0.0002557761416677	-0.1589773279537078	0.4395852109917660	-0.0020600471719735	0.0002742953363679	-0.0852335060373989	0.4278055948920009	-0.0020680257004668	0.0002052732299481	
0.3367926837146609	0.4674341247168181	-0.0017641873310415	-0.0011010629418179	0.3762907341474213	0.4653432979681715	-0.0017702831439196	-0.0010911857170957	0.4662709075682585	0.4744172590641617	-0.0017812103841894	-0.0010731653942566	
0.1080598194644766	-0.4552968900149438	-0.0020459719764995	0.0003651304972267	0.1309484427576988	-0.4704035993985213	-0.0020457191440582	0.0003665514578979	0.2099420982070096	-0.4882523627043824	-0.0020781339721535	0.0000040958543785	
-0.1080633203690756	0.3614566868492355	0.0020620361622022	-0.0002588399175550	-0.0737817618184196	0.3582552145003890	0.0020592454365565	-0.0002802803023504	-0.0010267306424666	0.3491038141460920	0.0020646227650193	-0.0002372143302224	
-0.1350941398632532	-0.3500790766888195	-0.0020234751429868	-0.0004746875550278	-0.1132995983015789	-0.3544868936897067	-0.0020126789780710	-0.0005187691275374	-0.0384156425782328	-0.3640681144811059	-0.0020170585304437	-0.0005013826968333	
-0.3646806390220078	0.4606593763858554	-0.0020637382786257	0.0002448272816734	-0.3273305155276611	0.4592080637156128	-0.0020623376912907	0.0002564142319865	-0.2494214160996746	0.4423135399970545	-0.0020690791289192	0.0001943119580404	
-0.2826085198548158	0.3793648712445613	0.0020767384927531	-0.0000764450220202	-0.2472828900860085	0.3782572603351413	0.0020781347100146	-0.0000037005298458	-0.1725310808355371	0.3651736491546906	0.0020765823970549	0.0000805940602370	
-0.1454646390834264	-0.0656352140438373	-0.0018837803635149	-0.0008797067685290	-0.1193665783257881	-0.0670548404206460	-0.0019943263867946	-0.0005856863441010	-0.0446607926292811	-0.0750942278195972	-0.0020458747356400	-0.0003656776813763	
-0.1194695617757745	0.3627858308279290	0.0020654027531266	-0.0002302892543920	-0.0851709771085827	0.3597325133164730	0.0020630400735257	-0.0002506714188738	-0.0124419391327822	0.3503803394669847	0.0020666265164951	-0.0002189776241916	
-0.1496430981376879	-0.2576828809725808	-0.0020667799543319	-0.0002175173645491	-0.1267687548609097	-0.2613430581092570	-0.0020656171773382	-0.0002283482329842	-0.0518997382812730	-0.2702900184800233	-0.0020748351070356	-0.0001174114428153	
-0.1901550400466567	-0.3823489265393568	0.0020780079702108	0.0000233040697048	-0.1693270522631763	-0.3871448764622414	0.0020768276845691	-0.0000739697414186	-0.0945900575806411	-0.3971472154000014	0.0020710670932350	-0.0001717133376604	
-0.1621117323030075	-0.3831565380520938	0.0020750007670648	-0.0001144313915210	-0.1412527865418430	-0.3889858396540579	0.0020680484921313	-0.0002050423346256	-0.0664665833414009	-0.4002288237837681	0.0020540911119699	-0.0003160137013775	
-0.1217675187976729	-0.2058423393582743	0.0019706910815062	0.0006612201219793	-0.0977677667423520	-0.2090652756539300	0.0020631023034431	0.0002501561618042	-0.0229235956200655	-0.2183374883367584	0.0020772595358398	0.0000605689181799	
0.2705691548176804	-0.3650955074950056	0.0018386163967646	0.0009710014643990	0.2971492373524965	-0.3791270553549017	0.0020413289558239	0.0003903750868891	0.3844463675231413	-0.4010186643897752	0.0020757929839869	-0.0000989431762106	
-0.1475454184485302	-0.0666710683315615	-0.0018440642067261	-0.0009605627838288	-0.1215479500617381	-0.0677667174090550	-0.0019555475426333	-0.0007049587606964	-0.0468815795972735	-0.0755693385113697	-0.0020263508019404	-0.0004621948228626	
-0.2909955789673205	-0.2026472161371151	0.0020765051928233	0.0000825690236415	-0.2660121947304006	-0.2029952928057228	0.0020642996509458	0.0002400238119582	-0.1890723108675040	-0.2100418380384219	0.0020777674971874	-0.0000393374447741	
-0.3024193227629081	0.4537931444000916	-0.0020676257779086	0.0002092828690816	-0.2659875537805155	0.4521864119834506	-0.0020654307917796	0.0002300363837335	-0.1901798555552094	0.4372091787183395	-0.0020711727497091	0.0001704277702316	
0.0738861874497669	-0.4096247121797212	0.0020691424379871	-0.0001936332577713	0.0964884307892568	-0.4216510208124307	0.0020776121905107	0.0000468617498130	0.1745078780246974	-0.4395066021521160	0.0020705231134672	0.0001781844280419	
-0.0311740509778056	-0.3985255671808184	0.0020675418260882	-0.0002101147593172	-0.0093477420500466	-0.4081128958356889	0.0020670638039329	-0.0002147895241756	0.0654348592801017	-0.4232576961084536	0.0020663802626498	-0.0002213008448096	
0.0872045059979905	-0.3896943112062585	-0.0020479671822393	0.0003537105268309	0.1102123544073451	-0.4019503559352084	-0.0020756968778402	-0.0001009491615832	0.1879504003286179	-0.4201905257413661	-0.0020774295285267	0.0000543947731335	
0.1675244943037724	-0.2002930813042026	-0.0015539446720030	-0.0013832732635899	0.1930457782117306	-0.2090946419684269	-0.0016257257076078	-0.0012977142452669	0.2735628424751645	-0.2211853654945252	-0.0016977760580696	-0.0012014174967240	
0.1059734834747368	-0.3898417341504969	-0.0020733409894224	0.0001414720393706	0.1298999815689680	-0.4028974471053494	-0.0020679182355624	0.0002063584087815	0.2077475228243960	-0.4223660955275386	-0.0020564678983894	0.0003000763702124	
0.3616538913186045	0.4822076733010134	-0.0017827882874767	-0.0010705289182624	0.4020488101785704	0.4803085133202059	-0.0017681150813051	-0.0010947128132036	0.4934274645988177	0.4917461995818969	-0.0012759707335936	-0.0016443922228569	
-0.0716977145495716	-0.3575564704787037	0.0020744830832013	0.0001235047295711	-0.0498810930304190	-0.3643495672385571	0.0020582802205166	0.0002873173263880	0.0249210744914239	-0.3759468398344006	0.0020254544053058	0.0004661268729173	
-0.2608170635792415	-0.4186059076735195	-0.0020698019115666	-0.0001864152606082	-0.2400290987507698	-0.4216404391353036	-0.0020756928022356	-0.0001010333477132	-0.1642152978427061	-0.4296159525878532	-0.0020774662606602	0.0000529661128687	
0.3023382749568436	-0.0789291729679959	-0.0020772294889335	0.0000615958466093	0.3346011763812038	-0.0907066228427943	-0.0020749758632625	-0.0001148843373142	0.4229081301704467	-0.1031412037444246	-0.0020258511791449	-0.0004643907431018	
0.1884909739996171	-0.1847256817478120	-0.0016593370758520	-0.0012542304573233	0.2142288070903920	-0.1938853854191279	-0.0015645047460567	-0.0013712581827914	0.2947927590950919	-0.2050346646092117	-0.0012912154581038	-0.0016323889890286	
-0.0010328699759756	-0.3229265370162773	-0.0018980582769484	-0.0008483023709530	0.0204961964344506	-0.3298142195070404	-0.0018806714864770	-0.0008863666316751	0.0974042348247270	-0.3422818508151557	-0.0020721281074750	0.0001583271101328	
-0.4260399368867122	0.4675948436630702	-0.0020637998376400	0.0002443052161737	-0.3876254379043272	0.4664020976710707	-0.0020608202312611	0.0002683958055741	-0.3076094975445259	0.4476573286362689	-0.0020677599634911	0.0002079462241361	
0.1391940750889977	-0.4147905971044897	0.0020691007994875	-0.0001940799097856	0.1631469660657877	-0.4291169155527583	0.0020643562036404	-0.0002395344960555	0.2430038941708063	-0.4503746715787786	0.0020620360834431	-0.0002588405481265	
-0.1329679933796424	-0.3001427829758079	0.0020484827811414	0.0003506970742122	-0.1101413518086400	-0.3041664493622470	0.0020578652026127	0.0002902896349089	-0.0353240502364157	-0.3135715519189591	0.0020679130670298	0.0002064104553275	
-0.4426295702724143	-0.4262038017910719	-0.0019959903920357	-0.0005799615026818	-0.4207661812418645	-0.4232406591457099	-0.0019426225438984	-0.0007400019809673	-0.3397837193469898	-0.4239056205285882	-0.0019095162296500	-0.0008220532198392	
-0.0665556937091616	0.3558025077165842	0.0020567336348947	-0.0002982403865816	-0.0332156342227878	0.3523364495339462	0.0020541918480432	-0.0003153549354567	0.0395327409356702	0.3441483244059294	0.0020584395467364	-0.0002861678895999	
-0.2441710187153628	0.3783580988344360	0.0020371819003582	-0.0004115716146272	-0.2099092750139200	0.3757090979315149	0.0020208666440398	-0.0004857270328411	-0.1361077390217994	0.3628843234871304	0.0020312553666505	-0.0004400268559065	
-0.0976838183058781	-0.4334685334351380	-0.0020745184108203	0.0001229069163831	-0.0769095481395546	-0.4418733858187651	-0.0020751471142542	0.0001117324495354	-0.0021145038689846	-0.4555634206168456	-0.0020746434510611	0.0001207671337438	
-0.1839218989670398	-0.3823659810599777	0.0020779147572196	-0.0000305353075060	-0.1631264882805563	-0.3874235705860432	0.0020749458424188	-0.0001154279810540	-0.0883031973118826	-0.3977194216536836	0.0020684981327446	-0.0002004322534071	
-0.3169007103483233	0.4553168972744766	-0.0020663543322442	0.0002215440450224	-0.2806134199539875	0.4537225521466299	-0.0020658948455562	0.0002258096162884	-0.2036852376765092	0.4382969019489180	-0.0020721663866821	0.0001578228098302	
0.1642749925169966	-0.2032581941926349	-0.0015132979524569	-0.0014278453762440	0.1890354941923698	-0.2123995821753786	-0.0015689153912522	-0.0013661842522143	0.2700339055466998	-0.2237999774794567	-0.0016454988520279	-0.0012724213337087	
0.1101620606289293	-0.3901533225147202	-0.0020726491884670	0.0001513172059486	0.1340221182583956	-0.4033103680493611	-0.0020648458248318	0.0002352549863962	0.2119520316259959	-0.4230447965964418	-0.0020523587148714	0.0003271303649846	
-0.3678833577913301	0.4610619874396596	-0.0020634666542101	0.0002471175018770	-0.3303963819169533	0.4595668378656114	-0.0020618434913900	0.0002603778636603	-0.2525081450967767	0.4425828411582150	-0.0020686003385378	0.0001993693455753	
-0.5381592255565448	0.4806572198287624	-0.0020632265854063	0.0002491238842168	-0.4977079995108014	0.4802398991409197	-0.0020636728795360	0.0002453806799968	-0.4115273210561849	0.4580172404258527	-0.0020685608360365	0.0001997808357486	
0.0102213382717975	-0.0512032979448534	-0.0012533989276385	0.0016617472860842	0.0383525220559852	-0.0595286086400020	-0.0020050869299684	-0.0005475191190536	0.1123942068374820	-0.0682786189915061	-0.0019919691457599	-0.0005936936879389	
-0.0280563651223231	-0.3988453118406616	0.0020696258179464	-0.0001883699163664	-0.0062364541870351	-0.4084032542594216	0.0020700096241767	-0.0001840827354717	0.0686165221828021	-0.4235817001950378	0.0020685860514106	-0.0001995182707801	
-0.6483093881704038	-0.4577656962035972	-0.0020469291981427	-0.0003596982803168	-0.6234763703207445	-0.4507683948006543	-0.0020509470271747	-0.0003359104956111	-0.5298838542669357	-0.4462509952763183	-0.0020602096437500	-0.0002730662095493	
-0.2036678742108767	-0.3593447472315781	-0.0020234853159509	-0.0004746439710028	-0.1818454497690097	-0.3624691833548597	-0.0020471903595831	-0.0003582014431695	-0.1069889965675571	-0.3710077527542243	-0.0020628610735924	-0.0002521475630786	
-0.1745779824964304	-0.3826371570776169	0.0020766915359791	-0.0000777164682942	-0.1537905430232361	-0.3879702228166953	0.0020737107343118	-0.0001359165567674	-0.0789717901628179	-0.3986345851085490	0.0020662147748697	-0.0002228483377467	
0.3567634986542081	-0.2242624775100565	-0.0015550086524377	-0.0013820710894348	0.3861644579634669	-0.2382181971494180	-0.0015367162680930	-0.0014024830285453	0.4789825559517471	-0.2541426539227328	-0.0015550121903994	-0.0013820670888319	
-0.3906788665064928	-0.4176670051237432	-0.0020455500789134	-0.0003674984695057	-0.3688932185000622	-0.4167469521446064	-0.0020252225713850	-0.0004671381458112	-0.2898608386198159	-0.4196081905732723	-0.0019621035237191	-0.0006864067505744	
-0.4447354244826524	-0.4267382267569993	-0.0020253974560346	-0.0004663755028130	-0.4228947310899073	-0.4240018924439556	-0.0019637010450823	-0.0006818000246310	-0.3407647410536471	-0.4242800517689219	-0.0019193259761790	-0.0007987637260804	
-0.1164236732969240	-0.2976756987657777	0.0020528009603606	0.0003243296140619	-0.0935346441977021	-0.3019861339500691	0.0020544421902295	0.0003137116855304	-0.0196946133085036	-0.3117169789098469	0.0020571322113807	0.0002954647682829	
-0.2930178513717634	-0.0751868628467284	-0.0020772994007693	-0.0000591789110173	-0.2660126256067263	-0.0759802152604361	-0.0020777512453538	0.0000401908877312	-0.1892368040024518	-0.0839492943250289	-0.0020605588948691	-0.0002704048203420	
-0.0976873721303622	-0.2498998632585022	-0.0018528166524213	-0.0009434840362936	-0.0737820239328262	-0.2534675892613334	-0.0020677503365291	-0.0002080424087631	-0.0000002080920760	-0.2635252596687145	-0.0020702461421281	-0.0001813899289990	
-0.1600010835586523	-0.4248187824359267	-0.0020697881581207	-0.0001865686684298	-0.1391743730799567	-0.4308441660295994	-0.0020780483120827	-0.0000193539972937	-0.0654057941432684	-0.4424480167436484	-0.0020656454252704	0.0002280912792146	
-0.2920187014329260	-0.2026548283650744	0.0020768944412424	-0.0000720614029719	-0.2670408677067972	-0.2031235864820547	0.0020625638233943	0.0002545796850016	-0.1901267754204510	-0.2100376230884173	0.0020777970817363	0.0000377343157768	
0.1480083287159158	-0.2202398390445087	-0.0013066955468049	-0.0016199619093963	0.1721086796565261	-0.2287497809257878	-0.0013982082736094	-0.0015412670926356	0.2514075592176939	-0.2405666541943038	-0.0014571546060734	-0.0014853782223477	
-0.0570844924423755	0.4254752106342140	-0.0020574069023746	0.0002935362741801	-0.0218415868518068	0.4217334594397308	-0.0020566317683117	0.0002989455474792	0.0509342218385774	0.4137017691235986	-0.0020646228251890	0.0002372138039059	
0.2618464749995868	-0.2968332950788122	-0.0020766359004543	0.0000791964570081	0.2909415832446601	-0.3124523230786876	-0.0020771940124020	0.0000627867079867	0.3772089734375959	-0.3340162875396680	-0.0020709420340229	0.0001732225734365	
-0.2971661220570250	-0.4175826442125091	-0.0020508223093583	-0.0003366748962904	-0.2764320401277863	-0.4188673345970959	-0.0020623935252710	-0.0002559625075348	-0.2004334285053517	-0.4258099523325342	-0.0020342279853026	0.0004260023486866	
-0.1329203761502922	-0.3495465086282444	-0.0020133959226562	-0.0005159655847851	-0.1111525409985842	-0.3538919168743117	-0.0020045060279719	-0.0005496526418963	-0.0363680419379258	-0.3635907536716722	-0.0020211627422466	-0.0004844872765212	
-0.5590074390063925	-0.4436417831198680	-0.0020667814181679	-0.0002175033855655	-0.5351446382189308	-0.4389545577163238	-0.0020357208293677	-0.0004187741457934	-0.4478227146397395	-0.4366661948807850	-0.0019962605874472	-0.0005790261276624	
-0.5820985411116626	-0.4442847591414099	-0.0019914663204683	-0.0005953865925408	-0.5580884413475190	-0.4382809315151115	-0.0020660093544978	-0.0002247542528502	-0.4706668122758181	-0.4376314160002339	-0.0019945545627449	0.0005849049242765	
-0.3906712041906623	0.4636540006797732	-0.0020677215986211	0.0002083292673218	-0.3532802458331885	0.4625205453362127	-0.0020634051720326	0.0002476329118505	-0.2743094661572093	0.4448290794103044	-0.0020674715912108	0.0002108081786109	
-0.5849082825615084	-0.4450088075997253	-0.0020040440242394	-0.0005513431447200	-0.5610038559623285	-0.4387502405118235	-0.0020109495271802	-0.0005254663761078	-0.4717873297362101	-0.4373191713865232	-0.0020146771223672	0.0005109147507919	
-0.2499923509316538	0.0479357415905425	0.0000930316567855	-0.0020812447141253	-0.2266666671049352	0.0447874981986743	0.0000568003907088	-0.0020825550033089	-0.1553121193848922	0.0354069774193873	0.0000467969225899	-0.0020828050466539	
0.0477822025898900	-0.4502132485166867	-0.0020429732776382	0.0003816322571463	0.0696008551986753	-0.4636720733237574	-0.0019999009273547	0.0005662605782007	0.1464516915844869	-0.4826381973049355	-0.0020153819479852	0.0005081133471031	
0.0208498314784482	-0.4049588992090578	0.0020734721031469	-0.0001395274592888	0.0425632776927978	-0.4157573718516717	0.0020686021198093	-0.0001993507702041	0.1183336707747034	-0.4326446931089006	0.0020537196729767	-0.0003184306817853	
0.2202755232391373	-0.3536551650431196	0.0020665896666271	0.0002193268585043	0.2461193075888638	-0.3672189051687544	0.0020187506950652	0.0004944908150235	0.3285879004515291	-0.3868555376095440	0.0018530456793247	0.0009430318846949	
-0.5113235375782951	0.4776119138366068	-0.0020631675608547	0.0002496146781870	-0.4717621556065071	0.4769644783282792	-0.0020596817783747	0.0002770393296300	-0.3875129294563410	0.4555430594687916	-0.0020671177248519	0.0002142673676524	
0.0884744452443815	-0.4517350545706956	-0.0020680576422636	0.0002049495635619	0.1113234929418031	-0.4662301867936083	-0.0020392770688517	0.0004010081892518	0.1890744203940177	-0.4865949921981856	-0.0020442274360822	0.0003748219849247	
-0.1236492084390547	-0.3468647030277665	-0.0019905096239792	-0.0005985931911612	-0.1017965030529256	-0.3514389486520027	-0.0020287234049307	-0.0004516135599756	-0.0269825206492179	-0.3617218351081818	-0.0020525894778505	-0.0003256720180640	
-0.2078131301422119	-0.3835030864541295	0.0020609265436427	0.0002675741430545	-0.1870212997416414	-0.3873138164692916	0.0020725437983009	0.0001527610763146	-0.1112459556196156	-0.3963272120945916	0.0020781376639614	-0.0000011640662226	
0.0134761893060842	-0.4042644451066050	0.0020579620956746	-0.0002895984816230	0.0351894422763301	-0.4150402255764015	0.0020669897651908	-0.0002155044132625	0.1110506171320382	-0.4316729294588400	0.0020651697283301	-0.0002323800446366	
-0.3065524712738547	0.3809298573722890	0.0020749439525584	-0.0001154621183986	-0.2711581655545735	0.3795904821768843	0.0020726510369567	-0.0001512917575760	-0.1953482944583284	0.3655754266331508	0.0020761133945557	-0.0000919389881738	
-0.2046338538285074	-0.3595562054285319	-0.0020224144339331	-0.0004792090055321	-0.1828360014973932	-0.3626461951558557	-0.0020455571372895	-0.0003674589826801	-0.1080000838988359	-0.3711366215148821	-0.0020614188430561	-0.0002637353483902	
-0.0820974630132498	-0.3960280476786192	0.0020711514870280	-0.0001706872658409	-0.0613005078681517	-0.4041215016154893	0.0020668255107040	-0.0002170818948565	0.0135082607842847	-0.4177053898769018	0.0020665344507867	-0.0002198491011559	
-0.4790207876859238	0.4739068641984221	-0.0020653758803014	0.0002305313473320	-0.4394971345902783	0.4730598788674828	-0.0020602907819548	0.0002724502726198	-0.3575075860513851	0.4527456495980067	-0.0020656413641917	0.0002281282383365	
0.3577312137790012	-0.4478423658208314	0.0020574075145881	-0.0002935319616386	0.3852464371312985	-0.4677078170546653	-0.0018970092171619	-0.0008506574495093	0.4811978682933422	-0.4969245335884045	-0.0015414217299640	-0.0013972838199677	
-0.0373996889901007	0.4229740677416630	-0.0020677323150029	0.0002082223442795	-0.0021215309868642	0.4193925265330039	-0.0020662502422811	0.0002225175949103	0.0706860838393661	0.4118572308860677	-0.0020714872508202	0.0001665419802759	
0.4332650963070517	-0.2655125772312388	-0.0020383126995523	-0.0004059058466246	0.4675815296438641	-0.2833356154872228	-0.0020465169194422	-0.0003620482595728	0.5694064441646569	-0.3062329822169732	-0.0020517967204230	-0.0003306544045424	
-0.0551368432494378	-0.4356693845990265	-0.0020625401363618	0.0002547724801761	-0.0341744053402762	-0.4454318237660002	-0.0020700847959434	0.0001832312125445	0.0403728781270044	-0.4609339127034631	-0.0020638908725287	0.0002435310937386	
-0.1766412657976001	-0.0686470194662215	-0.0020636425280715	0.0002456370804992	-0.1496354372741642	-0.0720839411154006	-0.0020557574429675	0.0003049295111549	-0.0758615531501020	-0.0815819605845031	-0.0020649184309007	0.0002346136431928	
-0.4873643199164467	0.4747900631075284	-0.0020665891904050	0.0002193313680862	-0.4478133167339272	0.4740839194034336	-0.0020640880740008	0.0002418455597838	-0.3646565364812647	0.4534465354107066	-0.0020685857304328	0.0001995216152789	
0.3588054529908093	-0.4468178137585117	-0.0019576841173451	0.0006989735943951	0.3878129905046934	-0.4667088750030963	-0.0020058662469390	-0.0005446427574973	0.4821647400834228	-0.4958582691460453	-0.0011886684789495	-0.0017088801977716	
-0.0290735787086028	0.4220870746310348	-0.0020674349349526	0.0002111691671833	0.0061930179986248	0.4183321293011968	-0.0020649214232535	0.0002345871730665	0.0789557164802956	0.4112715827854855	-0.0020696728790824	0.0001878495410559	
-0.1755923198843636	0.3688650591783087	0.0020674351243464	-0.0002111673036476	-0.1413426605615231	0.3663904839203793	0.0020648093489216	-0.0002355765176357	-0.0685401278997234	0.3556543216851726	0.0020694558644515	-0.0001902372162413	
-0.2868204869036333	-0.1820227644143319	-0.0020656506398187	-0.0002280438136896	-0.2618262839145717	-0.1823670471381199	-0.0020428398123996	-0.0003823496092472	-0.1851281834943608	-0.1881881414030664	-0.0018118482999894	-0.0010203181008040	
-0.3253040615735224	-0.0746318356364076	-0.0020685683980669	-0.0001997021297188	-0.2971883441676693	-0.0745124225136027	-0.0020779539486795	-0.0000277257110322	-0.2202900887393234	-0.0826274894291514	-0.0020777942986282	0.0000378880185137	
-0.2161362583238153	0.4447039084240051	-0.0020663324006087	0.0002217495303564	-0.1808324193039320	0.4424113678341355	-0.0020642850049816	0.0002401503698171	-0.1070466912201126	0.4299474578686456	-0.0020692913211228	0.0001920276307051	
-0.0976004633451073	-0.2940151258842220	0.0020277198004250	0.0004561208754263	-0.0749409303498892	-0.2984906145942181	0.0020362795872503	0.0004160350133369	0.0000225014401467	-0.3084188925603907	0.0020592145939554	0.0002805079460896	
0.4342599776709262	-0.2653241091049153	-0.0020383178792781	-0.0004058797048194	0.4685829462688389	-0.2831574909890314	-0.0020463540844173	-0.0003629720946446	0.5694064441646569	-0.3062329822169732	-0.0020517967204230	-0.0003306544045424	
0.1246894927315571	-0.4135293456568250	0.0020716185484998	-0.0001648924731921	0.1485413587089252	-0.4273353024945299	0.0020650025409839	-0.0002338684556857	0.2275284631653185	-0.4480394890929412	0.0020529910925006	-0.0003231178537837	
-0.3618140191124113	0.3817739753792201	0.0020695002375547	-0.0001897514708179	-0.3262877634521202	0.3811653204639531	0.0020733781637991	-0.0001409234348929	-0.2482729827697213	0.3660246420579084	0.0020771014136464	-0.0000657934579111	
-0.2754617748112859	-0.4191890149791352	-0.0020528060426708	0.0003242972835669	-0.2545136907326149	-0.4224222713663110	-0.0020772507723873	-0.0000608702223587	-0.1787091061631036	-0.4298735958649207	-0.0020768632590039	-0.0000729590137571	
-0.1516906223750600	-0.2579713536006882	-0.0020510427036604	-0.0003353228777270	-0.1288460638598984	-0.2615399292832526	-0.0020689936117545	-0.0001952249596704	-0.0540488005534668	-0.2704930013525800	-0.0020707484023287	-0.0001755335788634	
-0.2940746637100756	0.4529784133595500	-0.0020673111039705	0.0002123840626791	-0.2576674336443636	0.4512039461768692	-0.0020642634986717	0.0002403360864931	-0.1818310651742916	0.4365148249605798	-0.0020705268987348	0.0001781402170799	
0.3562024008597648	-0.3217323231480674	0.0018100760174036	0.0010234745896744	0.3855363324525429	-0.3375349615948717	0.0018443032831776	0.0009601013724317	0.4788641659435644	-0.3592314568030158	0.0016909496166064	0.0012110543952093	
0.0560501002011468	-0.4088373708314880	0.0020770558447589	-0.0000672237094593	0.0789842343098867	-0.4204604882380386	0.0020756323487068	-0.0001022739262195	0.1558509431748405	-0.4383803301884386	0.0020701247814438	-0.0001827766399804	
-0.1880319651469685	-0.3564558620179957	-0.0020589611754469	-0.0002823713059310	-0.1662529077175520	-0.3604010903582153	-0.0020676480251040	-0.0002090618580242	-0.0914467175790697	-0.3696370783672523	-0.0020728970554428	-0.0001478655087008	
0.0977035667621934	-0.3226729232748892	-0.0020663216331608	0.0002218503439690	0.1215977408595089	-0.3337354669810679	-0.0020773704252961	-0.0000566178663407	0.2004594956073475	-0.3495452228716372	-0.0020434107239721	-0.0003792712181976	
-0.0956105440289722	0.4301103005759010	-0.0020582334166364	0.0002876540967936	-0.0603398901197288	0.4266479117508537	-0.0020586470959334	0.0002846634595109	0.0124749995668052	0.4177539520870858	-0.0020675857988123	0.0002096794433325	
-0.4551014831322229	0.4708885931639114	-0.0020619738379835	0.0002593384185888	-0.4166360340776257	0.4699385706956720	-0.0020618952796147	0.0002599653854537	-0.3345336111891690	0.4502536695168695	-0.0020691978285887	0.0001930374725272	
0.3543924304505144	0.4780109912384834	-0.0018009723459686	-0.0010394895901335	0.3948380577523829	0.4760551229626594	-0.0018018145454948	-0.0010380217494308	0.4860282441817081	0.4857454330781915	-0.0017663654623504	-0.0010975477648682	
0.3002580587886123	-0.4335311070988235	0.0020568187958965	-0.0002976495593509	0.3283702663658272	-0.4530106610860715	0.0020517291810942	-0.0003310753269389	0.4167581301678180	-0.4809187747449064	0.0020374013336470	-0.0004104785240220	
0.1112015543175660	0.3459514290110506	0.0020759631389905	-0.0000952878450537	0.1464595875112927	0.3414081047607043	0.0020768094528622	-0.0000744824117023	0.2223745793506536	0.3375685545724271	0.0020780398092216	-0.0000202507472759	
-0.0862621796656327	-0.2476145299538874	-0.0020526962063805	-0.0003249952595803	-0.0623609669256970	-0.2519674607635490	-0.0020285340607395	-0.0004524675364921	0.0104497851691053	-0.2617840723331099	-0.0020781056650012	0.0000116196524621	
-0.1641917384297294	-0.3830575296384273	0.0020756518569065	-0.0001018752495787	-0.1433653192300840	-0.3887804705352395	0.0020695926996943	-0.0001887352520058	-0.0685857359869110	-0.3999440782703862	0.0020563499477708	-0.0003008876301013	
-0.0696998870866495	-0.3767142176607640	-0.0020760073798044	-0.0000943141944724	-0.0478904584249348	-0.3840737694930793	-0.0020723080655018	-0.0001559420259679	0.0270152263664701	-0.3968729571096013	-0.0020747165255531	-0.0001194988295486	
-0.2480913563658131	0.0031346937291321	0.0000877932268094	-0.0020814734061904	-0.2254529587635644	-0.0041660803144637	0.0000557426030742	-0.0020825837280578	-0.1541592280900355	-0.0166736381264458	0.0000483462715216	-0.0020827694818173	
0.1264727078095865	-0.3162047885415890	-0.0019260504198218	-0.0007823273110053	0.1497056064011807	-0.3261544064793009	-0.0018273726755895	-0.0009921036020704	0.2293383318553101	-0.3401779694528035	-0.0016884837543315	-0.0012145071772471	
0.0477843188325173	-0.3153175814134880	-0.0020742863529007	-0.0001267820686422	0.0717369522009433	-0.3245417165597951	-0.0020781289255005	0.0000061527430338	0.1475597330335479	-0.3395263192938273	-0.0020766235209664	0.0000795220184913	
0.3802987839209000	-0.4333315041996464	-0.0019414447688645	-0.0007431018710279	0.4085203714131880	-0.4525499637353830	-0.0018498456078219	-0.0009493250097206	0.5047179795791175	-0.4797378150719877	-0.0017458784222724	-0.0011300118603461	
0.1578514840184387	-0.4157563506885979	0.0020778776956482	-0.0000329726593864	0.1825600228724568	-0.4306727998690282	0.0020496323038442	-0.0003438807608862	0.2620845394325979	-0.4527060980880820	0.0020311391712271	-0.0004405655781838	
0.2151220137343864	-0.3539755694081605	0.0020778253260489	0.0000361374914977	0.2410724661232718	-0.3680289531428808	0.0020698726402904	0.0001856243240798	0.3251052064711204	-0.3881101919932462	0.0020244358749843	0.0004705527049822	
-0.3117293914070295	0.3811480708321691	0.0020760801630476	-0.0000926900856654	-0.2764122999650070	0.3799951895303437	0.0020736914344379	-0.0001362121707646	-0.2005265648327975	0.3658222610897051	0.0020764655103870	-0.0000835659541347	
-0.2982126726367184	-0.4176810945448812	-0.0020751653671638	-0.0001113912283385	-0.2775203392877268	-0.4190425082721499	-0.0020445087465306	-0.0003732767846575	-0.2004334285053517	-0.4258099523325342	-0.0020342279853026	0.0004260023486866	
0.0177597990876113	-0.3190844301436903	-0.0020365537862611	-0.0004146839454644	0.0405112026429746	-0.3270016967468970	-0.0020444202377547	-0.0003737636631027	0.1163746155767091	-0.3406127815245846	-0.0020691015115732	-0.0001940722800292	
-0.2620138136367371	-0.2517933846722261	-0.0018260883207830	-0.0009944774449229	-0.2389358364900784	-0.2513320048690185	-0.0019096649741326	-0.0008217058903008	-0.1620759642752583	-0.2569410369309447	-0.0020411257168693	-0.0003914416636466	
-0.0030694870332740	0.4191977249937724	-0.0020666356682936	0.0002188908032411	0.0321827678808425	0.4153638424823921	-0.0020695658353891	0.0001890310758598	0.1059476018725867	0.4088950038095738	-0.0020751576094579	0.0001115363793643	
-0.2535396595349546	0.4488856468805343	-0.0020661344174581	0.0002235958606980	-0.2171769465454396	0.4467674531158570	-0.0020632606176043	0.0002488404573469	-0.1433930624117693	0.4333151964144225	-0.0020688193937665	0.0001970717515220	
-0.5724695600865508	0.4846811346803708	-0.0020688677474413	0.0001965609352256	-0.5309668261202770	0.4843619642135494	-0.0020655663008604	0.0002288102877615	-0.4426528307204441	0.4614011797886061	-0.0020644005558322	0.0002391500337602	
-0.1391839071075337	-0.3012158409069794	0.0020420374825574	0.0003866329657773	-0.1164146492450541	-0.3050374720643037	0.0020563531522591	0.0003008656192738	-0.0416156882182607	-0.3142545824138263	0.0020628118097970	0.0002525522864145	
0.0056592122247916	-0.1471494361357022	0.0018126312835419	-0.0010189194824183	0.0324344616839681	-0.1520738067074546	-0.0016166808495669	0.0013090210801276	0.1064351235478646	-0.1643720284998663	-0.0019921369913420	0.0005931274169451	
0.1370461207797186	-0.2658062092567263	0.0017731405216946	-0.0010865130838528	0.1631294260522685	-0.2785185160798867	0.0020630615037133	0.0002504941006119	0.2439832388190093	-0.2924029305996078	0.0015976849773343	0.0013322543116128	
-0.4926668518603895	0.4116804358378023	0.0013693614698480	0.0015670799178106	-0.4539258671882625	0.4131161808638260	0.0012581500683942	-0.0016581349709296	-0.3698910429158990	0.3904601934638083	0.0019004172898839	-0.0008429776985768	
0.0664634034388815	-0.4090860816916076	0.0020769133622960	-0.0000715112432748	0.0894589556835153	-0.4211296603849569	0.0020671368844415	-0.0002140815210874	0.1662452781018795	-0.4395712317848160	0.0020659714906192	-0.0002251037765953	
-0.1319965709461889	0.3641910608687292	0.0020672032732614	-0.0002134362893734	-0.0976965421580316	0.3612039402041171	0.0020645261973020	-0.0002380575080884	-0.0249686726587341	0.3516198734368556	0.0020696112275713	-0.0001885309543705	
-0.4187373302143623	0.4667057992708405	-0.0020628937829799	0.0002518784767587	-0.3803253815677524	0.4654919777178745	-0.0020627171289409	0.0002533282879373	-0.3002743804029516	0.4469718723111828	-0.0020700425185261	0.0001837106077619	
0.0144765472551164	-0.4043901909368220	0.0020617745573514	-0.0002609258756713	0.0365062339686956	-0.4151658426212375	0.0020688403722501	-0.0001968502955765	0.1123693684864964	-0.4318059791950765	0.0020644614433097	-0.0002386212146983	
-0.1050225702431377	-0.1826839649093843	-0.0020730523934902	-0.0001456604298619	-0.0799144465854312	-0.1872559236775039	-0.0020713659765613	0.0001680510871618	-0.0064171036662678	-0.1973148382913674	-0.0020763463660026	0.0000864900567617	
-0.4863485146786387	0.4746707464889241	-0.0020666796583171	0.0002184729934007	-0.4467974127053603	0.4739694661249094	-0.0020637310680036	0.0002448883591906	-0.3636350117679371	0.4533466306546181	-0.0020681740609409	0.0002037654983006	
-0.3262407473224541	0.3815727510115566	0.0020780521397887	-0.0000189364526727	-0.2909821649030012	0.3808028797840564	0.0020766392008202	-0.0000791094359281	-0.2140794042892793	0.3662366721365415	0.0020777729815888	-0.0000390452277964	
-0.2171472004007710	0.3731009085257724	0.0020636190801752	-0.0002458349759517	-0.1828678978810181	0.3709124668595289	0.0020652935096420	-0.0002312718128539	-0.1091278068433613	0.3590544630815072	0.0020704059296859	-0.0001795476800225	
-0.0571627356761708	-0.0566935684850132	-0.0020779973341167	0.0000242384946497	-0.0301520360079511	-0.0616384280925057	-0.0020715652988834	0.0001655634475349	0.0436872231356851	-0.0716055620302430	-0.0020606283346105	0.0002698724884630	
-0.3855552120933509	0.4631402349182479	-0.0020658614533908	0.0002261164341697	-0.3480321835925295	0.4618443402252621	-0.0020612971876058	0.0002646892437463	-0.2691762228900457	0.4443114479835352	-0.0020664378141667	0.0002207601033424	
-0.1580785664077354	-0.2609597454514687	-0.0017101925925713	-0.0011835864990916	-0.1350745592870215	-0.2623480435821352	-0.0020116901493574	-0.0005226095496289	-0.0602727337364702	-0.2709569515081168	-0.0020742901714675	-0.0001267192645401	
0.2307250937305687	-0.4025102040724918	-0.0020779150343160	-0.0000305163509282	0.2566194001980053	-0.4185232750264764	-0.0020780462297777	0.0000195774051731	0.3407828287426722	-0.4423708006097293	-0.0020749429093679	0.0001154809576529	
0.0560321843635145	-0.3150690760790523	-0.0020780724236524	-0.0000165488651348	0.0791432037227651	-0.3245003787624005	-0.0020729156134082	-0.0001476038131110	0.1558311875805812	-0.3385877993263458	-0.0018696475800276	-0.0009095031316710	
0.1142946275711076	-0.4563368028532662	-0.0020557469343828	0.0003050007035499	0.1371760216998491	-0.4715599785147430	-0.0020528186643859	0.0003242169777779	0.2172171988924388	-0.4881721520106097	-0.0020775358951556	-0.0000501460782949	
-0.0053571191918080	-0.3245998106096492	-0.0019727102530380	-0.0006551410414662	0.0167422816428898	-0.3314548726142976	-0.0019222466358888	-0.0007916737926667	0.0926215069952624	-0.3429023745500372	-0.0019326713175182	-0.0007657414178410	
-0.1964026494117126	-0.3825193578867304	0.0020759268907410	0.0000960782264352	-0.1755456054985968	-0.3870043567864095	0.0020780633608621	-0.0000176555852591	-0.1007636599480919	-0.3966936353119261	0.0020745675231263	-0.0001220709580007	
-0.2941899722949879	-0.1556466658641008	0.0020362708721610	-0.0004160778805080	-0.2680834390757176	-0.1573200686440626	0.0020719932757443	-0.0001600906935104	-0.1922921302585122	-0.1650092311735026	0.0020762093868723	-0.0000897340014520	
0.4696827321163448	-0.2584479399042249	-0.0020422217512589	-0.0003856535768932	0.5049572422859767	-0.2769042617301946	-0.0020470763222480	-0.0003588558353501	0.6089497094804919	-0.3004125562777255	-0.0020544468176288	-0.0003136812282910	
0.1455407785999701	-0.4153633645846161	0.0020707708299429	-0.0001752674753367	0.1695786035056550	-0.4297140320299273	0.0020736262138072	-0.0001372064148688	0.2494515527054776	-0.4509185255721360	0.0020759513227538	-0.0000955462140832	
-0.1112005437045820	-0.2967804319076789	0.0020467090342238	0.0003609551721323	-0.0883023364118845	-0.3011317142540934	0.0020486256614014	0.0003498572727606	-0.0144513831044312	-0.3108760099315080	0.0020513273948076	0.0003335680995474	
-0.2586861561844488	0.4493851684463465	-0.0020671131673547	0.0002143115510494	-0.2223174547696029	0.4473066530891581	-0.0020645428109667	0.0002379126620536	-0.1485492322458951	0.4338239729245557	-0.0020693372284343	0.0001915298057486	
-0.1028912596824896	0.4310905592984990	-0.0020604315470627	0.0002713783212280	-0.0675917283031880	0.4278204278919653	-0.0020551934219686	0.0003087268650298	0.0051680492808477	0.4185629057058996	-0.0020636801272348	0.0002453194133133	
0.0301136657559182	-0.3400299222047771	0.0020658329847660	0.0002263776806886	0.0530048390427487	-0.3488512611121959	0.0020765040985426	0.0000825966765332	0.1288240404226815	-0.3636510349556418	0.0020740155955437	-0.0001311582980109	
0.0218862503070336	-0.3181180169939751	-0.0020360714039643	-0.0004170577562030	0.0447120534938413	-0.3263280956245051	-0.0020626674914021	-0.0002537341533138	0.1215291783156388	-0.3402392358935959	-0.0020736199245715	-0.0001373019077349	
-0.0924999110093533	-0.4337067604236945	-0.0020773516702835	0.0000573052768127	-0.0717236146611504	-0.4420818402160121	-0.0020775044993966	0.0000514366881100	0.0031572807453718	-0.4558304363165902	-0.0020762838890809	0.0000879845004135	
0.2223063012338250	0.4034097283395377	-0.0019671806846065	-0.0006716433178485	0.2587121137203985	0.4000827365962157	-0.0019371032804424	-0.0007544026516221	0.3408313429479017	0.4020082225286296	-0.0018935503941816	-0.0008583674081732	
-0.3049939255274224	-0.1897868036534429	-0.0011825176480141	-0.0017131635386906	-0.2818311892589412	-0.1872781540027905	-0.0017346084175308	-0.0011473222208183	-0.2036083858873418	-0.1917932857072678	-0.0019823099701919	-0.0006253420152691	
-0.1028397951821713	-0.3946069009631413	0.0020677269099747	-0.0002082762800514	-0.0820862731262388	-0.4020812612857145	0.0020699203721279	-0.0001850886288466	-0.0072983062515221	-0.4149631981381629	0.0020643262199666	-0.0002397940524840	
0.4144608381389829	-0.2705548527494029	-0.0018213040269486	-0.0010032561712885	0.4477159443714491	-0.2870888864361731	-0.0020132800419928	-0.0005164198239324	0.5476361955036850	-0.3096082342667454	-0.0020541331799910	-0.0003157387676351	
-0.2660559580870024	-0.0714779475665966	-0.0020651301113768	-0.0002327336121258	-0.2389396398119641	-0.0721629182904880	-0.0020607369827948	-0.0002690374313686	-0.1632719733249333	-0.0797762688484947	-0.0020190729599252	-0.0004931667092288	
0.2119240584210921	-0.2488248883909066	0.0020243500978619	0.0004709234332802	0.2378093240807502	-0.2601932652604668	0.0015879587708947	0.0013438902091854	0.3195766466505378	-0.2734915768160388	0.0012070907050963	0.0016958523995093	
-0.4468441580122106	0.4105129609264607	0.0017731436313824	0.0010865079835595	-0.4082986207515298	0.4078643766272737	0.0016692405820426	-0.0012409530295948	-0.3303619954789562	0.3902625405804401	0.0016335028430077	-0.0012878617569060	
0.3575618265626934	-0.4468467896765495	0.0007126779918727	0.0019569939023003	0.3852464371312985	-0.4677078170546653	-0.0018970092171619	-0.0008506574495093	0.4811978682933422	-0.4969245335884045	-0.0015414217299640	-0.0013972838199677	
0.1278221603899007	-0.3156490039597145	-0.0018825163458853	-0.0008824219495889	0.1509493749008719	-0.3253867417930524	-0.0017333781163913	-0.0011491894126616	0.2304990836321523	-0.3392940555995460	-0.0017426849394604	-0.0011349551729571	
-0.1111673206303944	-0.1832084464213312	-0.0020683275436871	-0.0002021937642350	-0.0861975761137400	-0.1872711127690350	-0.0020750319981865	-0.0001138608111961	-0.0124766611656918	-0.1968996514726357	-0.0020780055576146	0.0000235192823859	
-0.2026474727428079	0.3715408760756678	0.0020675480123603	-0.0002100535722818	-0.1683720982943875	0.3693038813229325	0.0020657570339101	-0.0002270731667594	-0.0945845451191953	0.3578717688566336	0.0020708680192985	-0.0001741095906840	
0.2494305619405418	-0.4266495126754962	0.0020620520012159	-0.0002587130735297	0.2753320040335006	-0.4442495458795016	0.0020607859826524	-0.0002686599605574	0.3616041844804676	-0.4701576965840850	0.0020578308542382	-0.0002905342446698	
-0.3460106476420211	-0.4113369827480683	-0.0020729891151281	0.0001465627133914	-0.3252352617814701	-0.4127887035909143	-0.0020774350000558	-0.0000541843526538	-0.2462551043347948	-0.4177793541022212	-0.0020497497781737	-0.0003431763317532	
0.2576987571016364	-0.2965999670165192	-0.0020707939146989	0.0001749931491990	0.2867937097973693	-0.3122811623972948	-0.0020757100361045	0.0001006768813936	0.3729998855097856	-0.3337033634865846	-0.0020733290306042	0.0001416480690049	
-0.3470510730085709	-0.4112619636996012	-0.0020694265706250	0.0001905572069576	-0.3252352617814701	-0.4127887035909143	-0.0020774350000558	-0.0000541843526538	-0.2472916973737456	-0.4179200041561756	-0.0020592602149578	-0.0002801711588496	
-0.2877862085546143	0.3795888540678230	0.0020742931819246	-0.0001266697294142	-0.2524671042438213	0.3783812749427532	0.0020766375387346	-0.0000791532722830	-0.1776431891426150	0.3650096031999187	0.0020781021512117	0.0000122349284628	
0.0259407339108677	-0.3174528030390902	-0.0020564964356419	-0.0002998797553370	0.0488203757928352	-0.3259132927539480	-0.0020691079261173	-0.0001940035367184	0.1257633373903002	-0.3399586657406491	-0.0020748640313039	-0.0001168966167495	
-0.2979312446388979	-0.1547314371085576	0.0019997649299649	-0.0005667430720010	-0.2723539910739823	-0.1567267097124180	0.0020415431835258	-0.0003892475630754	-0.1953828393725286	-0.1648466090046507	0.0020717562530367	-0.0001631444446923	
0.1195051110355571	-0.3187834200201490	-0.0019703813502399	-0.0006621471392834	0.1435543981872497	-0.3284954535251448	-0.0019770005761791	-0.0006420120052255	0.2224792339193740	-0.3439565232151044	-0.0019809113129633	-0.0006297805766633	
-0.5745135170998336	0.4848676585726966	-0.0020694833110537	0.0001899369103595	-0.5330029381174410	0.4845747492368774	-0.0020665694079549	0.0002195186150673	-0.4446948045409642	0.4616198607912740	-0.0020644721586439	0.0002385280270950	
0.3419756230196265	0.4706107197039705	-0.0017685670702347	-0.0010939787929917	0.3815118551324832	0.4684454582599168	-0.0017900338975692	-0.0010583077483299	0.4719070354301498	0.4778424152921041	-0.0018050166939185	-0.0010324154798790	
-0.1891299429012237	0.4414929002504168	-0.0020630332692507	0.0002507276923844	-0.1537434788279372	0.4388445573999684	-0.0020603126106836	0.0002722843242216	-0.0799912320403574	0.4272526923192015	-0.0020679096425567	0.0002064449320896	
0.2359346905300878	-0.4247882548928126	0.0020602553256733	-0.0002727196027106	0.2619873135211779	-0.4422132430290723	0.0020508201380695	-0.0003366881884290	0.3460709953948244	-0.4674799446770448	0.0020392732408240	-0.0004010277531697	
-0.4240782713918892	0.4046924620137703	0.0017647678737410	-0.0011001275545650	-0.3875855422147771	0.4017853474880194	0.0020111847118019	-0.0005245609904172	-0.3065326298550739	0.3844377061155409	0.0020610045691159	0.0002669694670141	
-0.2108881677089942	0.4441434913588705	-0.0020657728192754	0.0002269287968899	-0.1755923622530894	0.4417579920809201	-0.0020629338143582	0.0002515487579844	-0.1018034405154381	0.4294689399678118	-0.0020683758968998	0.0002016960436640	
-0.2680325861855116	0.4503882952150454	-0.0020689225911367	0.0001959799312871	-0.2316562721844170	0.4484231651354931	-0.0020665753911193	0.0002194619996160	-0.1568869992750969	0.4345301674389830	-0.0020708477151553	0.0001743521280418	
-0.6276173764026559	-0.4540352310519746	-0.0020479314804852	-0.0003539182103620	-0.6027278513647336	-0.4474855221624436	-0.0020510019344659	-0.0003355733997400	-0.5112338671905055	-0.4436730945587196	-0.0020541383065275	-0.0003157052466243	
-0.5943374754322041	0.4865101962611234	-0.0020720806648646	0.0001589498983142	-0.5528104350401929	0.4863266686896271	-0.0020718601296922	0.0001618132565859	-0.4633817923012643	0.4638158618818827	-0.0020623274006308	0.0002564974003455	
-0.3761247692117251	-0.4132568873231892	-0.0019144953360608	-0.0008103308064876	-0.3553877350083063	-0.4120257780551315	-0.0019978890252183	-0.0005733537046632	-0.2753447480968765	-0.4157157643119999	-0.0020705733141964	-0.0001775971948169	
-0.0249514523194527	0.4217263898331869	-0.0020663521598795	0.0002215644072847	0.0104089788998089	0.4178898802640708	-0.0020632271286042	0.0002491193629260	0.0831640798761238	0.4109219701466363	-0.0020683127791349	0.0002023454958660	
-0.0654034254712905	0.3556708560397855	0.0020565679970746	-0.0002993861342044	-0.0311803074630668	0.3520239717877560	0.0020538575517552	-0.0003175356926293	0.0415762297346012	0.3438585445394637	0.0020583107534566	-0.0002870974140845	
0.0105158114274952	-0.4038052815924771	0.0020431790764690	-0.0003805233822443	0.0321726630637571	-0.4146998651365469	0.0020590955675016	-0.0002813847005022	0.1080319848155045	-0.4313488777916810	0.0020639657437383	-0.0002428925457480	
-0.0249071544948823	0.3543359173957026	0.0020761712991979	0.0000906153259730	0.0093164695021134	0.3507267049083289	0.0020495240009788	-0.0003445288821100	0.0820661535812883	0.3434181511545576	0.0020190795804909	-0.0004931394674898	
-0.0467745421757321	-0.0573885024112917	-0.0020598538211747	0.0002757508034637	-0.0196577671089481	-0.0632006317839046	-0.0020500034458255	0.0003416501332192	0.0540311125680176	-0.0729190227506984	-0.0020779925830139	-0.0000246444518940	
0.1839053233496271	-0.3522058900474217	0.0020780028309530	-0.0000237601642077	0.2087861324591653	-0.3659009726980187	0.0020752568551243	-0.0001096649038880	0.2900664498555326	-0.3859592988582530	0.0020622705309663	-0.0002569565238967	
-0.1194594199328846	-0.2980964168236135	0.0020563019874172	0.0003012168614848	-0.0965766268498842	-0.3023992525893858	0.0020576157844254	0.0002920611010346	-0.0218998100526243	-0.3120523016959075	0.0020589943714551	0.0002821279326376	
0.0997687136890836	-0.3894789749601890	-0.0020777302831780	0.0000412656209816	0.1236350300959648	-0.4023028690303717	-0.0020693485363578	0.0001914069806875	0.2016044554800209	-0.4215942484650270	-0.0020627067659686	0.0002534130761197	
-0.2327678020180498	0.3757454307700907	0.0020303503528658	-0.0004442047333184	-0.1984474241929002	0.3730920073376918	0.0020425262936347	-0.0003840292629830	-0.1246662158293030	0.3607459887739529	0.0020568725316616	-0.0002972761362564	
0.1849175462387006	-0.3842239721266398	-0.0018287586755890	-0.0009895336227379	0.2088682217892905	-0.3969680910011035	-0.0019711820084348	-0.0006597478231174	0.2919407767738388	-0.4162748925704200	-0.0019716075290285	-0.0006584687181535	
-0.2971678780881148	0.3802797229555442	0.0020729865849601	-0.0001465986749166	-0.2618669423055668	0.3789278575212481	0.0020724599494581	-0.0001539000979385	-0.1860254266884590	0.3651521580004859	0.0020768919892169	-0.0000721323920156	
-0.1890638052703823	-0.1940839612802627	-0.0020600934285364	-0.0002739459689457	-0.1643140544201676	-0.1963587396215022	-0.0020503836372145	-0.0003393494913290	-0.0895016933569331	-0.2038990413686497	-0.0019589292736923	-0.0006954587516008	
0.2951473397127917	0.4436331788267986	-0.0017942887280078	-0.0010510415103241	0.3333269284526325	0.4411020225808852	-0.0018107356700025	-0.0010223012278934	0.4199612269934478	0.4475609955364217	-0.0018007148584985	-0.0010399378058639	
0.3062417613231984	-0.3316348231267713	0.0020742124359353	-0.0001279916892197	0.3362886858633267	-0.3493329291141919	0.0020355567019375	-0.0004195751884013	0.4249847921155205	-0.3739532132961516	0.0018311050586220	-0.0009851631121177	
-0.2514360387984906	-0.2475742852784515	-0.0020331941163040	-0.0004309341421754	-0.2285566078320212	-0.2483373384637785	-0.0019414653633685	-0.0007430477937415	-0.1519209093322499	-0.2549616712485445	-0.0020281798720156	0.0004540604663503	
0.0830690675677278	-0.4093075976404422	0.0020254412639710	0.0004661842579233	0.1058968175714785	-0.4207177402713722	0.0020474970826395	-0.0003564351993229	0.1818591320962901	-0.4406667148358411	0.0019296344263410	-0.0007734003113229	
-0.2825814177478754	-0.1814433385584156	-0.0020474348031446	-0.0003567945604284	-0.2577120576180842	-0.1812002812757412	-0.0018933466587334	-0.0008588189535812	-0.1830592712591913	-0.1862070652066102	-0.0009714472955659	-0.0018416958169819	
0.4644722167844930	-0.2594127455060221	-0.0020437666314814	-0.0003773389954185	0.4997368495987244	-0.2778199400284142	-0.0020492480719484	-0.0003461744975173	0.6027004419609532	-0.3013258807072758	-0.0020555161890700	-0.0003065596729245	
-0.1994677455725254	0.3712397416650742	0.0020676427745684	-0.0002091140398687	-0.1651960966073364	0.3689321518766404	0.0020659420672511	-0.0002253750067889	-0.0914212274871791	0.3575610571878976	0.0020712101190627	-0.0001699707378856	
-0.0643332541194775	-0.1772703648759379	-0.0019194245553178	-0.0007985256257077	-0.0412848015524759	-0.1805012543166516	-0.0015859604713335	-0.0013462596657483	0.0321195307694131	-0.1874676425403421	-0.0013880411973478	-0.0015504754363745	
-0.0779456324863314	-0.4336079193621825	-0.0020778825329631	-0.0000326648573666	-0.0571000362103720	-0.4423434591498223	-0.0020750710347165	0.0001131435710237	0.0167134454177490	-0.4568814675295611	-0.0020574373789577	0.0002933215131053	
0.2182283292380557	-0.3538357567805536	0.0020733740302422	0.0001409845422360	0.2441670668672914	-0.3676284842199023	0.0020495508306911	0.0003443684408260	0.3281606316742736	-0.3871443567036938	0.0019025434603177	0.0008381438888046	
0.2771545066727847	-0.3631066219243546	0.0020519121471073	0.0003299337606058	0.3042271225693066	-0.3786589247048466	0.0020773458909860	-0.0000575154430573	0.3887042093629161	-0.4013484307497355	0.0020689249241285	-0.0001959551774635	
-0.0560617171983726	0.4253495453150729	-0.0020575659168145	0.0002924139674700	-0.0208206025391853	0.4216134082050542	-0.0020573550842023	0.0002939010567098	0.0519601192947244	0.4135957058806826	-0.0020653232118907	0.0002310050835055	
0.2992335495234251	-0.2801224184321879	-0.0018354130522329	-0.0009770731525723	0.3284605835982036	-0.2930446080364382	-0.0020641990219767	-0.0002408920021534	0.4187055053425048	-0.3124300212402775	-0.0020275893460483	0.0004567033329168	
-0.0539975531717626	-0.0567952305089144	-0.0020763251349392	0.0000870007869483	-0.0270859115468592	-0.0619250650109609	-0.0020634381178048	0.0002473568602900	0.0467278109421949	-0.0720205270581489	-0.0020525130214350	0.0003261559382273	
0.0176337362992440	-0.0531903062265145	-0.0019640419366724	-0.0006808124822558	0.0447161294438604	-0.0580615045957180	-0.0020757954838662	-0.0000988904529835	0.1194987889206564	-0.0678008448287534	-0.0020778960624008	-0.0000317881437180	
0.4322712790932786	-0.2657026594671794	-0.0020381930217983	-0.0004065093673673	0.4665798687426583	-0.2835121815302318	-0.0020467580463233	-0.0003606757580874	0.5663845865811417	-0.3067200689831087	-0.0020519489011422	-0.0003297039548219	
0.0353028768293446	0.3393840340128742	0.0020596773931952	-0.0002770720930096	0.0696717976620964	0.3347699285344219	0.0020573729356655	-0.0002937754405848	0.1433512850464993	0.3288232118421093	0.0020631508486751	-0.0002497534635813	
0.1184649801387173	-0.4569678842839903	-0.0020586486247321	0.0002846523478778	0.1413059512055065	-0.4721221281018618	-0.0020487462841695	0.0003491466750331	0.2203245522757332	-0.4881058674268215	-0.0020775386228476	-0.0000500323761669	
-0.4404635138159938	0.4089121140705914	0.0015145746070085	-0.0014264843214281	-0.4031647207650070	0.4072580946445369	0.0019818671016395	0.0006267511742642	-0.3221684159899947	0.3893391874306452	0.0020780106506540	0.0000230626087778	
-0.4385175365671982	-0.4248205445532747	-0.0019487450946325	-0.0007236425648465	-0.4176874391566181	-0.4219671694544341	-0.0019128922022129	-0.0008141268622738	-0.3356080662135943	-0.4220157888740968	-0.0018963712574711	-0.0008520858146249	
-0.5351029149407784	0.4803065909044213	-0.0020638712490358	0.0002436981744694	-0.4946592109717884	0.4798942082057011	-0.0020638373024851	0.0002439869324176	-0.4093047155949674	0.4577876906433563	-0.0020685095302124	0.0002003140053571	
-0.1589077437271639	-0.0700605700342193	-0.0020773985657997	0.0000555704973900	-0.1321251350815381	-0.0725931156568903	-0.0019922729648743	-0.0005926682429307	-0.0583079094080036	-0.0799861267410896	-0.0018553487278739	-0.0009384699072166	
-0.0332459795693909	-0.3983052418954424	0.0020661420704753	-0.0002235247776393	-0.0114217607345586	-0.4078953228968127	0.0020652164079906	-0.0002319627446220	0.0633756958467843	-0.4230384563226466	0.0020642739979599	-0.0002402454385867	
0.0623478526675960	-0.4541432078958170	-0.0019773386733117	0.0006409647189843	0.0842193561056562	-0.4685319453816699	-0.0019818997453901	0.0006266474243585	0.1621870934448243	-0.4851196823843536	-0.0020738061627973	-0.0001344452963757	
-0.1673017085846227	-0.3829239286463892	0.0020762701823178	-0.0000883089765218	-0.1465112799612691	-0.3885038578458989	0.0020716342656357	-0.0001646939028646	-0.0717390523760457	-0.3995361711229686	0.0020597342818085	-0.0002766467493108	
-0.5600584543310891	-0.4437529178285128	-0.0020697751892217	-0.0001867132089114	-0.5361215795044232	-0.4391360273811122	-0.0020446738667323	-0.0003723667158233	-0.4488527863326528	-0.4369384958465600	-0.0020031857414248	-0.0005544689512045	
-0.1611050138519381	0.3672619658698385	0.0020652136754922	-0.0002319871931560	-0.1267635100468767	0.3646067881335375	0.0020628072834855	-0.0002525894390035	-0.0540227274331181	0.3542558340951945	0.0020692231977863	-0.0001927639794681	
-0.0706623377889235	-0.0572083999748983	-0.0020688805277193	-0.0001964256982809	-0.0436409257104038	-0.0614052029269459	-0.0020770413704520	-0.0000676716765394	0.0301345521434900	-0.0707881036841418	-0.0020781212937396	0.0000083507215648	
-0.0811901618052868	-0.1797434482840340	-0.0020776285708348	0.0000461261168850	-0.0561335479386702	-0.1842850703010580	-0.0020632520579747	-0.0002489117744513	0.0177052459731890	-0.1939470070524441	-0.0020714087005979	-0.0001675210009308	
0.2879261097124011	0.4393362287495853	-0.0017785966021516	-0.0010775133892161	0.3260569698200233	0.4369661202402124	-0.0018005884052668	-0.0010401578324127	0.4123331263401995	0.4430978680982046	-0.0017963177248695	-0.0010475526025077	
-0.0031309040144587	-0.3467889142895966	0.0020282087556722	0.0004539307846107	0.0187248178731287	-0.3543452271498947	0.0020243445497401	0.0004709474016461	0.0945782182900253	-0.3670859800511055	0.0020295427348576	0.0004478985404957	
-0.0718122371858309	-0.1786971326257962	-0.0020657720743389	-0.0002269356120237	-0.0468004710698269	-0.1831996161429283	-0.0020349198590699	-0.0004226683926657	0.0270824979516170	-0.1917706583557200	-0.0017282465504721	-0.0011569307628969	
-0.1922294135475582	-0.1697322929028369	0.0020771960924275	0.0000627175111288	-0.1672572023854277	-0.1726985113632261	0.0020645297770910	-0.0002380263052894	-0.0934267548272771	-0.1820717897877297	0.0019531772150331	-0.0007115322867967	
-0.4479793783030955	0.4096890610916558	0.0016944738492003	0.0012060936940245	-0.4082986207515298	0.4078643766272737	0.0016692405820426	-0.0012409530295948	-0.3313544726315300	0.3912063953543427	0.0015757131069947	-0.0013582989749302	
-0.2390045422497359	-0.4179161715126523	-0.0020775554209541	0.0000493263776085	-0.2182259981138290	-0.4221255077685702	-0.0020771541743562	0.0000640975846104	-0.1433706346391456	-0.4310834421091402	-0.0020715825260003	0.0001653466762573	
-0.1371899978680711	0.4351033664823618	-0.0020645213911981	0.0002380993933968	-0.1018392686979045	0.4321901000707994	-0.0020603953328334	0.0002716545101731	-0.0290865336954921	0.4219806927631277	-0.0020673588628049	0.0002119163384280	
-0.3660455669626508	0.3828678592600251	0.0018851312841670	-0.0008767935952607	-0.3303340719992505	0.3814934632066106	0.0020727365948933	-0.0001501091253982	-0.2526058423395389	0.3662504559210680	0.0020730118487298	-0.0001462391998245	
-0.2266488579993271	-0.3633575247995058	-0.0019515963079491	-0.0007158786093187	-0.2055449592795868	-0.3658785883048496	-0.0020591789814277	-0.0002807705619779	-0.1275806479387800	-0.3744075316029240	-0.0020726247195553	-0.0001516536677532	
-0.1725036062453839	0.3685562156018929	0.0020667956437065	-0.0002173674906530	-0.1381484899258939	0.3660539177981136	0.0020638648771983	-0.0002437524013719	-0.0654476495520748	0.3553579953621531	0.0020691618958483	-0.0001934241785496	
0.3556650598326301	0.4786778595485204	-0.0018009199575186	-0.0010395808050448	0.3960789209683031	0.4767708990045771	-0.0018011259842841	-0.0010392220249377	0.4872836862930807	0.4865053671507233	-0.0017424990731380	-0.0011352419415691	
0.2919978412652405	-0.4321777904474435	0.0020447752511327	-0.0003718067899907	0.3189080891388399	-0.4514590415969396	0.0020427788639806	-0.0003826767334277	0.4073039192891403	-0.4792179408601306	0.0020449237615053	-0.0003709850209234	
-0.5568965684986612	-0.4433778902847075	-0.0020608356339739	-0.0002682769202672	-0.5340871087435004	-0.4387308448215249	-0.0020253076148704	-0.0004667674491202	-0.4458008206928615	-0.4361015938222849	-0.0019881928909831	-0.0006062817377011	
0.3324165066640538	0.4647729393988485	-0.0017941589222428	-0.0010512641863651	0.3719179096631182	0.4626458343138335	-0.0017766597795841	-0.0010807198884420	0.4614929008330670	0.4716143936281317	-0.0017582395422157	-0.0011105832419222	
-0.1984869380861288	-0.3826297680888924	0.0020742887860515	0.0001267420541374	-0.1776251789989132	-0.3869968990656256	0.0020781303321762	0.0000056551276800	-0.1028249304815614	-0.3965770297265666	0.0020756051955216	-0.0001028262593279	
-0.6462814110568906	-0.4574203906899928	-0.0020442349498545	-0.0003747807983567	-0.6213099306532675	-0.4504239933797230	-0.0020519549784287	-0.0003296659405624	-0.5278340805251228	-0.4459635437250828	-0.0020606395047421	-0.0002697867573878	
0.1653507936067569	-0.2022620469436880	-0.0015275255283881	-0.0014125375334348	0.1908096070879240	-0.2109604281455090	-0.0015934866273101	-0.0013372981261510	0.2711899243752161	-0.2229077676766704	-0.0016666566039754	-0.0012444386124367	
0.4934783431014480	-0.2537173454426999	-0.0020378270976882	-0.0004083489276155	0.5298447087677778	-0.2724210696229194	-0.0020460999636288	-0.0003644090085720	0.6359726276790547	-0.2962758737126628	-0.0020554904562285	-0.0003067330281319	
-0.4914327419809379	0.4752399711545399	-0.0020657465537621	0.0002271689648602	-0.4520841489019583	0.4745618145329252	-0.0020650734968256	0.0002332379352642	-0.3689268506435934	0.4538424029249583	-0.0020700109101722	0.0001840682014837	
-0.3675519897376380	0.3837120763338753	0.0016740636429569	-0.0012344062281710	-0.3313613670559662	0.3814972755426900	0.0020720572756892	-0.0001592560309344	-0.2536704174751618	0.3662138562323219	0.0020721545870078	-0.0001579784344594	
-0.3200113781831094	-0.0742841445308178	-0.0020766219172592	-0.0000795640959165	-0.2919617898637767	-0.0745466314164997	-0.0020775363832900	0.0000501257496763	-0.2150444794635489	-0.0828418031156870	-0.0020741210959040	0.0001294707624783	
-0.3200161742746829	0.3814508728942050	0.0020774325348186	-0.0000542792601670	-0.2846766369280085	0.3805038064034402	0.0020753976454215	-0.0001069536991053	-0.2088887329805694	0.3661716874348208	0.0020772678700327	-0.0000602809744198	
-0.0020393935385421	0.4191143498460123	-0.0020676141335515	0.0002093984540615	0.0332151044099120	0.4152987440158484	-0.0020704835631187	0.0001786457068294	0.1070605773657713	0.4087955992519943	-0.0020754389006729	0.0001061460911091	
-0.5310141828157445	-0.4357355153408443	-0.0018502120242744	-0.0009486070971725	-0.5104128368602997	-0.4296140578130557	-0.0014578222772616	-0.0014847196617378	-0.4229337445420789	-0.4302469467852829	-0.0016140094235706	0.0013123299679925	
-0.2826208462164577	-0.3750410630945206	-0.0020331781396990	-0.0004310098919464	-0.2607246174541032	-0.3764956807577818	-0.0020505678764510	-0.0003382288257767	-0.1849963007941690	-0.3831064754622077	-0.0020602894500981	-0.0002724603944566	
-0.2712052428642556	-0.3728814738143716	-0.0020461455202854	-0.0003641518408520	-0.2494370649938265	-0.3747074506956276	-0.0020544462121122	-0.0003136852139336	-0.1734582210492613	-0.3816680572963562	-0.0020644167721947	-0.0002390093074730	
0.2305738856629028	0.4067453337786601	-0.0019090139749417	-0.0008232247398995	0.2669623972601289	0.4035354391369790	-0.0018916929106308	-0.0008624736712900	0.3501144094427662	0.4064901037251319	-0.0018529834675457	-0.0009431547319776	
-0.3667257259384386	0.4609095800282883	-0.0020635373185290	0.0002465237672663	-0.3293739901798668	0.4594509688956374	-0.0020619908332434	0.0002592025783579	-0.2514791685797679	0.4424943861497377	-0.0020687825748305	0.0001974598187291	
-0.5933131086830985	0.4864336365376794	-0.0020719298164817	0.0001609140048207	-0.5517865484235395	0.4862494598880304	-0.0020717761256105	0.0001628906226678	-0.4623601251720935	0.4637032385368363	-0.0020624276400274	0.0002556861035107	
0.1216962792875081	-0.3180029801244769	-0.0019579277515441	-0.0006982874285372	0.1453671571953316	-0.3279281843450506	-0.0019729717406119	-0.0006543491974618	0.2246708822104959	-0.3430600980883520	-0.0018863631872204	-0.0008741267834354	
0.0415504771076803	-0.4492342149029400	-0.0020648684074720	0.0002350556995506	0.0634165256280110	-0.4621526966960081	-0.0020370600256117	0.0004121774217593	0.1392932179374795	-0.4808673768746420	-0.0020247187222467	0.0004693280539807	
