0.3043857902827427	-0.4054693905596111	0.0020224805117664	-0.0004789286533810	0.4705497456397629	-0.4170937192601740	0.0019665922230872	-0.0006733730089854	0.6471985165366931	-0.4348347114353180	0.0019929115601171	-0.0005905065501705	
-0.3926878414262427	-0.0856878473126960	-0.0020564739886825	-0.0003000344205863	-0.2357984065087406	-0.0698902992475230	-0.0020485564388942	-0.0003502643978188	-0.0943797973688441	-0.0484346168967869	-0.0020515531965240	-0.0003321695374030	
-0.6277336936272523	-0.4880371899197112	0.0020380926211486	0.0004070149583874	-0.4426313641777177	-0.4512622706719059	0.0020644716951817	0.0002385320584305	-0.2919718581124540	-0.4032141116965443	0.0020752277454535	-0.0001102171276920	
-0.3845324367845190	-0.0841694443926956	-0.0020313805829468	-0.0004394455358421	-0.2300340331317983	-0.0683210568622456	-0.0018596470735992	-0.0009298803627052	-0.0872168718348559	-0.0470208263062414	-0.0020372422276844	-0.0004112713998341	
-0.3719675394686449	0.0433663623655748	0.0020362140495423	0.0004163572629352	-0.2192746666567986	0.0544988628105072	0.0020486399550277	0.0003497731455239	-0.0779372384452275	0.0730320109612252	0.0020262764317363	0.0004625223863258	
-0.6130534891825621	0.3385026050954623	-0.0020677694212845	0.0002078516859224	-0.4384802099263438	0.3230554243941951	-0.0020739147976679	0.0001327504984393	-0.2826219010237958	0.3352023334472032	-0.0020780303019428	0.0000212085712448	
-0.6059732327222520	-0.4331214900940092	-0.0014604235714933	-0.0014821481890596	-0.4187416685440005	-0.3965958434463749	-0.0016754661831511	-0.0012324923396607	-0.2705169153650644	-0.3497001700677686	-0.0005404727558456	-0.0020116422639910	
-0.5694019808890219	-0.4237900192299842	-0.0019585948530604	-0.0006964047205216	-0.3940765085937430	-0.3930266100238890	-0.0017557238661202	0.0011145758772753	-0.2452067881097547	-0.3489237540600984	-0.0019808797469760	-0.0006298803526541	
-0.5808909215187974	0.3349476901582161	-0.0020650326288071	0.0002336013028674	-0.4093927852929148	0.3218277858808121	-0.0020777652041038	0.0000394589818647	-0.2566447068439962	0.3347157292706656	-0.0020780490411465	0.0000192751648971	
0.2795447935728913	-0.3998064402295834	0.0020481701315550	-0.0003525275404690	0.4436111932460058	-0.4085913308329212	0.0020026910378066	-0.0005562620430886	0.6151349266672024	-0.4239364918836014	0.0020031282972982	-0.0005546774821417	
-0.3576573866504970	-0.0747196873103012	-0.0016466927699395	-0.0012708681152393	-0.2036944351621504	-0.0588865064024957	-0.0020555059933669	-0.0003066283706072	-0.0633992874396612	-0.0374713593208643	-0.0018688948210460	-0.0009110566703479	
-0.3864833241942294	-0.0845169348997107	-0.0020372686960387	-0.0004111396098905	-0.2307960913742471	-0.0686136256393671	-0.0019206241015956	-0.0007956216427856	-0.0881877911730414	-0.0471871691023867	-0.0020388407338837	-0.0004032318210364	
-0.5931692158741424	-0.4847750951013373	0.0020277725054118	0.0004558853345655	-0.4122434307920785	-0.4452427555739990	0.0017919500251060	0.0010550437865592	-0.2628848425324960	-0.4031233350074316	0.0020780279597385	0.0000214379701508	
0.2307133235729616	0.0261366713632651	-0.0018993081509368	0.0008454862046362	0.3876569988243119	0.0465988758995584	-0.0019826163750819	-0.0006243650224694	0.5611561502239406	0.0619059463797356	-0.0020608134856767	0.0002684478542767	
0.2607940232663462	-0.3958694563434397	0.0019810772225651	-0.0006292558716724	0.4229338038143315	-0.4029711305540662	0.0020347482825080	-0.0004234977278443	0.5903469507879764	-0.4173052895898509	0.0019494775713155	-0.0007216570583162	
-0.3615795521722823	0.0454566726913638	0.0020407845819632	0.0003932251635365	-0.2088259117009718	0.0560799007142510	0.0020615283748157	0.0002628735048202	-0.0675643082214289	0.0753387614279031	0.0020319850165932	0.0004366280437179	
-0.3564550260409720	-0.0738815155651283	-0.0017099766646685	-0.0011838999991436	-0.2025893937398773	-0.0586308983885230	-0.0020397313111513	-0.0003986796130097	-0.0633992874396612	-0.0374713593208643	-0.0018688948210460	-0.0009110566703479	
0.3148814137743345	-0.4081844931046042	0.0019982549079658	-0.0005720708267256	0.4821677484394848	-0.4206951766117686	0.0020011518716165	-0.0005618014699449	0.6608761582214140	-0.4383575652815138	0.0020560059631610	-0.0003032408858784	
-0.5600771819236712	0.3330349395255808	-0.0020709586407569	0.0001730229237933	-0.3917437868877560	0.3214625303302844	-0.0020755133989169	0.0001046718962977	-0.2400440095197028	0.3348304495224382	-0.0020777373967760	-0.0000409040726843	
0.2971070271244639	-0.1026290134986486	-0.0020650147929019	-0.0002337597069890	0.4624033254225535	-0.0886691401281698	-0.0020662148261401	-0.0002228478599957	0.6462532995541153	-0.0859406153366234	-0.0020733011611567	-0.0001420574471448	
-0.5693008566606994	-0.3784310538953904	-0.0018773791225927	-0.0008933535792333	-0.3896625950403821	-0.3420501142913063	-0.0020133712904378	-0.0005160621759568	-0.2390754751389348	-0.3057995529674791	-0.0019450979445466	-0.0007334378552688	
-0.5716962160685320	-0.3796886387483933	-0.0018520527576636	-0.0009449901721189	-0.3917285108088593	-0.3426125708165861	-0.0020029936232053	-0.0005551660391335	-0.2409900648697018	-0.3065460245106522	-0.0019266650300434	-0.0007808048724600	
0.2711270353813012	-0.1025208690488582	-0.0020490215692563	0.0003475193505188	0.4343302929581478	-0.0916618636374688	-0.0020688661186722	-0.0001965781636119	0.6110123228569508	-0.0861486076717189	-0.0020587579857951	0.0002838563385841	
-0.5912524418038757	0.3362331260282178	-0.0020637144506791	0.0002450290573237	-0.4187397514149911	0.3220472829694070	-0.0020770734405004	0.0000666750792766	-0.2649586116761884	0.3348526403544376	-0.0020775431638105	0.0000498425133245	
0.2691034260906277	-0.3979848063000441	0.0020373998977947	-0.0004104856864579	0.4322318763483830	-0.4052830040972058	0.0019992924026424	-0.0005684160744074	0.6016469723200903	-0.4207374428288723	0.0020195073967473	-0.0004913757335990	
-0.6036934345387612	0.3375760348462656	-0.0020677109660308	0.0002084352995766	-0.4301994599920267	0.3224871875021529	-0.0020751736173968	0.0001112366534317	-0.2753493057666829	0.3351049175763198	-0.0020778003463614	0.0000375532182704	
-0.4372875111945510	-0.0883445010098877	-0.0010968727883602	0.0017694984302908	-0.2753310166604324	-0.0781937180996965	-0.0019162900971462	-0.0008060559854171	-0.1352421400042155	-0.0512831554676283	-0.0012832214303381	0.0016387119822271	
0.2992346151856501	-0.4042396129782352	0.0020199788898525	-0.0004894241379251	0.4643504805303935	-0.4148971017924080	0.0019564827534517	-0.0007023460439813	0.6399560556411903	-0.4326432374328716	0.0019836544563278	-0.0006210424765076	
0.3023549890557571	-0.1019861954507305	-0.0020633991758255	-0.0002476831203079	0.4686928477618590	-0.0879911526646793	-0.0020655087285580	-0.0002293320168454	0.6525449815971447	-0.0855487761584035	-0.0020757155978876	-0.0001005615708259	
-0.3854766675513924	0.0404205541728079	0.0020216994985899	0.0004822312986895	-0.2306849803037679	0.0522724584427771	0.0020303130225277	0.0004443761806356	-0.0883039968479398	0.0706265384928142	0.0020150151704581	0.0005095731872139	
0.2546934062545192	-0.3935019968330346	0.0018672940160640	-0.0009143495547212	0.4155233033749024	-0.4015456711776608	0.0020429647313867	-0.0003816782335472	0.5830358901456139	-0.4143236902551609	0.0018982436603441	-0.0008478853802047	
-0.6045277219180665	-0.4314435644229269	-0.0012448325532081	-0.0016682062123050	-0.4166959130732745	-0.3950009131649677	-0.0017282533222900	-0.0011569205963112	-0.2703194589855322	-0.3488347325817096	-0.0003538082413334	-0.0020529176365377	
-0.6049955372935303	-0.4320390450984576	-0.0013270590586214	-0.0016032390954557	-0.4177014338473234	-0.3957779697697647	-0.0016877570672933	-0.0012155218783361	-0.2705169153650644	-0.3497001700677686	-0.0005404727558456	-0.0020116422639910	
0.2960548215442719	-0.4034551022918424	0.0020170323439598	-0.0005014885603811	0.4612529287201779	-0.4138082010324427	0.0019636764200323	-0.0006818712998925	0.6358875594467843	-0.4313174046610785	0.0019661655193631	-0.0006746241418040	
-0.3688796849541501	0.0439613987530621	0.0020360900102220	0.0004169664555002	-0.2171297113463090	0.0548602088190764	0.0020522706327524	0.0003276852607720	-0.0758252423418834	0.0734917265365467	0.0020264699215797	0.0004616696512315	
-0.5819172515848291	0.3350630805639131	-0.0020646634727309	0.0002368579809719	-0.4104320860529229	0.3218448839517489	-0.0020776965978192	0.0000429363398633	-0.2576835255736450	0.3347154072973940	-0.0020779931299719	0.0000245980584550	
-0.3740773400417449	0.0429232617385826	0.0020362316166536	0.0004162709107535	-0.2213215698593623	0.0541651554910130	0.0020450839775449	0.0003700963663533	-0.0799897646309109	0.0726068632133001	0.0020264733527908	0.0004616545144855	
-0.5713692312940952	-0.3794650857035696	-0.0018560582491249	-0.0009370588356988	-0.3917285108088593	-0.3426125708165861	-0.0020029936232053	-0.0005551660391335	-0.2409900648697018	-0.3065460245106522	-0.0019266650300434	-0.0007808048724600	
-0.3792711229393187	0.0418192496767929	0.0020319865876428	0.0004366206956802	-0.2254966000755447	0.0533870121705133	0.0020380478550134	0.0004072401784113	-0.0831240650153247	0.0718534418174525	0.0020246814644770	0.0004694895623695	
0.2815850830412047	-0.1035256634435271	-0.0020775780964010	0.0000483570091335	0.4457367654671280	-0.0904468141409271	-0.0020657287414088	-0.0002273316922689	0.6255103536655151	-0.0870194862829756	-0.0020780878667155	-0.0000144692698972	
-0.5642078112112365	0.3334170744648092	-0.0020707929198970	0.0001750049797888	-0.3948499128223736	0.3215911512039178	-0.0020769324726118	0.0000709512452780	-0.2431530662429388	0.3347683744816582	-0.0020778753272500	-0.0000331223190429	
-0.6307217343548184	-0.4885183550048962	0.0020649121193060	0.0002346694651649	-0.4457506736393566	-0.4517123571612009	0.0020574436367624	0.0002932773960210	-0.2950957963918364	-0.4029134339795840	0.0020652326381760	-0.0002318174741686	
-0.6055000835869717	-0.4325743462227480	-0.0013969359790468	-0.0015424261088092	-0.4177014338473234	-0.3957779697697647	-0.0016877570672933	-0.0012155218783361	-0.2705169153650644	-0.3497001700677686	-0.0005404727558456	-0.0020116422639910	
-0.3366817876334721	0.0490983308552196	0.0020669238313600	0.0002161390326208	-0.1870242659456799	0.0552418787056688	0.0019500836810191	-0.0007200093855784	-0.0466918840759009	0.0787786445623283	0.0020666458707938	0.0002187939734666	
0.2972258627376341	0.2631865036170787	0.0020499007162026	0.0003422690515917	0.4602352374574761	0.3013382153544275	0.0020231892675510	0.0004759106095581	0.6525362627413569	0.3446142655819622	0.0020778366108325	0.0000354793992898	
-0.5953672320061791	0.3366695808149837	-0.0020650452419975	0.0002334892169884	-0.4228871354995272	0.3221788542937311	-0.0020766618067564	0.0000785107862795	-0.2691191812475678	0.3349570128422150	-0.0020775207820659	0.0000507714416139	
0.2556530347951276	-0.0987853980382009	-0.0020075532415045	0.0005383597505643	0.4155970224666867	-0.0920724365697557	-0.0020704695280623	0.0001788091106025	0.5901680648904479	-0.0813281774812449	-0.0019883525289965	0.0006057553628752	
-0.6081358131041104	-0.4350556469784534	-0.0016362108423605	-0.0012844022715273	-0.4208202772916117	-0.3979414508208021	-0.0018179850076696	-0.0010092880092132	-0.2714195583252682	-0.3518615690091828	-0.0010700550902031	-0.0017859248684830	
-0.6107215037257695	-0.4368319331454918	-0.0017409304223541	-0.0011376580795126	-0.4208202772916117	-0.3979414508208021	-0.0018179850076696	-0.0010092880092132	-0.2728491804133510	-0.3536051797276989	-0.0014062949989130	-0.0015338550991799	
-0.3470386150129414	0.0478135219631520	0.0020592092032332	0.0002805477147350	-0.1953103506845589	0.0569532472704627	0.0020746142210756	-0.0001212707322728	-0.0551357441133935	0.0776031897028091	0.0020550343748807	0.0003097890728179	
0.2368234949802939	-0.0963891198404789	-0.0020626741986924	-0.0002536793491231	0.3947757132749297	-0.0877669831539277	-0.0020011060916461	0.0005619653300200	0.5662943229425876	-0.0759247936987485	-0.0020747292535796	0.0001192765341810	
0.3106772515517616	-0.1010107754509120	-0.0020647678155732	-0.0002359420892427	0.4780391474944314	-0.0868977863425370	-0.0020636136326325	-0.0002458809289769	0.6639630981006968	-0.0852417446304461	-0.0020780970506199	-0.0000130766462727	
0.2982413727455424	0.2633376575116954	0.0020581091571259	0.0002885462437567	0.4614531659614285	0.3016241977386523	0.0020213343742022	0.0004837671195737	0.6535754080162732	0.3446234673178390	0.0020779314102126	0.0000293743299258	
0.2931150871899612	-0.4027244915842295	0.0020169848750430	-0.0005016804015204	0.4581455411794424	-0.4127523186418597	0.0019762349803261	-0.0006443765571632	0.6318737254277831	-0.4298795360374071	0.0019468163121270	-0.0007288414558477	
-0.5912377882595692	-0.4843517431439523	0.0020268855051369	0.0004598324976920	-0.4126814850233765	-0.4455308678769466	0.0018097096486501	0.0010241255056106	-0.2639248541946379	-0.4031187229535737	0.0020778435592713	-0.0000350680442425	
0.2982682484829238	-0.1024778896306377	-0.0020643118809239	-0.0002399180791408	0.4644513030084205	-0.0884526117002633	-0.0020659405276010	-0.0002253891904825	0.6473796755269552	-0.0858479490959899	-0.0020736459386501	-0.0001369064880011	
-0.5580076279170181	0.3328461711228516	-0.0020713085794059	0.0001687605878347	-0.3896224150292336	0.3213457627387969	-0.0020740668053787	0.0001303419083844	-0.2379712463840793	0.3348701083477277	-0.0020776309629996	-0.0000460177012794	
0.2805528812410291	-0.3999769084701405	0.0020464203443745	-0.0003625964655125	0.4448384950201727	-0.4089486817892080	0.0020048286861475	-0.0005484686917327	0.6160965310572442	-0.4242068389019513	0.0019973805445341	-0.0005751314270144	
0.0757285251313592	-0.3016253433559022	-0.0020520194916677	-0.0003292621238809	0.2221566749009728	-0.2983203505512974	-0.0016591556850762	0.0012544716009282	0.3709272719709464	-0.2893715268692337	-0.0020735241663733	0.0001387477027219	
-0.3834429139139529	0.0409359201846455	0.0020261658670873	0.0004630089176222	-0.2296590530099772	0.0524711596291301	0.0020314446809874	0.0004391476472777	-0.0883039968479398	0.0706265384928142	0.0020150151704581	0.0005095731872139	
-0.3544752841197278	-0.0726573195793251	-0.0018370572429568	-0.0009739627687635	-0.2015713113609597	-0.0584057142927670	-0.0020236330361191	-0.0004740106172483	-0.0612567549987962	-0.0365663642596962	-0.0019657611176214	-0.0006758074955290	
-0.4333106968775291	-0.0927519625735055	-0.0016901552968430	0.0012121682522605	-0.2731696478540279	-0.0774128672120394	-0.0019569922939348	-0.0007009179043921	-0.1308884148225702	-0.0550979134400559	-0.0018946200111340	0.0008559920743497	
0.2108571234634899	-0.0200711101237943	0.0020230902430795	-0.0004763334912514	0.3656815322763236	-0.0017443890921394	0.0020154611566805	0.0005077974963474	0.5361651707076569	0.0105997911947097	0.0020767498309642	0.0000761348310844	
-0.4136251113419285	-0.0893609774076909	-0.0019287672725475	-0.0007755711568091	-0.2556345399562929	-0.0738844234578859	-0.0020506557890297	-0.0003376927367283	-0.1133822086761910	-0.0516420552501040	-0.0019833249758758	-0.0006220991425675	
0.2784571898658921	-0.1033791979887684	-0.0020734941660576	0.0001391975563962	0.4416397275732986	-0.0908895327174540	-0.0020656013179557	-0.0002284923676706	0.6213548216551659	-0.0869738703753198	-0.0020772627057562	0.0000604595602989	
-0.5787234999118794	0.3347155641891248	-0.0020661219868320	0.0002237112706358	-0.4083533438462080	0.3218093161220155	-0.0020778236553035	0.0000362339079001	-0.2556060527465743	0.3346980423135062	-0.0020780924182785	0.0000137966644955	
-0.3917078658976509	-0.0854856013438315	-0.0020540419438382	-0.0003163347276132	-0.2348607134226440	-0.0697503575586996	-0.0020432569132612	-0.0003801031136449	-0.0933841649895713	-0.0482933322787940	-0.0020490680400443	-0.0003472438683894	
0.3065756630955271	0.2642537988326835	0.0020666836245838	0.0002184352827543	0.4697245860795376	0.3038226558903049	0.0019913838522011	0.0005956637454775	0.6650041244410327	0.3447983635681033	0.0020781165365819	0.0000094660135474	
0.2847584305881714	-0.4007833486854053	0.0020357372326213	-0.0004186940000558	0.4489756586352311	-0.4100625704346583	0.0020062716471982	-0.0005431400084488	0.6214080916380422	-0.4259124269923015	0.0019621711863920	-0.0006862123366886	
-0.5922057407888742	-0.4845636085981032	0.0020264048313001	0.0004619566974094	-0.4126814850233765	-0.4455308678769466	0.0018097096486501	0.0010241255056106	-0.2639248541946379	-0.4031187229535737	0.0020778435592713	-0.0000350680442425	
0.3002841447236860	0.2635918974220506	0.0020658411268967	0.0002263029943902	0.4634229713436939	0.3020918394912763	0.0020168590240494	0.0005021886398772	0.6566931858462413	0.3446737376211558	0.0020778867760475	0.0000323924582294	
0.2400450112223745	-0.0961737811444754	-0.0020781201300333	-0.0000086368633524	0.3979376351450818	-0.0886400978552568	-0.0020046245361893	0.0005492181108475	0.5704237466720099	-0.0763137987790782	-0.0020602601399941	0.0002726830484424	
-0.6078387557495060	-0.4856875795351165	0.0020582801325371	0.0002873179598093	-0.4260364367216181	-0.4499382697493149	0.0020356049247123	0.0004193399971039	-0.2774413297699491	-0.4032532699987186	0.0020780744898740	0.0000162860193298	
0.2328647694114686	-0.0972012176203056	-0.0019826929262619	-0.0006241206714525	0.3906529075323839	-0.0866112232339067	-0.0020073465921975	0.0005391336113270	0.5610856260602088	-0.0759339823032502	-0.0020734841158089	-0.0001393479333217	
0.2567977038912851	-0.3944444741097748	0.0019227015101685	-0.0007905628818797	0.4177299529590759	-0.4019635271450977	0.0020437909463291	-0.0003772066165384	0.5851597338490042	-0.4152459075934817	0.0019150186171496	-0.0008090871841935	
-0.3553430938455181	0.0465573478320633	0.0020499270812671	0.0003421103189273	-0.2037249619143821	0.0566316194084145	0.0020688034663818	0.0001972397188149	-0.0633990305430620	0.0762293461685412	0.0020403868923451	0.0003952938073195	
-0.3480664346768966	0.0476862407710789	0.0020584495357215	0.0002860956686485	-0.1963465244563281	0.0569879772829263	0.0020772845786156	-0.0000596995115183	-0.0551357441133935	0.0776031897028091	0.0020550343748807	0.0003097890728179	
