-0.1055691361435384	0.1083302640422397	0.0000301542013099	0.0020831140030874	-0.1273524103100441	0.0843698357572452	0.0000319661359223	0.0020830868508961	-0.1464869892438271	0.0572911987563358	0.0000564029092929	0.0020825658604897	
-0.1534780267327643	0.1010351028247687	0.0000395382440851	0.0020829562354736	-0.1760253835717959	0.0771198827112038	0.0000844119497240	0.0020816139721624	-0.1957161046226530	0.0510671786237130	0.0000924547514238	0.0020812705503820	
-0.1122400802841541	-0.0364475563546361	0.0010512689610711	0.0017971028378570	-0.1353685178330661	-0.0591481256131480	0.0013617562649440	0.0015737262030487	-0.1564237072944605	-0.0899618794364204	0.0013637208839675	0.0015720155316727	
-0.5423351267074443	0.2035920601707237	-0.0020596685110614	0.0002771384428004	-0.5714378311084767	0.1857855277375934	-0.0020597134430683	0.0002768026332281	-0.6016807692069781	0.1630882584629847	-0.0020566314356530	0.0002989478474927	
-0.1074984469385593	0.0218795559720226	0.0000275586395876	0.0020831501378974	-0.1291338321554129	-0.0031226432211979	0.0000226439188485	0.0020832096543020	-0.1495077372557067	-0.0302106949297922	0.0000483851569878	0.0020827685743049	
-0.4925947006441206	0.1994916552846239	-0.0020505125516800	0.0003385657481153	-0.5195405971880097	0.1812116171070951	-0.0020369575332500	0.0004126861677806	-0.5486800052596625	0.1580083433244364	-0.0020436029077108	0.0003782291199739	
-0.1302639155973598	0.1531271741942402	-0.0000172807846266	-0.0020832613031654	-0.1524844678633018	0.1302053278632843	-0.0000347868535060	-0.0020830414288755	-0.1712496301985881	0.1031195919824867	-0.0000623153619679	-0.0020823964879794	
-0.1547890759727291	0.0458274020074555	0.0000806899813927	0.0020817623086275	-0.1774157933843128	0.0218187202333787	0.0001055708613254	0.0020806433561102	-0.1979680653940945	-0.0053135045488461	0.0001335478896907	0.0020790270446230	
-0.6629277295775529	0.4082133671520357	-0.0020779586537227	0.0000273690228682	-0.6639650639920662	0.3882741218638480	-0.0020781379883285	-0.0000000119057122	-0.6639650539713642	0.3631682609853231	-0.0020781379883505	-0.0000000070568130	
-0.3477091699262535	-0.3197801996515354	0.0001715232003967	-0.0020762250081785	-0.3763787675589810	-0.3552537442943666	0.0005612958398559	-0.0020059031690881	-0.4108642276688232	-0.3916986581888771	0.0003284323982452	-0.0020571509240174	
0.2829967272133667	-0.3187664542797388	0.0000322492770664	-0.0020830824648408	0.2693318975247394	-0.3479408673880004	0.0001484645349549	-0.0020780100368591	0.2520380297677722	-0.3843344176749283	0.0000823100907999	-0.0020816985635849	
0.1679242752919106	-0.3771134471214559	0.0000057232073500	-0.0020833254327385	0.1526723680689991	-0.4125042335468747	-0.0000398671881674	-0.0020829499341531	0.1334593058653623	-0.4520576690356288	-0.0000237941645761	-0.0020831967696692	
0.3100301558961712	0.0062046650318072	0.0000180721432939	-0.0020832545548640	0.2927167789468024	-0.0155948855341162	0.0000357741324107	-0.0020830246235430	0.2751217576884033	-0.0489313234231474	0.0000213830793050	-0.0020832230443856	
0.1617449552629443	-0.4143653398092804	-0.0008754801285242	-0.0018894378012125	0.1453526048860579	-0.4510085721724867	0.0007873595406727	-0.0019280143105444	0.1260755344986114	-0.4918635185637902	-0.0005429195773195	-0.0020109799749732	
-0.5268242834035922	0.0087104646963145	0.0020780264010360	-0.0000215892808453	-0.5579878841949438	-0.0129108514468919	0.0020778444275728	-0.0000350163000930	-0.5922650551524743	-0.0395375786580147	0.0020773789830776	-0.0000563014151875	
-0.4791458150670844	0.1278777137016142	-0.0018977697743152	0.0008489508238577	-0.5068116149680817	0.1078028057398717	-0.0019235850280415	0.0007883998951996	-0.5362174475844067	0.0842708330968900	-0.0018997319202120	0.0008445288308451	
0.1884541309978233	-0.2906378987081834	0.0000388163858697	0.0020829698804807	0.1727008250984622	-0.3229146646701676	0.0000190923602346	0.0020832454091367	0.1540428727665426	-0.3593766594758230	0.0000236794680256	0.0020831980831119	
-0.5777280958718991	-0.0170212205232289	-0.0020779824554398	0.0000254882260502	-0.6120085709910912	-0.0393821762654498	-0.0020780848889874	0.0000148928734870	-0.6483878113012091	-0.0660638502468638	-0.0020779772055214	0.0000259148093771	
0.1879296503147270	-0.3260420248031690	-0.0000046852972149	0.0020833280384689	0.1726272872415815	-0.3593682942585278	-0.0000909484002212	0.0020813372519897	0.1536624546241102	-0.3968767652743397	-0.0000413537990447	0.0020829208049541	
-0.1310718760848447	0.0947939452640951	-0.0000633498555381	-0.0020823651174752	-0.1533472412091536	0.0708255585724910	-0.0000701603128007	-0.0020821456877876	-0.1729789410599244	0.0437649899028126	-0.0000953978050227	-0.0020811370632395	
-0.1031275616880903	0.2114665858470363	0.0000480495235949	0.0020827763833035	-0.1251549734130242	0.1885581299338904	0.0000496104712805	0.0020827396038728	-0.1428057487309653	0.1625217278816767	0.0000778524927122	0.0020818708951858	
0.2554502583232106	0.0781042459716855	-0.0000062121209033	0.0020833240252391	0.2373931157513470	0.0542558997298062	-0.0000551690265018	0.0020825990778742	0.2199275388000138	0.0228528917941607	-0.0000435435865284	0.0020828759544870	
0.1662167853281489	-0.3583418915760978	0.0005577900344302	-0.0020068857620938	0.1520660081717081	-0.3926504429083208	0.0002231256352757	-0.0020712902964719	0.1324560249818009	-0.4311578347429997	0.0003088991634588	-0.0020601896501923	
0.2554930983004776	0.0895798584516028	0.0000153137631395	0.0020832767680781	0.2372483695528728	0.0656565455331883	-0.0000159272488735	0.0020832721450999	0.2198061274756279	0.0353809879275546	-0.0000135241283571	0.0020832892166179	
-0.1073185836983422	0.0322984071356341	0.0000424160203830	0.0020828993379792	-0.1289934037785095	0.0072934156596278	0.0000345438639060	0.0020830454928766	-0.1492515208159494	-0.0198026751070779	0.0000621414225820	0.0020824017118367	
0.1883120964026395	-0.3374786463833988	-0.0000754076626210	0.0020819613337136	0.1730264522314544	-0.3709271475115635	-0.0000850471588126	0.0020815879871514	0.1539160822207992	-0.4093533345365803	-0.0000088388779144	0.0020833144891969	
-0.4757335708114283	0.1263646012424611	-0.0019208675968617	0.0007950306476195	-0.5028839927293822	0.1063080313730654	-0.0019505716822915	0.0007186796650941	-0.5328012692127118	0.0827667809846851	-0.0019194794068458	0.0007983931055557	
-0.1043310260396328	0.1708474981958128	0.0000504215193566	0.0020827200293429	-0.1262237644727131	0.1479330993832019	0.0000479304310778	0.0020827791410913	-0.1444690963484127	0.1208350233761553	0.0000758353649488	0.0020819457207728	
0.5474865678011611	-0.4020186874747840	0.0008051398896903	0.0019206202729935	0.5343502318479014	-0.4313966041842768	0.0009208364957005	0.0018676436831153	0.5208266062756668	-0.4730439716778275	0.0008552650687667	0.0018987199573651	
-0.5496284409509801	0.2045659340525148	-0.0020643495699244	0.0002395919459766	-0.5787340645368662	0.1867120640977724	-0.0020619113833378	0.0002598369883891	-0.6088464205494860	0.1640105293105640	-0.0020620090911375	0.0002590565654934	
-0.3147767817945591	0.4261913034733881	0.0019189477655951	-0.0007996764553910	-0.3354680015098656	0.4086727024989557	0.0018862918789919	-0.0008742814201712	-0.3543706084290781	0.3832233599277504	0.0018935962652090	-0.0008582657032754	
-0.2753296072469723	0.4104523491900715	0.0018649422947621	-0.0009191606108892	-0.2940496077617005	0.3916758401661335	0.0017432539181200	-0.0011340766686089	-0.3146082226864674	0.3669960580042153	0.0018232412366064	-0.0009997136347863	
0.3830420794181324	0.1277177583754845	0.0014121803230513	-0.0015284111955091	0.3685178179054165	0.1040145669699022	0.0006799880638873	-0.0019686490804648	0.3486577188418349	0.0736177083962873	0.0011029318202306	-0.0017657092857642	
0.3881863914252635	0.1155320099439406	0.0002682627257744	-0.0020659023726951	0.3702679114079994	0.0917056284077204	0.0000738941517673	-0.0020820158732000	0.3522434412839925	0.0593748723055205	0.0001158707316169	-0.0020800924347941	
-0.1108317697756828	0.3140318521260390	-0.0016483571704790	0.0012686977684785	-0.1284704315675496	0.2929653309138536	-0.0011768807784397	0.0017170601366089	-0.1474072048768791	0.2668201080508087	-0.0014807795366619	0.0014617087592865	
-0.1564665730001302	0.1659717734154469	-0.0006988609879741	0.0019619954157238	-0.1772912203676629	0.1428971051137479	-0.0003972230346764	0.0020449209573087	-0.1967469561865487	0.1174864011096403	-0.0004873646606779	0.0020252319272643	
0.3069790031246143	-0.1115452190914698	-0.0000082926876151	-0.0020833167461615	0.2908905680524276	-0.1364492025403186	0.0000223552328420	-0.0020832127878440	0.2731946590826650	-0.1676935270276745	0.0000258167227466	-0.0020831725655651	
-0.1034433930512441	0.2010213428853316	0.0000716352647564	0.0020820952131189	-0.1254474374356133	0.1781144902437521	0.0000637983896065	0.0020823513552352	-0.1432764677356640	0.1510355443057320	0.0000954257310355	0.0020811357765342	
0.2830082772065565	-0.4052290480688610	-0.0000506082731779	-0.0020827154770803	0.2696727993805347	-0.4395022307873448	0.0000549486841671	-0.0020826049323445	0.2520480299079344	-0.4801420501827771	0.0000257634520650	-0.0020831732283681	
-0.1057679407756260	0.0979107724960384	0.0000521092853234	0.0020826782771954	-0.1275566172801599	0.0739511273091311	0.0000472305716379	0.0020827952091610	-0.1468430466029641	0.0468891780711476	0.0000785687045687	0.0020818438540515	
-0.1071938820048634	0.0375058891708534	0.0000528807165607	0.0020826587354306	-0.1288804528033928	0.0135424801451287	0.0000423066194294	0.0020829015740772	-0.1490864228969060	-0.0145626698519194	0.0000755610843169	0.0020819557433440	
0.3862596977060389	0.0605301495167345	-0.0005247763142471	-0.0020158147051985	0.3662768023805270	0.0378625604387079	-0.0010072348843494	-0.0018222724039514	0.3488009420057643	0.0043792505960319	-0.0009423918423780	-0.0018568062178468	
-0.5299278056791168	-0.0469402943921860	0.0020775674896286	-0.0000488128431330	-0.5621359447400043	-0.0697825981372382	0.0020777234027233	-0.0000416123301667	-0.5984906124887434	-0.0975698043267882	0.0020777802227763	-0.0000386560219097	
-0.5371998861696090	-0.0175117822961660	-0.0020779531214878	0.0000277879469178	-0.5694087312757546	-0.0396634397043229	-0.0020780023149746	0.0000238054730572	-0.6047382903430237	-0.0666484621999415	-0.0020778295391378	0.0000358932096378	
-0.4707074912168022	0.0082084935006571	0.0020772622455139	-0.0000604754503248	-0.4997839907383012	-0.0133599079258144	0.0020764371001152	-0.0000842724417895	-0.5320007514968730	-0.0404750133680655	0.0020757528285414	-0.0000997862408747	
0.1676765243820174	-0.3687022056957781	0.0001289675460942	-0.0020793176483497	0.1526616245100707	-0.4031322903492832	0.0000414517774784	-0.0020829188476591	0.1333980478636131	-0.4426704974520887	0.0000569723820331	-0.0020825502817255	
-0.2669619981128460	0.4053065008927750	0.0017210299166121	-0.0011676924132171	-0.2854150407098508	0.3857979276756815	0.0017919116115368	-0.0010551093543701	-0.3056535699638566	0.3612556724547548	0.0017132192861953	-0.0011791791675022	
0.3885967022840255	0.1104148076265275	0.0000870161447005	-0.0020815062003194	0.3703783371460989	0.0864873866087038	0.0000258512547520	-0.0020831721351804	0.3524158586080510	0.0541804821996891	0.0000462418999502	-0.0020828175050963	
-0.4862867822277948	-0.0178488076120212	-0.0020780255365228	0.0000216727477823	-0.5164189638070327	-0.0397424692952605	-0.0020780973096568	0.0000130352092461	-0.5507194116028019	-0.0671852066276113	-0.0020780435757057	0.0000198585139553	
-0.5195335256126713	-0.0176836613339422	-0.0020781319335555	0.0000050290552130	-0.5507136454159437	-0.0398350326921397	-0.0020781360580655	0.0000028395435244	-0.5860406528140369	-0.0670068035372425	-0.0020778641209714	0.0000338214656059	
-0.1027996561685179	0.2291665223873928	0.0000372526558463	0.0020829985765561	-0.1248553025676109	0.2062513530079540	0.0000301541383035	0.0020831140040040	-0.1422414474850520	0.1802064120314828	0.0000600158296910	0.0020824643684715	
-0.1305019206235322	0.1905772408144645	-0.0000407396143531	-0.0020829329688317	-0.1525999204988469	0.1676917107280155	-0.0000140238886431	-0.0020832858958263	-0.1707815773397169	0.1417124306834208	-0.0000604915315614	-0.0020824505356406	
-0.5704562325070269	-0.0171224024184262	-0.0020779223140447	0.0000300140442088	-0.6036972335517469	-0.0394502152222907	-0.0020780617684725	0.0000178429536097	-0.6410932784050863	-0.0661638355311526	-0.0020778983064991	0.0000316403758131	
0.2555425809656767	0.0947924277703749	0.0000234234079383	0.0020832009924703	0.2372263317564149	0.0708494063428367	-0.0000120516604406	0.0020832983003252	0.2197945604109390	0.0406099020620037	-0.0000071047637975	0.0020833211580084	
-0.1534262664052722	0.1135695146970579	-0.0000069401565084	0.0020833217156444	-0.1757990918290652	0.0895741002421290	-0.0000003049428148	0.0020833333109040	-0.1954074985683917	0.0635386431420438	0.0000276512766640	0.0020831489041671	
-0.4550846133284278	0.1199231383071975	-0.0020262966800817	0.0004624332266935	-0.4820310600075860	0.1004829231911366	-0.0020322834943892	0.0004352296883276	-0.5112386039123228	0.0759678776709327	-0.0020217664352580	0.0004819491823068	
0.5784613704260344	-0.2781264477078184	0.0002367243204492	0.0020697726521592	0.5650361378600994	-0.3052400577107775	0.0004041240943543	0.0020435615703950	0.5499182845330290	-0.3416465997795593	0.0002389590696176	0.0020695145509893	
-0.1590293035247634	0.1707707025703661	-0.0017115944382209	0.0011815482087085	-0.1785736021017999	0.1480283527296225	-0.0006235477113976	0.0019873398150727	-0.1984661836451442	0.1229128785399848	-0.0008055892449294	0.0019204308943533	
0.1901252258583307	-0.3635427837311153	-0.0000895461657563	0.0020813983567019	0.1749920837296353	-0.3979257960152623	-0.0000486169238687	0.0020827631501667	0.1557752246413122	-0.4364582350871143	-0.0000623342682015	0.0020823959192949	
-0.1535314133377298	0.1281462744116365	-0.0000306858071039	0.0020831062010952	-0.1758678249252653	0.1051828070429727	-0.0000179197963680	0.0020832558774844	-0.1952450539956748	0.0781330522929773	0.0000122850460885	0.0020832969303163	
-0.1065004641781092	0.0604362261965186	0.0000458630950004	0.0020828259226423	-0.1282732200782795	0.0364807051557276	0.0000577666170662	0.0020825282927164	-0.1480380607138498	0.0094013404155384	0.0000767579884351	0.0020819117400172	
-0.2884488845670499	-0.3956770962684917	-0.0009267671428318	0.0018646931613410	-0.3170794295965088	-0.4354685387686822	-0.0008660583350853	0.0018937966535380	-0.3541777076024229	-0.4770353401556381	-0.0007567266951945	0.0019403029998253	
-0.5133822698031637	0.0087595382762636	0.0020780945193261	-0.0000134748613384	-0.5444042644577283	-0.0128956297435605	0.0020778399485813	0.0000352823997186	-0.5787483001032856	-0.0398433170332625	0.0020780342658366	-0.0000208145819464	
-0.1315278285924965	0.0812422969854052	-0.0000669415870087	-0.0020822521864123	-0.1537762607751775	0.0572915697538501	-0.0000572582479452	-0.0020825424024001	-0.1735872900063734	0.0302102482645596	-0.0000877709988280	-0.0020814743483053	
-0.5808400153624222	0.2062457208622292	-0.0020770050656493	0.0000687824297587	-0.6119859156093872	0.1888213187554736	-0.0020777944711518	0.0000378785086897	-0.6420910034517073	0.1661250131766034	-0.0020770361386936	0.0000678328662010	
-0.1551206670408649	0.1613058169206906	-0.0004583231821732	0.0020320349467684	-0.1766335056572476	0.1385439863926268	-0.0002368481875272	0.0020697584105196	-0.1957757810059302	0.1123453075639134	-0.0002842867435479	0.0020637476166769	
-0.5527634163213891	-0.0472786495406217	0.0020776244154206	0.0000463138413243	-0.5860076073060734	-0.0702194579209796	0.0020769846863138	0.0000693981411925	-0.6234369394206007	-0.0980082669901621	0.0020778457889055	0.0000349350207351	
0.3195528846060750	-0.3441908403600316	-0.0005900459348161	0.0019975937088395	0.3089538622237664	-0.3703963415854574	-0.0015968688194923	0.0013332373620402	0.2890112818147903	-0.4071346565518468	-0.0011820251323771	0.0017135050962114	
-0.5860431533962980	0.0092426837740865	0.0020781075331665	0.0000112788722445	-0.6203333956382336	-0.0126962076603594	0.0020780426792836	0.0000199525646328	-0.6567011355088216	-0.0389174242377954	0.0020781182598507	0.0000090778436996	
-0.5403541462105024	0.0090181400729258	0.0020776622076792	-0.0000445774389323	-0.5725460350490592	-0.0126738606383605	0.0020780709620642	-0.0000167323016449	-0.6078184363379910	-0.0392257280053472	0.0020779038383951	-0.0000312731326456	
-0.1021633438588027	0.2645956440098269	0.0000219016046412	0.0020832176305159	-0.1241554331277326	0.2416823010612307	0.0000292539429355	0.0020831269045082	-0.1411188206156369	0.2156152128232643	0.0000565333533670	0.0020825623058289	
0.1901679274940947	-0.3645827319646676	-0.0000768983253542	0.0020819065352736	0.1750127455583136	-0.3989707791180138	-0.0000423619102762	0.0020829004446834	0.1558034257690020	-0.4374994676194601	-0.0000566910160830	0.0020825579984793	
-0.5247407707114506	-0.0470896980801437	0.0020771793849910	-0.0000632711833713	-0.5569460363273986	-0.0699016398709848	0.0020776299620336	-0.0000460630972502	-0.5922585875421407	-0.0977247271561288	0.0020772802225661	-0.0000598516479819	
-0.1064224511764249	0.0645954424446621	0.0000323547770065	0.0020830808206793	-0.1281622846041102	0.0406391175152523	0.0000469270417653	0.0020828021043847	-0.1478962140206029	0.0135571878188240	0.0000650155786433	0.0020823135188451	
-0.4447132042355022	0.0075708316034939	0.0020777417615730	-0.0000406806408090	-0.4738265420166744	-0.0138421761881176	0.0020780567732490	-0.0000184183513904	-0.5049676076104328	-0.0413866987513391	0.0020779088818093	-0.0000309345181285	
0.2827725079698316	-0.3770615221131092	0.0001150158809089	-0.0020801401152262	0.2694414990190599	-0.4093390521086233	0.0000485815233272	-0.0020827639803386	0.2519238412938876	-0.4478616381409344	0.0000349139314665	-0.0020830392921488	
-0.1021061705393214	0.2708446578015198	0.0000157386947578	0.0020832735852942	-0.1240706054065219	0.2479330302894551	0.0000240351322111	0.0020831939895624	-0.1409617704765995	0.2218555580794476	0.0000519299737595	0.0020826827783265	
-0.1312276029479326	0.2852514893750679	0.0008828008120993	-0.0018860113856251	-0.1515737467358064	0.2625292811867070	0.0003420169759615	-0.0020549249516163	-0.1690283670050314	0.2365701486688345	0.0005298162337125	-0.0020144893287524	
-0.1064799358240173	0.0614757939296481	0.0000422008537547	0.0020829037303796	-0.1282443952652994	0.0375202815330115	0.0000554298090551	0.0020825921186167	-0.1479987116117851	0.0104399362832003	0.0000738149012351	0.0020820186984946	
-0.5600742665929371	0.0092004716533645	0.0020780578189416	-0.0000182993959560	-0.5933154806110832	-0.0126049411313342	0.0020781179722759	-0.0000091437661162	-0.6286600863991512	-0.0389393690211509	0.0020779886853759	-0.0000249725572074	
-0.1046648139774550	0.1572807795502723	0.0000497546765625	0.0020827361467134	-0.1265328110973218	0.1343667916876341	0.0000497459508196	0.0020827363561887	-0.1449959728002603	0.1072675875695418	0.0000778261092321	0.0020818718865789	
-0.1033750830204369	0.2031467459543689	0.0000679860937403	0.0020822181752647	-0.1253840375997192	0.1801949359510744	0.0000627715095067	0.0020823827192506	-0.1431420268144460	0.1541530719605378	0.0000934165421986	0.0020812273877758	
0.5765126731958941	-0.3011025453455763	-0.0004987899451477	0.0020224343886525	0.5657972851071309	-0.3302464766797676	-0.0000715075856547	0.0020820996240188	0.5499368837313900	-0.3665998678704158	-0.0003585359954436	0.0020520931202125	
-0.4894033465325615	0.0085931638056714	0.0020781235336250	0.0000077703560190	-0.5195305463622477	-0.0129873124356762	0.0020780986084802	0.0000128254236271	-0.5528095411257480	-0.0401282661075665	0.0020780478055219	-0.0000194085822889	
0.3884323771834437	0.0885520853501710	-0.0000700469809887	-0.0020821495226492	0.3701875458315045	0.0645543477054920	-0.0000618452068879	-0.0020824105743367	0.3523653142142669	0.0322813824949328	-0.0000545262513869	-0.0020826160907726	
-0.1317667754386338	0.0729140441002702	-0.0000535592720238	-0.0020826413088315	-0.1539925262029702	0.0489609478370779	-0.0000507538740454	-0.0020827119162690	-0.1739165300420275	0.0218852308556715	-0.0000797249545040	-0.0020817996756028	
-0.1541367625718607	0.0844339661934119	0.0000946493278579	0.0020811714090980	-0.1767767731533313	0.0604420743112616	0.0000703504217518	0.0020821392410441	-0.1966674288257571	0.0344288533623904	0.0001079497160713	0.0020805206795511	
-0.5195934975751524	0.0087211827115187	0.0020780025642515	0.0000237835944546	-0.5506667069969451	-0.0129713884581059	0.0020781313338775	0.0000052722190509	-0.5850003179584887	-0.0397305240216279	0.0020775279998345	-0.0000504737453017	
0.2831293444856654	-0.3937308135572662	0.0000199183058151	-0.0020832376371161	0.2696917801890204	-0.4281104171385762	-0.0000354844307741	-0.0020830296035718	0.2521830539538982	-0.4677048227008798	-0.0000247084758943	-0.0020831860724950	
-0.5891539029848797	-0.0169034241815282	-0.0020780358081119	0.0000206592576941	-0.6234388954499142	-0.0393069921433685	-0.0020780886927330	0.0000143495473699	-0.6608493505380444	-0.0659672514101233	-0.0020781305136234	0.0000055877143492	
-0.1290420190260031	0.2479146635187775	-0.0000523167597702	-0.0020826730497372	-0.1513542352672856	0.2250047720205253	-0.0000440621986607	-0.0020828649934420	-0.1686332430607702	0.1989596086926471	-0.0000767302687058	-0.0020819127669464	
-0.1027813581308634	0.2302082419125775	0.0000382935687648	0.0020829796060492	-0.1248415672071091	0.2072927258117055	0.0000311030696224	0.0020830999817068	-0.1422096090372345	0.1812476698131932	0.0000610872654907	0.0020824330582710	
-0.1306676631269430	0.1166612378427227	-0.0000190093891781	-0.0020832461716893	-0.1528381481315201	0.0927100094041960	-0.0000224382023434	-0.0020832118913692	-0.1721751048684569	0.0666560718799418	-0.0000513622583220	-0.0020826969268960	
0.3075981680983751	-0.0802101782670318	-0.0000012478728957	-0.0020833329577375	0.2910737369548662	-0.1052230947233624	-0.0000121164098983	-0.0020832979228700	0.2734772058080245	-0.1364738120890523	0.0000035464582860	-0.0020833302996515	
-0.1302547677048862	0.1593800439929409	0.0000111876948851	-0.0020833031432454	-0.1524022368854300	0.1364537023206254	-0.0000186088900386	-0.0020832498058013	-0.1710713990351906	0.1104037422356228	-0.0000383532947079	-0.0020829785016877	
-0.4063512195672699	0.1975699488265086	-0.0020428299570708	0.0003824025246913	-0.4311430981456759	0.1794310277536392	-0.0020212092849531	0.0004842920981036	-0.4572128160940665	0.1551113157868667	-0.0020368802257208	0.0004130694712382	
0.5532662369079138	-0.3877995252338215	0.0008083969317127	0.0019192447905802	0.5399857904341532	-0.4175028889585871	0.0006933119694047	0.0019639729833081	0.5262924769435695	-0.4580278974970288	0.0006468415988434	0.0019798431979549	
0.2835469233318800	-0.3499607529628845	-0.0005606142892044	-0.0020060947112011	0.2682914931681446	-0.3791948224084725	-0.0001839553904506	-0.0020751551225574	0.2508725676410386	-0.4167420977611074	-0.0002387881545874	-0.0020695343775156	
-0.1306576112234428	0.1177025989951926	-0.0000177842108271	-0.0020832570451712	-0.1528278958008378	0.0937515086011039	-0.0000206515971560	-0.0020832304611360	-0.1721485701465070	0.0676965358344097	-0.0000502318216153	-0.0020827246361258	
-0.1030364974708888	0.2156290526749973	0.0000395275591260	0.0020829564392811	-0.1250635955517948	0.1927192381457541	0.0000405667072646	0.0020829363603974	-0.1426499937189596	0.1666788125266384	0.0000683649175617	0.0020822057097712	
-0.1022847913086719	0.2552185582633724	0.0000311462291979	0.0020830993336093	-0.1243124827140822	0.2322847379160284	0.0000452841058147	0.0020828386546899	-0.1413786079328587	0.2062521472421638	0.0000632931962524	0.0020823668490218	
-0.4644938992029456	0.0080537324987001	0.0020775716102390	-0.0000486362645517	-0.4935595995557002	-0.0135632531015108	0.0020775566265204	-0.0000492753202652	-0.5257785053847195	-0.0408136810775639	0.0020750980368184	-0.0001126447662303	
0.1883831401289239	-0.2947948658751887	0.0000303435032224	0.0020831112404753	0.1726649582053349	-0.3270786364153307	0.0000177190071736	0.0020832576035585	0.1539971012194740	-0.3635392986270289	0.0000248161934617	0.0020831847856716	
-0.1305014443848702	0.1374918425988400	-0.0000279383160280	-0.0020831450551148	-0.1527033724639741	0.1145824115650065	-0.0000161049828730	-0.0020832707718468	-0.1717068393213135	0.0875107026715052	-0.0000514342295323	-0.0020826951418477	
0.3076456859057577	-0.0624964339162468	-0.0000508674038116	-0.0020827091326855	0.2909031504252426	-0.0875013618907159	0.0000195881058032	-0.0020832407837361	0.2732863093756016	-0.1187494691447503	0.0000069589406451	-0.0020833216526705	
0.1885199037541296	-0.3436686379462148	-0.0000764989225968	0.0020819213231095	0.1735262313070313	-0.3770829703377717	-0.0002168877155158	0.0020719560809121	0.1541047491558546	-0.4155528050882074	-0.0001477761803664	0.0020780593477595	
0.2564545028455575	0.1125470241647434	0.0003277870275410	0.0020572543715227	0.2373949232596402	0.0884911123885553	0.0000953531444980	0.0020811391202115	0.2200802386362291	0.0573195071191283	0.0001392695675460	0.0020786497213446	
0.5687639614956301	-0.3377839553663857	0.0001235157800060	0.0020796502719873	0.5557406129104236	-0.3665907311030539	0.0006042267615821	0.0019933288907394	0.5417250306957315	-0.4043579666911940	0.0004344486494116	0.0020372990062819	
-0.1056750319744448	0.1020776580919656	0.0000435303554000	0.0020828762324330	-0.1274654339225283	0.0781171652729064	0.0000426743359193	0.0020828940352200	-0.1466854606990198	0.0510477738222851	0.0000712918527957	0.0020821070589899	
-0.1051411161426636	0.1364615918625620	0.0000439374351810	0.0020828676422209	-0.1269950860099074	0.1135444557222650	0.0000385091928412	0.0020829756109437	-0.1457174489354091	0.0864645720861260	0.0000704330571733	0.0020821364333665	
0.1889758530444382	-0.3500269688727648	-0.0001991516024382	0.0020737448884414	0.1742295572619089	-0.3833812962924789	-0.0002033633759507	0.0020733340476892	0.1547681495502986	-0.4218845630485502	-0.0002260977910408	0.0020709663556194	
-0.5216115640220457	-0.0176769688679980	-0.0020781190895083	0.0000088849158565	-0.5538284851179711	-0.0398276730799017	-0.0020781108898122	0.0000106391806389	-0.5881166026434074	-0.0669716834321789	-0.0020778078169312	0.0000371354820047	
0.3884051069051464	0.1135058243469267	0.0001761705545741	-0.0020758338900745	0.3703330218446099	0.0896204496206895	0.0000487559778877	-0.0020827598833792	0.3523335806302170	0.0573014257595186	0.0000790090861654	-0.0020818271039852	
-0.3926710282230745	0.1941279664181959	-0.0020063102514641	0.0005429966763407	-0.4167560491776546	0.1755844498912878	-0.0020156508640654	0.0005070401731015	-0.4426200167085694	0.1511315214951998	-0.0019978761459415	0.0005733988061127	
-0.1307223919940108	0.1114543958745767	-0.0000258601348486	-0.0020831720244115	-0.1529069932586098	0.0875026834785427	-0.0000337819087476	-0.0020830580518074	-0.1723110176157866	0.0614530086466807	-0.0000584639903899	-0.0020825087342078	
-0.1536240874180187	0.1333418051019952	-0.0000404817438348	0.0020829380216640	-0.1759330452347695	0.1103877357923822	-0.0000336274315405	0.0020830605638189	-0.1952367971661177	0.0833404326767063	-0.0000053247797650	0.0020833264944686	
0.2829646085826802	-0.3822470834532294	0.0000409133383109	-0.0020829295467101	0.2695433390268982	-0.4135094569169146	0.0000541869686646	-0.0020826249904184	0.2520027246950862	-0.4521272713742937	0.0000402475321167	-0.0020829425831004	
-0.1287214371242955	0.2614599555806780	-0.0000306576040536	-0.0020831066184364	-0.1510124022211008	0.2385387054256690	-0.0000533832879330	-0.0020826458497928	-0.1681072919326700	0.2124992039185221	-0.0000740360202513	-0.0020820108079843	
0.1882216478432580	-0.3354076240856689	-0.0000878391072729	0.0020814714608287	0.1729437658536009	-0.3686686186526538	-0.0000528836549048	0.0020826586604477	0.1538956972542491	-0.4062370963611308	-0.0000184981619085	0.0020832507968882	
-0.4572783348061526	0.1204386463881978	-0.0020200886732701	0.0004889685408337	-0.4842249624913471	0.1009509600580884	-0.0020274636028766	0.0004572640180240	-0.5132081316824137	0.0764185209025759	-0.0020166211554342	0.0005031477631418	
-0.5361595721478283	-0.0468650149068543	0.0020781346853390	0.0000037144303781	-0.5683698530818027	-0.0697127570248087	0.0020781377333267	0.0000010321364220	-0.6047391003794473	-0.0975260593255934	0.0020781009668231	0.0000124354604814	
0.2831401923448841	-0.2802119809883102	-0.0000011166131697	-0.0020833330325973	0.2687973329625812	-0.3083332700669607	-0.0000153008916583	-0.0020832768631276	0.2514311422021628	-0.3437500546656162	0.0000006416115944	-0.0020833332340390	
0.2829285711169111	-0.2739375923941368	0.0001647081137665	-0.0020767795264950	0.2688077904080521	-0.3020859753816227	0.0000251018571065	-0.0020831813459450	0.2513093659783335	-0.3375059741119503	0.0001021304666487	-0.0020808159282376	
0.5762859675895851	-0.3001481680073529	-0.0004972832306593	0.0020228072492600	0.5657302941336699	-0.3291065283063297	-0.0001560086007564	0.0020774545118326	0.5497503284205565	-0.3656015742454770	-0.0004148012570396	0.0020414103749972	
-0.1538414352153321	0.1510352828850844	-0.0000859303316992	0.0020815515342196	-0.1761740259539710	0.1281344248711224	-0.0000015497828951	0.0020833327540090	-0.1952053299233109	0.1020888620179871	0.0000066565343579	0.0020833226458002	
-0.5465819249899972	0.0091137393942528	0.0020780518707634	-0.0000189660996022	-0.5787762777369376	-0.0126461739345747	0.0020781327842460	-0.0000046624028817	-0.6140512023936699	-0.0391372057726759	0.0020779295482448	-0.0000295064073830	
-0.1302705858709836	0.1614658284308937	0.0000201344961444	-0.0020832355484485	-0.1523880390588668	0.1385356350058157	-0.0000106059351434	-0.0020833062013984	-0.1710383447774607	0.1124838057209291	-0.0000296676416425	-0.0020831210244418	
-0.1320157638070824	0.0625005006148800	-0.0000509076642814	-0.0020827081440630	-0.1542547521275123	0.0385441599690598	-0.0000542999029851	-0.0020826220342367	-0.1743193383124410	0.0114530851613145	-0.0000826228062108	-0.0020816861133142	
0.2831795088919955	-0.3249500005488422	0.0001136269691332	-0.0020802168284889	0.2703620300890290	-0.3542130584240273	0.0005400994118845	-0.0020117430360300	0.2524315184029881	-0.3895733723356389	0.0002782148623011	-0.0020645790774036	
-0.1297917427766675	0.2145814323415470	-0.0000580313792134	-0.0020825208948656	-0.1520211049496965	0.1916775253426375	-0.0000611387985161	-0.0020824315383628	-0.1697891513585567	0.1656410922234013	-0.0000890044110151	-0.0020814217098321	
-0.5475924619677746	-0.0173941532234387	-0.0020780458976166	0.0000196128069448	-0.5808396997133654	-0.0395730699408081	-0.0020781198184984	0.0000087118714622	-0.6161681067002406	-0.0664868375489979	-0.0020780064744578	0.0000234377293403	
-0.5600554299434174	-0.0172672476807094	-0.0020779812222062	0.0000255890718840	-0.5933083711419074	-0.0395275243960970	-0.0020781101084718	0.0000107914709602	-0.6296712955631747	-0.0663354686449917	-0.0020779704553105	0.0000264531909413	
-0.1554818664567393	0.1627269248280430	-0.0005288461341741	0.0020147454938502	-0.1767515845163042	0.1395479924162290	-0.0002721152875991	0.0020653959309517	-0.1959986215704279	0.1137085780117301	-0.0003377805656021	0.0020556290705350	
-0.1545954592554927	0.0687056850477069	0.0000129697904189	0.0020832927591161	-0.1769841439753635	0.0448569248592845	-0.0000126796151445	0.0020832945543704	-0.1972650732610299	0.0176734206619844	0.0000321533382062	0.0020830839553347	
-0.5342048759794410	0.0450391396949706	-0.0019562606282164	-0.0007029675921177	-0.5673500474663917	0.0229376413144792	-0.0016189778489615	-0.0013061648725045	-0.5978048888204351	-0.0048526768800156	-0.0017344244658677	-0.0011476016762848	
-0.1302991039384117	0.1500026045641902	-0.0000283421434155	-0.0020831395726831	-0.1525372016729563	0.1270804672124667	-0.0000366187597216	-0.0020830098730360	-0.1713446912698619	0.0999970793636373	-0.0000662702983863	-0.0020822737666116	
-0.1021764694359518	0.2635540277731704	0.0000227717882459	0.0020832082534939	-0.1241685569560541	0.2406401565226307	0.0000305962200413	0.0020831075254539	-0.1411471339787101	0.2145752119976855	0.0000570471252079	0.0020825482253890	
-0.1077002934460208	0.0062444348351882	0.0000324626099833	0.0020830791346080	-0.1292850645596219	-0.0187462697454225	0.0000272671169470	0.0020831539933442	-0.1499034671367737	-0.0468683639388586	0.0000556358699078	0.0020825865964376	
-0.1304856324150843	0.1385335873775454	-0.0000300311846890	-0.0020831157890830	-0.1526951238711128	0.1156238897606592	-0.0000180146901465	-0.0020832550549664	-0.1716804688813677	0.0885511404887065	-0.0000531562060725	-0.0020826516871437	
-0.1063086372302383	0.0739639569419390	0.0000260572732066	0.0020831695555426	-0.1280002335005279	0.0500037838682851	0.0000259542644549	0.0020831708479155	-0.1476440637209139	0.0229196143492377	0.0000535950334705	0.0020826403842417	
-0.1574210524515590	0.1682132556962934	-0.0009088375377874	0.0018735413037682	-0.1776954523215005	0.1447832328565343	-0.0004740043418143	0.0020284163420974	-0.1973909437749606	0.1198158319860649	-0.0005993012922638	0.0019948227199206	
-0.4696717040224004	0.0081798804136201	0.0020773755864068	-0.0000564272304450	-0.4987457135856586	-0.0134003224844119	0.0020765933114237	-0.0000803109352727	-0.5309621393624995	-0.0405267841717112	0.0020754191015220	-0.0001065344430348	
0.3076184621066547	-0.0635393122861495	-0.0000422665233734	-0.0020829023921728	0.2909148056419513	-0.0885424572992815	0.0000232723118004	-0.0020832026943852	0.2732909522948628	-0.1197909741849235	0.0000133561049647	-0.0020832903060292	
-0.1034806584619322	0.1999812153767060	0.0000730493963833	0.0020820458325990	-0.1254776092319217	0.1770741911051502	0.0000639262653961	0.0020823474138559	-0.1433231467958845	0.1499964077590172	0.0000956874431496	0.0020811236996733	
-0.1303093345920503	0.1645964551459312	0.0000308996364147	-0.0020831030244187	-0.1523817559029441	0.1416576989935687	0.0000019740238342	-0.0020833323934263	-0.1710052016488250	0.1156027660755793	-0.0000172519869422	-0.0020832615430399	
-0.5590364801706187	0.0091908919985557	0.0020780676316793	-0.0000171429505548	-0.5922768754864877	-0.0126089718253573	0.0020781187802886	-0.0000089573072995	-0.6276225538435245	-0.0389543052719357	0.0020779791834642	-0.0000257549208615	
-0.1294287869749124	0.2302122321325202	-0.0000418807795929	-0.0020829102230095	-0.1516582212538742	0.2072919725841745	-0.0000348989056547	-0.0020830395452035	-0.1692221437579564	0.1812491169071629	-0.0000669950242149	-0.0020822504591883	
-0.5164942425088155	0.0087548096930823	0.0020780604945931	0.0000179914395488	-0.5475306797555322	-0.0129462268320601	0.0020779773773423	0.0000259009592560	-0.5818769925191877	-0.0397983769445895	0.0020777830081467	-0.0000385052632908	
-0.1298201549795552	0.2135401437943631	-0.0000594919589053	-0.0020824794755332	-0.1520500927273105	0.1906381706015315	-0.0000622848813821	-0.0020823974044477	-0.1698305799488635	0.1646025067304657	-0.0000903457550744	-0.0020813636298172	
-0.1537540160498716	0.1458338130188698	-0.0000042189324982	0.0020833290400890	-0.1761627073598264	0.1229194018620206	-0.0000197656199704	0.0020832390986645	-0.1952628667931834	0.0968741852135781	0.0000242712034122	0.0020831912387787	
-0.1304190622232421	0.1707997619590410	0.0000395743011955	-0.0020829555473048	-0.1524235372729710	0.1479008056193234	0.0000228867013250	-0.0020832069878917	-0.1709830778040368	0.1218380536956072	-0.0000016648959834	-0.0020833326647519	
0.1892927056363288	-0.3958708132947811	0.0002338987509510	0.0020700954729248	0.1732659993138028	-0.4311966059364261	0.0003469525434851	0.0020540932495044	0.1543828101205911	-0.4717770819108425	0.0002917260142606	0.0020627039676464	
-0.1545699902923111	0.0603696787417806	-0.0000121800882028	0.0020832975496864	-0.1769608356010463	0.0365178849152687	0.0000119109279432	0.0020832991137462	-0.1973705338297104	0.0093637869821213	0.0000365626112924	0.0020830108642913	
-0.1021158058865610	0.2698032668286845	0.0000170576050733	0.0020832631517067	-0.1240814596508006	0.2468913098050107	0.0000246806589897	0.0020831864038938	-0.1409884510962286	0.2208154395525049	0.0000530787514962	0.0020826536724908	
-0.5465482995035512	0.2041847181916290	-0.0020619320841341	0.0002596718435331	-0.5756588821389065	0.1863364816859392	-0.0020603737067738	0.0002718193058470	-0.6057655128322742	0.1636438081434932	-0.0020592617160258	0.0002801600705318	
-0.2919518348627351	-0.3885290814153773	-0.0009188294506792	0.0018686368571764	-0.3205807156209907	-0.4279222172867668	-0.0008647493655304	0.0018943977094501	-0.3574771223829506	-0.4687650055277311	-0.0007765600569611	0.0019324112551591	
0.2829890194373752	-0.4198614118162589	-0.0000092916895561	-0.0020833125089784	0.2697561469971705	-0.4551684792118784	0.0000137874291073	-0.0020832874820635	0.2517179680396097	-0.4958571313489863	-0.0000784774057805	-0.0020818473148989	
-0.1321203599916677	0.0583346437686422	-0.0000552740249226	-0.0020825962798301	-0.1543674154135080	0.0343737827938051	-0.0000580244276659	-0.0020825210895350	-0.1744914101619741	0.0072901897432726	-0.0000876426756085	-0.0020814797825079	
-0.1555276203483874	0.0321912180416563	0.0001518683373119	0.0020777628165386	-0.1783936236090473	0.0082171624876753	0.0001975455855010	0.0020738992632800	-0.1991891578505599	-0.0199032352281044	0.0002224766564275	0.0020713604530502	
-0.4685721194097947	0.1951545430666630	-0.0020674420282505	0.0002110993614915	-0.4956334235433763	0.1771091310064386	-0.0020728236309811	0.0001488963728978	-0.5237113560864880	0.1529728680456823	-0.0020632761791471	0.0002487107485738	
-0.4873256030390715	0.0085969996087120	0.0020781378176312	-0.0000008444872532	-0.5174536748014592	-0.0129771053788578	0.0020781267682898	0.0000068459515086	-0.5507194553064080	-0.0401418049554009	0.0020781226329514	-0.0000080087823243	
-0.1382768702203258	0.2925675332516286	0.0018384042653497	-0.0009714050444555	-0.1555833381800609	0.2721189390447616	0.0013390500034583	-0.0015931874920624	-0.1753875512736486	0.2461238456033790	0.0017001708009441	-0.0011980092050995	
-0.1065793083625234	0.0572717001331244	0.0000564513185989	0.0020825645422729	-0.1283680865729107	0.0333086017475152	0.0000627941782283	0.0020823820323778	-0.1482050249300896	0.0051849535748034	0.0000876517109269	0.0020814794001430	
0.1879654761460884	-0.3218757973301857	0.0000327326464523	0.0020830748877097	0.1724804072535970	-0.3552084283105654	-0.0000550027915519	0.0020826034968893	0.1536259563014493	-0.3927089944976446	0.0000033064663299	0.0020833306963433	
-0.1537463772658373	0.1416666995663868	-0.0000110625289076	0.0020833038149942	-0.1760969861179925	0.1187334100334509	-0.0000420870774942	0.0020829060439695	-0.1952856356878718	0.0927083071258226	-0.0000023645184058	0.0020833319847880	
0.2830477023905623	-0.3885077023618674	0.0000218897783265	-0.0020832177554389	0.2697273047428309	-0.4218839078587814	0.0000185669075713	-0.0020832501822672	0.2521721503844032	-0.4614665365832263	0.0000294930987042	-0.0020831235153624	
-0.1537391437156970	0.1406251544089369	-0.0000173359513080	0.0020832608425292	-0.1760722257789824	0.1176885680573960	-0.0000442428696137	0.0020828611444056	-0.1952837716698930	0.0916670336895341	-0.0000079406869745	0.0020833181244355	
-0.1564472809551587	0.0216938496965588	0.0002239177290087	0.0020712043885858	-0.1797398153675970	-0.0031350258271496	0.0003395531537342	0.0020553355519826	-0.2004840682881307	-0.0302343471062685	0.0003195503164391	0.0020585563321938	
0.3886358724176244	0.1093776417409097	0.0000657819526991	-0.0020822893288650	0.3704048840422394	0.0854436655724004	0.0000204626453485	-0.0020832323350282	0.3524400703982922	0.0531391395301988	0.0000389716313652	-0.0020829669671634	
0.3871152149066444	0.0647196412910905	-0.0002792883063528	-0.0020644334143803	0.3678772988992054	0.0416443266121689	-0.0006501137153086	-0.0019787657906337	0.3503128669205955	0.0082686104891888	-0.0005716587463380	-0.0020029598209752	
-0.3990002005564178	0.1958412386340073	-0.0020078499248303	0.0005372466415905	-0.4238218414429012	0.1774961476926943	-0.0020030108260233	0.0005551036582820	-0.4498789962351909	0.1532495908652132	-0.0019980165522628	0.0005729069152206	
-0.5714952351979419	-0.0171043986097379	-0.0020779275922554	0.0000296445203010	-0.6047360833627962	-0.0394421458142747	-0.0020780625331559	0.0000177532240285	-0.6421319721851194	-0.0661511202703859	-0.0020779032446796	0.0000313127537049	
0.1899528840602650	-0.3604336928646741	-0.0001342372028286	0.0020789824290741	0.1749126382336361	-0.3947905416137982	-0.0000673296301328	0.0020822396125219	0.1556674683425009	-0.4333387299836014	-0.0000873307698299	0.0020814929578154	
0.1602294189841844	-0.4178306250254952	-0.0006401008061952	-0.0019820437759215	0.1466611916193120	-0.4541620602902595	0.0006234991383943	-0.0019873551309785	0.1255169302709382	-0.4957582133788133	-0.0000939334226654	-0.0020812040066504	
-0.1306126518163475	0.1239512791395566	-0.0000128678951650	-0.0020832933941486	-0.1527797611881577	0.1000007043537747	-0.0000128180720919	-0.0020832937028331	-0.1720043410387538	0.0739393210118262	-0.0000457793538587	-0.0020828277741315	
0.1678896148841552	-0.3739978661248982	0.0000401879029335	-0.0020829437401917	0.1527084151593596	-0.4083357500705743	-0.0000032591281917	-0.0020833307713095	0.1334779443666814	-0.4478843469289444	0.0000053306872417	-0.0020833264792856	
-0.1537660743648526	0.1479173680815783	-0.0000230687772420	0.0020832049695423	-0.1761756721874968	0.1250014300851077	-0.0000062007359478	0.0020833240593258	-0.1952352260354627	0.0989583845764111	0.0000288127338429	0.0020831330845843	
-0.1326984780442432	0.0395834172947803	-0.0000688061400080	-0.0020821911035880	-0.1549294303493147	0.0156246326189092	-0.0000642803301550	-0.0020823364596779	-0.1754087495136618	-0.0125025570344746	-0.0000958762780064	-0.0020811149651901	
-0.1305733923838964	0.1302003132314175	-0.0000148053401889	-0.0020832804617524	-0.1527436814557862	0.1072916783502710	-0.0000094503646069	-0.0020833117916628	-0.1718693737442231	0.0802261438077548	-0.0000445910241048	-0.0020828536828406	
-0.4884606176684979	0.1321220522260732	-0.0019052789295340	0.0008318755023477	-0.5161563590968410	0.1119155375930690	-0.0018974083902762	0.0008497622516319	-0.5464108148417652	0.0887864036210809	-0.0019217569962235	0.0007928675761400	
-0.5984780803222519	0.2071514936891019	-0.0020773320896157	0.0000580142525526	-0.6296770121797099	0.1896727977464358	-0.0020749731742112	0.0001149331381844	-0.6618808431291465	0.1669634300492266	-0.0020779555351060	0.0000276059595103	
-0.5756506643200955	-0.0170474976510698	-0.0020779607070149	0.0000272118976942	-0.6099305845882773	-0.0393978518622864	-0.0020780770463288	0.0000159548180914	-0.6463109939401724	-0.0660907970451981	-0.0020779462120760	0.0000283024480864	
-0.1024502788805245	0.2458300539117002	0.0000427953403193	0.0020828915401366	-0.1245324740399105	0.2229156603551122	0.0000524526527297	0.0020826696145572	-0.1416864969538622	0.1968814852392047	0.0000732241197966	0.0020820396642927	
-0.1072468734578871	0.0354233308871189	0.0000486000175174	0.0020827635467101	-0.1289205721288216	0.0114597287966766	0.0000395855830798	0.0020829553318552	-0.1491590332655107	-0.0166838529373981	0.0000699685940323	0.0020821521714343	
-0.1537295307511115	0.1395837385279213	-0.0000237509968020	0.0020831972647481	-0.1760540508941376	0.1166439794289627	-0.0000451920298876	0.0020828406645373	-0.1952783222152469	0.0906259253704991	-0.0000117250141888	0.0020833001736622	
-0.4901817444420751	0.1327682952903708	-0.0019224922072765	0.0007910742755596	-0.5174430840604164	0.1125229426599326	-0.0019020750169142	0.0008392117427385	-0.5477172583614343	0.0893591130684934	-0.0019317547577690	0.0007680622555599	
0.1902610115770019	-0.3677083895466487	-0.0000469525989239	0.0020828015255230	0.1750585957173115	-0.4021055553915799	-0.0000252259724153	0.0020831798391804	0.1558708655112362	-0.4406252973274531	-0.0000395520582225	0.0020829559718977	
-0.1534622947862090	0.1020801123333883	0.0000322806656715	0.0020830819762270	-0.1759829653990757	0.0781533829591465	0.0000772172462904	0.0020818946718967	-0.1956709480124906	0.0521019910502462	0.0000849591689439	0.0020815915982669	
0.2555994290536223	0.0687474318448571	-0.0000961896994711	0.0020811004299106	0.2380810829591438	0.0448361297227838	-0.0003217007523739	0.0020582196918717	0.2203442931865409	0.0135594673185798	-0.0002151728305317	0.0020721357688802	
-0.1082788951904478	-0.0124963756903378	0.0001237895143394	0.0020796339146408	-0.1300654900027360	-0.0374947831149249	0.0001525041803003	0.0020777160103787	-0.1507912056869938	-0.0656205370754303	0.0001571172294473	0.0020773705424366	
0.2829682290629952	-0.4156843581147935	0.0000315680959036	-0.0020830929513939	0.2697663762924837	-0.4499374371388651	-0.0000167846610172	-0.0020832653797698	0.2519441552306414	-0.4907010992146625	-0.0000883347980195	-0.0020814503782903	
-0.3999645957835725	0.1961002993492437	-0.0020098598872539	0.0005296395759843	-0.4250626073582528	0.1778359352892448	-0.0020028083589085	0.0005558373668558	-0.4508427164145185	0.1534996350874294	-0.0020010643703098	0.0005621146181764	
-0.4735754062652328	0.1255199812254704	-0.0019364584824460	0.0007560645009342	-0.5007082393620239	0.1055127654686582	-0.0019638693957348	0.0006813125232685	-0.5310575208197917	0.0820980828241558	-0.0019308241032114	0.0007704105081951	
0.3099901545903745	0.0103717265894596	0.0000148778276251	-0.0020832799427563	0.2926758026931839	-0.0135078877709496	0.0000388864366493	-0.0020829685673569	0.2750739302277679	-0.0447594770234688	0.0000280800219221	-0.0020831431402524	
-0.1037271866027935	0.1927011965985007	0.0000737859572936	0.0020820197295941	-0.1256983176673829	0.1697908957027765	0.0000580052832350	0.0020825216255303	-0.1436436709249413	0.1427194988478555	0.0000900166146953	0.0020813779621343	
0.3100104968621739	0.0072478755655710	0.0000186788916963	-0.0020832491761902	0.2927167789468024	-0.0155948855341162	0.0000357741324107	-0.0020830246235430	0.2751140670277284	-0.0478891079686977	0.0000235554920373	-0.0020831994956794	
-0.3649656804979340	0.0517895156748555	-0.0016200374395891	0.0013048438459528	-0.3906824390807438	0.0302259971158748	-0.0020734261999402	0.0001402113433173	-0.4166985417589573	0.0006378468525469	-0.0017781597502773	-0.0010782377558814	
0.1884619352556237	-0.2895989743351877	0.0000423887958786	0.0020828998949737	0.1727027951315588	-0.3218739297886427	0.0000192585606794	0.0020832438716673	0.1540626828865929	-0.3583364646124986	0.0000235828525232	0.0020831991845750	
0.2815738231670496	-0.2666703304421099	0.0006541250866063	-0.0019774367439839	0.2685744571546337	-0.2968376797214327	0.0001719724178005	-0.0020761876620119	0.2507673528651585	-0.3322418594177221	0.0003441898735491	-0.0020545603020992	
0.1649298785620673	-0.4050857032344077	-0.0004546417082698	-0.0020328659344865	0.1480578291464976	-0.4398987112014224	-0.0007618834889334	-0.0019382738111267	0.1295001699061377	-0.4820488865269272	-0.0005422813742143	-0.0020111530288822	
-0.2956708920948298	-0.3810039396779019	-0.0009134168741786	0.0018713018263360	-0.3242152329557298	-0.4198039122842780	-0.0008473878684489	0.0019022662167194	-0.3608001911883670	-0.4605251401564034	-0.0007757140930796	0.0019327527004191	
-0.4665054790951635	0.1230235019922896	-0.0019802177874745	0.0006319687267799	-0.4935136042455808	0.1032743879435022	-0.0019998397075199	0.0005664778298689	-0.5236060498486111	0.0793960695599930	-0.0019769074696345	0.0006423000798257	
-0.5415822336440165	0.0408808104916618	-0.0017152899840375	-0.0011761498887975	-0.5743309853034205	0.0184685852585612	-0.0018861596561883	-0.0008745680664838	-0.6070063240024277	-0.0081169466731317	-0.0020423239205147	-0.0003851094353503	
-0.1332459806570598	0.0218732007792409	-0.0000560705261698	-0.0020825748809356	-0.1554178600355419	-0.0031220412080572	-0.0000514459469347	-0.0020826948509930	-0.1761093154789712	-0.0302027406714874	-0.0000768495446657	-0.0020819083455062	
0.3078648081161248	-0.0572830876508775	-0.0001093407447815	-0.0020804476748034	0.2908994001586613	-0.0822936622167741	-0.0000168870233650	-0.0020832645483902	0.2733209586962594	-0.1135393347859309	-0.0000367754304553	-0.0020830070990946	
-0.1320669768794718	0.0604175916398177	-0.0000528758995771	-0.0020826588583452	-0.1543108554041278	0.0364563618144701	-0.0000561270162719	-0.0020825733516310	-0.1744041009501910	0.0093716606621420	-0.0000849666447939	-0.0020815912916026	
-0.4540371641956443	0.0077715935615622	0.0020774324342221	-0.0000542831294365	-0.4831833647953954	-0.0137305304251291	0.0020779483909338	-0.0000281412176703	-0.5142978397886671	-0.0412369246703528	0.0020777490785773	-0.0000403033072306	
0.3075683484682592	-0.0729166377408043	0.0000113079416320	-0.0020833024907792	0.2910532143748198	-0.0979212226668276	0.0000227399996812	-0.0020832086024742	0.2734084046805884	-0.1291684009503164	0.0000327317002176	-0.0020830749026527	
-0.5527863122319694	-0.0173427892204426	-0.0020780443061153	0.0000197815503169	-0.5860351551241099	-0.0395556774139144	-0.0020781292064307	0.0000060566313489	-0.6224012416542288	-0.0664185431082556	-0.0020780188836122	0.0000223046230693	
-0.5101820002947557	-0.0176900634917722	-0.0020781366382133	0.0000023748017973	-0.5413643166152968	-0.0397982286013384	-0.0020780673382204	-0.0000171786645066	-0.5756643663614432	-0.0671208980462890	-0.0020781046206460	0.0000118058719788	
0.3866339506786787	0.1219240450117486	0.0007737246116815	-0.0019335539849255	0.3698095285908940	0.0978959138836865	0.0002503851471061	-0.0020681564738790	0.3513762929752593	0.0667195163841210	0.0004401526771688	-0.0020360681510752	
-0.1084840327584804	-0.0156162924160166	0.0001472566805690	0.0020780964100896	-0.1303179276797463	-0.0406067671496186	0.0001676464346134	0.0020765432209433	-0.1510480271072708	-0.0687338747740197	0.0001728276462682	0.0020761162898072	
0.2828669175560483	-0.2989486403532648	0.0000004460806885	-0.0020833332853371	0.2689334317802025	-0.3281339583556239	0.0000231724552865	-0.0020832038131024	0.2515927079876440	-0.3635338648342868	0.0000304231192453	-0.0020831100734185	
-0.1030499563151371	0.2999723576044576	-0.0003005217315204	0.0020614345334373	-0.1243993811220598	0.2770940051867160	-0.0001220827952175	0.0020797353088059	-0.1411360772802959	0.2510548096726811	-0.0001566180293758	0.0020774084266964	
0.5507700223345202	-0.3937929022838981	0.0007868695394413	0.0019282153452205	0.5377719021038530	-0.4236902828241069	0.0007422775769315	0.0019459042764114	0.5242489992504731	-0.4643197998586900	0.0006596944018570	0.0019755764653482	
-0.1054580243407987	0.1177095254209291	0.0000239279783664	0.0020831952292836	-0.1272378025002998	0.0937496510854282	0.0000194820321332	0.0020832417833947	-0.1462404922675453	0.0677049998785807	0.0000455035065463	0.0020828338490823	
0.1890770950283122	-0.2739540508722872	0.0001008250901944	0.0020808799068989	0.1729229001962234	-0.3052421320278337	0.0000613068240803	0.0020824265737295	0.1544116350834340	-0.3416226206463582	0.0000828253978831	0.0020816780222060	
0.3072245666738662	-0.0978561808644009	-0.0000628415905584	-0.0020823805949597	0.2908224093143775	-0.1228956118924259	-0.0000161260619254	-0.0020832706079696	0.2732136746486845	-0.1551973194665067	-0.0000349093778643	-0.0020830393688490	
-0.4592420165916400	0.1209414715629456	-0.0020135608794694	0.0005153182368210	-0.4862091695513886	0.1013783568631052	-0.0020227815766070	0.0004776491094942	-0.5154002317709729	0.0769990541222288	-0.0020110272921571	0.0005251671902221	
0.2560748807530165	0.0626476882170135	-0.0003039543338811	0.0020609286795231	0.2399666838932513	0.0385055336710460	-0.0009148302208094	0.0018706078270157	0.2212932100547884	0.0083207273643152	-0.0005757023067230	0.0020017955426628	
-0.1295849904883044	0.2229163869095796	-0.0000474135359360	-0.0020827910313137	-0.1518014314338575	0.2000008265747080	-0.0000464669532567	-0.0020828124713111	-0.1694654460927369	0.1739599813105779	-0.0000755692708850	-0.0020819554447226	
-0.5440965003109838	0.0391921576691750	-0.0017325928223226	-0.0011503789543612	-0.5765389167268655	0.0175595630405507	-0.0019547007188934	-0.0007073151507568	-0.6097121100661221	-0.0086055760677813	-0.0020446756023584	-0.0003723571376236	
-0.1534185721456406	0.1083509862024790	0.0000009595454728	0.0020833331112525	-0.1758283753497848	0.0843754813467338	0.0000284198328518	0.0020831385089321	-0.1954897824391802	0.0583320830206920	0.0000440674020507	0.0020828648828087	
-0.5434277696770107	-0.0469913274188664	0.0020772239785773	0.0000617823230688	-0.5766800815059062	-0.0698626076856981	0.0020769969037411	0.0000690296817382	-0.6130626753716789	-0.0977058142219361	0.0020769126092371	0.0000715332206067	
-0.4707627630146305	0.1953977841047707	-0.0020620883786005	0.0002584215120881	-0.4976912397558090	0.1772828921430655	-0.0020696947655467	0.0001876070371974	-0.5257546717294170	0.1532200591742106	-0.0020575252371540	0.0002927014979997	
-0.3084665624874166	0.4232157149231356	0.0018769239782476	-0.0008943142187082	-0.3282498262785852	0.4054083828318948	0.0018940264437720	-0.0008573112074216	-0.3480884523616098	0.3802076205581805	0.0018787573519491	-0.0008904369059793	
0.1672105358527050	-0.3635550581454057	0.0002700845508968	-0.0020656637986156	0.1524862004879924	-0.3979478445373378	0.0001111155431358	-0.0020803531679417	0.1330646794303942	-0.4364493605996431	0.0001653840361067	-0.0020767255398903	
0.1675114685677188	-0.3906237858215870	-0.0001791812306642	-0.0020755748924398	0.1514139902968835	-0.4260060243218730	-0.0004036359291476	-0.0020436585297941	0.1325621859592879	-0.4666482859156241	-0.0003246532466759	-0.0020577537242827	
-0.5216265612446167	-0.0471805933267087	0.0020774453206306	-0.0000537852084474	-0.5538301313723135	-0.0699624607491027	0.0020778864910290	-0.0000324108277008	-0.5891462953185608	-0.0978080261096162	0.0020774679221873	-0.0000529005767082	
-0.1537500637715238	0.1427083673052371	-0.0000057079855266	0.0020833254747086	-0.1761123625511879	0.1197785638839035	-0.0000383517449689	0.0020829785303649	-0.1952857152047282	0.0937496419962762	0.0000040754864217	0.0020833293270716	
0.3884631122487940	0.0895907290709746	-0.0000674077415902	-0.0020822370726540	0.3702092333334941	0.0655962949472082	-0.0000569424234539	-0.0020825511051894	0.3523868943117321	0.0333224592712673	-0.0000503095239155	-0.0020827227512372	
-0.4582628685397953	0.1206900827388201	-0.0020166885595023	0.0005028761766733	-0.4852189192587595	0.1011641068736064	-0.0020251083497374	0.0004676355405783	-0.5144232317178665	0.0767467454086527	-0.0020135869738444	0.0005152157540367	
0.2593286067003659	0.0537962661749205	-0.0011449452171199	0.0017386246106330	0.2449755267914523	0.0318831286779195	-0.0015498643087018	0.0013878663453362	0.2253022973780023	0.0008428782613847	-0.0012825793384943	0.0016392170960970	
0.5777106594188366	-0.3124992595360943	0.0001946680801810	0.0020741727028339	0.5639737012548880	-0.3405306272600093	0.0008114123512905	0.0019179655129836	0.5493336858980320	-0.3790730665994301	0.0006138732614890	0.0019903644991429	
-0.1336120863133421	0.0104156436853642	-0.0000850810474893	-0.0020815865953571	-0.1558381831169149	-0.0145837301134507	-0.0001076238833623	-0.0020805376446037	-0.1766433718878788	-0.0416666286457801	-0.0001222612358048	-0.0020797247739844	
-0.1294105046758907	0.2312545037544302	-0.0000414271422685	-0.0020829193402276	-0.1516404448529726	0.2083338613588883	-0.0000336550039615	-0.0020830601162978	-0.1691882598682205	0.1822907452892028	-0.0000664249444721	-0.0020822688144394	
-0.5766894119746335	-0.0170364810037738	-0.0020779704636603	0.0000264525317566	-0.6109695714050052	-0.0393911058684488	-0.0020780814182230	0.0000153718889614	-0.6473493326698143	-0.0660745038299447	-0.0020779612647128	0.0000271690637303	
-0.2863723985025511	-0.3998703120898181	-0.0009159969412929	0.0018700339262357	-0.3151794295826478	-0.4396723536254163	-0.0008496318755224	0.0019012599955135	-0.3521955092841418	-0.4822780934468952	-0.0007032402346707	0.0019604221803127	
-0.1535025172835438	0.0999905990093220	0.0000472269144985	0.0020827952925042	-0.1760640490488545	0.0760866426543982	0.0000906227415707	0.0020813515279149	-0.1957577525364348	0.0500331691661136	0.0000995632148677	0.0020809409693451	
0.1880725880162615	-0.3166666408985465	0.0000396813379883	0.0020829535007554	0.1724312648975043	-0.3489589686720718	0.0000150651063642	0.0020832785901416	0.1537004694954041	-0.3864593786349133	0.0000402102400627	0.0020829433069456	
-0.1078320700812222	-0.0010452931248351	0.0000496596960377	0.0020827384248933	-0.1294416137027985	-0.0260471199393671	0.0000651985733471	0.0020823077685524	-0.1501309323363652	-0.0541540755075158	0.0000788220438636	0.0020818342296579	
-0.1286859259997880	0.2656285481669158	-0.0000023883533066	-0.0020833319574637	-0.1509172708365922	0.2427056544685381	-0.0000418450643875	-0.0020829109444173	-0.1679712654778184	0.2166665179231601	-0.0000572862635538	-0.0020825416280822	
-0.5102515197766816	0.0087160666205077	0.0020775244492725	-0.0000506204068736	-0.5412860398158394	-0.0128503727943697	0.0020780262788182	0.0000216011002961	-0.5745749052331048	-0.0398571484105495	0.0020781300394119	0.0000057622361407	
-0.5350980648022691	0.0447521333222434	-0.0019035511191586	-0.0008358413326066	-0.5685073983667913	0.0220258306985309	-0.0016579104316459	-0.0012561250989658	-0.5991619452068521	-0.0056143504577197	-0.0018271556623388	-0.0009925052184637	
-0.1315616272765029	0.0802013192664988	-0.0000653770315312	-0.0020823021452304	-0.1538049135938826	0.0562503585949534	-0.0000559004249216	-0.0020825794766235	-0.1736305656038412	0.0291698398454888	-0.0000864430571339	-0.0020815301984209	
-0.4312141331087867	0.0072644301337133	0.0020772199111911	-0.0000619196072813	-0.4592717699526566	-0.0139747388535188	0.0020780052804473	-0.0000235438807572	-0.4904389831938081	-0.0415720022249871	0.0020779472008240	-0.0000282293971735	
-0.3117774909036791	0.4248683207329013	0.0018906173061404	-0.0008648407196112	-0.3312672773394476	0.4066664504540969	0.0018815462749818	-0.0008844988324485	-0.3514336801654693	0.3817895344457097	0.0018779449171940	-0.0008921576309548	
-0.1544277342005900	0.0770070423813436	0.0000642165862012	0.0020823384362805	-0.1769548665412471	0.0531857689211821	0.0000322979254312	0.0020830817073487	-0.1970488030794412	0.0259601321338589	0.0000766139609500	0.0020819170717357	
-0.5453617763959857	0.0383898788860753	-0.0017648581078999	-0.0010999820675933	-0.5780650774454898	0.0170164312845083	-0.0019912115946544	-0.0005962422026708	-0.6097121100661221	-0.0086055760677813	-0.0020446756023584	-0.0003723571376236	
-0.1024134722695311	0.2927169773104988	-0.0001049843951972	0.0020806731788152	-0.1240982589048909	0.2697975423190809	-0.0000581191438610	0.0020825184351186	-0.1408208985071016	0.2437434794208457	-0.0000499760168919	0.0020827308207956	
-0.1026556141807086	0.2364585443510167	0.0000442867392367	0.0020828602074241	-0.1247378611638242	0.2135418048099777	0.0000401372249760	0.0020829447222373	-0.1420120020098480	0.1874955430612434	0.0000691544791994	0.0020821795057547	
-0.1546258959992024	0.0510065672972219	0.0000456564883538	0.0020828304845201	-0.1771613416210048	0.0269828676021465	0.0000811740385653	0.0020817433957948	-0.1976700159953520	0.0000498329345740	0.0001054419146369	0.0020806499275325	
0.2602200969243023	0.0525304213723479	-0.0012302667495217	0.0016790307506706	0.2460666444524020	0.0308617927608089	-0.0017122945488060	0.0011805283004205	0.2262484359894649	-0.0003648287345206	-0.0013950189983903	0.0015441687792761	
-0.1534255335097919	0.1052162621923669	0.0000133957847505	0.0020832900499863	-0.1758902403848516	0.0812609809982733	0.0000528839820679	0.0020826586520986	-0.1955679058066357	0.0552133752131291	0.0000625537611546	0.0020823893044822	
-0.2787843210722764	0.4119822614032315	0.0019319875231506	-0.0007674736351313	-0.2980489529767659	0.3939868125434085	0.0018247637906179	-0.0009969178806460	-0.3179362982167551	0.3687794791055582	0.0018939438100922	-0.0008574946573114	
-0.1302491753768513	0.1562528720004721	-0.0000034220147615	-0.0020833305088172	-0.1524365012803036	0.1333299263512155	-0.0000285818059650	-0.0020831362817736	-0.1711626174099360	0.1062419292796290	-0.0000541029732804	-0.0020826271850974	
0.2554620021031661	0.0749764887870185	-0.0000247966854992	0.0020831850191342	0.2375265365487962	0.0509440312598241	-0.0000985647469816	0.0020809887391970	0.2199720446372202	0.0207716752950572	-0.0000601420177843	0.0020824607097269	
-0.1303799449434826	0.1687750214414737	0.0000388435106343	-0.0020829693722995	-0.1524027394495606	0.1458196384019130	0.0000170861010207	-0.0020832629170200	-0.1709854445557403	0.1197598206679382	-0.0000050440567920	-0.0020833271965530	
0.1679255234970809	-0.3781532355649002	-0.0000033416584772	-0.0020833306399113	0.1526509153279256	-0.4135469133112639	-0.0000520200522652	-0.0020826805190902	0.1334448864625742	-0.4531011002998364	-0.0000305370601682	-0.0020831083978866	
-0.3471613495608205	-0.3229347714764468	0.0004964586136376	-0.0020230108073124	-0.3753515917428645	-0.3584031070431387	0.0007031733347419	-0.0019604462974187	-0.4102618776780271	-0.3947595037384798	0.0005329208442643	-0.0020136661474450	
0.2565354846595979	0.0603708784239089	-0.0004698090420248	0.0020293970187290	0.2410990313884624	0.0364863728748144	-0.0011200836885050	0.0017548246436624	0.2220861681290024	0.0060947450456521	-0.0008259995055272	0.0019116974013978	
-0.5309657447599303	-0.0469170111370263	0.0020777166081374	-0.0000419518994174	-0.5631742703472605	-0.0697624688096656	0.0020778151177560	-0.0000367226450821	-0.5995309860024435	-0.0975514549125532	0.0020779003767328	-0.0000315034416532	
-0.3083670680122756	-0.3550955935322056	-0.0009092108616159	0.0018733592549991	-0.3364975847030705	-0.3926335356145783	-0.0008505925583830	0.0019008282449965	-0.3727070234691705	-0.4311236612670250	-0.0007714340514810	0.0019344735744057	
0.3073919525929772	-0.0926809511976679	-0.0000599165792559	-0.0020824672407719	0.2908852733264071	-0.1176987722987643	-0.0000317002003068	-0.0020830909351932	0.2733091500192820	-0.1500057445715678	-0.0000458172854502	-0.0020828269358959	
-0.4602143701594571	0.1211964096440899	-0.0020093733513867	0.0005314916474465	-0.4874134649439320	0.1016862828486156	-0.0020201434607061	0.0004887410068864	-0.5163690765182483	0.0772599334198543	-0.0020075727743023	0.0005382865424284	
-0.1299742110107756	0.2083371940907617	-0.0000661508479217	-0.0020822775838187	-0.1522130715215070	0.1854460565877493	-0.0000647353444378	-0.0020823222933644	-0.1700707148038284	0.1593541162458231	-0.0000942862395263	-0.0020811879727158	
-0.4572358555966249	0.0078644223660934	0.0020773412419437	-0.0000576839510077	-0.4862983276316128	-0.0136884014107877	0.0020779387454541	-0.0000288481253287	-0.5185428813067242	-0.0411385940003848	0.0020771900751324	-0.0000629174818044	
0.5550589575714382	-0.3834394894454992	0.0007477525687011	0.0019437964681704	0.5419554415274639	-0.4122324801207743	0.0007441069575589	0.0019452019630553	0.5282400057006804	-0.4523082336306744	0.0007001729746395	0.0019615252505070	
-0.4665651777247320	0.0081018299788474	0.0020775710783460	-0.0000486590935527	-0.4956334166680499	-0.0135076537140678	0.0020772116701606	-0.0000621968324034	-0.5278497641588797	-0.0406965272932407	0.0020749019481096	-0.0001162182663111	
-0.2857500737747301	-0.4010434713713769	-0.0009085365212427	0.0018736880250731	-0.3143475655577151	-0.4415498392346793	-0.0008381618910076	0.0019063697056819	-0.3518640022706633	-0.4832308698976475	-0.0006888837432540	0.0019655383985042	
-0.1307364224686410	0.1104131030265182	-0.0000276195886469	-0.0020831493266505	-0.1529237173273958	0.0864612694596960	-0.0000364785125885	-0.0020830123461398	-0.1723413429657185	0.0604123737739085	-0.0000604747500445	-0.0020824510254866	
-0.1301733510551111	0.2021031832700089	-0.0000690721928138	-0.0020821822507408	-0.1523989076304513	0.1791367287372057	-0.0000569370271553	-0.0020825512534701	-0.1703533257598607	0.1531203016737403	-0.0000907163677734	-0.0020813474288702	
0.2829412399288290	-0.2916663235579520	-0.0000376642561753	-0.0020829911377001	0.2688480730623201	-0.3208495831261596	0.0000315123030254	-0.0020830938003852	0.2514732839116207	-0.3562490721988809	0.0000270204725234	-0.0020831572232430	
0.5569795691277653	-0.3781425790701798	0.0006678997956592	0.0019728036906869	0.5437470013694694	-0.4074646237165133	0.0007267036641518	0.0019518032100073	0.5298367414197565	-0.4478724500090611	0.0006645828818120	0.0019739291422202	
-0.1021230830715066	0.2687617852685714	0.0000182311161876	0.0020832531627805	-0.1240970434800656	0.2458497516431553	0.0000253964389737	0.0020831777575950	-0.1410124573179317	0.2197752727724968	0.0000539650280347	0.0020826307820169	
-0.1327335764134282	0.0385419160323562	-0.0000688155787077	-0.0020821907901026	-0.1549607311318153	0.0145827962111187	-0.0000636971762025	-0.0020823544692276	-0.1754559947093819	-0.0135434793215986	-0.0000947460932856	-0.0020811669840185	
0.1880056507593777	-0.3197925526477933	0.0000400101549172	0.0020829471791704	0.1724278588261065	-0.3520839503909146	-0.0000159918712284	0.0020832716475617	0.1536380999211056	-0.3906256700620755	0.0000215024046944	0.0020832218100129	
0.1666736017068653	-0.3969258914198093	-0.0003925206669041	-0.0020458333212919	0.1501914423111085	-0.4321163025931148	-0.0004083047110164	-0.0020427262261742	0.1313472011276312	-0.4730271275679230	-0.0004238347172552	-0.0020395447060962	
-0.1290945064825822	0.2458307782395072	-0.0000503801020592	-0.0020827210366387	-0.1513977058608084	0.2229210780463843	-0.0000404249486461	-0.0020829391302217	-0.1687096517400067	0.1968765624563342	-0.0000742809038716	-0.0020820020418696	
-0.3057258772325370	-0.4116090145832950	0.0008609723114403	-0.0018961259075144	-0.3344767599183350	-0.4520251589419750	0.0007612306722201	-0.0019385315728836	-0.3718183231341985	-0.4958019550422627	0.0003573962547151	-0.0020522929216253	
-0.1318186447135115	0.0708315817475971	-0.0000511854647759	-0.0020827013011567	-0.1540439222207839	0.0468779291527016	-0.0000504812723601	-0.0020827185746512	-0.1739952509150516	0.0198034719220964	-0.0000790148822070	-0.0020818268829056	
-0.1055168479170921	0.1124982402840942	0.0000247908775868	0.0020831850886052	-0.1272955495125672	0.0885391036415544	0.0000249710026237	0.0020831829264742	-0.1463554101912561	0.0624977886427642	0.0000470212299378	0.0020827999694915	
-0.3482125246829486	0.1870623149400034	-0.0019884309655464	0.0006054965506918	-0.3710937468696756	0.1682845379902897	-0.0019801445271455	0.0006321993843513	-0.3959815004951099	0.1434283206438105	-0.0019828481698014	0.0006236248118283	
-0.1026116431935924	0.2958491096961250	-0.0001553890787377	0.0020775011750290	-0.1242048326864068	0.2729168724796558	-0.0000815988057869	0.0020817267061821	-0.1409145854140902	0.2468803524597441	-0.0000799043092365	0.0020817927648413	
-0.4778648569683322	0.1272863271475080	-0.0019063518980059	0.0008294013608272	-0.5050562099237559	0.1071460079647437	-0.0019354869117088	0.0007585606312418	-0.5349299832871812	0.0836884969301495	-0.0019066184371629	0.0008287853905336	
-0.1055833871132720	0.1072881736469417	0.0000321885024082	0.0020830834095438	-0.1273676007327815	0.0833274708528537	0.0000337551177686	0.0020830584882910	-0.1465165907264886	0.0562501855723369	0.0000588702257314	0.0020824972326805	
0.5415180073294263	-0.4136419890454384	0.0010723349441770	0.0017845500405489	0.5279777764721372	-0.4427863846202056	0.0011080439651561	0.0017624896789503	0.5151939938769783	-0.4842847248204780	0.0009697115054027	0.0018426149339787	
0.5754431337677968	-0.2959174986328608	-0.0001823170933857	0.0020753004240055	0.5647637784275594	-0.3230805886282765	-0.0004928998116367	0.0020238851953374	0.5480434849636866	-0.3591625455940203	-0.0004959501209058	0.0020231361509914	
-0.3145214835071382	-0.3425624275020135	-0.0009191579329074	0.0018684744941536	-0.3425990630391053	-0.3790437426855164	-0.0008540405815150	0.0018992738027127	-0.3784279699381585	-0.4167461235854847	-0.0007774370261829	0.0019320568389406	
-0.4011993529289160	0.1964470560812312	-0.0020145586667065	0.0005113839631591	-0.4260277891265387	0.1780924403894236	-0.0020036943127332	0.0005526190658681	-0.4520820972096168	0.1538673041456042	-0.0020062863818894	0.0005430853054405	
-0.1291675249596348	0.2427050643749919	-0.0000472274399392	-0.0020827952805302	-0.1514576899281316	0.2197953684051247	-0.0000358853066434	-0.0020830227016814	-0.1688223791423959	0.1937519556372629	-0.0000705946212912	-0.0020821309344209	
-0.3917053218859657	0.1938474074479798	-0.0020075146282074	0.0005385044402605	-0.4155746944648019	0.1753028830893477	-0.0020211062065488	0.0004847242491329	-0.4416472876617983	0.1508666941032805	-0.0020001544422911	0.0005653599666891	
-0.1038649347953440	0.1885402030105383	0.0000681704722811	0.0020822121168064	-0.1258104216104349	0.1656268457690007	0.0000517684083036	0.0020826868206932	-0.1438172790565067	0.1385586249354842	0.0000838519498706	0.0020816367186876	
-0.1305571663304799	0.1322834348565803	-0.0000176503609090	-0.0020832581892109	-0.1527342288438303	0.1093748003599448	-0.0000100978614554	-0.0020833087386416	-0.1718248556770984	0.0823077545412604	-0.0000454787764794	-0.0020828343919153	
-0.5818749453482540	0.2062848261635000	-0.0020767227383201	0.0000768739514043	-0.6130233009277279	0.1888301946081641	-0.0020777255227578	0.0000415058095126	-0.6442730490794673	0.1662037445314778	-0.0020767000464009	0.0000774875820604	
0.1885627303873565	-0.2854482763861336	0.0000647941557275	0.0020823204550474	0.1727582550416902	-0.3166721161184959	0.0000216235005543	0.0020832205503019	0.1541083983551378	-0.3541764697090161	0.0000257316609657	0.0020831736232661	
0.1885915470675716	-0.3448841311934590	-0.0000963007577985	0.0020810952680461	0.1736372825542906	-0.3781015526789493	-0.0002269319268835	0.0020708746620639	0.1541828330604404	-0.4165762850654565	-0.0001733381657574	0.0020760735149996	
-0.4954402434263395	0.1347801383856633	-0.0019608536044962	0.0006899870682141	-0.5234967280141797	0.1149617944361930	-0.0019503387823868	0.0007193146258641	-0.5538800962089695	0.0915482316391620	-0.0019750598579377	0.0006479873823961	
0.2831476911232819	-0.3958478756248646	0.0000099690143316	-0.0020833093622896	0.2696510667731360	-0.4301809286578605	-0.0000368104241946	-0.0020830064778927	0.2521506109654126	-0.4697820819186989	-0.0000400267025712	-0.0020829468596585	
-0.1063332536411331	0.0718809661903664	0.0000238190204015	0.0020831964841969	-0.1280283016674745	0.0479217326083514	0.0000284330738023	0.0020831383273419	-0.1476960425780427	0.0208380684795192	0.0000534633726052	0.0020826437852023	
-0.4977194966287650	0.0085370370902094	0.0020780946842646	0.0000134492728633	-0.5278857397978508	-0.0130309023681315	0.0020781187714942	-0.0000089593576052	-0.5610419394551817	-0.0399157605083906	0.0020770777426984	-0.0000665402490516	
0.1902820718644388	-0.3687513595055047	-0.0000390888666044	0.0020829647594326	0.1750682278082010	-0.4031501285758640	-0.0000182993674156	0.0020832525613816	0.1559023705512784	-0.4427099276948167	-0.0000287948121420	0.0020831333336307	
0.2821441842613652	-0.2688389741114032	0.0004724203859430	-0.0020287876815321	0.2686812005430737	-0.2979387556059510	0.0001280589043401	-0.0020793740877696	0.2508962211626314	-0.3332761495092308	0.0002845316755924	-0.0020637136928365	
-0.1033046899020232	0.2052262238315662	0.0000635011629230	0.0020823604858175	-0.1253224431570288	0.1822756344537427	0.0000607163972862	0.0020824439587738	-0.1430548710684220	0.1562317289001842	0.0000906940473245	0.0020813484064658	
-0.1020808121076985	0.2760517753243547	0.0000044769653405	0.0020833284988733	-0.1240105732236870	0.2531397433977612	0.0000193007735681	0.0020832434790465	-0.1408503381952267	0.2270583186891406	0.0000425780588501	0.0020828960153825	
-0.1034589936003693	0.3021848125349532	-0.0004400773938882	0.0020360845056573	-0.1245353957170949	0.2791766813727913	-0.0001558840824599	0.0020774639057042	-0.1413220498065693	0.2531239688592989	-0.0002292423180764	0.0020706189047549	
-0.1550202615819573	0.0406666720409800	0.0001041647521308	0.0020807145798737	-0.1777161285681632	0.0166758949152833	0.0001327433022849	0.0020790788295360	-0.1983417092086091	-0.0104465493286240	0.0001538626326320	0.0020776153521641	
0.5547471690834156	-0.3843107477383786	0.0007639750692982	0.0019374462402540	0.5414031047070185	-0.4135718155701546	0.0007371415874589	0.0019478654401949	0.5276662480462404	-0.4540610586784419	0.0006918836093739	0.0019644791529359	
0.1895901115440844	-0.3927974636083115	0.0001931038476041	0.0020743196482899	0.1737472484792570	-0.4281744324002579	0.0002805840951096	0.0020642568188408	0.1549257496477002	-0.4677308649657246	0.0002309238735746	0.0020704311096793	
0.2837907044865157	-0.3490017653662695	-0.0005941905726225	-0.0019963586407159	0.2683865079015060	-0.3781729985686527	-0.0002295224056109	-0.0020705877211974	0.2512165860879494	-0.4145299297765964	-0.0003435907372161	-0.0020546610845252	
-0.2867741680326898	-0.3989554297520508	-0.0009193640777713	0.0018683725635040	-0.3157128926394290	-0.4384956723854620	-0.0008570028350653	0.0018979323114470	-0.3525466000907606	-0.4813361133228175	-0.0007169912169893	0.0019554098745619	
0.1677367861712356	-0.3697402385996281	0.0001077063100408	-0.0020805333577727	0.1526798967338738	-0.4041720132928828	0.0000312201838306	-0.0020830982209939	0.1334257195053231	-0.4437122916488876	0.0000440186772090	-0.0020828659182733	
-0.1304008316517939	0.1437565110196194	-0.0000365307421285	-0.0020830114262387	-0.1526372567910103	0.1208311899073974	-0.0000289531498694	-0.0020831311279482	-0.1715382371287804	0.0937532341448342	-0.0000622895921608	-0.0020823972628367	
0.1901242640259376	-0.3854137787356909	0.0000893412393223	0.0020814072070506	0.1746320750413202	-0.4198034059783243	0.0001580313827691	0.0020773008530690	0.1555820951831309	-0.4603768415535880	0.0001262090769229	0.0020794877502573	
0.5758883348748904	-0.2988564990392426	-0.0004852823668412	0.0020257343941061	0.5655077492007996	-0.3270304418948375	-0.0002983147305660	0.0020617566744683	0.5493199529404507	-0.3636601080954183	-0.0005007947392793	0.0020219364140750	
0.2561599212144121	0.0623292491132418	-0.0003288517706638	0.0020570835902746	0.2399666838932513	0.0385055336710460	-0.0009148302208094	0.0018706078270157	0.2212932100547884	0.0083207273643152	-0.0005757023067230	0.0020017955426628	
0.1669334575720313	-0.3615253329575153	0.0003496843420781	-0.0020536276387756	0.1523654168335000	-0.3958844525719252	0.0001495120839856	-0.0020779345527451	0.1328762398086002	-0.4343943298836936	0.0002140618210347	-0.0020722514123162	
-0.1309810890338787	0.0979175328024558	-0.0000561087599922	-0.0020825738460350	-0.1532410683530254	0.0739669001586087	-0.0000674048591386	-0.0020822371664320	-0.1727911842063670	0.0479253720325115	-0.0000892399742354	-0.0020814115729806	
-0.1305496336839718	0.1874561153488363	-0.0000253720975679	-0.0020831780556886	-0.1526087119812544	0.1645678601731035	0.0000008142283289	-0.0020833331734245	-0.1708592878029937	0.1385984728733134	-0.0000469153732275	-0.0020828023685686	
-0.4790091746573030	0.0084798155174657	0.0020772281457953	-0.0000616413519098	-0.5091451563919365	-0.0130341097780713	0.0020776937720661	-0.0000430735437564	-0.5413516406597868	-0.0402015370219527	0.0020779363168520	-0.0000290234014189	
-0.2995322378584311	-0.3730670537081424	-0.0009191589046704	0.0018684740137210	-0.3280499913884866	-0.4113089973807322	-0.0008533751372070	0.0018995743880653	-0.3643034067736107	-0.4518944111967680	-0.0007835381646970	0.0019295782505221	
0.2829326606452179	-0.4104523797799819	-0.0000048475966870	-0.0020833276652849	0.2697947886712317	-0.4447229275509894	0.0000155710158278	-0.0020832748516328	0.2521034211590808	-0.4853437910632206	-0.0000087709392939	-0.0020833147777698	
0.5713804344614537	-0.3269919175351427	0.0011745123028613	0.0017186892129506	0.5571915062209141	-0.3564466638096392	-0.0000651832046701	0.0020823082521088	0.5421995979413023	-0.3935825659108527	0.0001509135143600	0.0020778327344072	
