-0.0091394585336038	0.0812581103354880	0.0000369040727281	-0.0020830048125554	0.0549234669782027	0.1010339764756148	0.0000501035339743	-0.0020827277417249	0.0927067121896812	0.1291777874923331	0.0000482921148375	-0.0020827707445143	
-0.5248409757664988	-0.1031194527313433	0.0000811033946658	0.0020817461630173	-0.4393307119244828	-0.0812563169611188	0.0000482263709754	0.0020827722754708	-0.3877721299681250	-0.0520787364813730	0.0000259085885117	0.0020831714193385	
-0.5553681352583103	0.0114940779032464	-0.0001127526751002	-0.0020802646386336	-0.4687965697420364	0.0291761416543180	-0.0000834910742525	-0.0020816512966713	-0.4176812313274122	0.0541658631264615	-0.0000410206001526	-0.0020829274265264	
-0.5529833313330661	0.0552192080871897	-0.0001113347399563	-0.0020803413899799	-0.4671679254149632	0.0708173303145696	-0.0000725451827322	-0.0020820635502621	-0.4166578981000107	0.0958331182375201	-0.0000428723258751	-0.0020828899490329	
0.4153996938535407	-0.4552045893276849	-0.0003253201118137	0.0020576478744659	0.4845996688282690	-0.4364226872975176	-0.0012709539829042	0.0016482921571157	0.5200196795104988	-0.4010053671766056	-0.0011681968689903	0.0017230095484822	
-0.5503147194214050	0.1124880139334222	-0.0001012980159334	-0.0020808568233236	-0.4653217346929990	0.1260383091086357	-0.0000734858859088	-0.0020820303954846	-0.4158127556399531	0.1500001938337600	-0.0000386625820899	-0.0020829727552719	
-0.5126989990237322	0.1646063040052279	0.0000927142587740	0.0020812589484743	-0.4307339242841471	0.1770627776266047	0.0000716571158707	0.0020820944574441	-0.3832602442877295	0.1999956476601980	0.0000427173299548	0.0020828931495022	
-0.4958809153550455	-0.1249893316300943	-0.0000713829495920	-0.0020821039221928	-0.4114272252440938	-0.1020837919738101	-0.0000515203568243	-0.0020826930024094	-0.3603158951045589	-0.0729179556407519	-0.0000111086985302	-0.0020833035680878	
-0.0071212452604286	0.0208453706481204	0.0000367394270702	-0.0020830077376027	0.0570946927101823	0.0406220907669007	0.0000559952706795	-0.0020825769158643	0.0948799361933190	0.0698110847445466	0.0000611798307801	-0.0020824303272454	
-0.5569646545558510	-0.0249991758002150	-0.0001029574272422	-0.0020807749706643	-0.4698962183779929	-0.0062457546504271	-0.0000659702828213	-0.0020822833409435	-0.4180823346733475	0.0208346308201406	-0.0000364530799892	-0.0020830127935989	
0.5091749742325042	-0.4239200902538831	0.0015163058414444	-0.0014246347202210	0.5796901977374080	-0.4084770958155406	0.0016410224153825	-0.0012782181371679	0.6151663340057414	-0.3739081619496850	0.0017122441016638	-0.0011806018343000	
-0.5184323121550798	0.0416640172951802	0.0001095514061275	0.0020804365370352	-0.4348181562508806	0.0583411953024257	0.0000872483836342	0.0020814964300599	-0.3854620658555644	0.0833331787777434	0.0000662805845184	0.0020822734375815	
0.4769619517994679	-0.1166659536928723	0.0002167041297603	-0.0020719753862001	0.5520822417278752	-0.0968673616490687	0.0002117626983538	-0.0020724888033208	0.5939571924207296	-0.0656257665151024	0.0001783304962915	-0.0020756485261912	
-0.4923561481553975	-0.0239601474908863	-0.0001023973104504	-0.0020808027482229	-0.4093213092456141	-0.0052098186880226	-0.0000725528756393	-0.0020820632808625	-0.3598599785992242	0.0218755459506216	-0.0000416089597516	-0.0020829156979815	
-0.5151207522509301	0.1114467371185717	0.0000815413384141	0.0020817289692469	-0.4323855208149670	0.1260454135604406	0.0000509447436215	0.0020827072328629	-0.3841235985821628	0.1489527344748877	0.0000232157566648	0.0020832033285771	
-0.2342100316677266	0.4142427030984092	-0.0014868212656466	0.0014555319639001	-0.1704791406183843	0.4281112757778514	-0.0005209312362997	0.0020168167695658	-0.1315697772645252	0.4542545559826042	-0.0005709317779028	0.0020031681981337	
0.0195219536220734	0.0166648198577434	-0.0000504481484165	0.0020827193812692	0.0836771497002263	0.0364535451976296	-0.0000552518604639	0.0020825968709217	0.1214107536823393	0.0656235276054200	-0.0000565237486961	0.0020825625678409	
0.5244630388027247	-0.4791890981922169	0.0000991347440054	-0.0020809615278516	0.6000022708553971	-0.4614270335225832	0.0001166802169218	-0.0020800469581965	0.6357431986929092	-0.4250069114214892	0.0000940151832224	-0.0020812002963639	
0.4937536249137380	-0.2854250257662669	0.0002201784790253	-0.0020716072309556	0.5688014761394591	-0.2687735759869207	0.0002317925598087	-0.0020703335509629	0.6083580233676524	-0.2375341316836041	0.0002066811841106	-0.0020730042965154	
0.0242081664384668	-0.1416541249883516	-0.0000678323328465	0.0020822232151030	0.0887029259542799	-0.1197751095003767	-0.0000806659372303	0.0020817632451152	0.1264012093407223	-0.0895991921786743	-0.0000790544376687	0.0020818253737002	
0.0226951047867501	-0.0885416498168911	-0.0000390285985050	0.0020829658952078	0.0871969738525272	-0.0677088824711792	-0.0000484073277542	0.0020827680565548	0.1248182005949220	-0.0374993906518692	-0.0000439944861243	0.0020828664319388	
-0.5146463206792041	0.1229299668996390	0.0000913163450340	0.0020813210606286	-0.4321184840472040	0.1364549138073210	0.0000598180462277	0.0020824700876042	-0.3839929378889269	0.1604117273546056	0.0000262740597780	0.0020831668189598	
-0.5654346606583196	-0.2052414024212344	0.0002174097231036	-0.0020719010979583	-0.4758565475475878	-0.1781220125523963	0.0000423485494806	-0.0020829007177318	-0.4208406126569418	-0.1458357014707871	0.0001451872504825	-0.0020782427460816	
0.4943797095429900	-0.2916597305186818	0.0001951269384437	-0.0020741293703853	0.5695351537757332	-0.2750047970622895	0.0002188785741199	-0.0020717456670629	0.6090332962004137	-0.2437574942674370	0.0002000767499416	-0.0020736553880019	
-0.5518116334999728	0.0833370747549522	-0.0000853091431826	-0.0020815772131085	-0.4663421260949711	0.0979077465760621	-0.0000739134537579	-0.0020820151846212	-0.4163679622137389	0.1218673039561584	-0.0000302862458968	-0.0020831120778947	
0.5168967966301088	-0.4329591440164806	0.0011001453299526	-0.0017674554782307	0.5878864586006716	-0.4158774112953511	0.0014509949220702	-0.0014914259699766	0.6236325061563157	-0.3810335488388781	0.0014864541145262	-0.0014559087898463	
-0.3675806460703565	-0.0234819262572231	-0.0019391748502712	0.0007490348322070	-0.2953287107977396	-0.0077282103316914	-0.0019438836169851	0.0007366662928631	-0.2514768247831197	0.0207881533858776	-0.0019465027339407	0.0007296826979019	
-0.4949418794188966	-0.0947933037492407	-0.0000571372208416	-0.0020825457430890	-0.4109556689403296	-0.0729156414199451	-0.0000437859673298	-0.0020828708478457	-0.3603158850956446	-0.0447857711847853	-0.0000023950914074	-0.0020833319496894	
-0.0071626002864577	0.0229244200087614	0.0000474999876517	-0.0020827890516337	0.0570321047670436	0.0427033261606933	0.0000705082505280	-0.0020821338756783	0.0948125956211302	0.0718875156973466	0.0000748440362449	-0.0020819817734210	
-0.0040165153413553	-0.1156155896787324	0.0000340249603665	-0.0020830540761403	0.0604676034930253	-0.0947794791890565	0.0000242157777784	-0.0020831918870329	0.0981414456493169	-0.0645566149430503	0.0000149906684815	-0.0020832791297930	
-0.2763795196218454	0.0448492200958630	-0.0020354184647942	0.0004202486359483	-0.2087512170173350	0.0588075928397748	-0.0020441838499165	0.0003750608092825	-0.1673022796997139	0.0863991748380716	-0.0020472501717700	0.0003578577237237	
-0.0099451865700700	0.1177315420602519	0.0000364765889107	-0.0020830123799958	0.0540095828561852	0.1374988398294799	0.0000490293159381	-0.0020827534346540	0.0917741025662410	0.1656438696578526	0.0000506128798754	-0.0020827153645758	
0.4115869310867801	-0.0270681371657502	-0.0001713589368332	0.0020762386398472	0.4839455316005996	-0.0062772026181445	-0.0001587679956494	0.0020772444024254	0.5251826012520202	0.0250406459742512	-0.0001366457999240	0.0020788247223052	
-0.0043722931689912	-0.0948018169688999	0.0000457047812192	-0.0020828294200583	0.0600965811556557	-0.0739655290566433	0.0000454323770939	-0.0020828354096002	0.0978022578015747	-0.0437445667251822	0.0000453903488936	-0.0020828363305141	
-0.5506856140393577	0.1052076159486301	-0.0001073378939852	-0.0020805524927688	-0.4655760379928752	0.1187511111829798	-0.0000698701107521	-0.0020821554950887	-0.4159506374749578	0.1427086658742594	-0.0000395655808179	-0.0020829557137953	
0.0242375308769429	-0.1426944638459987	-0.0000659505409088	0.0020822839694379	0.0887832416969643	-0.1218547218771230	-0.0000805766296452	0.0020817667210780	0.1264350284170503	-0.0906395911482661	-0.0000783998625024	0.0020818502511538	
-0.1954572770461150	0.4187602889547402	-0.0001699007506333	-0.0020763590732271	-0.1307675281934541	0.4333965861377769	0.0009801231952370	-0.0018370702459454	-0.0927592955818625	0.4613133128152950	0.0011422700110179	-0.0017403921802102	
-0.0325928286115519	-0.1362990709764464	0.0006999413643470	0.0019616083229583	0.0326194035505318	-0.1157642354755424	0.0004347653753133	0.0020372311013156	0.0699971212668721	-0.0845126318625937	0.0004584905231544	0.0020319970069667	
-0.1537762646106992	0.2614671420796441	0.0018154554196800	-0.0010138537398403	-0.0915973126028590	0.2747393801462751	0.0018637798676973	-0.0009215271537489	-0.0552738644745668	0.3027699596263818	0.0019179050139480	-0.0008021866037839	
-0.5173552800213671	0.0635390061344416	0.0000948371493715	0.0020811628158891	-0.4340050973200653	0.0791613175075725	0.0000766593056778	0.0020819153942118	-0.3849111909864100	0.1041648871913628	0.0000387037968608	0.0020829719860345	
0.0199300148741609	0.0010466159031907	-0.0000574353187351	0.0020825375020015	0.0841259684247652	0.0208323721455627	-0.0000613353492184	0.0020824257295462	0.1218430236227067	0.0500060684956146	-0.0000568591384354	0.0020825533921463	
0.5176750891043531	-0.4342213591733636	0.0010157604731465	-0.0018175101495504	0.5889008469022212	-0.4169334300854748	0.0014054582157238	-0.0015346257107016	0.6246682358326450	-0.3820889386256632	0.0014433717642075	-0.0014988415850433	
-0.1902020696680749	0.2738228217806056	0.0019504833243781	-0.0007189206324066	-0.1279361189656618	0.2860797858562809	0.0019667112351559	-0.0006730235918376	-0.0904848100696538	0.3132792705874097	0.0019747954677153	-0.0006487967161717	
0.0197088924711222	0.0093744520662086	-0.0000523851868929	0.0020826713211118	0.0838813593223101	0.0291626959805961	-0.0000567641489175	0.0020825559964126	0.1216151816826326	0.0583338926286372	-0.0000564305678017	0.0020825651074691	
-0.3657838963231064	0.0434517967470389	-0.0020560139039757	0.0003031867718295	-0.2941017547588219	0.0568073633915748	-0.0020632748356372	0.0002487219497214	-0.2504476624446644	0.0840363220051980	-0.0020667151809931	0.0002181350144659	
0.0233128701492940	-0.1156079359700413	-0.0000638279329831	0.0020823504453528	0.0877732363823843	-0.0947733338918686	-0.0000648153756726	0.0020823197913465	0.1254514934338752	-0.0645938386838288	-0.0000660182772020	0.0020822818122311	
-0.5231546257010504	-0.0635231092451247	0.0001093798924250	0.0020804456066746	-0.4381251950997135	-0.0427170419288570	0.0000773048809019	0.0020818914034102	-0.3872237739719301	-0.0156259589941904	0.0000378904172346	0.0020829870154823	
0.0232786789600342	-0.1145680529869289	-0.0000626760474635	0.0020823856090709	0.0877381824749037	-0.0937338520573662	-0.0000632830295318	0.0020823671595596	0.1254202249079123	-0.0635529244485861	-0.0000645541421745	0.0020823279468600	
-0.5170180859908647	0.0708199169602079	0.0000999001735990	0.0020809247392671	-0.4337291269366628	0.0864678402637137	0.0000826607027891	0.0020816846013093	-0.3847954832158896	0.1104164116561669	0.0000398932030110	0.0020829494335788	
-0.5492451043633111	0.1343565066526757	-0.0000984421020827	-0.0020809945736379	-0.4645922000370039	0.1468789174748222	-0.0000600230116182	-0.0020824641604424	-0.4154424326101440	0.1708309613450060	-0.0000245086908645	-0.0020831884443602	
0.0198729307260653	0.0031281288311679	-0.0000554555164724	0.0020825914308088	0.0840632687622244	0.0229144453106642	-0.0000598110531310	0.0020824702894717	0.1217860372084786	0.0520874920949854	-0.0000558402927665	0.0020825810978931	
0.4826105318177176	-0.1874377065605076	0.0001829578907756	-0.0020752437473275	0.5579398743992328	-0.1687529769875298	0.0000744255879674	-0.0020819968489825	0.5990393102448772	-0.1385689465155491	0.0000699259654091	-0.0020821536106579	
0.5244100862320471	-0.4781518308182997	0.0001008685930463	-0.0020808777880401	0.5999367975433143	-0.4603903323744860	0.0001193632535641	-0.0020798939551086	0.6356984652834823	-0.4239669283660345	0.0000966857197738	-0.0020810773292460	
-0.0073654106878362	0.0291634500110707	0.0000900958917817	-0.0020813745148292	0.0567612059073098	0.0489543555257334	0.0001099602172869	-0.0020804148616501	0.0945328629581788	0.0781246523504994	0.0001115171888509	-0.0020803315688193	
-0.0325644893558062	0.0042212829797716	0.0001176917972954	0.0020799896815274	0.0317721781553669	0.0240409604629929	0.0002198534604192	0.0020716419222206	0.0691585991054668	0.0521809203945260	0.0002698093546574	0.0020656999417863	
0.4946930727499739	-0.2947944545458108	0.0001881800099574	-0.0020747743929705	0.5698797241461218	-0.2781413346654947	0.0002065945601052	-0.0020730129744392	0.6093462786789543	-0.2468987339457751	0.0001862710535468	-0.0020749475104218	
-0.5498541437874290	0.1218820081807162	-0.0001058107746969	-0.0020806311081403	-0.4649650829253291	0.1354303457187389	-0.0000777598594131	-0.0020818743745173	-0.4156502065323888	0.1583334900389623	-0.0000402549312836	-0.0020829424394015	
0.0225505232030678	-0.0812518830627845	-0.0000492418363371	0.0020827483958426	0.0869886538408524	-0.0604229769440006	-0.0000741636766451	0.0020820062418766	0.1246659896394697	-0.0312503723787818	-0.0000630738655497	0.0020823735372971	
0.0243704355619833	-0.1645703808084667	0.0000400703965518	0.0020829460153541	0.0892103096887644	-0.1427140188042698	0.0000205659219641	0.0020832313129373	0.1268204828841654	-0.1124981353613667	0.0000305465505668	0.0020831082580451	
0.4128875909862906	-0.0405404257393873	-0.0002315528915331	0.0020703605042088	0.4850939784129560	-0.0198209824477064	-0.0001962230647785	0.0020740254406646	0.5261410390385866	0.0115212504562391	-0.0001721473666283	0.0020761730908440	
-0.0042428823476768	-0.1010460170863285	0.0000390824637163	-0.0020829648801807	0.0602298168959466	-0.0802100529263528	0.0000427637640327	-0.0020828921919140	0.0979349480436208	-0.0499874842517070	0.0000421752122674	-0.0020829042523333	
-0.0300155497511729	-0.1083531221040503	-0.0000208886150584	0.0020832280862019	0.0342264560257443	-0.0874923211966250	-0.0000624400847001	0.0020823927332308	0.0717515268737046	-0.0572990591315852	-0.0000750199212309	0.0020819754114971	
-0.5173076792138037	0.0645793262694304	0.0000950780398567	0.0020811517696813	-0.4339690566836464	0.0802022029494417	0.0000772109854763	0.0020818949052626	-0.3848894515844624	0.1052068009228698	0.0000384215825065	0.0020829772369037	
0.4115043983710740	-0.0260375312828120	-0.0001676722159111	0.0020765411289490	0.4838776194783019	-0.0052403798829186	-0.0001555595941338	0.0020774883502132	0.5251224761386180	0.0260746986384403	-0.0001344894065997	0.0020789660476404	
-0.5643794340444859	-0.1718667723415617	-0.0001119438323163	-0.0020803085397976	-0.4750571601522011	-0.1468687855513639	-0.0000748737379617	-0.0020819807001316	-0.4207490196001522	-0.1156260443897760	-0.0000370128027943	-0.0020830028737155	
-0.5273585953478619	-0.1645741421949992	0.0000243492696951	0.0020831903232069	-0.4408852692237267	-0.1395831020866533	0.0000071096805315	0.0020833211411510	-0.3883296001156942	-0.1093671502124765	-0.0000421621603272	0.0020829045178945	
0.5074681475419736	-0.4223976097164613	0.0015528167805439	-0.0013845456127624	0.5773773937443778	-0.4067016432484854	0.0017097537282722	-0.0011842235460499	0.6127487546701138	-0.3722836802037647	0.0017917519070729	-0.0010553818938909	
-0.2743852680813207	0.0444573829172080	-0.0020347651152196	0.0004234164399394	-0.2067552889483876	0.0584232594589248	-0.0020403394356853	0.0003955399110642	-0.1652979495663758	0.0860480500347203	-0.0020432342380853	0.0003802255946103	
-0.5652008791216138	-0.1885441792454441	-0.0000885002995434	-0.0020814433127740	-0.4755793176433407	-0.1625119850408629	-0.0000594089748587	-0.0020824818564140	-0.4209486001809382	-0.1312474839594641	-0.0000161571996246	-0.0020832703655001	
-0.5606790261118576	-0.1021056192083551	-0.0001024283106322	-0.0020808012148191	-0.4724408615390009	-0.0802206385400602	-0.0000734145183864	-0.0020820329258023	-0.4193413805323945	-0.0510507545337444	-0.0000391806161880	-0.0020829630270110	
-0.0325150292853573	-0.0135567882369321	-0.0000539974337351	0.0020826299378647	0.0312050161974896	0.0062502636502120	-0.0000587289677534	0.0020825012410823	0.0685047027754609	0.0354166437982756	-0.0000597733450307	0.0020824713775722	
-0.5188111592327458	0.0343910887409100	0.0001036757750914	0.0020807391237073	-0.4351178539228541	0.0510349720314267	0.0000783520714293	0.0020818520593635	-0.3856822963564258	0.0760444495400491	0.0000554877219678	0.0020825905686930	
0.4813804087047566	-0.1614596148663490	0.0001500500973905	-0.0020778955773025	0.5567134233037936	-0.1427109458127268	0.0002071090271950	-0.0020729613816465	0.5979103848766829	-0.1114582344653475	0.0001735661935875	-0.0020760543682237	
-0.5154519017148551	-0.1846469399290299	-0.0020272941948003	0.0004580182635379	-0.4334242169632546	-0.1616754714368644	-0.0017436377103949	0.0011334835458171	-0.3802575951275496	-0.1290922009027084	-0.0017993255078622	0.0010423518591585	
-0.5617289572975939	-0.1208632240936303	-0.0001214862679655	-0.0020797704146525	-0.4731446407988299	-0.0978960209261568	-0.0000908291742631	-0.0020813424844614	-0.4197755115758983	-0.0687503263042213	-0.0000552788116492	-0.0020825961521445	
-0.1591357148713624	0.2643145978697524	0.0019011503017014	-0.0008413149564474	-0.0967160481227490	0.2769291949532755	0.0019619555344714	-0.0006868317501428	-0.0600895068396552	0.3045110725725501	0.0019819001564204	-0.0006266461178824	
-0.4934231429022139	-0.0635518242508226	-0.0000941653516972	-0.0020811934733058	-0.4098709332717153	-0.0426837741493956	-0.0000339123375805	-0.0020830559218889	-0.3597499685370659	-0.0156143620276121	-0.0000241780074692	-0.0020831923279426	
-0.0047522053293417	-0.0791489096421349	0.0000561871197883	-0.0020825717228116	0.0596655223714738	-0.0583121779456546	0.0000722704362991	-0.0020820731529154	0.0974281370367304	-0.0291776113790627	0.0000669403659862	-0.0020822522258627	
-0.5157518729453745	0.0958513378257713	0.0000946876308332	0.0020811696580461	-0.4327973422574145	0.1103988186531839	0.0000642807357993	0.0020823364470932	-0.3843199220044091	0.1343723073467122	0.0000351319173414	0.0020830356087186	
0.0201159061981631	-0.0051958310699654	-0.0000667182199735	0.0020822593912566	0.0843242665189986	0.0145886251787975	-0.0000678317231480	0.0020822232350644	0.1220259965642579	0.0437648756260848	-0.0000659794512054	0.0020822830489990	
0.0218877011956849	-0.0614563098197967	-0.0000686050177425	0.0020821977731857	0.0862230063270782	-0.0406254914315416	-0.0000637890984950	0.0020823516412974	0.1239425905649384	-0.0114507838618517	-0.0000670416829310	0.0020822489499337	
-0.0043491501866154	-0.0958425060871106	0.0000450317766994	-0.0020828441528080	0.0601194514132312	-0.0750063443808714	0.0000449643637953	-0.0020828456164968	0.0978249973492996	-0.0447851304952803	0.0000449428772939	-0.0020828460825570	
-0.5581159580289752	-0.0458274885823982	-0.0001083907934531	-0.0020804976321600	-0.4706778417751951	-0.0260422281042021	-0.0000844961413436	-0.0020816105392853	-0.4185278992319787	0.0010401317644894	-0.0000412130381663	-0.0020829236087948	
-0.0080137828741168	0.0406145569777275	0.0001282674850586	-0.0020793611673991	0.0560637168887210	0.0604184857699459	0.0001231370706073	-0.0020796728423389	0.0938418372953543	0.0895703799168044	0.0001248880093236	-0.0020795679071262	
-0.2265341471863866	0.0395084845856665	-0.0020297202647860	0.0004470893134501	-0.1610858839601580	0.0540106144574616	-0.0020390930569607	0.0004019475008998	-0.1206050276685360	0.0818919457008491	-0.0020423505271133	0.0003849676010092	
-0.5655802906709515	-0.1979215279400808	-0.0000631574988903	-0.0020823709897213	-0.4757908672590189	-0.1708346471429188	-0.0000461480386560	-0.0020828195972739	-0.4209893489795337	-0.1395871110570922	-0.0000012829210233	-0.0020833329363430	
0.0203347910142698	-0.0114767528508934	-0.0000782973201602	0.0020818541295601	0.0845434712725481	0.0083482933203109	-0.0000766844446091	0.0020819144637711	0.1222470475013406	0.0374845782472233	-0.0000806736717519	0.0020817629438965	
-0.4941923453048243	-0.0771075911873176	-0.0001186302174014	-0.0020799361037536	-0.4103592194862498	-0.0562542612878528	-0.0000976947160112	-0.0020810299707842	-0.3600823700223065	-0.0281441790386487	-0.0000603553628459	-0.0020824545064268	
-0.3615333765152895	-0.0259230294816918	-0.0019140073576475	0.0008114885060322	-0.2901295045395476	-0.0098045610186538	-0.0019157125130720	0.0008074346014745	-0.2453959013698241	0.0183946225272035	-0.0019155194329857	0.0008078948406503	
-0.5269177521295139	-0.1499950534500626	0.0000774115158008	0.0020818874212675	-0.4407263672885525	-0.1260371688282649	0.0000477803118881	0.0020827826075983	-0.3884337282522225	-0.0958355430314807	0.0000062677030871	0.0020833238579275	
-0.5625311252224519	-0.1353951965196064	-0.0001104140363310	-0.0020803907051000	-0.4737237575862118	-0.1114626758661889	-0.0000843014672732	-0.0020816184718361	-0.4201246190637491	-0.0822820656532967	-0.0000483678817143	-0.0020827689775668	
-0.0315362914583900	-0.1321791488883995	0.0003756152506079	0.0020490204111754	0.0333187553435146	-0.1114778326104465	0.0002808875974420	0.0020642153359225	0.0707495000910104	-0.0802378442415716	0.0003093026405696	0.0020601288104804	
-0.4916515620019428	-0.1543370743498072	0.0016557394529558	-0.0012589996591802	-0.4103360740322191	-0.1301669387828577	0.0008018082988568	-0.0019220204808530	-0.3584483141761225	-0.0989427903108933	0.0009396362296958	-0.0018582092008634	
0.0193934137883786	0.0218730416529621	-0.0000490358362287	0.0020827532803836	0.0835401167587252	0.0416709071739793	-0.0000556506085411	0.0020825862006744	0.1212643245694629	0.0708304385380220	-0.0000552896986050	0.0020825958616943	
0.5102308046673558	-0.4249425835171092	0.0014931290842627	-0.0014490280222376	0.5801459672579592	-0.4089116878895798	0.0016327520273200	-0.0012888182716744	0.6158790468707249	-0.3743311181962264	0.0016848517142587	-0.0012195659515619	
0.4788934254362549	-0.1364570538982116	0.0001960475376277	-0.0020740421228525	0.5540794836986898	-0.1166685929987302	0.0001875356871372	-0.0020748330236064	0.5957624528461749	-0.0864646853957543	0.0001638104533559	-0.0020768508796046	
-0.4920512818830783	-0.0177272358297596	-0.0000993221678726	-0.0020809525459813	-0.4091089714718454	0.0010264822858220	-0.0000691563159209	-0.0020821794444463	-0.3597265145156697	0.0281332867809267	-0.0000429725908712	-0.0020828878725107	
-0.5595387473484230	-0.0760688497657852	-0.0000936721743745	-0.0020812158403933	-0.4716749352819920	-0.0552111304565062	-0.0000647441451529	-0.0020823220183789	-0.4189674691022333	-0.0270768586608353	-0.0000338456005927	-0.0020830570127376	
0.5156339644781895	-0.4310209331919152	0.0012230273071879	-0.0016843377499647	0.5862687774690292	-0.4143027397499893	0.0015040164092741	-0.0014376675393521	0.6221129462031243	-0.3795050631897742	0.0015306874266075	-0.0014090933666861	
-0.0080779137812020	0.0416574468129549	0.0001257406220882	-0.0020795162710105	0.0560016770182068	0.0614628502726133	0.0001204246237732	-0.0020798324660123	0.0937767544973999	0.0906138271474919	0.0001217835778507	-0.0020797529394256	
-0.5620252122186166	-0.1260493909270203	-0.0001201952451370	-0.0020798458010262	-0.4733670221885794	-0.1031499764795126	-0.0000886010040743	-0.0020814390070578	-0.4198872857772479	-0.0729126922126723	-0.0000543769557340	-0.0020826200137605	
0.0244814880086230	-0.1562684448908758	0.0000028581597562	0.0020833313629387	0.0891813984127179	-0.1343830850064864	-0.0000385425755689	0.0020829749904190	0.1268287603091764	-0.1041638508454458	-0.0000307379340381	0.0020831054287243	
0.4852264507380837	-0.2072941553312312	0.0003042529086868	-0.0020608844018066	0.5600064683428687	-0.1885498038629642	0.0003186091774834	-0.0020587029354213	0.6008929955919842	-0.1582886049497043	0.0002830915616645	-0.0020639127259772	
0.4160191576981518	-0.4614547945543048	-0.0001856982200332	0.0020749991118518	0.4865284187920254	-0.4406258437743629	-0.0004416305802912	0.0020357464973560	0.5213739181992816	-0.4031221504958564	-0.0006228333582975	0.0019875649307884	
-0.5215068676104241	-0.0239644738104495	0.0000889980930198	0.0020814219813410	-0.4370530756250027	-0.0052238132014329	0.0000584198142398	0.0020825099801389	-0.3867646053882306	0.0218811050751712	0.0000300242491476	0.0020831158895580	
0.0184158679803145	0.0624975814537787	-0.0000368294997243	0.0020830061390188	0.0825279283401735	0.0822955713734503	-0.0000414419375515	0.0020829190444386	0.1202115249172006	0.1114554380862851	-0.0000437782940975	0.0020828710099452	
-0.0316854732963482	-0.0426983502317925	-0.0000135958092539	0.0020832887477167	0.0322587052122475	-0.0218737318573681	-0.0000511788570367	0.0020827014643541	0.0697147633185826	0.0062514976223188	-0.0000463489656375	0.0020828151133988	
0.4104774962248041	-0.0114572709616985	-0.0001178798916054	0.0020799789767545	0.4829393748659563	0.0104239800887003	-0.0000595618386159	0.0020824774680468	0.5243563129877726	0.0416862881176501	-0.0000220314853118	0.0020832162541290	
0.0177556828157246	0.0895863557909568	-0.0000672379870448	0.0020822425886254	0.0816751057685766	0.1093583228793417	-0.0000691839260287	0.0020821785226449	0.1194268061515158	0.1385389293339782	-0.0000663842790334	0.0020822701177728	
-0.4954617296796102	-0.1145831343014929	-0.0000819111430515	-0.0020817143784177	-0.4111943940532512	-0.0916589632595142	-0.0000338983745447	-0.0020830561502994	-0.3602598024101598	-0.0624887757854994	-0.0000024088800506	-0.0020833319337122	
-0.5133925334885937	0.1489617874065174	0.0000958494086630	0.0020811162090743	-0.4312687599332088	0.1614599996380736	0.0000715603637124	0.0020820978016629	-0.3835484127679364	0.1854187191008149	0.0000414072972864	0.0020829197368050	
-0.5520019989398548	0.0781390830521254	-0.0000741330445963	-0.0020820073382644	-0.4665132517661864	0.0927069232495430	-0.0000658491081986	-0.0020822871956340	-0.4164189809270158	0.1177015618342389	-0.0000215633887295	-0.0020832211765051	
0.4969775467539368	-0.3229432902431064	0.0001323578800013	-0.0020791035248025	0.5721616994217205	-0.3062231813932291	0.0001425070120651	-0.0020784291811657	0.6113535358177029	-0.2750313437337774	0.0001353354455991	-0.0020789108691945	
0.0172313630444391	0.1072715226014518	-0.0000511244946483	0.0020827028061918	0.0811757729977876	0.1270893467720742	-0.0000590652261508	0.0020824916834236	0.1189262222582462	0.1552306837869593	-0.0000598568763472	0.0020824689662779	
-0.0099619883304646	0.1187721143577425	0.0000361614700277	-0.0020830179018508	0.0539843491191874	0.1385391649364611	0.0000513990656527	-0.0020826960143037	0.0917489666529423	0.1666840310641279	0.0000524822151654	-0.0020826688660802	
0.4825098156531062	-0.1864122695279152	0.0001661985572496	-0.0020766601876346	0.5579082773774440	-0.1677128940610248	0.0000630846396420	-0.0020823732092945	0.5990149917171939	-0.1374754272066659	0.0000594552758874	-0.0020824805284094	
-0.0036952052573985	-0.1427079477382218	-0.0000102345964952	-0.0020833080680550	0.0607541403129709	-0.1208183816443172	0.0000088616313485	-0.0020833143920528	0.0983145340483438	-0.0906352041940519	-0.0000005237371952	-0.0020833332671716	
-0.5272120760204558	-0.1698467584130932	-0.0001736024729119	0.0020760513196263	-0.4408495541549555	-0.1448076579538602	-0.0000495395913877	0.0020827412994582	-0.3881894387559160	-0.1135048037956755	-0.0001202293825266	0.0020798438180519	
-0.0094815340537513	0.0968670209040668	0.0000527813371153	-0.0020826612690187	0.0545182445719414	0.1166984174946090	0.0000570206619986	-0.0020825489537542	0.0923011255519408	0.1447804864385225	0.0000588917794850	-0.0020824966202138	
0.0241907660303727	-0.1718837091933901	0.0000695290875518	0.0020821669678673	0.0890819874824688	-0.1500047865640435	0.0000434712457702	0.0020828774731155	0.1266565784528934	-0.1197923455508043	0.0000571861385609	0.0020825443936740	
-0.5135839473061163	0.1448021299890309	0.0000993969520407	0.0020809489573711	-0.4313772812258341	0.1583379372865930	0.0000728460339522	0.0020820529933760	-0.3836323365421298	0.1812526219476694	0.0000418262938941	0.0020829113233137	
0.0184318801302817	0.0614556954457270	-0.0000376536232780	0.0020829913308974	0.0825522349970815	0.0812540661579413	-0.0000405230611039	0.0020829372142340	0.1202357564372513	0.1104140100039146	-0.0000431748554122	0.0020828836687743	
-0.0301085245978044	-0.1166727435995082	0.0000772343376645	0.0020818940347353	0.0343751301301628	-0.0958531834848916	0.0000100798750692	0.0020833088261806	0.0719150113939122	-0.0656811488188773	0.0000201257174607	0.0020832356337007	
-0.5466784280015627	0.1875066708664509	-0.0001010078431371	-0.0020808709995371	-0.4627392567722940	0.1989746175172449	-0.0000844344732365	-0.0020816130541117	-0.4144616351727561	0.2208294373615520	-0.0000603397903616	-0.0020824549599619	
-0.5265685885622325	-0.1416769106190977	0.0000942539640709	0.0020811894419928	-0.4404847599851343	-0.1177106612653716	0.0000720463191873	0.0020820809590088	-0.3883545776522845	-0.0875028005210656	0.0000317190127896	0.0020830906473887	
-0.0037692449876748	-0.1301922064810464	0.0000258344993619	-0.0020831723440806	0.0606531810157620	-0.1093558216661800	0.0000269234497680	-0.0020831584857469	0.0982454549074585	-0.0781478598535449	0.0000198321245599	-0.0020832384634480	
0.0166908984628170	0.1270845459118383	-0.0000703227089620	0.0020821401818939	0.0805199030674014	0.1468820453087609	-0.0000799896565993	0.0020817894708398	0.1182805243324805	0.1749976207999204	-0.0000776183763859	0.0020818796806515	
-0.5607857579445725	-0.1041841300811883	-0.0001058594341551	-0.0020806286205953	-0.4725143874386258	-0.0823019035151506	-0.0000769489673727	-0.0020819046547508	-0.4193835456577547	-0.0531341337634306	-0.0000420562881162	-0.0020829066689836	
-0.5633247391004605	-0.1510360258401254	-0.0001017437613592	-0.0020808349673001	-0.4743509275190449	-0.1270984497138637	-0.0000801945226512	-0.0020817815496138	-0.4204242384191648	-0.0968787750318262	-0.0000379839539859	-0.0020829853033798	
0.4752470830888187	-0.1000309558914720	0.0002069205517606	-0.0020729802977507	0.5503228144322529	-0.0801254240191951	0.0003450863492869	-0.0020544091661820	0.5920081898184166	-0.0478312297624701	0.0006016052891149	-0.0019941256096875	
-0.4919052139728357	-0.0145603833545941	-0.0000920125252636	-0.0020812902461055	-0.4090103167849413	0.0041401544367935	-0.0000683876611874	-0.0020822049591680	-0.3596832587086896	0.0302168845203475	-0.0000423450011122	-0.0020829007902337	
0.5220984328389433	-0.4478323370109371	0.0003150093725156	-0.0020592595995377	0.5964556708906461	-0.4301975326871807	0.0006094981570579	-0.0019917153442456	0.6319657800201102	-0.3936577105094498	0.0007186587019333	-0.0019547945846877	
0.0207114485025234	-0.0208368630206096	-0.0000878713777291	0.0020814700919302	0.0849165894323135	-0.0010554811340235	-0.0000887496497475	0.0020814326426089	0.1226328227661665	0.0281261316526826	-0.0000909201593636	0.0020813384920182	
0.4886318162101571	-0.2364654454939781	0.0002111320553470	-0.0020725534662956	0.5639118818742617	-0.2187470816071300	0.0002001455578125	-0.0020736487146766	0.6040927385971695	-0.1875057968572995	0.0001713051572320	-0.0020762430999741	
-0.5464204558418807	0.1927007541663532	-0.0001012023615385	-0.0020808615009642	-0.4625323312453867	0.2041741342416075	-0.0000868395757589	-0.0020815136110937	-0.4143112803811740	0.2260321717310886	-0.0000619693356569	-0.0020824068656778	
0.5025389240971059	-0.4181844904606180	0.0016814935318967	-0.0012242150571285	0.5726349121697119	-0.4040067338025915	0.0018738091389158	-0.0009008547832440	0.6091140374680162	-0.3704928668305476	0.0019049597919939	-0.0008326097099902	
0.5207278165523339	-0.4416135192188953	0.0005844994473477	-0.0019992318126122	0.5937186278382036	-0.4236813770752154	0.0009969627607141	-0.0018279406844052	0.6291941551317337	-0.3878550997852779	0.0010845552733194	-0.0017771125413329	
-0.5643254840450430	-0.1708278997062105	-0.0001118159555750	-0.0020803154514819	-0.4750214954269664	-0.1458283509418203	-0.0000746633769759	-0.0020819882924684	-0.4207309918589491	-0.1145845441391108	-0.0000372108723459	-0.0020829993271381	
-0.5220244169876681	-0.0374795903480870	0.0000735462151777	0.0020820282546055	-0.4373938318770890	-0.0177106941942692	0.0000536929399717	0.0020826378497707	-0.3869231735781541	0.0093860926978439	0.0000220742486771	0.0020832157991709	
-0.0319429883128364	-0.0312335032853411	-0.0000694512515540	0.0020821695785663	0.0318806323062865	-0.0114850949282776	-0.0000903825062475	0.0020813620262460	0.0692733872935494	0.0176795303046907	-0.0001029391474194	0.0020807758796031	
-0.0092614165576868	0.0875048907673588	0.0000459630787702	-0.0020828237076001	0.0547685787186377	0.1072731018165755	0.0000549475328374	-0.0020826049628736	0.0925545896043725	0.1354213489188139	0.0000551437949990	-0.0020825997494610	
-0.0724963991633437	-0.0759115294330900	0.0006138890567888	-0.0019903596030589	-0.0089410355788007	-0.0550309683229879	0.0003178376626543	-0.0020588227856465	0.0288357471770825	-0.0261566441231284	0.0003904023685810	-0.0020462406373029	
-0.0056499952884278	-0.0385554462088113	0.0000426414325289	-0.0020828947124582	0.0586476411874708	-0.0187364962449098	0.0000525314215201	-0.0020826676193124	0.0963392989824108	0.0114489212084645	0.0000567881276293	-0.0020825553394149	
0.5235557309242447	-0.4635507547819234	0.0001426423248579	-0.0020784198525815	0.5989628665869340	-0.4457982336775767	0.0001778215181610	-0.0020756924110684	0.6348353260463728	-0.4093776024333124	0.0001658884006015	-0.0020766851108252	
-0.5651544179458740	-0.1875049264118313	-0.0000903647446059	-0.0020813628013248	-0.4755512525262443	-0.1614716049069116	-0.0000611696403840	-0.0020824306281033	-0.4209420538633527	-0.1302058046338777	-0.0000174183411436	-0.0020832601518486	
-0.5541907338996851	0.0333531411928017	-0.0001118550111281	-0.0020803133413860	-0.4679732207423182	0.0500152037163529	-0.0000817024080090	-0.0020817226222928	-0.4171847202228259	0.0750137437443575	-0.0000545568846616	-0.0020826152845023	
-0.0317158898033588	-0.0395811198648862	-0.0000311710819787	0.0020830989600044	0.0321999691089569	-0.0197921379190717	-0.0000638623557072	0.0020823493846636	0.0696246739570477	0.0093752868356327	-0.0000682694806957	0.0020822088567298	
-0.0309686725696425	-0.1281783098081892	0.0002474735133984	0.0020685086510516	0.0338133296641770	-0.1071610463129301	0.0001952772944145	0.0020741151490751	0.0711889081100539	-0.0769247037285469	0.0002392760422537	0.0020694777434000	
-0.5655382648351968	-0.1968755094235896	-0.0000721636853475	-0.0020820768741235	-0.4757693911894596	-0.1697940422267213	-0.0000476722030288	-0.0020827850972766	-0.4209910643471911	-0.1385437422606038	-0.0000069439433708	-0.0020833217029626	
-0.5627490907820543	-0.1396031898719854	-0.0001052819914520	-0.0020806580664031	-0.4738948313966812	-0.1156216582767969	-0.0000828661496081	-0.0020816763922655	-0.4201947503102542	-0.0854070394822895	-0.0000455281801060	-0.0020828333071955	
-0.5187593283650216	0.0354299571883311	0.0001048414464446	0.0020806804227325	-0.4350770523474831	0.0520759123339658	0.0000800260840471	0.0020817880638415	-0.3856539204088753	0.0770854984555946	0.0000576056072137	0.0020825327750183	
0.0149397983463125	0.1604401265467683	-0.0001874557854121	0.0020748402801934	0.0782705994734988	0.1802552729126348	-0.0002838354925451	0.0020638100383754	0.1160346141952875	0.2093273837831477	-0.0002840205622161	0.0020637844498504	
-0.0306276433763063	-0.1248753939945736	0.0001863767592910	0.0020749379708295	0.0340587337261331	-0.1041029541915636	0.0001479456819778	0.0020780472267343	0.0714953872268921	-0.0738956168232304	0.0001863729696857	0.0020749383129231	
-0.0319159359193523	0.0166601356892365	-0.0000795449520496	0.0020818065956851	0.0318690234869380	0.0364149812925584	-0.0003176227793490	0.0020588561135106	0.0695860586763449	0.0656215124467119	-0.0002948573042715	0.0020622564584372	
-0.4952048616312995	-0.1062408404344079	-0.0000502515700133	-0.0020827241573490	-0.4111077095373241	-0.0843642543108082	-0.0000199345701576	-0.0020832374807667	-0.3602817625379736	-0.0551960311664878	0.0000115194893566	-0.0020833013259776	
-0.0059590758972443	-0.0260340256013281	0.0000592435721049	-0.0020824865920341	0.0582718523047711	-0.0062470427231264	0.0000738124573057	-0.0020820187855729	0.0959786428319189	0.0229299263390861	0.0000745156895087	-0.0020819936100169	
0.4890747569380538	-0.2406168604926448	0.0002254547787673	-0.0020710368064175	0.5642790767283599	-0.2229179948218359	0.0001973513107597	-0.0020739178519888	0.6044466698985658	-0.1916597582339419	0.0001700126690272	-0.0020763498664623	
-0.5207399084849333	-0.0062431875130557	0.0000930096313082	0.0020812457034758	-0.4365089003063987	0.0125023663755650	0.0000734132557160	0.0020820329705478	-0.3865109037778568	0.0385414875675844	0.0000383290069243	0.0020829789509883	
-0.1549842702508216	0.2622499537317752	0.0018313665043665	-0.0009846745788331	-0.0932248020706108	0.2754891556769238	0.0018977893803148	-0.0008489067752430	-0.0561211181775056	0.3031047827004140	0.0019295968904273	-0.0007734944256635	
-0.5195883842766605	0.0177103116277846	0.0000970960874606	0.0020810581275889	-0.4356495706266691	0.0354254439088287	0.0000698065855314	0.0020821576364774	-0.3860198637622659	0.0604085568603121	0.0000428653252200	0.0020828900938377	
0.0148433110002927	0.1614791750823886	-0.0001982291223342	0.0020738337139991	0.0781189053012863	0.1812799631528114	-0.0003149251571575	0.0020592725448644	0.1158443491168889	0.2105015939980064	-0.0003230670238062	0.0020580046069119	
0.0169939506254279	0.1166795463179096	-0.0000569374431194	0.0020825512420406	0.0808957083246875	0.1364532694678273	-0.0000698300794931	0.0020821568447404	0.1186431432304311	0.1645896489464772	-0.0000717560023937	0.0020820910347768	
-0.4915582899626284	-0.0062427359390592	-0.0000878836113539	-0.0020814695728536	-0.4086963242863760	0.0125437300453272	-0.0000896071185409	-0.0020813957203574	-0.3594913904082369	0.0385388496172033	-0.0000585702041626	-0.0020825057347286	
-0.5193990878334785	0.0218693262288076	0.0000950475247650	0.0020811531705262	-0.4355124965800631	0.0395880743538014	0.0000668132077623	0.0020822563303116	-0.3859366564598756	0.0645916684590094	0.0000403246716559	0.0020829410836783	
-0.5578974972456600	-0.0416701197021298	-0.0001155480369543	-0.0020801104751295	-0.4705089686731564	-0.0218801086828118	-0.0000882368809029	-0.0020814545522854	-0.4184402903324673	0.0052061486855395	-0.0000474936900777	-0.0020827891959653	
-0.1477211853958048	0.2580976979577987	0.0018295701939186	-0.0009880248615475	-0.0862328697556553	0.2718892304722675	0.0018267719122635	-0.0009932148928597	-0.0489849645695882	0.2997761850350176	0.0018340513171418	-0.0009796396272595	
-0.5462636841957478	0.1958155692175466	-0.0001019925071193	-0.0020808227288494	-0.4624020545337310	0.2072925805955563	-0.0000910780575263	-0.0020813315539114	-0.4142172472193901	0.2291527961927631	-0.0000648721237508	-0.0020823180153553	
0.4895147579352666	-0.2447944136405960	0.0002398550658133	-0.0020694103781882	0.5646537575743651	-0.2270938389192065	0.0002029988830057	-0.0020733699455211	0.6048310848735818	-0.1958361087928791	0.0001780350639435	-0.0020756740142087	
-0.0057686776618292	-0.0333202040051057	0.0000499945979337	-0.0020827303726202	0.0585078855699340	-0.0135324665182774	0.0000603926648237	-0.0020824534195626	0.0962209468704333	0.0156123333764722	0.0000624233804321	-0.0020823932365446	
-0.5591507897627060	-0.0677001837250032	-0.0000953687747974	-0.0020811384004218	-0.4714005003834963	-0.0468914461753857	-0.0000681940609633	-0.0020822113405253	-0.4188513284086581	-0.0197880832488496	-0.0000336867304010	-0.0020830596008999	
0.4804380478858392	-0.1510343205276872	0.0002263278121987	-0.0020709411043433	0.5556039895956593	-0.1322973381849435	0.0002265143418256	-0.0020709206084035	0.5970065369080049	-0.1010422315746123	0.0001905960397120	-0.0020745527388161	
-0.0053531729042660	-0.0552133316988960	0.0000403226092039	-0.0020829411238052	0.0589761900246476	-0.0343837025670236	0.0000398593291021	-0.0020829500853119	0.0967052699512092	-0.0052056959808597	0.0000411914793629	-0.0020829240373838	
-0.5563665255485470	-0.0104031842754017	-0.0000752524830700	-0.0020819669765621	-0.4695074916728404	0.0083294679582126	-0.0000536881664524	-0.0020826379734485	-0.4179410954160843	0.0343761934968470	-0.0000138722507086	-0.0020832869161588	
0.4172608432443934	-0.4750295694925359	-0.0001749147255231	0.0020759406180205	0.4880443720651846	-0.4541772454978636	-0.0001823501551237	0.0020752975046933	0.5229806717757035	-0.4166605807195239	-0.0001639613301690	0.0020768389141619	
-0.4948798884510812	-0.0927079681174380	-0.0000640154355244	-0.0020823446607851	-0.4109065072003520	-0.0708322140575106	-0.0000509467770554	-0.0020827071828734	-0.3603110254799562	-0.0427038603301789	-0.0000078628074279	-0.0020833184213010	
0.0173682663774485	0.1020696321921991	-0.0000550001455995	0.0020826035671187	0.0813140650268724	0.1218879014010210	-0.0000563566183544	0.0020825671199634	0.1190732569411596	0.1499789605779113	-0.0000573503762037	0.0020825398546588	
-0.5521095382068154	0.0750195012122681	-0.0000727360545439	-0.0020820568576322	-0.4666064761012217	0.0895865302834629	-0.0000619626042998	-0.0020824070669849	-0.4164463918698523	0.1145773653953573	-0.0000169723429279	-0.0020832638515682	
-0.0059902636172787	-0.0249930902627937	0.0000605851561536	-0.0020824478002785	0.0582345329443290	-0.0052066228011587	0.0000758296196298	-0.0020819459310871	0.0959422910020258	0.0239707925441230	0.0000763101764096	-0.0020819282845823	
-0.0321040975239628	0.0104002162301723	0.0001581997551321	0.0020772879730604	0.0322366322012062	0.0302058117053394	0.0000537717894060	0.0020826358052583	0.0698299705811224	0.0583026290404539	0.0001418677443860	0.0020784731325677	
-0.0051719693811138	-0.0635408820784862	0.0000517059552767	-0.0020826883798899	0.0591567262860497	-0.0427111846620300	0.0000542638492750	-0.0020826229786520	0.0968962430071600	-0.0135293166851354	0.0000590470694464	-0.0020824922008965	
-0.2275231252204654	0.0397315356702539	-0.0020310408450443	0.0004410209143851	-0.1610858839601580	0.0540106144574616	-0.0020390930569607	0.0004019475008998	-0.1216109565573216	0.0820617619369208	-0.0020450386255421	0.0003703481392896	
-0.0467323725372388	0.0324739761987071	-0.0020709316309400	0.0001733475235282	0.0155849213151580	0.0479023261188082	-0.0020758930942434	0.0000968093230579	0.0529896759016550	0.0770466246236341	-0.0020761496921565	0.0000911115021847	
-0.5656249016872560	-0.2021175152577087	0.0000349707401023	-0.0020830383344307	-0.4758655611053502	-0.1749992167762456	-0.0000216696977198	-0.0020832200678672	-0.4209677597743326	-0.1427179385924763	0.0000398090825760	-0.0020829510510337	
0.0219244974026439	-0.0624967410362331	-0.0000708341804105	0.0020821227576439	0.0862566908359585	-0.0416662992984932	-0.0000661746542578	0.0020822768236039	0.1239802904695373	-0.0124910442103539	-0.0000692254471337	0.0020821771357123	
-0.5590049163893538	-0.0645842200744023	-0.0000956081640476	-0.0020811273615541	-0.4712966853021648	-0.0437701924783659	-0.0000683860057313	-0.0020822050138111	-0.4188032483074852	-0.0166648222070132	-0.0000325527456298	-0.0020830777209457	
0.0227156667215120	-0.0895833351958974	-0.0000390596545779	0.0020829653101633	0.0872204949980689	-0.0687502938797720	-0.0000453864277016	0.0020828364163910	0.1248401767970285	-0.0385411155623133	-0.0000419486491851	0.0020829088504218	
-0.5586152249381608	-0.0562716928351764	-0.0000958193077699	-0.0020811176021441	-0.4710529428151687	-0.0364453500346358	-0.0000711415211955	-0.0020821122266889	-0.4186815369743045	-0.0083344503404001	-0.0000305668335246	-0.0020831079590290	
0.0176529997287090	0.0927079133453206	-0.0000657046673212	0.0020822917811804	0.0815633149787428	0.1125220139337896	-0.0000644262406181	0.0020823319278283	0.1193251049003846	0.1416591228833479	-0.0000633344500976	0.0020823655884295	
-0.0066564849809250	-0.0052290276169485	0.0000645382936421	-0.0020823284405786	0.0574953322991902	0.0146039754619523	0.0000573903375359	-0.0020825387482820	0.0952621861105610	0.0437334930538613	0.0000439246551922	-0.0020828679131209	
-0.3501975779876764	-0.0302943780322334	-0.0019737074975410	0.0006521154334096	-0.2793877828130451	-0.0142824239696571	-0.0019482390509538	0.0007250106746778	-0.2349874786569600	0.0141562611039486	-0.0019536251437424	0.0007102953367677	
-0.0114146676666018	0.1447951047949419	0.0003607571687407	-0.0020517018547769	0.0511083018548349	0.1646736469610324	0.0007647591621371	-0.0019371353239955	0.0891064094359314	0.1925992294577696	0.0007094664711717	-0.0019581662965133	
-0.5577830318356028	-0.0395915777613183	-0.0001183760058613	-0.0020799506597609	-0.4704222595865201	-0.0197990608205332	-0.0000887751375098	-0.0020814315502452	-0.4183922013517611	0.0072889410082344	-0.0000498118284327	-0.0020827347737835	
-0.5653340838632113	-0.1916636408454755	-0.0000862425637755	-0.0020815385565937	-0.4756675091767238	-0.1656326947837660	-0.0000532876367472	-0.0020826483116309	-0.4209620086998871	-0.1333311192173746	-0.0000144043306466	-0.0020832832871014	
-0.0067777625973080	-0.0010129447748043	0.0000531354874415	-0.0020826522184959	0.0573961422495086	0.0187672020929020	0.0000435247044758	-0.0020828763511161	0.0951879442057957	0.0478922839856263	0.0000316286681845	-0.0020830920279745	
0.0230124094760354	-0.1041636144427338	-0.0000508641779636	0.0020827092118645	0.0874831066887293	-0.0833308235777440	-0.0000448685975601	0.0020828476920296	0.1251238284416957	-0.0531180023709572	-0.0000507387030698	0.0020827122877677	
-0.5215510279527735	-0.0250035967985008	0.0000884169883336	0.0020814468711146	-0.4370808142181435	-0.0062647281863507	0.0000580324800471	0.0020825208640360	-0.3867780274804968	0.0208400422312195	0.0000298914911358	0.0020831178083452	
-0.5190165659664195	0.0301816789885479	0.0000988805167010	0.0020809736839526	-0.4352705732757431	0.0468719266590438	0.0000716949726206	0.0020820931477019	-0.3857622118752751	0.0729214818507337	0.0000490381584824	0.0020827532254340	
0.4240848509050765	-0.0705459687408688	-0.0017389228410078	0.0011407396585047	0.4928878826561083	-0.0516932340308620	-0.0013660497755818	0.0015699820589386	0.5326651507022504	-0.0201203998558099	-0.0012214390353491	0.0016854956451026	
-0.5613023565046876	-0.1135274304985320	-0.0001180630155885	-0.0020799685383754	-0.4728383126304649	-0.0906219286783500	-0.0000886045946024	-0.0020814388534509	-0.4195804131724874	-0.0614651520176963	-0.0000524018143751	-0.0020826709007222	
-0.5152006200101926	0.1093668934040075	0.0000812428865952	0.0020817406965974	-0.4324354289284768	0.1239636599412318	0.0000507540269514	0.0020827119125241	-0.3841468858671076	0.1468694283792940	0.0000242603245822	0.0020831913661336	
-0.0089115312578828	0.0645713036976385	0.0000301527993037	-0.0020831140234833	0.0552361756178621	0.0843737138472420	0.0000332349759922	-0.0020830668938915	0.0930177332267268	0.1125056337497179	0.0000359303897024	-0.0020830219206337	
0.4117547032013273	-0.0291256796314620	-0.0001785747732996	0.0020756274193758	0.4841030473163337	-0.0083455046094708	-0.0001650572303505	0.0020767516699803	0.5253300792028928	0.0228716053410825	-0.0001410319462652	0.0020785302965193	
-0.4918578485363939	-0.0135196651808260	-0.0000896310730770	-0.0020813946837781	-0.4089746772564048	0.0051769529846882	-0.0000692066533372	-0.0020821777635861	-0.3596609766515171	0.0312582599951691	-0.0000424686808373	-0.0020828982595674	
-0.4924565249093259	-0.0260416300569716	-0.0000980456122948	-0.0020810133855639	-0.4093931984377651	-0.0072916665440789	-0.0000707316716023	-0.0020821262599311	-0.3599004116688489	0.0197867738171340	-0.0000367739662561	-0.0020830071250739	
-0.2007129487588805	0.4289884281615163	0.0016521703000292	-0.0012637031627565	-0.1384768907453330	0.4401328870125212	0.0018949407055481	-0.0008552783502142	-0.1009257824380374	0.4674297758671875	0.0019422955201014	-0.0007408641931796	
-0.5549691845569896	0.0187570710209998	-0.0001105125332002	-0.0020803854489859	-0.4685506884810877	0.0354132551739189	-0.0000846067331187	-0.0020816060247446	-0.4175228118806749	0.0614527806487083	-0.0000464043935009	-0.0020828138730440	
-0.0655250773778815	-0.0886159266399686	0.0011121091265164	-0.0017599146016308	-0.0032015272711163	-0.0688358739154558	0.0011566197280822	-0.0017308412334337	0.0346420170292603	-0.0392126019237773	0.0012095077844971	-0.0016941207183767	
-0.2691772593296959	0.0433736471309897	-0.0020422865583041	0.0003853085144102	-0.2015610133719529	0.0573918475029089	-0.0020402951027161	0.0003957696723526	-0.1610916840572554	0.0852280811411833	-0.0020419798180674	0.0003869389253956	
-0.5185977370044690	0.0385464634816787	0.0001078669042971	0.0020805249961655	-0.4349505326519822	0.0551993655345103	0.0000845828926180	0.0020816069984537	-0.3855613819800169	0.0802089447007246	0.0000631320858307	0.0020823717641922	
0.0236998386472855	-0.1780914590511435	0.0003124737251642	0.0020596478192803	0.0889010043593941	-0.1562282356080195	0.0000912064340240	0.0020813259041080	0.1264674426948027	-0.1249839846419464	0.0001064737597965	0.0020805971167169	
0.4865235088341380	-0.2166493441677019	0.0002573321739497	-0.0020672993051117	0.5615989569172617	-0.1989052742490956	0.0002946291122100	-0.0020622892352694	0.6020924875280322	-0.1676608541045606	0.0002601067712872	-0.0020669503005150	
0.4222047959337751	-0.0692798398135869	-0.0015477557891580	0.0013902291475928	0.4915295920620251	-0.0499578059458074	-0.0012044011804033	0.0016977731289148	0.5318179257139444	-0.0188875779291111	-0.0011108939501590	0.0017606857383991	
-0.5488224954290031	0.1437592181205753	-0.0000869829975988	-0.0020815075926860	-0.4643453214516570	0.1562463497940012	-0.0000566008877843	-0.0020825604622566	-0.4153544089418658	0.1791629327560593	-0.0000202318638677	-0.0020832346003901	
0.0240995649595337	-0.1385336890178803	-0.0000705641522869	0.0020821319724194	0.0886224460803390	-0.1176953782487017	-0.0000800661729119	0.0020817865146807	0.1262763582978117	-0.0864791741051736	-0.0000797583364902	0.0020817983905312	
-0.1600137063684732	0.2645883671702685	0.0019054204514860	-0.0008315496701537	-0.0976198492826015	0.2771831695556973	0.0019664604492961	-0.0006737596582586	-0.0600895068396552	0.3045110725725501	0.0019819001564204	-0.0006266461178824	
0.4855064530616844	-0.2093432979480858	0.0002969373013729	-0.0020619564997722	0.5603012259166200	-0.1905881890741566	0.0003210847232934	-0.0020583163646295	0.6012054979648982	-0.1604723837072101	0.0002833947610550	-0.0020638709073674	
-0.5121144776426722	0.1770731336945344	0.0001034836238936	0.0020807487369049	-0.4302434398808830	0.1895901892951947	0.0001173592533963	0.0020800085652145	-0.3829725320398488	0.2114281525547650	0.0000731463707729	0.0020820424109088	
0.4904544316082500	-0.4124747421764917	0.0019841730090005	-0.0006193754350898	0.5598870584818187	-0.3993240386323911	0.0019727933256018	-0.0006548895939406	0.5975950938303762	-0.3663716586465656	0.0019701667237442	-0.0006627886647352	
0.4727459002119023	-0.4063321945929916	0.0019430090118183	-0.0007389815573784	0.5414505733144865	-0.3924386612414109	0.0019418188593640	-0.0007421188760268	0.5787781704436241	-0.3593270758539438	0.0019456193310220	-0.0007320466956821	
-0.5222473660186007	-0.0437673502548206	0.0000758123724238	0.0020819465623460	-0.4375538650028270	-0.0239541735426731	0.0000530502990003	0.0020826544010692	-0.3869815573363983	0.0031346803942962	0.0000186034432697	0.0020832498546916	
0.4187228214690852	-0.4989587418079991	-0.0000285736242470	0.0020831363945773	0.4900870935346953	-0.4781699263516704	-0.0001557350080086	0.0020774751422125	0.5246718250968225	-0.4395897508374056	-0.0001375885068380	0.0020787622300931	
-0.0327125195570187	-0.0041423867189314	-0.0000242929786050	0.0020831909836920	0.0311268497150242	0.0156307333787069	0.0000556396311229	0.0020825864954510	0.0684669593468208	0.0448080130129576	0.0000823148898010	0.0020816983728775	
-0.5513183156435384	0.0937278985823248	-0.0001134592649640	-0.0020802260279814	-0.4659507959659313	0.1083455925526853	-0.0000791104879018	-0.0020818232338553	-0.4161700371805527	0.1322849480068140	-0.0000457661453162	-0.0020828280658589	
0.4849442180883399	-0.2052510557698707	0.0003084889520858	-0.0020602514221005	0.5597189405449980	-0.1865127533583015	0.0003105020542221	-0.0020599474730927	0.6005944855686460	-0.1562481494137029	0.0002786754781918	-0.0020645166432234	
-0.2346965960085537	0.4146837851175729	-0.0014265375945248	0.0015149523104153	-0.1704791406183843	0.4281112757778514	-0.0005209312362997	0.0020168167695658	-0.1315697772645252	0.4542545559826042	-0.0005709317779028	0.0020031681981337	
-0.2191431314946547	0.0379064929241829	-0.0020387646276012	0.0004036183673704	-0.1536924972122600	0.0524562522170655	-0.0020331477985742	0.0004311537098460	-0.1132253178996145	0.0803537637992969	-0.0020365837239639	0.0004145361549750	
-0.0037023978082087	-0.1437544269526279	-0.0000199546136235	-0.0020832372879130	0.0607579417014275	-0.1218614069106338	0.0000068341691949	-0.0020833220677773	0.0983139043983545	-0.0916753579043550	-0.0000034043336821	-0.0020833305379296	
0.0224671658624400	-0.0781299677877910	-0.0000580056715406	0.0020825216146605	0.0868676400075915	-0.0573032350589475	-0.0000825319047069	0.0020816897372891	0.1245655214138323	-0.0281279246041203	-0.0000731166493554	0.0020820434600963	
-0.4912671489515533	-0.0000285674625476	-0.0001117543929964	-0.0020803187760883	-0.4084629459447439	0.0177252698761848	-0.0000905334341847	-0.0020813554339257	-0.3593341280021500	0.0437247204307503	-0.0000650754809824	-0.0020823116382986	
-0.5626369493773624	-0.1374744875349531	-0.0001077328607911	-0.0020805319762256	-0.4738097626599088	-0.1135419214196473	-0.0000835105824923	-0.0020816505102238	-0.4201727829753105	-0.0843652518616618	-0.0000465181707160	-0.0020828113223106	
-0.0157190243375034	0.1550878883723506	0.0013566429752047	-0.0015781583291272	0.0449778038038523	0.1723201749994133	0.0017572583951638	-0.0011121428079773	0.0821542387846617	0.2011532250441727	0.0018065925815112	-0.0010296415589049	
-0.0100379473541569	0.1229343823218225	0.0000394909262405	-0.0020829571376073	0.0538657088880083	0.1426990559873039	0.0000679340280915	-0.0020822198831056	0.0916300068781690	0.1708441424599662	0.0000660312798217	-0.0020822813978813	
-0.5559985458866157	-0.0010367532137217	-0.0000956375699179	-0.0020811260036596	-0.4692574450082617	0.0166492969281439	-0.0000686555368301	-0.0020821960997146	-0.4178687281225456	0.0427117499615912	-0.0000237950782374	-0.0020831967591809	
0.0229897952479408	-0.1031226305705555	-0.0000497690974345	0.0020827358004370	0.0874641486112852	-0.0822897590784762	-0.0000429786749755	0.0020828877463507	0.1250960722357616	-0.0520776551639678	-0.0000492871901559	0.0020827473176903	
-0.0037974753717918	-0.1281084894323398	0.0000301735215045	-0.0020831137219270	0.0606251149009160	-0.1072722210608910	0.0000286085331369	-0.0020831359130535	0.0982354854473363	-0.0771075338463783	0.0000199794214055	-0.0020832370489497	
-0.0304397211329341	-0.0885214605586179	-0.0000788847060886	0.0020818318443252	0.0334717251912018	-0.0677277014049975	-0.0001356659374680	0.0020788892202142	0.0707606041426633	-0.0375095991708843	-0.0001607759411273	0.0020770891816339	
-0.0097812137130706	0.1093516456153782	0.0000460778943060	-0.0020828211580216	0.0541954897227380	0.1291757619335583	0.0000470297823218	-0.0020827997754289	0.0919740710884314	0.1572628467884651	0.0000504917469197	-0.0020827183194696	
-0.5583196156227920	-0.0499841760127912	-0.0001014501743280	-0.0020808493734270	-0.4708364739877096	-0.0302042644131266	-0.0000787647388049	-0.0020818364094001	-0.4186025554748597	-0.0031263976379459	-0.0000349152360714	-0.0020830392701723	
0.0228331749676828	-0.0958334886709787	-0.0000430707467057	0.0020828858349693	0.0873340913895279	-0.0749999294250742	-0.0000362155963912	0.0020830169567988	0.1249536793076207	-0.0447907919760674	-0.0000396255598465	0.0020829545679265	
0.4844598304197445	-0.2020438811977313	0.0003097503420710	-0.0020600612071816	0.5592436170664925	-0.1832965138052970	0.0002882315674113	-0.0020631976238134	0.6001740031150031	-0.1531843725292749	0.0002617507437403	-0.0020667417183724	
-0.4956760831291087	-0.1197908026940257	-0.0000884187435193	-0.0020814467961828	-0.4112974712926216	-0.0968729547764942	-0.0000493963710942	-0.0020827447181647	-0.3602820186243086	-0.0677032656689275	-0.0000144444614558	-0.0020832830078496	
-0.5518518332906515	0.0822976668821973	-0.0000823699341181	-0.0020816961846763	-0.4663786766375325	0.0968675023452724	-0.0000723188133249	-0.0020820714647379	-0.4163811580721584	0.1208258281160154	-0.0000279661724396	-0.0020831446794581	
-0.5616705454128620	-0.1198259471122201	-0.0001213183775277	-0.0020797802639509	-0.4730998394439382	-0.0968570212829895	-0.0000909450704477	-0.0020813373982168	-0.4197472467800786	-0.0677097536595735	-0.0000551872177603	-0.0020825985934869	
-0.5605237004244591	-0.0989358784881221	-0.0000974419654556	-0.0020810418801935	-0.4723350288153224	-0.0770980996188412	-0.0000684799289593	-0.0020822019115097	-0.4192850537141571	-0.0479255440045916	-0.0000355924100807	-0.0020830277521211	
0.0171464873834353	0.1103936207534020	-0.0000513032805163	0.0020826983878140	0.0810889609560312	0.1302101556583201	-0.0000622098817564	0.0020823996575717	0.1188361181887604	0.1583501619495928	-0.0000637536995536	0.0020823527308063	
-0.4926797844126083	-0.0312550592433493	-0.0000788341087580	-0.0020818337705369	-0.4095552109852066	-0.0125041336416515	-0.0000564186848525	-0.0020825654310353	-0.3599653612896687	0.0145605257394563	-0.0000140138238949	-0.0020832859638931	
-0.5212859995095543	-0.0187677577168628	0.0000901399734607	0.0020813725966548	-0.4368979816978047	0.0000169011801586	0.0000610520909810	0.0020824340949666	-0.3867051989555540	0.0260454026825576	0.0000303133079600	0.0020831116822945	
-0.5258385116143409	-0.1260389595671794	0.0000960341568903	0.0020811076493182	-0.4399582162695876	-0.1031113768847816	0.0000720740673045	0.0020820799938469	-0.3880882691269453	-0.0729095531350001	0.0000382990057376	0.0020829795055882	
-0.5642177623631840	-0.1687498446812312	-0.0001110007034068	-0.0020803593292585	-0.4749495502376063	-0.1437472930668464	-0.0000742407206138	-0.0020820034823000	-0.4206948235431998	-0.1125014705478916	-0.0000372398267461	-0.0020829988071026	
-0.5620831614448908	-0.1270869543258616	-0.0001195704238165	-0.0020798819958685	-0.4734141847366377	-0.1041887214002835	-0.0000880547235821	-0.0020814623049195	-0.4199152302470560	-0.0739533547896171	-0.0000539558072736	-0.0020826310221204	
0.0179575171549450	0.0833400204496385	-0.0000636369163262	0.0020823563208688	0.0819049385276115	0.1031188640856089	-0.0000756681660709	0.0020819518347644	0.1196355131827551	0.1322962432026991	-0.0000689601242178	0.0020821859839674	
0.4718269317992938	-0.4060043788549580	0.0019432278389249	-0.0007384030544323	0.5402152105346332	-0.3919479684829065	0.0019417043452215	-0.0007424199423884	0.5775495246811440	-0.3588238488985838	0.0019450023963109	-0.0007336924700102	
-0.5191145177533789	0.0281040698644368	0.0000969550712018	0.0020810647351212	-0.4353419178640721	0.0447907602806474	0.0000690988941446	0.0020821813603715	-0.3858099115965565	0.0708393988820607	0.0000452906136722	0.0020828385124806	
-0.0305261525125373	-0.0864302770360646	-0.0000987271053913	0.0020809810043134	0.0333284643905642	-0.0656323100359705	-0.0001460021321309	0.0020781853716281	0.0706838739254874	-0.0364609337711628	-0.0001630146024843	0.0020769138119492	
-0.4928233768978425	-0.0354319793325470	-0.0000642419464554	-0.0020823376501329	-0.4096320142444618	-0.0156357985025564	-0.0000436235403454	-0.0020828742731008	-0.3599763601415351	0.0114255810965083	0.0000019773537906	-0.0020833323902526	
-0.5644873588866085	-0.1739442977668810	-0.0001115456096751	-0.0020803300374844	-0.4751294689794594	-0.1489494537461254	-0.0000751650419627	-0.0020819701510866	-0.4207842241045613	-0.1177089508420782	-0.0000360973053760	-0.0020830190203407	
-0.0101053584837900	0.1260560913203394	0.0000485354597573	-0.0020827650596615	0.0537477173626993	0.1458157637620248	0.0000878239300154	-0.0020814721044671	0.0915163387806580	0.1739630481163293	0.0000835062953850	-0.0020816506830683	
0.4149009342832217	-0.0550937467901071	-0.0004108440518942	0.0020422144656404	0.4866203883323377	-0.0342783552264523	-0.0002713149313120	0.0020655017469834	0.5276338620660481	-0.0031848516246166	-0.0002503925057593	0.0020681555785168	
0.0240279025747647	-0.1364532634341429	-0.0000709973194183	0.0020821171734109	0.0885422471227607	-0.1156155272454535	-0.0000792097712777	0.0020818194397591	0.1261945892743164	-0.0843550417303272	-0.0000801130053035	0.0020817847039446	
-0.5629617159351596	-0.1437589517930927	-0.0001021578788201	-0.0020808145758777	-0.4740628252344896	-0.1197824267839877	-0.0000819417174926	-0.0020817131691281	-0.4202831749404065	-0.0895745697801388	-0.0000420268895498	-0.0020829072653376	
-0.0301480411433486	-0.1010403827340634	-0.0000418824946275	0.0020829101883522	0.0340004080500659	-0.0801895316452366	-0.0000618310027644	0.0020824109982461	0.0714469355003828	-0.0499824521717798	-0.0000862429558181	0.0020815385402692	
-0.2356278039660772	0.4157730048966903	-0.0012693522456374	0.0016495321483108	-0.1706931489479810	0.4291374848344943	-0.0003066965987985	0.0020605203401452	-0.1318000362027950	0.4552305460566186	-0.0003678242993130	0.0020504403779298	
-0.5591018097734787	-0.0666615167621029	-0.0000955518819568	-0.0020811299593630	-0.4713671061241310	-0.0458511075711225	-0.0000682706440976	-0.0020822088183940	-0.4188354289714590	-0.0187469926165963	-0.0000333718294975	-0.0020830646949671	
-0.4958041803458176	-0.1229107923636634	-0.0000808986943412	-0.0020817541677956	-0.4113751689656526	-0.1000001163151527	-0.0000532017087896	-0.0020826505194488	-0.3603032133396067	-0.0708322537361116	-0.0000148666126861	-0.0020832800232189	
-0.5122665133167355	0.1739586707643455	0.0000988047837039	0.0020809772991442	-0.4303892365906318	0.1864734021902859	0.0000869204861141	0.0020815102170773	-0.3830692366615734	0.2083169974281354	0.0000553144415637	0.0020825952013706	
-0.0057201167589775	-0.0354017759281455	0.0000471093510596	-0.0020827979682377	0.0585362360655375	-0.0145733596621294	0.0000587049316666	-0.0020825019221820	0.0962499019357806	0.0145714728053032	0.0000609492619028	-0.0020824371222131	
0.4793713936926545	-0.1416665008250651	0.0002125138982957	-0.0020724115247124	0.5546371947484225	-0.1229149613524055	0.0001857579836579	-0.0020749937357689	0.5961693767853942	-0.0916615168451149	0.0001607715508925	-0.0020770895231541	
-0.4931632662232313	-0.0531375924026768	-0.0000179434055613	-0.0020832556732512	-0.4098322318776158	-0.0333389342513477	-0.0000006032537813	-0.0020833332455565	-0.3598149173931356	-0.0052155948062509	0.0000325916795624	-0.0020830771091043	
-0.4931068050020584	-0.0468681147072584	-0.0000297343205537	-0.0020831200689792	-0.4097972985715435	-0.0271073126626724	-0.0000210618583650	-0.0020832263331472	-0.3598858507467476	-0.0000255545262329	0.0000226040042356	-0.0020832100899506	
-0.5575469245840509	-0.0354348660659530	-0.0001210339075278	-0.0020797969211957	-0.4702491614790245	-0.0156365094613506	-0.0000863630550005	-0.0020815335358832	-0.4183147123816907	0.0104130775172503	-0.0000514532250439	-0.0020826946702990	
-0.3533050961135984	-0.0292181779298675	-0.0019522104877505	0.0007141936297785	-0.2824385590150607	-0.0131245583795577	-0.0019272874752905	0.0007792594979035	-0.2380662532165675	0.0153396537003860	-0.0019311293351699	0.0007696412529225	
-0.5587607072980603	-0.0593900955751777	-0.0000953655723143	-0.0020811385479088	-0.4711563386336622	-0.0395643642867333	-0.0000691792952790	-0.0020821786772746	-0.4187264435159227	-0.0114587673546589	-0.0000304659800084	-0.0020831094438745	
-0.5132992573220017	0.1510416348466800	0.0000944245551405	0.0020811816704594	-0.4311965455608813	0.1635411196164362	0.0000708624106359	0.0020821217922461	-0.3835284822100389	0.1864601747664344	0.0000411887379161	0.0020829240918677	
-0.5576083168680565	-0.0364739841970415	-0.0001207964577921	-0.0020798107951068	-0.4702901299237259	-0.0166772709173940	-0.0000874591205692	-0.0020814875418103	-0.4183421803913367	0.0093716778115521	-0.0000511858665925	-0.0020827012912320	
0.0222322488402190	-0.0708212525603540	-0.0000753893887117	0.0020819619988188	0.0865687957181182	-0.0499886283295146	-0.0000845942179010	0.0020816065359334	0.1242919748498548	-0.0208463169414914	-0.0000826763057827	0.0020816839785763	
-0.4952873866001489	-0.1093689318228224	-0.0000613660411676	-0.0020824248207986	-0.4111398855444893	-0.0874894526720749	-0.0000228930403651	-0.0020832069178909	-0.3602663754722664	-0.0583202838773404	0.0000079768096637	-0.0020833179857478	
-0.5205478223118841	-0.0020842956193310	0.0000970636173639	0.0020810596498778	-0.4363976180937681	0.0156247480437736	0.0000774871111724	0.0020818845949263	-0.3864508451708121	0.0416661533435012	0.0000429663317296	0.0020828880022817	
-0.5614831568036285	-0.1166387505759167	-0.0001203501069204	-0.0020798368008752	-0.4729688983961532	-0.0937397967535803	-0.0000905727324971	-0.0020813537156224	-0.4196632570745996	-0.0645877585022530	-0.0000545234861570	-0.0020826161635314	
0.0184922829019062	0.0583304087122513	-0.0000413236141278	0.0020829214070183	0.0826072704050905	0.0781201718295506	-0.0000395826029183	0.0020829553887732	0.1202966338198483	0.1072892746290846	-0.0000424837175039	0.0020828979513920	
0.4102315696645171	-0.0062433830247576	-0.0000624546223447	0.0020823922950894	0.4829185203319650	0.0156539771240275	0.0000703242728764	0.0020821401288088	0.5244621680206831	0.0469145166428641	0.0001330559811851	0.0020790587422025	
-0.5237905547843104	-0.0760379979346499	0.0000987982376304	0.0020809776114974	-0.4386047443438307	-0.0552055554868580	0.0000788073318974	0.0020818347894161	-0.3874414494019178	-0.0270838388137720	0.0000369082335489	0.0020830047384660	
-0.0050375396775123	-0.0687442820378023	0.0000571321329528	-0.0020825458833741	0.0593064379146306	-0.0479129719730859	0.0000671906631067	-0.0020822441238786	0.0970592761740754	-0.0187273136770269	0.0000722137350902	-0.0020820751301362	
-0.0338031733410253	-0.1387967167649264	0.0011197380488667	0.0017550463175867	0.0321250795868063	-0.1176751022186954	0.0005693502082003	0.0020036205463870	0.0690215235845409	-0.0876944409824226	0.0007271675107592	0.0019516295809661	
-0.4388547928034746	-0.1287663323289946	-0.0020322957104602	-0.0004351723564722	-0.3591540924264929	-0.1087881535142799	-0.0019320644644502	-0.0007672789499626	-0.3147377901408187	-0.0772173567684118	-0.0020020052255792	-0.0005587375768276	
0.0181537438526251	0.0760470830257120	-0.0000497126594742	0.0020827371550624	0.0821723297198917	0.0958353366336625	-0.0000700200412167	0.0020821504333098	0.1198729522801465	0.1250076041656616	-0.0000631049409645	0.0020823725910957	
0.4945911243373078	-0.2937498305498480	0.0001895418448853	-0.0020746498045989	0.5697729404153999	-0.2770962449422049	0.0002105996591835	-0.0020726079038366	0.6092502102864121	-0.2458520645675527	0.0001910237102731	-0.0020745132059206	
-0.5471961691830834	0.1770668689225628	-0.0001056271184252	-0.0020806404865950	-0.4631626136376443	0.1885321419422408	-0.0000826193621931	-0.0020816862506899	-0.4147458033905798	0.2104195772992985	-0.0000554371689884	-0.0020825919217326	
-0.5204482222360632	-0.0000044875568935	0.0000991261197779	0.0020809619407392	-0.4363196807290163	0.0177063937237702	0.0000799030742501	0.0020817928124801	-0.3864068000456058	0.0437492799001576	0.0000460246176373	0.0020828223418676	
0.0190381805902418	0.0364636451857996	-0.0000550689574609	0.0020826017396031	0.0831478920134007	0.0562504577920693	-0.0000610378033042	0.0020824345158956	0.1208513660111148	0.0854234700515664	-0.0000638429484556	0.0020823499827420	
0.5193200456179550	-0.4376107184053973	0.0008065609181491	-0.0019200209620315	0.5912425256279101	-0.4197805596116629	0.0012520286923111	-0.0016627850897896	0.6270888628485090	-0.3848398481384385	0.0012886820708193	-0.0016343997097846	
-0.0068019487025393	0.0000284944239702	0.0000503287837223	-0.0020827222835854	0.0573750258284431	0.0198080442973171	0.0000403188365820	-0.0020829411971996	0.0951713067540164	0.0489315511306622	0.0000293415399692	-0.0020831256663484	
0.4892907605520749	-0.2427056299949608	0.0002332538766268	-0.0020701685993937	0.5644642462567693	-0.2250057571616458	0.0001991954186824	-0.0020737406590234	0.6046361688199349	-0.1937471927344427	0.0001729165960013	-0.0020761088461310	
-0.2680196315980518	0.0431468276624674	-0.0020458593265961	0.0003657643121040	-0.2005546525239723	0.0572077836251079	-0.0020418774199981	0.0003874816183923	-0.1600888163766474	0.0850168705787100	-0.0020430372225831	0.0003812880695045	
-0.5586625230433723	-0.0573114334090222	-0.0000955868174185	-0.0020811283470296	-0.4710888241778192	-0.0374851085687180	-0.0000702906171446	-0.0020821412709480	-0.4186967496810166	-0.0093759457537761	-0.0000303415881028	-0.0020831112685105	
0.4942772418380634	-0.2906142824883461	0.0001995168119514	-0.0020737096074286	0.5694128327970824	-0.2739584549922696	0.0002238301416039	-0.0020712139031740	0.6089208355342091	-0.2427097925258053	0.0002049953968042	-0.0020731725173894	
-0.0663708405166504	-0.0873547594205542	0.0011475555840763	-0.0017368941561352	-0.0040202032691063	-0.0675812133356714	0.0011186056367414	-0.0017557719082740	0.0338455849706424	-0.0379340036599704	0.0011624518729122	-0.0017269101029199	
-0.0340924487619950	0.0271980360538672	-0.0008092700053132	0.0019188749707403	0.0281428600581139	0.0459171613927722	-0.0015941660245691	0.0013364841015832	0.0659164046544086	0.0754293222567570	-0.0016309423748237	0.0012911189944389	
-0.5270649595740153	-0.1541559840734802	0.0000700094486794	0.0020821507912794	-0.4408040930883139	-0.1302021045954796	0.0000320957691640	0.0020830848475876	-0.3884328799537053	-0.0989604236543546	-0.0000051661823112	0.0020833268957905	
-0.0322759842019512	-0.0218802066077885	-0.0000677264916041	0.0020822266776354	0.0314835057900170	-0.0020604074063136	-0.0000791238271530	0.0020818227243754	0.0688067264461424	0.0271003810387006	-0.0000926104835188	0.0020812635919094	
-0.5146948693164155	0.1218903939430890	0.0000900153803493	0.0020813780157849	-0.4321466243090655	0.1354139423536261	0.0000585034743703	0.0020825076198156	-0.3840093391908441	0.1593700406236777	0.0000253941494600	0.0020831777856454	
-0.0082043748726267	0.0437449471996466	0.0001190463705760	-0.0020799122074413	0.0558833327419421	0.0635518453798918	0.0001120475940184	-0.0020803029256984	0.0937166439478253	0.0916575656896180	0.0001170604460836	-0.0020800254874293	
-0.5215940003744581	-0.0260427556630530	0.0000874054007206	0.0020814898095917	-0.4371121700172144	-0.0073053846261836	0.0000576162104841	0.0020825324802223	-0.3867938869237768	0.0197990188648944	0.0000295706683695	0.0020831224101724	
-0.5476767185702438	0.1677117753508719	-0.0001123215560085	-0.0020802880777246	-0.4635423183796300	0.1791697302774604	-0.0000824576042796	-0.0020816926964604	-0.4149498024516103	0.2020865970596136	-0.0000504449817692	-0.0020827194583541	
-0.0319094233110158	-0.0322746978327775	-0.0000666508696463	0.0020822615589537	0.0319219814098869	-0.0125226625429295	-0.0000895370404778	0.0020813987512360	0.0693197394717219	0.0166426479744740	-0.0001009636819698	0.0020808731534299	
0.4933280316339204	-0.2812383783712716	0.0002312400942418	-0.0020703956391200	0.5682647174964306	-0.2635342570741764	0.0002167749520711	-0.0020719679407117	0.6079786376443088	-0.2333429975706579	0.0001884213760107	-0.0020747523774836	
-0.5525148683431120	0.0645695248059224	-0.0000915480647134	-0.0020813108302228	-0.4668677763562403	0.0802227877526696	-0.0000613361262900	-0.0020824257065438	-0.4165307379110103	0.1041635183571261	-0.0000226266772324	-0.0020832098425801	
0.0243909533515169	-0.1635265509252024	0.0000383161323966	0.0020829791890391	0.0892207273556755	-0.1416721189689674	0.0000134777325861	0.0020832895187948	0.1268350217081303	-0.1114558281979171	0.0000245439294642	0.0020831880274034	
0.5164746688004609	-0.4322446455636208	0.0011464837472648	-0.0017376053795283	0.5873184217002752	-0.4153424883018635	0.0014737407419809	-0.0014688406550344	0.6231544891524892	-0.3805335467430058	0.0015020858089940	-0.0014396946168103	
0.0243007450121429	-0.1447750018982869	-0.0000607884817316	0.0020824418452801	0.0888296548036702	-0.1228942627474666	-0.0000802657868799	0.0020817787893975	0.1265118525530915	-0.0927198077067908	-0.0000766855623902	0.0020819144223928	
-0.4928565908715419	-0.0364762138609040	-0.0000616080926843	-0.0020824176380318	-0.4096519348421382	-0.0166799368627096	-0.0000397153507768	-0.0020829528492712	-0.3599715138499708	0.0103816223304747	0.0000065057885282	-0.0020833231243862	
-0.5511453166791834	0.0968959130681553	-0.0001156923048803	-0.0020801024160285	-0.4658348339997411	0.1114656447027099	-0.0000761676327984	-0.0020819335305650	-0.4161238533628139	0.1343803200483550	-0.0000456627892702	-0.0020828303457004	
0.0243883199206485	-0.1478962316986169	-0.0000489327107725	0.0020827557179320	0.0889430026181731	-0.1260608840090595	-0.0000760362620313	0.0020819383566604	0.1266231386147281	-0.0958399763557102	-0.0000715791414834	0.0020820971529668	
-0.1464174587865428	0.2574128058688968	0.0018777636008666	-0.0008925411020556	-0.0849546147064905	0.2711824326194063	0.0018125219205923	-0.0010191149855948	-0.0477614773946398	0.2990103356787281	0.0018285922504044	-0.0009898426708384	
-0.5635842925737625	-0.1562346054924342	-0.0001034631913737	-0.0020807497580787	-0.4745078370324052	-0.1312596205658977	-0.0000782578640323	-0.0020818556205346	-0.4204979550614451	-0.1010441747512366	-0.0000368258879578	-0.0020830062031948	
-0.0036918870392286	-0.1406173743603552	0.0000022303024276	-0.0020833321335367	0.0607433918364063	-0.1187335441250336	0.0000122950105453	-0.0020832968712385	0.0983126930886808	-0.0885540952297982	0.0000043594854499	-0.0020833287492664	
0.0219992712562515	-0.0645774183551446	-0.0000744713475587	0.0020819952045094	0.0863277669387706	-0.0437475085858647	-0.0000712696429138	0.0020821078231496	0.1240525618434525	-0.0145713128075267	-0.0000736959945411	0.0020820229318439	
-0.5616055396004209	-0.1187126619180269	-0.0001211489097513	-0.0020797901919234	-0.4730567539442391	-0.0958179660339700	-0.0000910054667977	-0.0020813347450743	-0.4197192265219759	-0.0666691357125500	-0.0000551473694994	-0.0020825996543372	
0.4109670045688385	-0.0187887182264383	-0.0001472289192412	0.0020780983869553	0.4833564365668808	0.0020922118079948	-0.0001283642980615	0.0020793551632206	0.5246110337690757	0.0343717157187290	-0.0001044198047182	0.0020807017317567	
0.4911830461654207	-0.2593570693610424	0.0002019830316068	-0.0020734696506130	0.5662393912087604	-0.2416649791645682	0.0002174289404301	-0.0020718990712507	0.6061837946230804	-0.2104346930658685	0.0001974807633220	-0.0020739054676852	
-0.4900177601976031	0.0260199786925469	-0.0001140157940589	-0.0020801954468821	-0.4075412853034206	0.0427356030368155	-0.0001544437830396	-0.0020775720161205	-0.3587638731458350	0.0687779609055124	-0.0001136972870431	-0.0020802129671111	
-0.0344593585105102	0.0280139546195446	-0.0009137073779694	0.0018711592881091	0.0275786260017757	0.0463820327284649	-0.0018038399778247	0.0010344803441146	0.0652683998128929	0.0758434013159441	-0.0018870453714626	0.0008726457395606	
-0.4906095244753867	0.0146032030654939	-0.0000715331800389	-0.0020820987404470	-0.4080309271543618	0.0322760084868969	-0.0000843160496908	-0.0020816178782689	-0.3590881534920903	0.0583144865532010	-0.0000485417186525	-0.0020827649130684	
-0.5204986544645051	-0.0010444016020242	0.0000981190574720	0.0020810099066128	-0.4363591908828619	0.0166655739456525	0.0000787689044493	0.0020818362510029	-0.3864287613851782	0.0427077233688502	0.0000445391728114	0.0020828547978136	
0.5187342359749954	-0.4363185481584369	0.0008858910959217	-0.0018845545425263	0.5903301066155013	-0.4186142668399307	0.0013202883722191	-0.0016088473172657	0.6261820937246578	-0.3837016331801659	0.0013552509795677	-0.0015793598559742	
-0.5578412900464474	-0.0406308108512850	-0.0001170446127111	-0.0020800263829059	-0.4704646163087225	-0.0208396028674672	-0.0000886502116756	-0.0020814369013568	-0.4184149675057598	0.0062475703847533	-0.0000487595174216	-0.0020827598001034	
0.4994333035832033	-0.4161075972331913	0.0018011401882648	-0.0010391972836973	0.5691856884430777	-0.4024379189745901	0.0019451906881529	-0.0007331906177060	0.6069571378820890	-0.3695601788086380	0.0019432439830299	-0.0007383603544853	
-0.0070154884936092	0.0125238641008802	0.0000253790647456	-0.0020831779703953	0.0572261429513329	0.0322983236725911	0.0000187218390607	-0.0020832487887415	0.0950324554915165	0.0615022211810589	0.0000234055566638	-0.0020832011941171	
0.4778000741098538	-0.1250014160744102	0.0002021312207381	-0.0020734551374149	0.5529834651691465	-0.1052031262363849	0.0002168683357183	-0.0020719581196096	0.5947419057145367	-0.0739527908658430	0.0001865286743376	-0.0020749242514463	
-0.4931539343501044	-0.0520932115731410	-0.0000157017282101	-0.0020832738656371	-0.4098325199842674	-0.0323011948068354	-0.0000038289182592	-0.0020833297971680	-0.3598303920728363	-0.0041773850342936	0.0000313789872782	-0.0020830958229465	
0.4915460354667378	-0.2635466739315662	0.0001834780962470	-0.0020751975892707	0.5666307990803803	-0.2458503610767662	0.0001992980002035	-0.0020737307535406	0.6066690994360417	-0.2156156701775937	0.0001692476518131	-0.0020764126774959	
0.4187060362813357	-0.4979177171681327	-0.0000423648683790	0.0020829003842184	0.4899977713703210	-0.4771382495820853	-0.0001568089076057	0.0020773939552777	0.5245973595390960	-0.4385558513449627	-0.0001375297603697	0.0020787661370150	
-0.5127492513651080	0.1635668191230730	0.0000924481858332	0.0020812708434901	-0.4307668086677827	0.1760228731180776	0.0000713653452909	0.0020821045286862	-0.3832806420841398	0.1989546771152686	0.0000420123626778	0.0020829075598632	
-0.5244946297507956	-0.0937596054577658	0.0000729624536797	0.0020820488964625	-0.4391134940064715	-0.0718856906865956	0.0000496810046413	0.0020827379141693	-0.3876736572890541	-0.0437484378236588	0.0000234935418725	0.0020832001987533	
0.4237074604721376	-0.0702275482654320	-0.0016949059821232	0.0012054833070952	0.4924310526160229	-0.0511284610392225	-0.0013127173578334	0.0016150616123681	0.5326651507022504	-0.0201203998558099	-0.0012214390353491	0.0016854956451026	
-0.5130251069670092	0.1572793385135554	0.0000921436224518	0.0020812844172093	-0.4309823812094780	0.1697829375324920	0.0000701597037256	0.0020821457084138	-0.3834049511886916	0.1927080790728232	0.0000401422046890	0.0020829446257945	
-0.5141006564216288	0.1343652498037591	0.0001036214940374	0.0020807418411644	-0.4317509542964871	0.1479041941485024	0.0000732042366028	0.0020820403669783	-0.3838345033504890	0.1708368597608733	0.0000367994023614	0.0020830066736138	
-0.5250539250274229	-0.1083164451832107	0.0000874123189822	0.0020814895176159	-0.4394317495361032	-0.0854199842729308	0.0000514686744864	0.0020826942866503	-0.3878390047018107	-0.0572852198148687	0.0000281502281818	0.0020831421879703	
0.4764576744850300	-0.1114661544383073	0.0002134476547154	-0.0020723150803433	0.5515970783328878	-0.0916670109477226	0.0002046682369255	-0.0020732050027262	0.5935234943963255	-0.0604210903563981	0.0001744696455277	-0.0020759782590464	
-0.5129769727570463	0.1583184357436530	0.0000920323797933	0.0020812893638597	-0.4309485422858590	0.1708230930671029	0.0000702327343927	0.0020821432339740	-0.3833848176212489	0.1937492723324946	0.0000401731905302	0.0020829440254187	
-0.5265377305636237	-0.1738796005027061	-0.0005537630628507	0.0020080062409680	-0.4406135682594130	-0.1489655313554893	-0.0002197217364288	0.0020716559671857	-0.3877211820826724	-0.1177399204804855	-0.0003568692901966	0.0020523850791379	
-0.5482103150600506	0.1572736079076854	-0.0001017691087021	-0.0020808337215653	-0.4639144305932869	0.1698046271370772	-0.0000780982354582	-0.0020818616449234	-0.4151756044683288	0.1916626293184299	-0.0000391141016959	-0.0020829642833471	
-0.5241468832180299	-0.0843581810267490	0.0000824953497697	0.0020816911935002	-0.4388542664293583	-0.0624911586084925	0.0000662151253169	0.0020822755306011	-0.3875586911856213	-0.0343751051857659	0.0000288556384194	0.0020831324877371	
-0.5588106737620228	-0.0604290893612041	-0.0000953629769234	-0.0020811386674331	-0.4711563386336622	-0.0395643642867333	-0.0000691792952790	-0.0020821786772746	-0.4187413669775031	-0.0125000875698978	-0.0000307511747480	-0.0020831052323264	
0.4800711465372218	-0.1479162929053444	0.0002274822820400	-0.0020708139763789	0.5552845781456239	-0.1291628582348800	0.0002122196220286	-0.0020724418309042	0.5967202034592223	-0.0979190768566457	0.0001788695953401	-0.0020756019064395	
0.0214126676050861	-0.0427158893448987	-0.0000450485696804	0.0020828437878525	0.0856966141828848	-0.0218600188936738	-0.0000616906897624	0.0020824151805254	0.1234004635350958	0.0072840618425121	-0.0000618051021689	0.0020824117709752	
0.0187882584958855	0.0458353839885025	-0.0000577993492887	0.0020825273799631	0.0828850851075615	0.0656201768238903	-0.0000550795799902	0.0020826014572847	0.1205817504592533	0.0947927489873233	-0.0000576445544071	0.0020825316919278	
-0.0736393085310638	-0.0697372434744047	0.0001987391680585	-0.0020737846531679	-0.0092933646903304	-0.0520597243549051	0.0002760165883632	-0.0020648755940210	0.0281001294049300	-0.0218556275136519	0.0003860247704789	-0.0020470751445398	
0.0168811679492969	0.1208405165544392	-0.0000624685377440	0.0020823918756059	0.0807531757660571	0.1406176086253695	-0.0000742236849062	0.0020820040927355	0.1185025264614004	0.1687511989942444	-0.0000749219327845	0.0020819789576752	
0.0241382162477912	-0.1395737756794581	-0.0000700285275470	0.0020821501464794	0.0886672882768553	-0.1187350967539531	-0.0000804614510686	0.0020817711982784	0.1263230080314133	-0.0875189157325216	-0.0000796319267026	0.0020818032539546	
0.0194450287163566	0.0197897777113396	-0.0000495233216003	0.0020827416883210	0.0835926436608336	0.0395876259058142	-0.0000553314936546	0.0020825947461237	0.1213224550428785	0.0687477650747935	-0.0000556852863291	0.0020825852690894	
-0.5656282916470288	-0.2000179800131736	-0.0000292007670487	-0.0020831276543285	-0.4758342123189379	-0.1729164256875020	-0.0000387982731374	-0.0020829702196242	-0.4209798806686524	-0.1416744313250267	0.0000209155071976	-0.0020832278150289	
-0.0227096954044700	0.1597285869709350	0.0019496190619046	-0.0007212728072391	0.0384322470661759	0.1749547401304453	0.0020193579324927	-0.0004919926825357	0.0747068828316008	0.2037228974563288	0.0020399284604111	-0.0003976645639091	
0.4832647810213970	-0.4101925603027702	0.0019730891917682	-0.0006539931823466	0.5528122467658092	-0.3968048305279558	0.0019505903394644	-0.0007186287720284	0.5901465342265642	-0.3636593605125495	0.0019498744521631	-0.0007205786453390	
-0.1456635575926385	0.2570323022804445	0.0018836745404130	-0.0008799344738506	-0.0841921410214819	0.2707947278552791	0.0018309033300369	-0.0009855398457314	-0.0469803677988216	0.2986353001050748	0.0018373544804076	-0.0009733991136598	
0.4789870155846352	-0.1374997834116888	0.0001987745868699	-0.0020737812415404	0.5541714340376283	-0.1177116975409856	0.0001852625793984	-0.0020750382475564	0.5958338212863816	-0.0875082940876777	0.0001619216883123	-0.0020769997322098	
-0.5516803182549750	0.0864546152888260	-0.0000950969410642	-0.0020811509017646	-0.4662310852361506	0.1010291529923941	-0.0000779128504641	-0.0020818686259005	-0.4163163395686481	0.1249919055399445	-0.0000370365017574	-0.0020830024503658	
0.4961736299442174	-0.3124727154836373	0.0001631980591601	-0.0020768993323634	0.5714424347828670	-0.2968730218193728	0.0001606410203942	-0.0020770996729509	0.6105766114579485	-0.2645634241485719	0.0001411486313595	-0.0020785223362870	
0.4919767260456878	-0.2687911195807570	0.0001858406109983	-0.0020749863000906	0.5671136162270030	-0.2510259007231594	0.0001771946815524	-0.0020757462842540	0.6070873566954420	-0.2208559205991220	0.0001395900562733	-0.0020786281161537	
-0.5178844620759386	0.0520941737156750	0.0001027055642654	0.0020807874799591	-0.4344320379528437	0.0677095630507770	0.0000830019309729	0.0020816709556439	-0.3851677453288567	0.0927095526766203	0.0000571652647329	0.0020825449696283	
0.0239471095510165	-0.1760470151035666	0.0001880467280418	0.0020747865376903	0.0889770083556963	-0.1541598094538105	0.0000605777853890	0.0020824480157784	0.1265575953053578	-0.1229117491526633	0.0000741141000179	0.0020820080161053	
0.0040368405311157	0.1830955298586927	-0.0018219575650735	0.0010020628797366	0.0644931468685689	0.1991748791432468	-0.0019680130218010	0.0006691882700776	0.1018213227779305	0.2281001621046940	-0.0019851138674880	0.0006163381347268	
-0.5603862885547174	-0.0958184105745458	-0.0000937695165026	-0.0020812114349549	-0.4722366731893001	-0.0739434128946314	-0.0000642576288661	-0.0020823371638352	-0.4192497471382291	-0.0458256357191398	-0.0000337520071292	-0.0020830585389476	
0.5108202853455657	-0.4254656241996007	0.0014764949031525	-0.0014660582415153	0.5814692772449597	-0.4098903655080131	0.0015940802385525	-0.0013365869331906	0.6170270107591045	-0.3752311066918233	0.0016545882214610	-0.0012605198030490	
0.0233383860886898	-0.1166482575236329	-0.0000650152723210	0.0020823135284572	0.0877986028279385	-0.0958132766282745	-0.0000663576225415	0.0020822709716839	0.1254895008485309	-0.0656344138496452	-0.0000674772877944	0.0020822348088125	
-0.0318932530917134	0.0156079454328615	-0.0000219418547332	0.0020832172048432	0.0320032002497241	0.0353999053870872	-0.0002548316133981	0.0020676105834913	0.0697173528272524	0.0645897014412662	-0.0002313360483478	0.0020703848662022	
-0.4921509528624843	-0.0198033182878538	-0.0001027194613203	-0.0020807867905337	-0.4091780010156283	-0.0010509162549254	-0.0000708923828478	-0.0020821207668556	-0.3597708309655055	0.0260486621621568	-0.0000438668261688	-0.0020828691379490	
0.4939574607514738	-0.2875158095099877	0.0002112852707404	-0.0020725377742779	0.5690372063442335	-0.2708162211950637	0.0002304760458686	-0.0020704812585544	0.6085784366861080	-0.2395646114860250	0.0002088319806309	-0.0020727876531607	
-0.4960239904465400	-0.1301844613335302	-0.0000452225483353	-0.0020828399988294	-0.4115367878957635	-0.1072895404096774	-0.0000336671173964	-0.0020830599195716	-0.3603239334566899	-0.0770884865212191	0.0000031276087881	-0.0020833309739142	
-0.5608395217311992	-0.1052231865974873	-0.0001073472311904	-0.0020805520086198	-0.4725517331783046	-0.0833423797019162	-0.0000787266412368	-0.0020818378576586	-0.4194070346333918	-0.0541757068274077	-0.0000436766017640	-0.0020828731555440	
-0.5637453581368849	-0.1593934170873108	-0.0001048699982946	-0.0020806789766605	-0.4746226951542292	-0.1343812072353031	-0.0000764782507647	-0.0020819220863826	-0.4205509867365660	-0.1041686994601516	-0.0000364580080169	-0.0020830127069200	
-0.5262221770759171	-0.1343570881804388	0.0000989840762328	0.0020809687359393	-0.4402232463536956	-0.1104265972672174	0.0000770802446122	0.0020818997741760	-0.3882464008459827	-0.0812537536478398	0.0000393916792222	0.0020829590262811	
-0.0041543142399758	-0.1062498911093840	0.0000319841373465	-0.0020830865731930	0.0603316418769538	-0.0854132844034978	0.0000377253828496	-0.0020829900259841	0.0980326094866862	-0.0551901635971260	0.0000345061306512	-0.0020830461214093	
-0.0038773807608193	-0.1489866197175403	-0.0001387895913932	-0.0020786819848054	0.0607529822664493	-0.1270867812078681	-0.0000180585488122	-0.0020832546733413	0.0982715985196829	-0.0968664177273220	-0.0000398473146695	-0.0020829503163362	
0.4756678993164332	-0.1041619894292994	0.0002054861817690	-0.0020731236866434	0.5508934234513818	-0.0843906866674023	0.0002026004239323	-0.0020734091141880	0.5929423746972544	-0.0530802207390709	0.0001948294588570	-0.0020741574747131	
-0.1995929941238736	0.4280459148021741	0.0015375338597510	-0.0014015821706138	-0.1372104023345712	0.4395043405919146	0.0018358098918362	-0.0009763235966022	-0.0996315190138189	0.4668704244152921	0.0018920812879857	-0.0008616170521804	
0.4185057893770661	-0.0647754451645695	-0.0011381659259970	0.0017430923377481	0.4887425075627108	-0.0446073724133791	-0.0006789540493275	0.0019690077202890	0.5293879105543402	-0.0133264459930532	-0.0005771550874280	0.0020013750675308	
0.0212787923781531	-0.0374860400198057	-0.0000548042944970	0.0020826087560454	0.0855344399461652	-0.0166530471801065	-0.0000733988911360	0.0020820334795340	0.1232254988533139	0.0124831882011124	-0.0000691565966217	0.0020821794350766	
-0.5561321881346639	-0.0041569050138771	-0.0000873831415696	-0.0020814907488519	-0.4693576583188288	0.0135305452612961	-0.0000625822146308	-0.0020823884452819	-0.4179002733880231	0.0395861660179099	-0.0000185365143087	-0.0020832504542795	
-0.5637955501600047	-0.1604333593840423	-0.0001055057054415	-0.0020806466776116	-0.4746592543140410	-0.1354218453288862	-0.0000759160293255	-0.0020819427662718	-0.4205697403136824	-0.1052102854895351	-0.0000364370675362	-0.0020830130751606	
0.0175217933518049	0.0968689424377248	-0.0000613815399406	0.0020824243617277	0.0814477311096035	0.1166850649383339	-0.0000591151830740	0.0020824902588109	0.1191964403001206	0.1458189595817733	-0.0000592943869458	0.0020824851385686	
-0.5517692519364397	0.0843763444908142	-0.0000884598338602	-0.0020814450415404	-0.4663063806376944	0.0989481192804212	-0.0000753962127621	-0.0020819617504665	-0.4163510379803939	0.1229087893645217	-0.0000326052994018	-0.0020830768948977	
-0.5229933514729186	-0.0604038805881363	0.0001071442677228	0.0020805625230817	-0.4380149137567574	-0.0395952739403242	0.0000727883531560	0.0020820550207877	-0.3871660552097464	-0.0125016451947954	0.0000346199627100	0.0020830442231887	
-0.5483140960641147	0.1551944094244901	-0.0000977777382271	-0.0020810260520958	-0.4639918970036727	0.1676957481595373	-0.0000752343423079	-0.0020819676354611	-0.4151927287838399	0.1906208635452651	-0.0000373801347773	-0.0020829962813689	
-0.4942482477969597	-0.0781445514597555	-0.0001154948899614	-0.0020801134414866	-0.4104072814726683	-0.0572930608494885	-0.0000968254686549	-0.0020810707993593	-0.3601085540925684	-0.0291831305247508	-0.0000576195241845	-0.0020825323880825	
-0.4961114958364249	-0.1343453392257719	-0.0000463989576328	-0.0020828139947524	-0.4115875315364105	-0.1114531544693392	-0.0000186773578476	-0.0020832491900113	-0.3603064684137763	-0.0812573180319038	0.0000122587094824	-0.0020832970862315	
-0.0088585680740121	0.0614389835797739	0.0000371468310485	-0.0020830004759148	0.0552862948581786	0.0812456535423048	0.0000365450748875	-0.0020830111735705	0.0930790789723948	0.1093851658245452	0.0000401209573273	-0.0020829450372116	
0.0179864497437188	0.0822984665125076	-0.0000620829897769	0.0020824034634481	0.0819431318851684	0.1020786909051961	-0.0000758726376167	0.0020819443559745	0.1196718445958582	0.1312554170388430	-0.0000687258430310	0.0020821937687328	
