-0.1501575182962299	0.2926977605170383	0.0000243027683409	0.0020831908689351	-0.1359320746090150	0.2906215671399640	0.0000228957862061	0.0020832068875631	-0.1372637482139770	0.2572940186262807	0.0000277453899300	0.0020831476465366	
-0.1497449896624441	0.3437534506831409	0.0000071899655869	0.0020833208642385	-0.1355205247773655	0.3416776823731489	-0.0000002824926628	0.0020833333140849	-0.1369336491908493	0.3083297417092253	0.0000047705719727	0.0020833278439763	
-0.1524174151157686	0.0989588372348416	0.0000006413574470	0.0020833332341177	-0.1381959783562713	0.0958333332578113	0.0000031291751928	0.0020833309715502	-0.1385891190300765	0.0635403085310648	-0.0000084548937567	0.0020833160909177	
-0.1998900015352922	0.2260277692709857	-0.0000241561010130	0.0020831925833510	-0.1855484011262187	0.2229279432071519	-0.0000239676295743	0.0020831947711829	-0.1863371260768128	0.1906154614439053	-0.0000627838065086	0.0020823823466765	
0.3137709454055536	0.1271589802150915	-0.0017992635805782	-0.0010424592868725	0.3282637365787012	0.1232997448798335	-0.0019823478374029	-0.0006252213639474	0.3273709011888066	0.1006941407659530	-0.0020128846160559	-0.0005179666540255	
-0.1762760281965537	0.3489735233370530	0.0000368836997024	-0.0020830051752060	-0.1620948003539990	0.3468749984277841	0.0000403723979774	-0.0020829401545459	-0.1634550155540885	0.3135317084714411	0.0000013552678730	-0.0020833328903062	
-0.1518413858814227	0.1479189052844124	0.0000102324066308	0.0020833080788657	-0.1375834469603100	0.1447981297883192	0.0000093670139006	0.0020833121699772	-0.1381880467375631	0.1124998044372446	0.0000161562183971	0.0020832703731481	
-0.6536066842885311	0.1458229414563205	0.0000606426463667	-0.0020824461185303	-0.6454276934210537	0.1426938735119546	0.0000921726079958	-0.0020812831273198	-0.6482987289475840	0.1052148046020506	0.0000562096964550	-0.0020825711105279	
-0.1499305482487124	0.3197887419837812	0.0000239785340613	0.0020831946450675	-0.1356816057762348	0.3177120954285230	0.0000231977620761	0.0020832035300393	-0.1370883787708770	0.2843758441941985	0.0000131659649576	0.0020832915224106	
-0.1507700282518031	0.2572931520223631	0.0000246611611033	0.0020831866359607	-0.1366061156012655	0.2541744504722302	0.0000204229813509	0.0020832327262005	-0.1377209489158568	0.2218672644960865	0.0000125341833496	0.0020832954388456	
0.3024449885267809	0.4612458764595028	-0.0018918055889284	-0.0008622252497132	0.3157589039452743	0.4597045647294712	-0.0018838008150807	-0.0008796627535113	0.3063903378280125	0.4326667836811674	-0.0018779650028459	-0.0008921151388137	
-0.1500159103025296	0.3114552027499476	0.0000173474097220	0.0020832607466685	-0.1357696197147339	0.3093778539361364	0.0000202191554974	0.0020832347243896	-0.1371323513707957	0.2760417044400659	0.0000099626957303	0.0020833093926670	
0.3182158977677889	0.1309185426369158	-0.0013552496538033	-0.0015793609993089	0.3335491281147434	0.1260261137423065	-0.0016126175224374	-0.0013140485433925	0.3314325693598346	0.1021708432154059	-0.0018399567537107	-0.0009684464667544	
-0.1770676386258998	0.2687925424593577	0.0000009188712383	-0.0020833331296810	-0.1629322085506227	0.2666455833362285	-0.0000065857169442	-0.0020833228719958	-0.1639485181958272	0.2333131002313916	0.0000454964899989	-0.0020828340031278	
0.4165482735764836	-0.3164281031919314	0.0019872871845929	0.0006092587207177	0.4321188948783772	-0.3266415818788104	0.0020447444372422	0.0003719770610573	0.4425660636145574	-0.3549325459864748	0.0020496661320150	0.0003436780640579	
-0.1523901352709236	0.1114564981107566	0.0000128378411315	0.0020832935804951	-0.1381527758694395	0.1083330397211843	0.0000143775070454	0.0020832834733212	-0.1386180604491500	0.0760407089803287	0.0000014883379496	0.0020833327990358	
-0.6529631535954982	0.1082099132612101	-0.0002845124525565	-0.0020637163563627	-0.6439177219098152	0.1052364221782413	0.0001986954116113	-0.0020737888670499	-0.6460141710326391	0.0678091412069296	0.0007754242321212	-0.0019328695937132	
-0.3967448592284635	0.1167192216556667	-0.0003610416708394	0.0020516515590033	-0.3848270907718803	0.1134233559357428	-0.0001651135497524	0.0020767471706141	-0.3904170252946462	0.0791257839675974	0.0003135689295621	0.0020594805321461	
0.1248951043697551	-0.2739891861008926	0.0001364679687976	0.0020788364623848	0.1436485475338328	-0.2823313922053550	0.0001522966772186	0.0020777313068663	0.1502025717001352	-0.3165812314833971	0.0002040525819516	0.0020732659921152	
0.1013858112676187	-0.2480488211914468	0.0006921844897820	-0.0019643726272139	0.1197558005006122	-0.2540731319077609	0.0007957428333152	-0.0019245521895183	0.1280301747867491	-0.2895392761368278	0.0002872962261089	-0.0020633287292053	
0.1213860369593719	-0.2958103548919357	0.0005688398469174	0.0020037662264127	0.1395010122549301	-0.3052344079592177	0.0005723913011737	0.0020027495523433	0.1455301604463023	-0.3395873751997326	0.0004182721999443	0.0020406984816277	
-0.1998756955978073	0.2249891790123141	-0.0000236724769241	0.0020831981629650	-0.1855395917606791	0.2218836225984128	-0.0000236772983709	0.0020831981078965	-0.1863075972158776	0.1895725284299393	-0.0000678414126963	0.0020822229178091	
0.2051941065876278	-0.3617330129539697	-0.0008602852788369	-0.0018964392786014	0.2236593448745423	-0.3720514842831804	-0.0010436947926705	-0.0018015342503853	0.2306689115442550	-0.4052044050739055	-0.0013055165378313	-0.0016209169712666	
-0.1539434611718199	0.0562692777398750	0.0002582065110541	0.0020671897362661	-0.1398155975455818	0.0520214148909238	0.0002755736180369	0.0020649350546918	-0.1413364333056701	0.0197996282897410	0.0007164530832221	0.0019556080957238	
-0.1765338871023717	0.3166691021166871	-0.0000124802350855	-0.0020832957643492	-0.1623354017086134	0.3145773515410573	-0.0000093400322596	-0.0020833122917241	-0.1636828133392045	0.2812614578238147	-0.0000065261870622	-0.0020833230602666	
-0.1514287409829039	0.2031266089611465	0.0000030290303722	0.0020833311203024	-0.1372275423403722	0.1999997405940617	0.0000088996469761	0.0020833142291906	-0.1380143346085944	0.1677107529620840	-0.0000091659177682	0.0020833130689203	
-0.1777571097110501	0.1187491818668109	-0.0000465491334760	-0.0020828106270851	-0.1634129509460990	0.1156219608468000	-0.0000470525171122	-0.0020827992593808	-0.1639453066314599	0.0833383969655536	-0.0000366267841781	-0.0020830097312465	
-0.1790852772384582	0.0792199526231651	-0.0002740947940978	-0.0020651328558463	-0.1647888715924483	0.0749284500184927	-0.0002888926174994	-0.0020631047033516	-0.1664274522952431	0.0427856422686250	-0.0007472731926350	-0.0019439817327118	
0.4072580659420115	-0.3185150301111981	0.0020558461185825	0.0003043280836945	0.4228798781472600	-0.3276208871641978	0.0020770425109519	0.0000676364868623	0.4354026185327762	-0.3557043954788245	0.0020762200413915	0.0000894859060991	
0.2041236742967121	-0.3638623875252391	-0.0010483868245681	-0.0017987941515671	0.2219317637799126	-0.3746147329889565	-0.0012908252854000	-0.0016326990833665	0.2292367190655503	-0.4068623804989108	-0.0014655733763383	-0.0014770306379120	
-0.1510220849270562	0.2395942059650972	0.0000336186121184	0.0020830607068873	-0.1368027640833710	0.2364475690688752	0.0000291211487326	0.0020831287744562	-0.1378541901186843	0.2041589923591463	0.0000187163003413	0.0020832488387589	
0.5808411743020183	-0.4291593248729449	-0.0020307264131438	0.0004424737165658	0.6025670421865954	-0.4389465515630698	-0.0020245453097379	0.0004700792812302	0.6244280118456431	-0.4700295718652233	-0.0020270975234088	0.0004588922580447	
-0.1518775672481226	0.1427130411659026	0.0000204751327815	0.0020832322117181	-0.1376208866919254	0.1395963469328521	0.0000229682334333	0.0020832060860690	-0.1382482528666384	0.1072934628187437	0.0000293338317934	0.0020831257754499	
-0.1993865966475605	0.1697748975346944	0.0000837237496050	0.0020816419046964	-0.1850292124863569	0.1666767158314479	0.0000740532158321	0.0020820101933791	-0.1857901557671482	0.1343440522953348	0.0000457117618446	0.0020828292660997	
0.2520612106146252	-0.2378728079088735	0.0015671292628089	0.0013682429723758	0.2678702234539067	-0.2450068102050953	0.0019244437723787	-0.0007862908995986	0.2714070605632772	-0.2746509721806374	-0.0016224008331861	-0.0013018893734816	
-0.1503688670561852	0.2802000096585853	0.0000434396886054	0.0020828781347945	-0.1361492620926860	0.2781259683965737	0.0000474497458032	0.0020827902025738	-0.1374796780668990	0.2447992169738865	0.0000384888375202	0.0020829759890484	
-0.1995484912918256	0.1656331549362501	0.0000797659595661	0.0020817980969980	-0.1851676286864891	0.1625333982397126	0.0000680485460700	0.0020822161249955	-0.1858687150536530	0.1301881292292001	0.0000312130559021	0.0020830983283455	
-0.5613050512497387	0.1176342143374774	-0.0002376193335603	0.0020696695780883	-0.5488640458750113	0.1155209611664227	-0.0005154692963283	0.0020182266915945	-0.5532165233787312	0.0771219943786429	0.0000537965682434	0.0020826351621399	
0.4239378672087704	-0.3135380207901106	0.0018678106074340	0.0009132885227192	0.4394566903544979	-0.3248582580525342	0.0019874831250972	0.0006086160294566	0.4508330042102047	-0.3528979359826179	0.0019711564158897	0.0006598246658659	
0.5724768804871876	-0.4273045531575517	-0.0020265018387325	0.0004615288289416	0.5942315374054787	-0.4369190419403156	-0.0020136694821015	0.0005148915689833	0.6141130338396275	-0.4676123286005218	-0.0020177372477976	0.0004986305377982	
-0.1765360380149530	0.2302076276963253	-0.0000144436263971	-0.0020832830136683	-0.1622593951183918	0.2270826271299624	-0.0000065047988555	-0.0020833231274920	-0.1632074730963426	0.1947910512048669	0.0000019841654727	-0.0020833323837439	
-0.1511288939887127	0.2333462903135632	0.0000331625226178	0.0020830680543932	-0.1368895258343921	0.2302008416554211	0.0000308299176454	0.0020831040625941	-0.1379126632154216	0.1979120381518391	0.0000198855450497	0.0020832379516584	
0.3241358506990994	0.1448089466303812	-0.0003242779619121	-0.0020578131943854	0.3417211012203760	0.1406731514221134	-0.0003973641885249	-0.0020448933960233	0.3406739212910948	0.1136149053796969	-0.0007125859793900	-0.0019570275757503	
-0.1518243272746210	0.1520846857295958	0.0000087871984691	0.0020833147089108	-0.1375696510766508	0.1489620038042794	0.0000059818160202	0.0020833247026137	-0.1381664765787204	0.1166662392564055	0.0000056941856393	0.0020833255126615	
-0.1497359972023176	0.3468784709900746	0.0000054250114531	0.0020833262345804	-0.1355256035625707	0.3448035949666217	-0.0000032334059311	0.0020833308115909	-0.1369285525403858	0.3114536196695632	0.0000001368199482	0.0020833333288181	
-0.1990581698243181	0.1843843400953500	-0.0000055858780535	0.0020833258073424	-0.1847510021989579	0.1812541827773597	-0.0000087652550747	0.0020833148018129	-0.1854328593208448	0.1489781410297005	0.0000248788809833	0.0020831840342122	
-0.6536668519740785	0.1572658100120348	-0.0000237505647699	-0.0020831972696984	-0.6458799736188328	0.1541906024099847	0.0000671472311547	-0.0020822455319181	-0.6486735770704931	0.1166439284945238	0.0000654597083144	-0.0020822995348213	
0.2949560480512827	0.4576876231210159	-0.0018816345027207	-0.0008843101862538	0.3076881461484851	0.4559128856890083	-0.0018774382558397	-0.0008932286781250	0.2983118388239506	0.4289026999334050	-0.0018840031070164	-0.0008792272446990	
-0.1996550446690589	0.1625284324535050	0.0000687237578351	0.0020821938379012	-0.1852608171710610	0.1594259844193406	0.0000579314105553	0.0020825236921178	-0.1859062789374028	0.1270687963095505	0.0000180824069923	0.0020832544653557	
-0.1529033336956727	0.0687518733271898	0.0001236721563479	0.0020796409319684	-0.1387377803634959	0.0645775995963638	0.0001270704380994	0.0020794350305166	-0.1392488139090567	0.0333336973144190	0.0001550676156645	0.0020775253144632	
-0.2007934003624584	0.1094674147526840	0.0001731475480142	0.0020760895011179	-0.1862628194125088	0.1063421734198630	0.0001550520376462	0.0020775264829769	-0.1870938685360261	0.0729401609265756	0.0001898634055488	0.0020746202542024	
-0.1514566667480284	0.1843744608523498	0.0000146377642376	0.0020832816518599	-0.1372705358119618	0.1812500129895308	0.0000094534687247	0.0020833117775091	-0.1379757718592348	0.1489569188495145	0.0000097483623188	0.0020833104116917	
-0.1765319725868906	0.1958323937812682	0.0000054990760803	-0.0020833260394263	-0.1622617914164354	0.1927099292983254	0.0000033428618826	-0.0020833306379710	-0.1629720403914398	0.1604164254447792	0.0000062532733937	-0.0020833239015065	
-0.1516920443692251	0.1666664039973457	0.0000313709815738	0.0020830959441297	-0.1374605922282043	0.1635474186990502	0.0000266626557255	0.0020831618568028	-0.1381364904766432	0.1312492039520030	0.0000139987922908	0.0020832860654592	
-0.6527677151826610	0.1218668916856311	0.0000776116680838	-0.0020818799319972	-0.6447119526106659	0.1187373758402874	0.0000739217589340	-0.0020820148882871	-0.6476728183842628	0.0802012384378307	0.0000934119950182	-0.0020812275928942	
0.1236224581117970	-0.1833314696885883	0.0000840430031412	0.0020816289753757	0.1423858364182118	-0.1906269638009129	0.0000724619604776	0.0020820664628118	0.1484179832197046	-0.2229127802847716	0.0000383812880783	0.0020829779834842	
-0.1765183500912159	0.2354156992601356	0.0000014945624595	-0.0020833327945574	-0.1622643890683431	0.2322907988493514	0.0000113748885541	-0.0020833021244983	-0.1632128819316707	0.1999988465917612	0.0000040384975345	-0.0020833293994628	
0.2045371705213660	0.2001121416272235	0.0011109217360343	0.0017606681189955	0.2195248685141661	0.1956836025758275	0.0008778746353769	0.0018883208854200	0.2175895062106153	0.1686071713054060	0.0005317181579023	0.0020139856479904	
0.3234789191064266	0.1415322272769433	-0.0004831388588414	-0.0020262492556879	0.3406473751356318	0.1365416489892793	-0.0006617213765982	-0.0019748950566827	0.3393949691399434	0.1106832808325340	-0.0009911291206024	-0.0018311261616277	
-0.1546964369629448	0.0520525307773117	0.0004952584314110	0.0020233064341120	-0.1409427400584901	0.0467580151810380	0.0006417373386633	0.0019815118616769	-0.1435303065782160	0.0157168346366563	0.0012440324471026	0.0016688059480005	
-0.2013106281428811	0.1040506596281146	0.0002223100431664	0.0020713784310991	-0.1868143767429011	0.0999109703755152	0.0002034140227536	0.0020733290544903	-0.1877152631505422	0.0675266260287994	0.0003233942240642	0.0020579529588526	
-0.1497282656055390	0.3520866118540687	-0.0000005127579159	0.0020833332699165	-0.1355370010522313	0.3500126006800735	-0.0000079382223811	0.0020833181338750	-0.1369378965154853	0.3166610827112550	-0.0000069936159259	0.0020833215359745	
0.1239675991815978	-0.2834043897051871	0.0002734025812263	0.0020652250711045	0.1426213157780198	-0.2917258067786980	0.0003037272457579	0.0020609623262445	0.1489191169240419	-0.3261054751644401	0.0003857925866941	0.0020471191338086	
-0.1990706228999178	0.1864766856425579	-0.0000174467981708	0.0020832599125301	-0.1847658391889468	0.1833411360690352	-0.0000200858304504	0.0020832360205864	-0.1854163869559497	0.1510502518900053	0.0000104313171956	0.0020833070874591	
-0.1504329891847184	0.2770772101668161	0.0000441243994942	0.0020828636700863	-0.1362508065627124	0.2739623749283936	0.0000500755149675	0.0020827284189544	-0.1375326856244311	0.2416743773899246	0.0000349292996246	0.0020830390332157	
0.3774660432211900	-0.2842741136622159	0.0008652443870893	0.0018941705335297	0.3986268933320001	-0.2959885787103619	0.0019187812164390	0.0008000779984961	0.4105561702094234	-0.3228616416843686	0.0015732346043592	0.0013611832546183	
-0.1765980789365276	0.2437490134311464	0.0000359950708749	-0.0020830207983424	-0.1624110537709144	0.2416714321698272	0.0000502686049903	-0.0020827237442046	-0.1632734527292189	0.2083314936458654	0.0000299224711796	-0.0020831173613431	
-0.1766176700894347	0.2124995918304193	0.0000068152908762	-0.0020833221299302	-0.1623134988605434	0.2093780920867772	0.0000048345496965	-0.0020833276957542	-0.1630926742120213	0.1770830387573808	0.0000210786603098	-0.0020832261623575	
-0.1769831624109240	0.2604474973242075	0.0000373523700193	-0.0020829967819260	-0.1628650667188950	0.2583070578867580	0.0000383586535628	-0.0020829784025157	-0.1637092442909885	0.2249745866646926	0.0000650379759389	-0.0020823128159176	
-0.1517478547429366	0.1625007691650946	0.0000252481858721	0.0020831795687240	-0.1375091677023360	0.1593801566845862	0.0000211799980206	0.0020832251293838	-0.1381562302412245	0.1270830189050939	0.0000056809783701	0.0020833255488985	
-0.1498036885150855	0.3322930559656907	0.0000151564428175	0.0020832779243285	-0.1355612983248367	0.3302123384714237	0.0000139806806720	0.0020832861876917	-0.1369963073081711	0.2968759282178445	0.0000167322478830	0.0020832658035086	
-0.1765262530321351	0.1927074327227607	0.0000010330118318	-0.0020833330759440	-0.1622574111870656	0.1895844616899578	0.0000010995744969	-0.0020833330417052	-0.1629668111640132	0.1572917703856222	0.0000010808759008	-0.0020833330515394	
0.1024763687126695	-0.2781149535734883	-0.0002786093811446	-0.0020645256088106	0.1210507863616538	-0.2864952165852326	-0.0003225592029430	-0.0020580846595560	0.1271916352156431	-0.3209149902889896	-0.0004403741949289	-0.0020360200114443	
-0.1767434833740432	0.1718755273331229	-0.0000450382195340	-0.0020828440128044	-0.1624347827979653	0.1687511484011242	-0.0000409061426097	-0.0020829296887446	-0.1631705596371021	0.1364583509915485	-0.0000345466378917	-0.0020830454466425	
-0.1993045534679601	0.2010638298239266	-0.0000393396027204	0.0020829600153967	-0.1849924952159958	0.1979125722569436	-0.0000361049956538	0.0020830188863920	-0.1856089259537744	0.1656628566388834	-0.0000438799386063	0.0020828688603670	
0.1237143242966507	-0.1812553540014363	0.0001011075831353	0.0020808661313985	0.1424657447532218	-0.1885496546760223	0.0000835051375740	0.0020816507297466	0.1484599475999999	-0.2208288571698709	0.0000436215004165	0.0020828743160378	
-0.1765958661374108	0.2229161295363671	-0.0000153847492599	-0.0020832762424451	-0.1622976942465003	0.2197925872272433	-0.0000110458359135	-0.0020833039040120	-0.1631848177783186	0.1875000848213532	0.0000124256259563	-0.0020832960924102	
0.2054256958446401	-0.3612956948326084	-0.0008213597267298	-0.0019137054636573	0.2236593448745423	-0.3720514842831804	-0.0010436947926705	-0.0018015342503853	0.2306689115442550	-0.4052044050739055	-0.0013055165378313	-0.0016209169712666	
0.2061086677826650	-0.3595387455042000	-0.0006872916237574	-0.0019660984717199	0.2247523333297308	-0.3699633020056102	-0.0008550754646932	-0.0018988057792974	0.2319902264708262	-0.4033271934722691	-0.0011236551824519	-0.0017525284341846	
-0.1770956028126636	0.1562527989958020	-0.0000391769070874	-0.0020829630971253	-0.1627556043915720	0.1531224968191121	-0.0000356522735948	-0.0020830267232558	-0.1633870682674000	0.1208335739277291	-0.0000234103808515	-0.0020832011396385	
-0.1991575010427137	0.1927386207020482	-0.0000344410662160	0.0020830472035906	-0.1848546307928496	0.1895918533187841	-0.0000348854700026	0.0020830397713856	-0.1854450423047298	0.1572697600377072	-0.0000276624199130	0.0020831487554835	
0.3097102040073686	0.4643961487499148	-0.0019118015398975	-0.0008166975453169	0.3220632210843384	0.4626327439749767	-0.0019014369182843	-0.0008406637348861	0.3138717671248318	0.4362582288969852	-0.0018880070633153	-0.0008705526834873	
-0.1997504410181217	0.1323390210689123	0.0000247507576666	0.0020831855680529	-0.1852752359094119	0.1292220449554086	0.0000221268794888	0.0020832152380222	-0.1857870991878254	0.0968406165984441	0.0000492707439966	0.0020827477087636	
-0.6527337371813068	0.1103833664284309	-0.0001299056147543	-0.0020792589608362	-0.6440881425857670	0.1072995475360136	0.0001512097495724	-0.0020778110897210	-0.6463401893130268	0.0687381306379684	0.0006384411712818	-0.0019825816667667	
-0.1549536909466104	0.0510793691906176	0.0005830973215738	0.0019996432566594	-0.1409427400584901	0.0467580151810380	0.0006417373386633	0.0019815118616769	-0.1439188397565470	0.0152535612243233	0.0013025859371386	0.0016232847559702	
0.3251379372274322	0.1541840261659528	-0.0001597892766872	-0.0020771656992619	0.3428743218483938	0.1500039984827949	-0.0001805532191927	-0.0020754553986404	0.3426716848798594	0.1240129323516803	-0.0001999342848467	-0.0020736691976045	
-0.1762887045509169	0.3375085390085887	-0.0000265434653725	-0.0020831633865452	-0.1621038793810691	0.3354164666070243	-0.0000278825987565	-0.0020831458053648	-0.1635520365806843	0.3020730939837446	-0.0000257298744850	-0.0020831736454427	
0.1250509050446714	-0.2499687482318039	-0.0001200811078114	0.0020798524269382	0.1438284638613149	-0.2572590747739590	-0.0001189452256612	0.0020799180230990	0.1508520636674460	-0.2916646893590106	-0.0000647248825557	0.0020823226202058	
0.4133748641098112	-0.3172955520522068	0.0020169554224128	0.0005017993924022	0.4281230086874137	-0.3272296581890891	0.0020633266684198	0.0002482894364071	0.4395552470309214	-0.3553677400385539	0.0020644305270201	0.0002388898766631	
-0.1508894395583604	0.2479221711311226	0.0000289885473223	0.0020831306331986	-0.1367000263073983	0.2447806469383271	0.0000241094260084	0.0020831931267648	-0.1377841581350128	0.2124900529319193	0.0000163866188706	0.0020832685645915	
-0.1765246557705273	0.2374988358242220	0.0000102464489721	-0.0020833080095023	-0.1622807778513935	0.2343743922901247	0.0000205980570251	-0.0020832309938586	-0.1632188791087830	0.2020819834239334	0.0000082404594100	-0.0020833169544398	
-0.1518469396974792	0.1468775892371019	0.0000115496105087	0.0020833011583719	-0.1375872752876167	0.1437575464446235	0.0000114513770598	0.0020833017033669	-0.1381983451399261	0.1114583905576766	0.0000190500378235	0.0020832457985194	
-0.2046707645018947	0.2552381883408098	0.0005441447960498	0.0020106471347130	-0.1914957803357202	0.2506490466043985	-0.0018063652861117	0.0010300422611242	-0.1950430899710175	0.2213403897141084	-0.0015458656027185	-0.0013923411500682	
-0.1778464375528513	0.1145811097081607	-0.0000435141882275	-0.0020828765719417	-0.1635043203490728	0.1114532689876150	-0.0000447688257692	-0.0020828498496655	-0.1640153239030259	0.0791706975868902	-0.0000312225214053	-0.0020830981857831	
-0.5881709043318457	0.1229840141806992	-0.0017649280101662	-0.0010998693439382	-0.5764565095266095	0.1174516302912688	-0.0017892819221858	-0.0010595849763800	-0.5828071253412989	0.0863353410858366	-0.0018945911072436	-0.0008560563664803	
-0.1501031888955099	0.2979221880915924	0.0000157030501545	0.0020832738556233	-0.1358802975692529	0.2958307667190034	0.0000171468485995	0.0020832624154079	-0.1372071975086077	0.2625008375260260	0.0000178700646189	0.0020832563068131	
-0.1513433363193107	0.2177063837278874	0.0000226327903181	0.0020832097758418	-0.1371077228552515	0.2145829492610483	0.0000258538046983	0.0020831721033766	-0.1380287766349374	0.1822922067828711	0.0000067143928124	0.0020833224592006	
-0.6533337602836815	0.1708532153655853	-0.0000701086674216	-0.0020821474361062	-0.6461922952678326	0.1687499524465083	0.0000251990394026	-0.0020831801667797	-0.6489878727384754	0.1302209662005164	0.0000278889301256	-0.0020831457201864	
0.2034105187671327	0.1980527357304548	0.0009047723220303	0.0018755176997195	0.2188019081998327	0.1939466720555462	0.0007186922979395	0.0019547821713233	0.2171453116639779	0.1666722187702775	0.0004010947428442	0.0020441612936839	
-0.5619720750713535	0.1209046906594278	-0.0005110721904670	0.0020193502389438	-0.5498663444228471	0.1186495612348262	-0.0007223694775422	0.0019534195058979	-0.5524808922047196	0.0802796791303261	0.0004582095593987	0.0020320606991984	
-0.2047654006304852	0.2530483340133980	-0.0002523031232810	0.0020679222010450	-0.1925097067542886	0.2496051310573035	-0.0015459526879020	-0.0013922439723947	-0.1974468190527082	0.2197373155641922	-0.0019009856654552	-0.0008416887542879	
0.1240996141759092	-0.2823913720296176	0.0002584952617931	0.0020671534681254	0.1427680625425634	-0.2907160757181095	0.0002871500400275	0.0020633491806328	0.1490995740526133	-0.3251038621276214	0.0003563596409400	0.0020524740752120	
-0.1763257571926063	0.3510587774759116	0.0000608390292809	-0.0020824403617446	-0.1621477657856658	0.3489553950375905	0.0000651840905520	-0.0020823082242388	-0.1634627151405670	0.3156135907383339	0.0000147439413666	-0.0020832808993732	
-0.4017880413961215	0.1284406825447144	-0.0013390489865005	0.0015931883510785	-0.3906653925850165	0.1260652325223761	-0.0014749634825912	0.0014676066637360	-0.3894996919064863	0.0917598881522199	-0.0006998136646234	0.0019616541121942	
-0.1500162950796259	0.3697925850703924	-0.0000852085516637	0.0020815813538357	-0.1358438422943469	0.3677073649734933	-0.0000849148954944	0.0020815934138390	-0.1371267815768042	0.3343744978459114	-0.0000526459629652	0.0020826647125862	
0.3212146683242642	0.1353145370398707	-0.0010000189241286	-0.0018262621634592	0.3375285988069101	0.1303725819278873	-0.0012031951883502	-0.0016986322954692	0.3355360428249111	0.1053304640345849	-0.0014189170954800	-0.0015221277351219	
-0.2040450696355333	0.0911114538943544	0.0011131492491294	0.0017592536134121	-0.1921161907436230	0.0852251823399210	0.0017887168811985	0.0010605433321475	-0.1954433953357640	0.0575507251615412	0.0019809114316355	0.0006297802015232	
-0.6536551509423869	0.1478906743785873	0.0000400366588781	-0.0020829466673525	-0.6455178627432120	0.1447701297043806	0.0000909988622301	-0.0020813350352913	-0.6483592053103852	0.1072933326339755	0.0000636827326847	-0.0020823549132020	
-0.6535998298875632	0.1614523220155133	-0.0000426655279472	-0.0020828942165624	-0.6460024138333691	0.1583456515666608	0.0000539708296828	-0.0020826306309242	-0.6487975932680894	0.1208052224839259	0.0000551223391299	-0.0020826003203099	
-0.1851483629934029	0.0669131313615303	-0.0016637002689635	-0.0012484079463611	-0.1735324968008630	0.0614746582032507	-0.0018989503314981	-0.0008462935760693	-0.1755865968077593	0.0343303470236901	-0.0019785059197284	-0.0006373344565217	
-0.1770230085642346	0.2760734728452302	-0.0000246478156885	-0.0020831867946942	-0.1628590675231615	0.2739348425337872	-0.0000332536669870	-0.0020830665941027	-0.1640560436207904	0.2406136854735355	0.0000117228485756	-0.0020833001859104	
-0.1765521382483539	0.2281243241177437	-0.0000173621411291	-0.0020832606233329	-0.1622678998341404	0.2249996044459250	-0.0000103579296642	-0.0020833074554580	-0.1632045752460165	0.1927079572395011	0.0000040233702602	-0.0020833294288784	
0.3106015514166837	0.4648048862174621	-0.0019142072579461	-0.0008110144900606	0.3232747460514556	0.4632007723728223	-0.0019038314173534	-0.0008351994900378	0.3147793067586951	0.4366192545825477	-0.0018912055716600	-0.0008635471132561	
0.2020468222971862	0.1946202595682926	0.0005885495795195	0.0019980373000137	0.2178758692519679	0.1907287132512714	0.0004767218878145	0.0020277761908717	0.2166136034261507	0.1634485944957857	0.0002424154824712	0.0020691105137286	
-0.1991779588135419	0.1937800282694524	-0.0000351109618210	0.0020830359638121	-0.1848713633134051	0.1906324872813048	-0.0000353253654110	0.0020830323207118	-0.1854556335925109	0.1583066874168086	-0.0000317978901976	0.0020830894388164	
0.1230575861888996	-0.2239467678279675	-0.0001181024479737	0.0020799662885353	0.1418564523328636	-0.2312656354492947	-0.0001221776206974	0.0020797297123971	0.1486997113321088	-0.2645719149256884	-0.0001398930158324	0.0020786076467931	
0.1233326312952392	-0.2874331228210570	0.0003531322838283	0.0020530346018654	0.1419099814759125	-0.2957428745602818	0.0003903909718822	0.0020462428225321	0.1479536819190562	-0.3302645121275194	0.0005213916757560	0.0020166971891621	
-0.1514834990457972	0.1812482039329008	0.0000213400069511	0.0020832234882641	-0.1372896508006268	0.1781256959545294	0.0000151098615226	0.0020832782643939	-0.1379939805412723	0.1458306921743291	0.0000158837413359	0.0020832724789369	
0.1251867306706962	-0.2531029671390166	-0.0000727175889825	0.0020820575058683	0.1439765338331389	-0.2604311487997462	-0.0000716995643590	0.0020820929887929	0.1509273391711820	-0.2947967437340225	-0.0000383549301323	0.0020829784714237	
-0.5869166524050974	0.1237650562763007	-0.0017909685237467	-0.0010567173870811	-0.5750393227387990	0.1182233612977820	-0.0017792489882329	-0.0010764303948912	-0.5814383004417845	0.0869964570385685	-0.0018461350856449	-0.0009565566623124	
-0.1999950353947831	0.2311929007651206	-0.0000874800233945	0.0020814866590210	-0.1856806688964483	0.2281584127970635	-0.0000909576933232	0.0020813368438542	-0.1864597848967832	0.1958241248471734	-0.0000395754527381	0.0020829555253167	
-0.6618924270076876	0.2924178412463873	-0.0020777031264984	0.0000426176511891	-0.6639650659711819	0.0336217457847056	0.0020781379883385	-0.0000000100039578	-0.6639650600857561	0.0339335836210642	-0.0020781379883308	-0.0000000114920492	
-0.3986773792421819	0.1231214700811427	-0.0007971963769876	0.0019239475387768	-0.3871001320850159	0.1211677717572518	-0.0009297673045039	0.0018631915623817	-0.3888502934872878	0.0843219830219486	0.0004589281746276	0.0020318977131291	
-0.1798994113984823	0.0750437661091273	-0.0005595359118741	-0.0020063972642936	-0.1655708092618403	0.0709506957977012	-0.0005696020653096	-0.0020035486030087	-0.1691249249983464	0.0383179860746247	-0.0014000940440495	-0.0015395456723619	
-0.1772450860353445	0.1468763378858575	-0.0000280813226012	-0.0020831431226315	-0.1628943177386974	0.1437499574917401	-0.0000284980213134	-0.0020831374354077	-0.1634912630697539	0.1114564683283299	-0.0000245759546174	-0.0020831876479496	
-0.1765288973513235	0.1895825681141974	-0.0000045458221745	-0.0020833283490192	-0.1622583043581197	0.1864590451310401	-0.0000020946422595	-0.0020833322750552	-0.1629690151578379	0.1541671207592450	-0.0000053519463920	-0.0020833264245077	
0.1228821936717122	-0.2145817387832784	0.0000218924172438	0.0020832177275695	0.1416145471348232	-0.2218735649949856	0.0000164661804693	0.0020832679341142	0.1480939987096829	-0.2552170694322473	-0.0000676827361020	0.0020822281074889	
-0.1765268080349063	0.1906241725373697	-0.0000025115182302	-0.0020833318119003	-0.1622570280554578	0.1875008357504435	-0.0000009218273306	-0.0020833331283686	-0.1629676095559708	0.1552086717873262	-0.0000030734236043	-0.0020833310549590	
-0.1518038913581045	0.1562511109526736	0.0000133994282496	0.0020832900264377	-0.1375551871388956	0.1531282710337978	0.0000097440586491	0.0020833104319261	-0.1381616477131411	0.1208330689528317	0.0000004501988476	0.0020833332844469	
0.0633746782113375	-0.2305797132223679	0.0020188096951701	-0.0004942486793961	0.0779474164098050	-0.2349635884996238	0.0020166793001950	-0.0005029134937765	0.0841298487667888	-0.2746395052784223	0.0010478119093334	0.0017991307816593	
0.1235049310943337	-0.1864511409579303	0.0000653814856837	0.0020823020046807	0.1422830890730049	-0.1937471412052224	0.0000617205325191	0.0020824142918050	0.1483547395710514	-0.2260404527179201	0.0000337708144250	0.0020830582326002	
-0.1765310994279983	0.2385403967705264	0.0000149975719469	-0.0020832790798575	-0.1622921961797523	0.2354162924308491	0.0000251993287957	-0.0020831801632615	-0.1632234955802687	0.2031235589031015	0.0000110408069918	-0.0020833039308031	
-0.1764092944066182	0.3291721743633356	-0.0000282300164884	-0.0020831411028293	-0.1622277381384098	0.3270802002017906	-0.0000276679533933	-0.0020831486816284	-0.1636333830826623	0.2937370924250906	-0.0000142399775257	-0.0020832844226523	
-0.1497289426434129	0.3510449861260104	0.0000010959426963	0.0020833330436285	-0.1355356753736328	0.3489708788395426	-0.0000068821587786	0.0020833219090078	-0.1369337566757833	0.3156194714356341	-0.0000056552036399	0.0020833256193747	
-0.1773291864800198	0.1406276613484029	-0.0000297263838961	-0.0020831201828185	-0.1629822138692160	0.1375006315744148	-0.0000314718349488	-0.0020830944152415	-0.1635701348593370	0.1052035687729485	-0.0000285576241888	-0.0020831366150812	
-0.1602057408412690	0.0429213498803681	0.0015655730039931	0.0013700323112700	-0.1484789061349011	0.0373170676066397	0.0017664341332058	0.0010974366866835	-0.1508655247544108	0.0098591742125226	0.0019093616028772	0.0008224141008018	
0.3177815967609073	0.1304468379541080	-0.0013915851538218	-0.0015472795119358	0.3324112251433622	0.1252140377771833	-0.0017307032221439	-0.0011532340376470	0.3314325693598346	0.1021708432154059	-0.0018399567537107	-0.0009684464667544	
-0.1775291349436709	0.1291680723135684	-0.0000435546654038	-0.0020828757216883	-0.1631858434604591	0.1260412116822209	-0.0000431922060439	-0.0020828833072502	-0.1637508657393111	0.0937565954886064	-0.0000367606066851	-0.0020830073620650	
-0.1770092748561420	0.1604196590996964	-0.0000451118340335	-0.0020828424117299	-0.1626794284685367	0.1572879726761422	-0.0000410022233881	-0.0020829277901636	-0.1633385287750075	0.1250003912205764	-0.0000257096573621	-0.0020831738963016	
-0.1765035664752095	0.3208365701272965	-0.0000169372761414	-0.0020832641383908	-0.1623121778563306	0.3187443744601244	-0.0000133249462003	-0.0020832905065559	-0.1636704354125854	0.2854304054433254	-0.0000057831831019	-0.0020833252662837	
-0.1765804469222829	0.2427071143808666	0.0000324943809726	-0.0020830786367681	-0.1623862897851663	0.2406283250501798	0.0000470434999746	-0.0020827994640871	-0.1632594266269489	0.2072898664636251	0.0000257348224499	-0.0020831735840171	
0.1236765275619061	-0.2854226976883603	0.0003088470823791	0.0020601974975027	0.1422960042885215	-0.2937378273980385	0.0003424891644942	0.0020548459121611	0.1484910159347885	-0.3281088574250778	0.0004510961051772	0.0020336596006690	
0.1234172716247787	-0.1895761337092096	0.0000549158019495	0.0020826058040107	0.1421873851936002	-0.1968711294034202	0.0000559608322902	0.0020825778461755	0.1483125039468547	-0.2291695057086557	0.0000308281031192	0.0020831040895827	
-0.6531600659710979	0.1760436468715977	-0.0000769248208252	-0.0020819055515548	-0.6462599651363312	0.1739579239477586	0.0000320624577492	-0.0020830853631452	-0.6490362471978534	0.1354187691705399	0.0000111511982287	-0.0020833033398986	
0.1243910356579870	-0.2417161710492280	-0.0001931129632789	0.0020743187954193	0.1431698920568338	-0.2489947622383051	-0.0002005838897856	0.0020736061487154	0.1502750893293409	-0.2823407300614851	-0.0001909583906784	0.0020745192496975	
-0.1764623706521174	0.3250042350760854	-0.0000228743776589	-0.0020832071239242	-0.1622774847447558	0.3229120755342439	-0.0000203444531165	-0.0020832334984189	-0.1636560654388870	0.2895983420671613	-0.0000084893910864	-0.0020833159499263	
-0.1498250681723232	0.3635456916650430	-0.0000429919446758	0.0020828874711281	-0.1356535603264423	0.3614484230018869	-0.0000425154375438	0.0020828973009342	-0.1370156849304311	0.3281216836037542	-0.0000258265370369	0.0020831724433046	
-0.1526844264128997	0.0729162380940163	0.0000867308828537	0.0020815181655448	-0.1385093524332474	0.0687514231490443	0.0000900304579993	0.0020813773603876	-0.1389711533763824	0.0374981231439019	0.0001248899938205	0.0020795677873501	
-0.6534956672011630	0.1656386838983154	-0.0000608932163297	-0.0020824387700216	-0.6461175843793454	0.1635451208940640	0.0000366959903028	-0.0020830085071067	-0.6489022092754786	0.1250263315615551	0.0000435093344404	-0.0020828766738460	
-0.1779970831002574	0.1062443097552789	-0.0000326448359919	-0.0020830762725771	-0.1636598372468797	0.1031366611390580	-0.0000327453649970	-0.0020830746868158	-0.1641247421297694	0.0708346083156736	-0.0000251594020529	-0.0020831806482714	
-0.1765721106383323	0.2041658034788736	0.0000126470300129	-0.0020832947534310	-0.1622844373626727	0.2010443471351075	0.0000072749931401	-0.0020833205675782	-0.1630175529361351	0.1687493444461506	0.0000156510857208	-0.0020832742486241	
-0.5856432885320909	0.1244875940675736	-0.0018373529278206	-0.0009734020589350	-0.5737739009245263	0.1190123846726245	-0.0017950595130737	-0.0010497179573736	-0.5800144818411442	0.0877495696967057	-0.0018139999851833	-0.0010164685364422	
0.2108790260953753	-0.2531112096487081	-0.0004523597005641	-0.0020333774990534	0.2297350580434713	-0.2614761630989244	-0.0002899006021139	-0.0020629625982096	0.2368330344897867	-0.2927071644349229	0.0000065687886790	-0.0020833229257075	
-0.1613099751227269	0.0420148571733283	0.0016617049820224	0.0012510758391747	-0.1497012748928738	0.0366143421825578	0.0018548572457225	0.0009394457917635	-0.1517515752284547	0.0095048636224060	0.0019506332611333	0.0007185116746983	
-0.2034278887416281	0.0924700895935845	0.0007878372367094	0.0019278181836930	-0.1902972475043884	0.0866463460490237	0.0014119630016980	0.0015286129666387	-0.1941425222275982	0.0579954595342264	0.0019392982879813	0.0007487135856087	
-0.1990847169542868	0.1875216973457330	-0.0000221652134029	0.0020832148284655	-0.1847756300154466	0.1843840891701067	-0.0000246107590114	0.0020831872350045	-0.1854099853033625	0.1520866664755037	0.0000031520288251	0.0020833309369261	
-0.1776413247298554	0.1239586880576238	-0.0000467378645690	-0.0020828063793835	-0.1632966722843898	0.1208318137924117	-0.0000463685575109	-0.0020828146751448	-0.1638480749725971	0.0885474904842127	-0.0000389206898324	-0.0020829679244080	
-0.1514140211146009	0.2083343362990405	0.0000095764427007	0.0020833112130473	-0.1371984169822361	0.2052083072226931	0.0000149195543324	0.0020832796428515	-0.1380304456719181	0.1729184071283279	-0.0000047854865367	0.0020833278095991	
-0.1998472821839138	0.1271498439242135	0.0000599643277878	0.0020824658595267	-0.1853772644338466	0.1240339994088651	0.0000576228508809	0.0020825322955760	-0.1859438700786541	0.0916568735084419	0.0000734721722156	0.0020820308818912	
-0.1524213738810954	0.0895823880277429	0.0000032889474553	0.0020833307242128	-0.1382147886339343	0.0864584035848841	0.0000054381600902	0.0020833262001280	-0.1385548496776614	0.0541636694675240	-0.0000017745943971	0.0020833325737450	
-0.1766094572651737	0.2208328931102793	-0.0000116530763841	-0.0020833005793137	-0.1623076050039877	0.2177098731508967	-0.0000084913135085	-0.0020833159420525	-0.1631707641436833	0.1854168071005485	0.0000157607615326	-0.0020832734176323	
0.3218692105871284	0.1366078761558462	-0.0008681165242714	-0.0018928493432922	0.3382816612002708	0.1316273280809436	-0.0011162781587680	-0.0017572599914116	0.3364778978109226	0.1064726339675117	-0.0013254664440148	-0.0016045626185084	
0.0992779584293011	-0.2924479558800515	-0.0006201603218688	-0.0019884047764705	0.1172173007186054	-0.3019618767628661	-0.0007649657387677	-0.0019370533487886	0.1224032696495975	-0.3363283750355946	-0.0009002690620411	-0.0018776943058607	
0.1232741454852349	-0.1947907545985575	0.0000475193937271	0.0020827886067531	0.1420547231622252	-0.2020839965816393	0.0000512225360987	0.0020827003851812	0.1482275308501073	-0.2343858241195012	0.0000261082711708	0.0020831689138149	
-0.1786868521702226	0.0833314665271495	-0.0001456687221691	-0.0020782088854721	-0.1643549447404982	0.0791785726020186	-0.0001473138393682	-0.0020780923386699	-0.1653127647529980	0.0468976278655590	-0.0003722241096706	-0.0020496422541693	
-0.1524186152734641	0.0947914380475193	0.0000008985034426	0.0020833331386093	-0.1382024838323566	0.0916666822486437	0.0000033921734605	0.0020833305578642	-0.1385705890288307	0.0593730339691443	-0.0000087326328254	0.0020833149394968	
-0.1766883592093749	0.2968753490997452	-0.0000276449434480	-0.0020831489886440	-0.1624935547018876	0.2947942437252217	-0.0000288156979339	-0.0020831330433792	-0.1638596345501225	0.2614492417061074	-0.0000301842887284	-0.0020831135651570	
-0.1781953296716011	0.0947842613249085	-0.0000511920707928	-0.0020827011379807	-0.1638465388785127	0.0916728815179837	-0.0000448650281180	-0.0020828477693042	-0.1643566317188958	0.0593746589995625	-0.0000668410240298	-0.0020822554331178	
-0.1505433696462899	0.2718724522087546	0.0000410506048834	0.0020829268324460	-0.1363776289756099	0.2687565888631415	0.0000453540839983	0.0020828371244583	-0.1376110340632754	0.2364652465347871	0.0000252457170919	0.0020831795987940	
-0.1768146926241012	0.2531353598546465	0.0000517688524489	-0.0020826868095980	-0.1626808019356755	0.2510118243260034	0.0000606731331366	-0.0020824452260600	-0.1634844791591119	0.2177132650811410	0.0000609086234352	-0.0020824383171850	
0.1241681426130835	-0.2394886059597618	-0.0001812797670479	0.0020753917477617	0.1428777136251937	-0.2459198238641238	-0.0001775621269201	0.0020757147275733	0.1500422460609232	-0.2801424796845334	-0.0002165981956233	0.0020719865183735	
-0.1776877422373490	0.1218749349511097	-0.0000470870491172	-0.0020827984750750	-0.1633427884914219	0.1187479620096499	-0.0000469994364994	-0.0020828004638480	-0.1638876538018631	0.0864638876143510	-0.0000387304708421	-0.0020829714877511	
-0.1766750227088173	0.2979168163859907	-0.0000259777045639	-0.0020831705542802	-0.1624817110316861	0.2958348108016058	-0.0000274517292324	-0.0020831515565707	-0.1638424086866483	0.2624917465923349	-0.0000293731842813	-0.0020831252181544	
-0.6629273343912595	0.0380569126922384	0.0020781371803312	-0.0000018371753415	-0.6639650659711819	0.0336217457847056	0.0020781379883385	-0.0000000100039578	-0.6639650600857561	0.0339335836210642	-0.0020781379883308	-0.0000000114920492	
-0.1513732588379066	0.2145828155725304	0.0000186159306788	0.0020832497425831	-0.1371432384742690	0.2114582727491592	0.0000224841232618	0.0020832113937717	-0.1380341734155154	0.1791676363548402	0.0000025778701936	0.0020833317304487	
-0.1821500449205107	0.0700112120127111	-0.0011797967659029	-0.0017150478323931	-0.1691977611312121	0.0644174315907877	-0.0014624546431261	-0.0014801341018049	-0.1725933227161979	0.0356009750622240	-0.0018213189045683	-0.0010032290268743	
-0.1523305697420551	0.1177000440378544	0.0000275558140266	0.0020831501754629	-0.1380907122544771	0.1145811880294398	0.0000266964520935	0.0020831614217977	-0.1385980426576406	0.0822936899222549	0.0000114379948316	0.0020833017772506	
-0.1769316974787595	0.2823090993814910	-0.0000355071062374	-0.0020830292152372	-0.1627476533219290	0.2801851141991367	-0.0000402909289870	-0.0020829417399146	-0.1640513129868947	0.2468647505927242	-0.0000141940924275	-0.0020832847373553	
-0.2008763752696231	0.1084595512044846	0.0001803476857963	0.0020754733581243	-0.1863386330772526	0.1053293573128780	0.0001611957647831	0.0020770564798340	-0.1871881425930842	0.0719365504820735	0.0002046283758953	0.0020732089571460	
