-0.3750592785981078	-0.4366104895927113	0.0020564402843397	0.0003002664992817	-0.2327936240213774	-0.3977177258224683	0.0020776653808608	-0.0000444285543576	-0.1017875787077097	-0.3723219210031147	0.0020732322840942	-0.0001430641433862	
0.3134095317528836	0.2061041162401078	0.0007182275701406	-0.0019549538247711	0.4749361201243476	0.2416976782049730	0.0007321770994406	-0.0019497463183161	0.6548132596104244	0.2886534279207416	0.0006395238952447	-0.0019822309287601	
-0.4258868584495112	-0.4065202608394012	-0.0019012036476789	-0.0008411937946661	-0.2773764292672521	-0.3657462324593491	-0.0019339628689576	-0.0007624571863726	-0.1414646675566867	-0.3381802387620508	-0.0019492344975083	-0.0007223166403318	
-0.4497397687204620	-0.4320996570877971	0.0016952104874633	-0.0012050529146564	-0.2992619676179439	-0.3875067911273155	0.0010947339478511	-0.0017708290879845	-0.1631142955578362	-0.3604022023408042	0.0013205097650890	-0.0016086646976518	
-0.1029127224930944	-0.0260256345438795	-0.0009509042031765	-0.0018524395344446	0.0322020502919165	-0.0052046814848410	-0.0010421295754989	-0.0018024446642477	0.1651748948221058	0.0145992920457752	-0.0011304137075851	-0.0017481548745063	
0.3042236438406988	-0.3822692269455585	0.0005658712673083	0.0020046107936062	0.4560160905530162	-0.3822991340189517	0.0003260961351475	0.0020575244179246	0.6265269418544219	-0.3916696673871901	0.0000798474419038	0.0020817949576944	
-0.0499998353429764	-0.4226925424839568	0.0017128133389031	0.0011797716984121	0.0821143641246352	-0.4031858288524848	0.0017937564375897	0.0010519542289628	0.2171854687116932	-0.3927564118231402	0.0018438404960756	0.0009609942848483	
-0.4477554144107803	-0.4332189255606282	0.0019014900204391	-0.0008405430152927	-0.2978700495026550	-0.3892501597940908	0.0016182343976324	-0.0013070904454178	-0.1620914310103971	-0.3614553557034878	0.0015761678830608	-0.0013577685845902	
0.2699345309248458	-0.2984349559923401	-0.0017268982194326	0.0011589524544120	0.4167717774722481	-0.2934243319237784	-0.0017924119723640	0.0010542548629631	0.5828503456076592	-0.2949860132191942	-0.0017330693397062	0.0011496573501738	
-0.2491657470239910	0.0338881063330554	0.0017504592408860	0.0011228671049294	-0.1120207953004000	0.0537901987492579	0.0017040184608403	0.0011925025452072	0.0177300761614793	0.0738385571305109	0.0017168078965707	0.0011739219973441	
-0.4530351215423023	-0.4208328618016950	-0.0008612608482882	-0.0018959942092938	-0.3010635350623412	-0.3782490221634123	-0.0006761336474294	-0.0019699828496249	-0.1649387770670903	-0.3491281650201815	-0.0010769949013525	-0.0017817275102167	
-0.4998182484224416	0.3276452242014740	-0.0020778446393796	0.0000350036664161	-0.3470539789076943	0.3361947548719687	-0.0020774024556345	-0.0000554241624411	-0.2119577258983056	0.3484907247337372	-0.0020718739321224	-0.0001616355470850	
0.2555286457694897	-0.2942881444255022	-0.0020771967888502	-0.0000626943259362	0.4010392522714281	-0.2893429168388220	-0.0020778680477028	-0.0000335781386876	0.5662822830583498	-0.2894868069644883	-0.0020758565923416	0.0000975927787852	
-0.5018945075125896	0.3276740209903140	-0.0020779691449179	0.0000265564396556	-0.3491329859241427	0.3361408971971380	-0.0020771976650026	-0.0000626651450129	-0.2140580096733675	0.3483190095686819	-0.0020715652380465	-0.0001655642125493	
-0.3474836230465114	-0.3579870151131108	0.0017810759500202	0.0010733896095509	-0.2042483820907888	-0.3232704617990103	0.0017497101052992	0.0011240399297377	-0.0720552367451726	-0.2997008274529587	0.0017389200715752	0.0011407439013009	
-0.1154114632031198	-0.0393770422203047	-0.0019152184404858	-0.0008086116924962	0.0187095156280768	-0.0187667987027251	-0.0019141693869749	-0.0008111043171246	0.1506608020222959	0.0010527963812843	-0.0019352826582511	-0.0007590841899091	
-0.4198945011667927	-0.4388915655164987	0.0019703870130503	0.0006621302035993	-0.2743660206822793	-0.3980158369869435	0.0020779520692228	-0.0000278669158745	-0.1394747321271570	-0.3712752352254972	0.0020724741481766	-0.0001537078162012	
-0.2108605661976470	-0.0690082986604121	-0.0020598240798646	-0.0002759739908351	-0.0758987148503002	-0.0467038404478220	-0.0020503962394019	-0.0003392729575902	0.0549547152262361	-0.0266312383274386	-0.0020599431544199	-0.0002750793127501	
-0.2602870138549985	-0.0320867201473519	-0.0006311701608563	0.0019849200581167	-0.1212610799705632	-0.0082175689541583	-0.0006125274622138	0.0019907811510598	0.0093443578513372	0.0114555999306822	-0.0006043552630312	0.0019932897392556	
-0.1030086065700242	-0.0156272755017950	0.0005121832008563	-0.0020190673215149	0.0319498420367196	0.0072814065966044	0.0005570893012839	-0.0020070813650788	0.1649345389720968	0.0281105305980283	0.0005752646373045	-0.0020019219913676	
-0.3522337307574638	0.3224548900795469	-0.0020781070956423	0.0000113595997767	-0.2109394424608305	0.3366219763479898	-0.0020772411768925	-0.0000611984309177	-0.0810452895918823	0.3551856534313811	-0.0020722076033700	-0.0001572779920364	
-0.3667980309910591	0.3226830154260546	-0.0020776048199511	0.0000471890155967	-0.2244388650402449	0.3363788266379338	-0.0020780900910533	-0.0000141445659492	-0.0945617523375125	0.3543187460155951	-0.0020755050620977	-0.0001048379006499	
-0.1745297728722899	0.0578358731349933	0.0020380070457435	0.0004074453785240	-0.0405299594864975	0.0782148954659669	0.0020282996339168	0.0004535225058468	0.0893918304323897	0.0995624053322960	0.0020228757820596	0.0004772479867125	
0.2628524496868990	-0.2950780284457397	-0.0019903542274092	0.0005991122749718	0.4094082277981819	-0.2903330327332304	-0.0020084142569589	0.0005351225096045	0.5745821635089738	-0.2908934852518286	-0.0019722090796696	0.0006566557473461	
-0.1228700145314922	0.0446710063901717	0.0007953009905807	-0.0019247357326873	0.0123148803777758	0.0676304014857396	0.0008424785741478	-0.0019044564429456	0.1445805821653546	0.0896596488936878	0.0008375586425164	-0.0019066361454988	
-0.2233264204718025	0.0453942807408430	0.0019934047392998	0.0005888311943597	-0.0872964399450591	0.0657040829498127	0.0019814036192795	0.0006282222031411	0.0426312324474912	0.0863161413217212	0.0019645906016878	0.0006792196564994	
0.2890827279828008	-0.3280135185022230	-0.0007565964662882	0.0019403540388741	0.4382227488964237	-0.3240909506644291	-0.0007572498612841	0.0019400978595627	0.6063697013998586	-0.3293846072006227	-0.0007617326040154	0.0019383334100404	
-0.3335077399576989	-0.3299416799131342	-0.0020346964279582	-0.0004237480396740	-0.1921835292569962	-0.2966044560065719	-0.0020575845982949	-0.0002922818270126	-0.0592549751054452	-0.2730596006249812	-0.0020686170507337	-0.0001991949994995	
-0.3636799002878796	0.3226001219008942	-0.0020777899686845	0.0000381259160210	-0.2213212357450439	0.3364062768550761	-0.0020779277332305	-0.0000296345875421	-0.0914547943775859	0.3545151836209818	-0.0020745943113586	-0.0001216125554293	
-0.1306470980772977	-0.4897300802874093	0.0010686837953126	0.0017867498873963	0.0023292321098931	-0.4627030380910886	0.0012520399567929	0.0016627765654409	0.1343659164403347	-0.4471858852592456	0.0013964113633041	0.0015429034550016	
-0.2557027760131588	-0.0458786368835921	-0.0006863718735898	0.0019664213568723	-0.1170407061342100	-0.0217016240197026	-0.0006389086150518	0.0019824303233713	0.0135848597774754	-0.0020473233403630	-0.0006400981002677	0.0019820446541732	
-0.1335792102339716	-0.4969695599585732	0.0004330353008952	0.0020376013928391	-0.0029723722219726	-0.4709192290735223	0.0009739463296733	0.0018403688594564	0.1260651669318247	-0.4585380585421329	0.0009941888040712	0.0018294584349406	
-0.1077566349591773	-0.0337836901330681	-0.0010545114737584	-0.0017951925822270	0.0270151795795640	-0.0135406097139405	-0.0012551999731215	-0.0016603804754776	0.1589600773000767	0.0052458711736583	-0.0015482641144581	-0.0013896601810541	
-0.3848873740301986	-0.3717729026408522	-0.0002595706934158	-0.0020670180277557	-0.2387440628486434	-0.3333980310705340	-0.0003312478470898	-0.0020566971896983	-0.1052145063796659	-0.3082577098300125	-0.0003674498845992	-0.0020505078442001	
-0.4665475290393076	0.3259953831955607	-0.0020757250525936	0.0001003652448682	-0.3169533406719102	0.3360230168629518	-0.0020775439454345	0.0000498097596865	-0.1839258107494589	0.3497223762146023	-0.0020777960668679	-0.0000377904363617	
-0.4435828788576353	-0.4136829822192702	-0.0019104393806946	-0.0008198947775271	-0.2930995075286503	-0.3717622180050679	-0.0019010186686804	-0.0008416138381188	-0.1556218568800737	-0.3431004112075614	-0.0019458377869570	-0.0007314629155897	
-0.2575398815838655	-0.0405572134646161	-0.0006621143127952	0.0019747626940426	-0.1186105775456732	-0.0167345406583311	-0.0006283814827774	0.0019858090808397	0.0118705908413277	0.0033146991870390	-0.0006260858014479	0.0019865376865171	
-0.1744238202987738	-0.0585142685523835	-0.0016612722160511	-0.0012516533170837	-0.0394273203232733	-0.0375695473832686	-0.0016221193576758	-0.0013022418230626	0.0915805011624090	-0.0178834491473207	-0.0016459425474511	-0.0012718444644993	
-0.1785363977339487	-0.0616631406969616	-0.0017142906231086	-0.0011776133101086	-0.0436446869258853	-0.0406207418732473	-0.0018319723880476	-0.0009835412331409	0.0872703214827653	-0.0208201621235892	-0.0018769138471334	-0.0008943355873126	
-0.2638315425644239	-0.0208051288217424	-0.0006143075857534	0.0019902298209573	-0.1247306085585966	0.0031130448718599	-0.0005997375487589	0.0019946909476702	0.0062164316255157	0.0218697501226682	-0.0005924470597547	0.0019968793398358	
-0.1586831403949117	-0.1217102720355157	0.0007897662171535	-0.0019270247918268	-0.0238239005175714	-0.0978761838015249	0.0007262901238232	-0.0019519579017582	0.1079666093231891	-0.0792180524077644	0.0007694866196407	-0.0019352529217127	
-0.3906276949016782	-0.3886216696119135	-0.0016203350141660	-0.0013044724537413	-0.2441216028766751	-0.3500808989781816	-0.0016443396150329	-0.0012739265462669	-0.1092070876891980	-0.3238143589724062	-0.0016145219756868	-0.0013116961805215	
-0.3889437942241225	-0.3871214532270330	-0.0014630743548377	-0.0014795184684515	-0.2423737571558680	-0.3486314751270463	-0.0014746806720860	-0.0014678922596572	-0.1077081332476871	-0.3222944941431354	-0.0013781988872476	-0.0015592743737560	
-0.4385932328376592	-0.4356211435407215	0.0020320695226244	-0.0004362326123858	-0.2891217843520170	-0.3931140463783490	0.0019724514197331	-0.0006559238031401	-0.1530320855376690	-0.3660453949059041	0.0019260552292563	-0.0007823154110376	
-0.1154000665677342	0.0239399204283433	0.0006790289896612	-0.0019689817483616	0.0197610160010253	0.0468804137774749	0.0006608227528101	-0.0019751974342584	0.1522573793324371	0.0686089806355085	0.0006700926787872	-0.0019720561990525	
-0.1221599979452352	0.0429077051043412	0.0007586920694711	-0.0019395315041609	0.0132381458592128	0.0655018745521165	0.0007798471858806	-0.0019310804062169	0.1454956385643076	0.0875119489133429	0.0007764600223034	-0.0019324516533791	
-0.4624052242232423	0.3258481891412743	-0.0020774143494247	0.0000549743019180	-0.3127990076783808	0.3359556976614383	-0.0020781029096883	0.0000121047638652	-0.1797654306408853	0.3498253668787407	-0.0020771209831404	-0.0000651695947897	
-0.1022018483348505	-0.0197677915116316	0.0002542166729387	-0.0020676866606139	0.0329108310715657	0.0031343167215478	0.0003809660180991	-0.0020480273651010	0.1661597666948075	0.0229199800968437	0.0003462476118362	-0.0020542127890595	
-0.3818219912606632	-0.3591616179892742	-0.0008514406186766	-0.0019004466222615	-0.2356882023983814	-0.3219567863862613	-0.0008711094064597	-0.0018914669648364	-0.1025767855624058	-0.2980287422413411	-0.0007734205375695	-0.0019336762434759	
-0.1263296662079919	-0.4836671895989165	0.0013095987605188	0.0016176040617537	0.0065464154526841	-0.4575855818401396	0.0013942709524341	0.0015448476240670	0.1384678337052369	-0.4430095397138045	0.0015220043543377	0.0014185145606492	
-0.4945712208885413	0.3275383207573828	-0.0020773164373320	0.0000585748136295	-0.3418572327957881	0.3362923709434846	-0.0020778788696548	-0.0000328982211725	-0.2078089143081502	0.3487749752253122	-0.0020728631038554	-0.0001483430768763	
-0.2607833850120752	0.0260207369621424	0.0017444349710632	0.0011322500269748	-0.1228808988107079	0.0460232989666213	0.0017488838806787	0.0011253314442073	0.0067285683280733	0.0663609841451757	0.0017180234206171	0.0011721334540453	
-0.1140163998295943	0.0198661038667373	0.0006616858992397	-0.0019749070031149	0.0211180425680716	0.0427978611189993	0.0006474606169421	-0.0019796398361827	0.1535731383149864	0.0645270359689248	0.0006577072325702	-0.0019762422362571	
-0.2026040248127786	-0.0677501493480313	-0.0020483072154844	-0.0003517261637439	-0.0676836576306495	-0.0453794549125320	-0.0020542537055187	-0.0003149497181582	0.0622679781437236	-0.0257886948445232	-0.0020582198804415	-0.0002877514195801	
-0.4000408049651241	0.3240908727564041	-0.0020768984763913	0.0000719444279609	-0.2556125753323757	0.3365075480874657	-0.0020781350260758	-0.0000035176283753	-0.1246834027867241	0.3530636075921274	-0.0020758399111528	-0.0000979487233877	
-0.2712045937787150	0.0072913588709794	-0.0002620378407767	0.0020667051554298	-0.1311865014863270	0.0302063642518037	-0.0001424095139862	0.0020784358972561	-0.0006290842950214	0.0489744721680305	-0.0002386673426818	0.0020695483832951	
-0.3855701188638542	-0.3801624456893825	-0.0002403265267223	-0.0020693554052298	-0.2394557662882273	-0.3413664299734435	-0.0000938605868054	-0.0020812073092107	-0.1057018655355156	-0.3158117332422044	0.0000655335451163	-0.0020822972007312	
-0.2379226940684304	-0.0758935108635938	-0.0020603106397159	0.0002722993123221	-0.1019575679034994	-0.0514197204307037	-0.0018462378642901	0.0009563572822264	0.0280323748271611	-0.0313104182157367	-0.0017719575525634	0.0010884509258074	
-0.3553552156463757	0.3224634875619950	-0.0020780413479356	0.0000200914342490	-0.2130138800210581	0.3365682266258859	-0.0020773811106596	-0.0000562224644270	-0.0841462977925886	0.3549749218721454	-0.0020728179204562	-0.0001489762469932	
-0.3958853279411537	0.3239548392343510	-0.0020765926575420	0.0000803279254795	-0.2514564945673369	0.3365147627428312	-0.0020781374448698	-0.0000015067228915	-0.1205412985619690	0.3532388483872902	-0.0020758751782900	-0.0000971946515870	
0.2935728805759122	-0.3398185178722191	-0.0007218848920202	0.0019535995327799	0.4431378173967440	-0.3372671633500180	-0.0007142705149619	0.0019564103119620	0.6115556669793225	-0.3429223803963879	-0.0007268165370875	0.0019517609705499	
-0.4655132792125176	0.3259527076433194	-0.0020762434520756	0.0000889383421913	-0.3159152612908945	0.3360101945787597	-0.0020777354567494	0.0000410029907326	-0.1828866442626450	0.3497347631789484	-0.0020776953744480	-0.0000429957941786	
-0.1089507334356554	-0.4668777283216193	0.0016278452831331	0.0012950411379097	0.0246251897093102	-0.4422173546156300	0.0016969184476865	0.0012026345669039	0.1581803063180987	-0.4285453930813816	0.0017557723987661	0.0011144990402971	
-0.1735034733942435	0.0580399784022453	0.0020399825682169	0.0003973855120665	-0.0395080647394260	0.0784456217627737	0.0020296638444576	0.0004473466581702	0.0904140955149207	0.0997994665814605	0.0020236956358256	0.0004737419501014	
-0.5133218777870535	0.3277531429380574	-0.0020781082512233	0.0000111451163983	-0.3595054741465656	0.3358123748429913	-0.0020773034994248	-0.0000590341424534	-0.2244355201982237	0.3474283908528731	-0.0020732480927746	-0.0001428337165300	
-0.1797771112822826	-0.0624798843792906	-0.0018170397029863	-0.0010109973758275	-0.0444330460441764	-0.0409111035955020	-0.0019023043897163	-0.0008386890719603	0.0850559605325032	-0.0216963994111281	-0.0019996218477106	-0.0005672502231995	
-0.1210534967164844	0.0397920650018788	0.0007240597042967	-0.0019527904991254	0.0143843925401329	0.0624334141104829	0.0007275238159144	-0.0019514961215625	0.1466590798634568	0.0844371044419587	0.0007293527827540	-0.0019508098815457	
-0.2611798231460264	-0.0293075019903604	-0.0006247868668233	0.0019869486445142	-0.1222637185999196	-0.0050869070189672	-0.0006103420084643	0.0019914556222551	0.0086434171495665	0.0136601240004532	-0.0006011950821779	0.0019942499377803	
0.2799807400401512	-0.3089326428592340	-0.0011428150772218	0.0017400325235134	0.4282328901427368	-0.3040288294179475	-0.0012128699062127	0.0016917032562629	0.5954791568240803	-0.3072011362678073	-0.0011933489771226	0.0017055986301475	
-0.1175555627333408	0.0301624760077656	0.0006915431765242	-0.0019645996192624	0.0176596840132269	0.0531235339059540	0.0006750260797725	-0.0019703645399993	0.1499870554266054	0.0751196211698051	0.0006820396086342	-0.0019679357084342	
-0.1463891077971201	-0.1551976499981836	0.0006041652832383	-0.0019933476185833	-0.0116828069208318	-0.1312732635357081	0.0005808477770477	-0.0020003011294115	0.1199545924863230	-0.1124581514768623	0.0005807129863835	-0.0020003404609436	
-0.1209651116053783	-0.4776820476440544	0.0014415476244360	0.0015006048575894	0.0106238757722574	-0.4533875434300168	0.0015061743894096	0.0014353952422590	0.1412508783262015	-0.4405467058042727	0.0015900583272134	0.0013413929568300	
-0.2501606481254725	-0.0612817359794366	-0.0007743076153242	0.0019333194216195	-0.1120231544341345	-0.0363312520184682	-0.0007453318794657	0.0019447305975840	0.0189264932462492	-0.0175581384342534	-0.0007709586450750	0.0019346640391402	
-0.3368732615126498	-0.3886089666852614	-0.0005184420828905	0.0020174612743769	-0.1961897702243530	-0.3530595984213254	-0.0005588055067423	0.0020066018324005	-0.0654488979698706	-0.3312468775570351	-0.0003800893370606	0.0020481910631544	
-0.4043770306747618	-0.3965090756647222	-0.0018652723869768	-0.0009184872070502	-0.2567900033577963	-0.3569867620728672	-0.0018905645446431	-0.0008649566288923	-0.1215409499167402	-0.3302786460576074	-0.0019167884965176	-0.0008048641399053	
-0.1109728435962419	-0.0369365714398079	-0.0016869590064884	-0.0012166347637298	0.0229277190306896	-0.0168439856196949	-0.0018264102020917	-0.0009938832083061	0.1549147363523867	0.0028665648266664	-0.0018847150210903	-0.0008776924931653	
-0.3345728231343573	-0.3301317065846651	-0.0020288705463331	-0.0004509487538045	-0.1932488917290620	-0.2967401482981220	-0.0020515937695130	-0.0003319175970275	-0.0603072613601022	-0.2731634521560648	-0.0020640418611494	-0.0002422416200772	
0.2971989951185429	-0.3499880609472381	-0.0006759395320105	0.0019700497963248	0.4468904405129666	-0.3478758122026557	-0.0006644768922394	0.0019739650022724	0.6159148257008371	-0.3553196886687376	-0.0006527802906159	0.0019778833120685	
0.2961242109536210	-0.3468799715505870	-0.0006886612132391	0.0019656167672605	0.4458326154540506	-0.3447587058831833	-0.0006779509217768	0.0019693550633568	0.6144108231127514	-0.3508988626791481	-0.0006783094522350	0.0019692309845656	
-0.4533258802395828	-0.4250017148624656	0.0005324366847878	-0.0020137948600958	-0.3009355904659232	-0.3812983632953910	0.0006117633408915	-0.0019910172730298	-0.1651096189929978	-0.3541705285325221	0.0005930675717070	-0.0019966942152311	
-0.3795245024859113	-0.3550308654189822	-0.0011756390963257	-0.0017179147878311	-0.2334336887340004	-0.3179501479505449	-0.0011860297234774	-0.0017107218209327	-0.1002035753170782	-0.2934711401202076	-0.0011292471901482	-0.0017489124035362	
-0.3525027213022656	-0.4258212243721425	0.0013810227104954	0.0015567613857271	-0.2119194900769219	-0.3896339061813909	0.0014988467765419	0.0014430832855537	-0.0816862159038281	-0.3660542522840661	0.0015375803231894	0.0014015309434006	
-0.4041968616332682	0.3242162540200508	-0.0020770082823221	0.0000686847410105	-0.2587295263963232	0.3365025765500245	-0.0020781356966454	-0.0000030939760669	-0.1288271931858087	0.3528882605019832	-0.0020758977710900	-0.0000967084822243	
-0.1021049532184853	-0.0228698034819572	-0.0001886106956573	-0.0020747350893431	0.0333099742069883	-0.0010511006761464	-0.0000813585487278	-0.0020817361568867	0.1665050180222667	0.0197576831390617	0.0000246043434769	-0.0020831873111671	
-0.1363561026828836	-0.0484430847247351	-0.0019438402884409	-0.0007367811885206	-0.0022934822355000	-0.0276142581972400	-0.0019713983569432	-0.0006590978292627	0.1290252633943213	-0.0077308414742840	-0.0019765216332966	-0.0006434923508231	
-0.3408008623786754	-0.3316866346128600	-0.0019969186794536	-0.0005767410349013	-0.1984590490048366	-0.2977534397516725	-0.0020221111858460	-0.0004804933982682	-0.0654609509901283	-0.2739512905831176	-0.0020402455114070	-0.0003960265217964	
-0.3382855478051909	-0.3851569176782325	-0.0010224373042833	0.0018137437285264	-0.1978340887426360	-0.3492135862525560	-0.0011032250665195	0.0017655251614560	-0.0667345967672999	-0.3272012823061973	-0.0008875516189882	0.0018837691574615	
-0.4706762046415915	0.3262155639953284	-0.0020737498697073	0.0001353151333576	-0.3200620215029894	0.3361121450781364	-0.0020772646155338	0.0000603935798537	-0.1870431953250921	0.3496549230346383	-0.0020778064866247	-0.0000372102128481	
-0.3543297354830833	-0.3364306642984147	-0.0019140001532744	-0.0008115055833949	-0.2110148945918308	-0.3017425318587640	-0.0019258990135571	-0.0007827018273338	-0.0778551574487020	-0.2774167790281046	-0.0019458989928170	-0.0007312992597509	
-0.0914237465228686	-0.4531446754553113	0.0016286900493080	0.0012939732476886	0.0414954172784783	-0.4301074809448041	0.0016843960856471	0.0012201983122137	0.1766058186939929	-0.4166085952550849	0.0017384947887049	0.0011413951712689	
-0.3688775387200379	-0.4353911684120529	0.0020168191898335	0.0005023493931786	-0.2277018872684330	-0.3974484216593121	0.0020552433182387	0.0003083928581697	-0.0967211380645497	-0.3725918017679958	0.0020778499833456	0.0000346833907439	
-0.1694052621380331	0.0587414136034098	0.0020468397373897	0.0003602095472940	-0.0353402615203100	0.0793124244646164	0.0020368325308996	0.0004133057654570	0.0945822262386594	0.1007110317905751	0.0020297290270536	0.0004470493330137	
0.2823057148615120	-0.3127445072826444	-0.0010021402768703	0.0018250931320887	0.4310726726362106	-0.3084455117079536	-0.0010377823606127	0.0018049636720548	0.5983005058661086	-0.3116178674668579	-0.0010365858816201	0.0018056545130961	
-0.4449299534007061	-0.4143127330849272	-0.0018878816000428	-0.0008708260915435	-0.2939006658189964	-0.3720833630562907	-0.0018869746366174	-0.0008727994488633	-0.1561242417059512	-0.3433428007147873	-0.0019383742995527	-0.0007511144352843	
-0.2472090029407052	0.0351852227030786	0.0017702448777570	0.0010912481064697	-0.1092981958355029	0.0556533312954816	0.0017330597685077	0.0011496718505298	0.0196713137664046	0.0751470523006009	0.0017271822964474	0.0011585269329838	
0.2546520132732988	-0.2942255860187770	-0.0020750519656064	-0.0001134945065051	0.4010392522714281	-0.2893429168388220	-0.0020778680477028	-0.0000335781386876	0.5652359577697514	-0.2894429901331662	-0.0020773123586202	0.0000587200064601	
-0.2527539455700567	-0.0543155234819580	-0.0007024362374864	0.0019607118459506	-0.1142268190595387	-0.0301696774239036	-0.0006801327292008	0.0019685988557024	0.0164078019949384	-0.0105358764114310	-0.0006857783223790	0.0019666294697963	
-0.1579560088736724	0.0605279396631567	0.0020604150255951	0.0002715043581660	-0.0239012962841284	0.0812696177811135	0.0020572945529970	0.0002943265919301	0.1060155807492557	0.1028988165484605	0.0020520528317502	0.0003290532344577	
-0.1156964326667781	0.0248937210810670	0.0006801782634192	-0.0019685830447010	0.0194715315268507	0.0478370470669240	0.0006616550708564	-0.0019749173835005	0.1521345137865292	0.0688768076796148	0.0006707708556992	-0.0019718244742201	
-0.3449596182215262	0.3224117397603961	-0.0020781147440185	0.0000098535789705	-0.2036820800448189	0.3368301042362515	-0.0020769181033520	-0.0000713727243147	-0.0738311238076734	0.3557103624272733	-0.0020711049981204	-0.0001712532503274	
-0.3252617391810667	0.3215732997805198	-0.0020704742162726	0.0001787545446417	-0.1849305547047813	0.3368967174800624	-0.0020762780983966	0.0000881217275703	-0.0561038022803516	0.3568730051010183	-0.0020777954461213	-0.0000378247215933	
-0.3428848446833297	0.3223959002090527	-0.0020780479426892	0.0000193938168497	-0.2016070744042486	0.3368926452466692	-0.0020770186847094	-0.0000683678690717	-0.0726840303951771	0.3557987450146134	-0.0020711141627885	-0.0001711418231650	
-0.3490761012971081	-0.3790575224318407	-0.0020766780961439	0.0000780765617792	-0.2081225351608553	-0.3432080643982638	-0.0020579610469511	0.0002896059713349	-0.0758525453049577	-0.3197923745489801	-0.0020019004908603	0.0005591145920647	
-0.2316820183816611	0.0425733805702557	0.0019536277032135	0.0007102882618123	-0.0946787764798082	0.0630205165814337	0.0019370001566593	0.0007546687174085	0.0352803621717721	0.0835200170996429	0.0019182006057990	0.0008014759815709	
-0.2657588354540303	-0.0145219841805715	-0.0005979373158346	0.0019952340374967	-0.1266075132610563	0.0094110712226966	-0.0005741653118835	0.0020022391423028	0.0043410635788199	0.0281693145372348	-0.0005807775969098	0.0020003216090116	
-0.3844714532528023	0.3234825141705508	-0.0020752923069496	0.0001089885771934	-0.2410643558028590	0.3364828792017397	-0.0020780452852311	0.0000196779081196	-0.1101754065648204	0.3536374116583941	-0.0020766755348837	-0.0000781449971171	
-0.0527659167245792	-0.4244478574172197	0.0017538205853158	0.0011175833189437	0.0800750985292877	-0.4043326305014729	0.0018136940584445	0.0010170170353364	0.2151061561854903	-0.3938025171945630	0.0018656136385520	0.0009177903927209	
-0.1778563853568180	-0.0612642330482604	-0.0016691942977538	-0.0012410155971202	-0.0423871583131935	-0.0398255888761973	-0.0017316248017834	-0.0011518428541159	0.0880030818648084	-0.0204779746742853	-0.0018156864624683	-0.0010134378405477	
-0.3927701893853525	0.3238430031698118	-0.0020762092820260	0.0000897364394327	-0.2483391758913689	0.3365169654545691	-0.0020781357408681	0.0000030639787962	-0.1184700289416351	0.3533248791383758	-0.0020759667341771	-0.0000952090947549	
-0.2368997732029985	-0.0759667620020744	-0.0020775762013838	0.0000484387638240	-0.1007778623483425	-0.0520384437215541	-0.0019688331211730	0.0006667594562928	0.0291782211931274	-0.0320059841788315	-0.0019087734066117	0.0008237851716628	
-0.4914597764797374	0.3274215181895218	-0.0020769015162547	0.0000718561793874	-0.3397787984868729	0.3363187804922907	-0.0020780085874789	-0.0000232486869642	-0.2046968515828447	0.3489686108372679	-0.0020737749223355	-0.0001349287172446	
-0.4362632526992394	-0.4361766802631478	0.0020201296618244	-0.0004887983246369	-0.2877377871646721	-0.3936136250681012	0.0019704749018447	-0.0006618672940725	-0.1508500505989097	-0.3669438204932218	0.0019172490653077	-0.0008037609131064	
0.3114646491294266	0.3269879772406850	-0.0007180807444396	0.0019550080306013	0.4745510114187586	0.3728007878528871	-0.0007279098684413	0.0019513514357339	0.6559377808881846	0.4335211214643532	-0.0007144701881642	0.0019563370362314	
-0.3981795544680828	-0.3933534164206178	-0.0018378546887759	-0.0009724496186181	-0.2513432279360371	-0.3543817449015864	-0.0018607847497139	-0.0009275902397270	-0.1172801030395091	-0.3284040410369066	-0.0018899952925005	-0.0008662060006497	
-0.4125036488845922	0.3244635330711338	-0.0020769591238192	0.0000701628018040	-0.2660022764213304	0.3364937165012687	-0.0020781378190590	0.0000008409484530	-0.1340100310646254	0.3526609799317174	-0.0020760045066366	-0.0000943777326892	
-0.1064365802452226	-0.0308048010273241	-0.0009812770735086	-0.0018364510723553	0.0288847146568119	-0.0101925199539114	-0.0009197040424672	-0.0018682044020453	0.1614526301552849	0.0088746386569143	-0.0009048997071847	-0.0018754559345777	
-0.3618211820050579	-0.3401233558013518	-0.0018152948118306	-0.0010141427177938	-0.2182230293100719	-0.3051679739841187	-0.0018165918665816	-0.0010118058672301	-0.0850307577171071	-0.2805997268880332	-0.0018379261742150	-0.0009723138281825	
-0.5029324619805462	0.3276954457022826	-0.0020780153686127	0.0000226313455674	-0.3501726185030923	0.3361032933032341	-0.0020771085714920	-0.0000655659595250	-0.2150944635769180	0.3482185534689917	-0.0020714885491158	-0.0001665257501389	
-0.1178518344754439	0.0311060660022485	0.0006903364420081	-0.0019650261000989	0.0173688400092835	0.0540689451703784	0.0006752864881846	-0.0019702748608693	0.1496522122041736	0.0760504732407331	0.0006837637504599	-0.0019673343195609	
0.3095425187712465	0.2166300109261558	0.0007166698464723	-0.0019555282714635	0.4706881521464004	0.2531212706988075	0.0007233660183576	-0.0019530488521580	0.6509525873544046	0.3012460694699165	0.0006430083179176	-0.0019810977255701	
-0.3710183197430421	-0.3852374985667719	-0.0018401143994188	0.0009681453956836	-0.2277779186023629	-0.3464275545739918	-0.0009983258400702	0.0018271928725016	-0.0947641174425576	-0.3223964107153590	-0.0014109218584759	0.0015295788121967	
0.3126200779340038	0.2082811950412025	0.0007199926610218	-0.0019543011944833	0.4737869517744375	0.2447809467869444	0.0007289943171682	-0.0019509445349080	0.6540876108496878	0.2908850826077035	0.0006050328377750	-0.0019930831471399	
0.2808030654812880	-0.3101950993105795	-0.0010922456759381	0.0017723726193539	0.4290881103747248	-0.3052527836802112	-0.0011573409908273	0.0017303566240504	0.5963219856478736	-0.3084278525101543	-0.0011472599972293	0.0017370903899178	
-0.2644920333903280	-0.0186146524231525	-0.0006092258863278	0.0019917990602912	-0.1253787109128063	0.0052999866196032	-0.0005909760303911	0.0019973173666469	0.0055755530367289	0.0240623346151071	-0.0005880779898236	0.0019981768479239	
-0.5413742120508306	0.3288579757681143	-0.0020741929867833	0.0001283080644242	-0.3844531051721452	0.3359970957080919	-0.0020781275455043	0.0000066045877418	-0.2472790511376757	0.3465765894576316	-0.0020751925994880	-0.0001108801877297	
-0.1551408889493212	-0.1293214544469359	0.0008560836843019	-0.0018983491581850	-0.0206074838419102	-0.1051220916076180	0.0008727341617653	-0.0018907140914677	0.1111938144753911	-0.0864519062562775	0.0008637669455785	-0.0018948480972730	
-0.3678307153407586	-0.3854147841777754	-0.0019616706156774	-0.0006876491579257	-0.2266158275475416	-0.3476617876632676	-0.0016597905824951	0.0012536272404487	-0.0925256778101510	-0.3237415381178007	-0.0020199999185841	0.0004893369042334	
-0.4748022810678996	0.3264767705844999	-0.0020730648444988	0.0001454822293171	-0.3242061698954842	0.3362213978588860	-0.0020774419243031	0.0000539168865061	-0.1911953166628044	0.3495564104120348	-0.0020774162446150	-0.0000549022791555	
0.2837599827484452	-0.3155612493789657	-0.0009212959825799	0.0018674159295422	0.4325618495150345	-0.3112400021620771	-0.0009533614647499	0.0018511697718692	0.6000837498869460	-0.3149246014837834	-0.0009458163635666	0.0018550554574367	
0.2661077338409801	-0.2964186814618117	-0.0018936767645662	0.0008580871856074	0.4125635047597920	-0.2913306641762226	-0.0019286762012579	0.0007757987370017	0.5787689033972994	-0.2926711618712756	-0.0018569772591575	0.0009352271712083	
-0.4455591522159933	-0.4340418985518545	0.0019907551485349	-0.0005977720440433	-0.2959890433457368	-0.3904523461875062	0.0018274424020379	-0.0009919745179121	-0.1589495824534194	-0.3635077503660772	0.0018538306334424	-0.0009414801330356	
-0.0703445092387228	-0.4369370338914780	0.0016959620027767	0.0012039897219439	0.0631174367051820	-0.4151578853702668	0.0017493852200285	0.0011245480244545	0.1976629956103632	-0.4036273523409896	0.0018004732693157	0.0010403581131705	
-0.1547847860162569	-0.0535582638545473	-0.0020616805324089	-0.0002616714756790	-0.0208056351028669	-0.0319650581893752	-0.0020761712101598	-0.0000906173761966	0.1101177261160303	-0.0121826770980668	-0.0020760653603456	-0.0000930226996622	
-0.1227433087643028	-0.0424157655402886	-0.0019096126582307	-0.0008218280716806	0.0114152934790946	-0.0218439801877274	-0.0019001128290359	-0.0008436671771000	0.1433105396885336	-0.0019147719174914	-0.0019015151173346	-0.0008404859541480	
-0.4293004049934643	-0.4080091055977296	-0.0019142096977380	-0.0008110087026577	-0.2804216482760167	-0.3669340233791504	-0.0019436513978648	-0.0007372818365077	-0.1445630859269965	-0.3392829361488948	-0.0019581790066773	-0.0006975790027435	
0.2916121745139962	-0.3345545156327593	-0.0007359515243898	0.0019483176391802	0.4408686503686035	-0.3311041751508544	-0.0007320344737693	0.0019498001398660	0.6093838767452291	-0.3372684714923304	-0.0007442782931967	0.0019451360844365	
-0.2678838522570047	-0.0072541303498727	-0.0005611795571149	0.0020059358667993	-0.1283765422091057	0.0157058912507099	-0.0005310314603766	0.0020141677267158	0.0022869516432364	0.0354539688017996	-0.0005434797667017	0.0020108278950759	
-0.4256434681698741	-0.4739711876220498	0.0001763980497070	-0.0020758144738875	-0.2772512733839669	-0.4281325048548844	0.0001803120469188	-0.0020754764701484	-0.1423740721862786	-0.3989578833913753	0.0002036544938804	-0.0020733053296406	
-0.3917281864184070	-0.4374816611981109	0.0020679746330524	0.0002057896284327	-0.2472756175920339	-0.3976656235004432	0.0020776830844213	-0.0000435885730135	-0.1132732912171583	-0.3719991498957850	0.0020723405922520	-0.0001555070050159	
0.4777967109414372	0.4989582900874828	-0.0000004670768032	0.0020833332807126	-0.5507092757149502	0.3348151962493072	-0.0020779303303886	0.0000294509986860	-0.5465472957250020	0.3312206823120440	-0.0020715471306977	-0.0001657917513939	
-0.1755832657129730	-0.0593984342525796	-0.0016266869080531	-0.0012965031397081	-0.0399198287669529	-0.0380335603207360	-0.0016147338797829	-0.0013114340058547	0.0904330561390916	-0.0187899154639703	-0.0016669910091639	-0.0012439883802321	
-0.4195557433658683	-0.4036157928527490	-0.0018887479808058	-0.0008689359596939	-0.2712966152091341	-0.3633098331665423	-0.0019184000912689	-0.0008009959871486	-0.1362252004913882	-0.3361876741538818	-0.0019384486104745	-0.0007509216752473	
-0.1082603125817340	-0.4663895914090723	0.0016346566415857	0.0012863896103352	0.0250593592027759	-0.4418568794845130	0.0016973663855663	0.0012019991102800	0.1589519446784713	-0.4280803271364943	0.0017557810386906	0.0011144853607738	
-0.3512481840016362	-0.3603875129285067	0.0016827098003539	0.0012225343542240	-0.2078356918403310	-0.3260282737885561	0.0015375999413202	0.0014015093128471	-0.0744562554025310	-0.3013081599147034	0.0016249776274567	0.0012986555444545	
-0.4240233281676943	-0.4397426622414297	0.0020765744192474	-0.0000808003805896	-0.2763256235521287	-0.3978033110704478	0.0020210841773590	-0.0004848165525888	-0.1394747321271570	-0.3712752352254972	0.0020724741481766	-0.0001537078162012	
-0.1214781541175620	-0.4782172150536977	0.0014300993612621	0.0015115736473553	0.0095764248705608	-0.4544084786382577	0.0014771471341908	0.0014653977842813	0.1390477585419904	-0.4424933018259455	0.0015392495813990	0.0013996882686919	
0.2907876267875675	-0.3323662919386863	-0.0007421400226102	0.0019459570044655	0.4400408964253377	-0.3289175534416715	-0.0007369612237062	0.0019479340283634	0.6084109566561147	-0.3346064832741633	-0.0007488371706012	0.0019433767981098	
-0.3515522666799938	-0.4247259820631531	0.0013196415966833	0.0016093805268722	-0.2103963630186393	-0.3881010689114497	0.0014018999191445	0.0015378931998981	-0.0795679553788893	-0.3639364133806547	0.0014091080771543	0.0015312582626392	
-0.3573491249046900	-0.3377730202802813	-0.0018815982363984	-0.0008843877358769	-0.2140695383270258	-0.3030604153643524	-0.0018857470362786	-0.0008754618542564	-0.0808953404351130	-0.2786157454725058	-0.0019063460065872	-0.0008294149697186	
-0.4270526935324772	0.3251310032016272	-0.0020756053096803	0.0001028239434083	-0.2805499857949877	0.3365480974678510	-0.0020781343923815	0.0000038756546283	-0.1475417684772423	0.3519931041380429	-0.0020754413257234	-0.0001060984268043	
-0.2131224681003742	-0.0693687211638573	-0.0020565262445910	-0.0002996742381097	-0.0778964212685728	-0.0469991639588405	-0.0020427400822586	-0.0003828847332743	0.0519725675661600	-0.0271582276607334	-0.0020491811721328	-0.0003465722717220	
-0.1349397299901816	0.0586776283709374	0.0018856098051417	-0.0008757588691060	-0.0020989838627229	0.0811309812823086	0.0019560462184725	-0.0007035669631977	0.1299407645115235	0.1034752273956812	0.0019686121695489	-0.0006674147981949	
-0.2223285729004903	0.0456376409297845	0.0019945032442183	0.0005850807703680	-0.0863206178322981	0.0660545373675018	0.0019851400424065	0.0006162534016060	0.0435974030510502	0.0866715170124904	0.0019695655318367	0.0006645819789387	
-0.2572417172384531	-0.0414621436479415	-0.0006670273788244	0.0019731003130281	-0.1183400471844150	-0.0176585533251730	-0.0006268415697681	0.0019862981439366	0.0122950762233790	0.0020062748076000	-0.0006343897864909	0.0019838882552333	
-0.3833996517885910	0.3234117940422746	-0.0020752899330741	0.0001090339958478	-0.2400251356888001	0.3364743182869542	-0.0020780260851709	0.0000216198143226	-0.1090731275213486	0.3537000351566119	-0.0020767480220761	-0.0000761844034562	
0.2830770101156032	-0.3142602784467256	-0.0009579076522195	0.0018488096271188	0.4318049264835482	-0.3097101662058937	-0.0009958962106645	0.0018285248891502	0.5994106190174386	-0.3136371007602429	-0.0009775221076851	0.0018384625607353	
-0.4518148790091459	-0.4188732149316171	-0.0013887164085556	-0.0015498676700726	-0.2994829739777358	-0.3758724244995438	-0.0014173223651212	-0.0015236202028901	-0.1623936721736722	-0.3465922067009009	-0.0016645025161447	-0.0012473327512499	
-0.4291275580140790	0.3252431252982014	-0.0020757150431637	0.0001005730776796	-0.2805499857949877	0.3365480974678510	-0.0020781343923815	0.0000038756546283	-0.1475417684772423	0.3519931041380429	-0.0020754413257234	-0.0001060984268043	
-0.3551010686587018	-0.4284064067730703	0.0015540328370457	0.0013831737183034	-0.2141282127487167	-0.3915690688825176	0.0016307380416901	0.0012913783580707	-0.0839838760031564	-0.3679446885550233	0.0016677244543649	0.0012430000058959	
-0.2714533117878904	0.0125109373549360	0.0001169538106238	0.0020800315159873	-0.1311617793101479	0.0343895023997824	0.0002043363854496	0.0020732379003888	-0.0008518899255762	0.0541599416435922	0.0001279331557542	0.0020793818669695	
-0.1880404361506230	0.0547393536074738	0.0020214541457430	0.0004832638936329	-0.0540333790663244	0.0750241678260341	0.0020177752282303	0.0004984760529896	0.0758188079627820	0.0962132370301780	0.0020144694988906	0.0005117368620309	
-0.1096831128093136	0.0063319896356241	0.0006092282868337	-0.0019917983223780	0.0253853117272325	0.0292500707024975	0.0005997233810399	-0.0019946952287047	0.1582154963712391	0.0500532310831431	0.0006086887335776	-0.0019919641005511	
-0.0465483618993481	-0.4200906047198952	0.0016306418375940	0.0012915004423338	0.0864699493497678	-0.4003652950874679	0.0017078303641260	0.0011870095084310	0.2224318559090762	-0.3897007205711788	0.0017544135144493	0.0011166476287999	
-0.3771757228003817	0.3230719914692916	-0.0020759575414607	0.0000954103257628	-0.2337904885986290	0.3364088723190081	-0.0020780113218428	0.0000230017495740	-0.1038931763448936	0.3538914990584559	-0.0020768743120581	-0.0000726421114612	
-0.1454178166645007	-0.1583295832931793	0.0006074722929111	-0.0019923372635673	-0.0108141477595337	-0.1344056705551698	0.0005837957261314	-0.0019994384488076	0.1209428922480735	-0.1155939966198264	0.0005918408417801	-0.0019970599962561	
-0.2255902082395143	-0.0725365645535536	-0.0019219133954674	-0.0007924864898900	-0.0894546816286605	-0.0506248398274182	-0.0019432173623775	-0.0007384307626038	0.0394240220231662	-0.0309141797851376	-0.0019507074335409	-0.0007183092691717	
-0.1239729023598232	-0.4809647475048397	0.0013735738301763	0.0015633705234496	0.0090793385836917	-0.4549191450289784	0.0014661396048651	0.0014764657718131	0.1417144813387818	-0.4400911393474360	0.0015975855511061	0.0013323741347541	
-0.3810517400527356	-0.3574441569468457	-0.0009876455085697	-0.0018330168609165	-0.2350602378162270	-0.3207150029525690	-0.0009687170517676	-0.0018431405596646	-0.1016225851297216	-0.2959324394891623	-0.0009312264517129	-0.0018624590572665	
-0.4419266716979003	-0.4130671260376543	-0.0019247538034926	-0.0007855278693119	-0.2909328462283647	-0.3708433273017492	-0.0019334597874339	-0.0007637383912299	-0.1538905553417896	-0.3425208163740056	-0.0019576715880792	-0.0006990088610193	
-0.3369083077680241	-0.3978825130386320	0.0004522924698924	0.0020333925293735	-0.1961076245946879	-0.3625349362172820	0.0004451044069375	0.0020349859991656	-0.0660034138630993	-0.3407102899434344	0.0005409111147987	0.0020115238479420	
-0.1151683561442105	-0.4720865999313802	0.0015555582994210	0.0013814493198288	0.0178627166417367	-0.4471639002799333	0.0016433457376422	0.0012752147896046	0.1518950291745349	-0.4326166005008138	0.0017348195623268	0.0011470013336450	
-0.3454910066361009	-0.3566887749608822	0.0018036485334248	0.0010348157678140	-0.2023205923718159	-0.3221231801440532	0.0017843243037374	0.0010679539278136	-0.0694567103769289	-0.2980635177389079	0.0017939379518618	0.0010516431057817	
-0.3573588246654115	-0.3799449873997635	-0.0020238782010829	-0.0004729574923568	-0.2162478877329839	-0.3440563829525314	-0.0018456186479960	-0.0009575577024660	-0.0852204748239686	-0.3208827547352580	-0.0017368811973589	-0.0011438613761480	
-0.1641627573452359	-0.0542080173830811	-0.0020595791113974	-0.0002778053624922	-0.0300374296252599	-0.0325790769008797	-0.0020287063794061	-0.0004516904174938	0.1006443938787172	-0.0131350606025599	-0.0020155208752867	-0.0005075592256477	
-0.0977691230900971	-0.4581971574499290	0.0016380629827991	0.0012820274646701	0.0354137243172239	-0.4345055288690718	0.0016908221515336	0.0012112332409257	0.1695794082521956	-0.4211874242868647	0.0017402089592437	0.0011387668737680	
-0.3949275832146296	-0.3915334816496409	-0.0017922263657551	-0.0010545719413434	-0.2484623605647913	-0.3529078584527202	-0.0018190496285785	-0.0010073583463224	-0.1143354768681669	-0.3270135026464285	-0.0018473480122828	-0.0009542003440360	
-0.3626395399819732	0.3225916535106281	-0.0020778222580717	0.0000363143435914	-0.2202821872290248	0.3364215384945176	-0.0020778587921983	-0.0000341488990013	-0.0904197028330493	0.3545692878310931	-0.0020743156218706	-0.0001262998801953	
-0.4073194229128004	-0.3979075008583255	-0.0018715285873131	-0.0009056067231483	-0.2597783979825671	-0.3583082060336015	-0.0018974814623641	-0.0008495982553760	-0.1245701885830712	-0.3315394071093777	-0.0019246591651916	-0.0007857608791200	
0.3103306421587313	0.3300770804412108	-0.0007158288959706	0.0019558378030555	0.4734080091926571	0.3758856596689752	-0.0007280593840123	0.0019512953763733	0.6548862620640441	0.4366154932048354	-0.0006355953669231	0.0019835004096514	
-0.3493075357066303	-0.4217533421115748	0.0012019209706529	0.0016995386606801	-0.2084498723535445	-0.3857198197960635	0.0012815668987998	0.0016400127219056	-0.0785897072106805	-0.3628142888893346	0.0013501227641514	0.0015837678963187	
-0.2564964497542979	0.0289563942602893	0.0017077853540459	0.0011870745890167	-0.1185295544653978	0.0490421886203978	0.0017064744218420	0.0011889677667083	0.0104278341503347	0.0687139979436053	0.0017208698052031	0.0011679295433288	
-0.1048592397635819	-0.0093676033442541	0.0006133112599796	-0.0019905386134687	0.0300689142721556	0.0135355611239358	0.0006028063270671	-0.0019937610592519	0.1630148301086208	0.0343623813202293	0.0006146871459177	-0.0019901120389271	
0.2649597397590990	-0.2958481674111061	-0.0019304100657292	0.0007714525586716	0.4114402128350205	-0.2908649085516017	-0.0019568372674033	0.0007013527597782	0.5776392210627248	-0.2921395207494521	-0.0018913407996894	0.0008632494134331	
0.2919702065008720	-0.3989335078587076	0.0015156996448254	0.0014252828768278	0.4416549758994905	-0.3992749033178354	0.0019794850692472	0.0006342715057064	0.6109728132793677	-0.4072580484150153	0.0017589477316093	-0.0011094556470516	
-0.1505318243923882	-0.1416335961500105	0.0006391178221067	-0.0019823625491679	-0.0157176733406021	-0.1177414687934983	0.0006371133556848	-0.0019830109040766	0.1159807223814068	-0.0990545037476838	0.0006334447883871	-0.0019841917015542	
-0.4094124153390709	-0.3989175115302296	-0.0018747806875943	-0.0008988209891585	-0.2618957532232140	-0.3592595112197621	-0.0019007953684903	-0.0008421205663949	-0.1258196195323438	-0.3320623175085519	-0.0019264327393554	-0.0007813806808316	
-0.3899673177347450	-0.3881487582653415	-0.0015769077360394	-0.0013569049481336	-0.2434681012788419	-0.3495716358883161	-0.0015915622934973	-0.0013395992159351	-0.1087679301338532	-0.3233500151683300	-0.0015552488142669	-0.0013817994759135	
-0.2057630806529764	0.0502377407389945	0.0020019749955605	0.0005588464244448	-0.0706195318756080	0.0705346696855321	0.0019987406065365	0.0005703630220953	0.0592480175617999	0.0915203773149061	0.0019883250151995	0.0006058461198208	
-0.5631710378839594	0.3291022514459756	-0.0020779736187734	-0.0000262022578878	-0.4041765017048161	0.3351778868756218	-0.0020770226002878	-0.0000682482132948	-0.2649903554483495	0.3449978793547608	-0.0020724891443338	-0.0001535044724406	
-0.3544907323510994	-0.3677132594724913	-0.0018734635582330	0.0009015768456265	-0.2099365478402442	-0.3301982336463320	-0.0007119497240528	0.0019572602888217	-0.0771543178941108	-0.3061762327779621	-0.0006535786668418	0.0019776183172889	
0.3011110555035565	-0.3924243577000719	0.0011850324796229	0.0017114162302726	0.4520661541710880	-0.3938401205250465	0.0010871416296862	0.0017755236082450	0.6225289701152488	-0.4032728506439552	0.0010438699201655	0.0018014322732475	
-0.1392459077984934	0.0603360638458939	0.0019906514078334	-0.0005981191505878	-0.0062328948659283	0.0822002891013454	0.0020506896717649	-0.0003374858870300	0.1246644089814114	0.1045449547275586	0.0020681718444074	-0.0002037881069785	
-0.5455135574436957	0.3290941433257025	-0.0020761947676301	0.0000900733030532	-0.3885918056128635	0.3359586802827362	-0.0020776708794099	-0.0000441693755599	-0.2515044786272506	0.3463048179860343	-0.0020719628196071	-0.0001604863572930	
-0.1912762000925904	-0.0654634987417188	-0.0020349044806746	-0.0004227427951538	-0.0563211389903732	-0.0433179322167418	-0.0020453595161622	-0.0003685628885598	0.0736888033302751	-0.0237753542109881	-0.0020395180874560	-0.0003997744124623	
-0.2695315324959064	-0.0010969032431168	-0.0005021871836465	0.0020215892941748	-0.1298615353766582	0.0218774783919617	-0.0004514241406793	0.0020335864453146	0.0007090753330778	0.0416277163308224	-0.0004720296846416	0.0020288790752294	
-0.4366729699773599	-0.4110022184438941	-0.0019393363102469	-0.0007486146007834	-0.2865436086908532	-0.3691900662390333	-0.0019532744933768	-0.0007112638607164	-0.1494669802736811	-0.3409510552719580	-0.0019679070898664	-0.0006695012828554	
-0.1156341461726321	-0.4725455395958780	0.0015462029881785	0.0013919645960205	0.0174206273585893	-0.4475640007926342	0.0016358515201975	0.0012848621737762	0.1507155437219397	-0.4334182474035241	0.0017226974403593	0.0011652185745008	
-0.4039838658469938	-0.3962676933843296	-0.0018645055996114	-0.0009200505495670	-0.2567900033577963	-0.3569867620728672	-0.0018905645446431	-0.0008649566288923	-0.1215409499167402	-0.3302786460576074	-0.0019167884965176	-0.0008048641399053	
-0.1811082215195817	-0.0631957404377760	-0.0019142584979575	-0.0008108929339810	-0.0466757822203122	-0.0417685155010900	-0.0020193237405547	-0.0004921337027037	0.0841749602004122	-0.0218881337072076	-0.0020272019434540	-0.0004584284403952	
-0.2504760547712446	-0.0604576161133836	-0.0007633803204654	0.0019376818300100	-0.1120231544341345	-0.0363312520184682	-0.0007453318794657	0.0019447305975840	0.0186346863039871	-0.0167117746102305	-0.0007693092015764	0.0019353238095808	
-0.1320575701477474	0.0571449704775449	0.0017788412054296	-0.0010771075093730	0.0012481560223961	0.0796819917871103	0.0018744114458239	-0.0008995946083302	0.1330338114898040	0.1021732886374530	0.0018831233286717	-0.0008811193880378	
-0.1860792537028581	-0.0644632190135309	-0.0020463654550123	-0.0003629076629948	-0.0519717126353099	-0.0426786006852473	-0.0020554542036876	-0.0003069770819273	0.0788793032542151	-0.0227681993664035	-0.0020533933554120	-0.0003205386586916	
-0.3937108416655966	-0.3907734412504538	-0.0017612794409373	-0.0011057317008235	-0.2472399761197500	-0.3521787839617118	-0.0017884500322963	-0.0010609955236510	-0.1122980594809684	-0.3259108674532110	-0.0017923470528196	-0.0010543657819103	
-0.3376901361322581	0.3223178934232709	-0.0020770860656006	0.0000662786312130	-0.1963651571395175	0.3370489000975193	-0.0020777602561596	-0.0000397199634051	-0.0675412833271222	0.3562677612033990	-0.0020722691836370	-0.0001564604458211	
-0.0481190300410540	-0.4213640855803952	0.0016709013071003	0.0012387048051788	0.0852924113763486	-0.4011965595618609	0.0017350051935700	0.0011467191142278	0.2204402309184152	-0.3909220340907799	0.0017882107893688	0.0010614007140639	
-0.0925539746468061	-0.4540604018929564	0.0016258334101165	0.0012975786327234	0.0407876961315647	-0.4306038453264341	0.0016826354735283	0.0012226371640555	0.1754108000326828	-0.4173956612948961	0.0017376774533070	0.0011426453340251	
-0.2666698664467307	-0.0113743202580943	-0.0005830503730178	0.0019996570148255	-0.1274780489689733	0.0125654256729145	-0.0005533736459041	0.0020081141302094	0.0034558063759913	0.0313224223047205	-0.0005672050106143	0.0020042319315219	
0.3106770161410777	0.2135399656251266	0.0007199350171672	-0.0019543225366542	0.4718318619088053	0.2500350077653588	0.0007230156631664	-0.0019531792296536	0.6523529008052962	0.2967938774219102	0.0006053528380252	-0.0019929854913307	
-0.3814535735208597	-0.4369950798497775	0.0020776337581590	-0.0000458906968542	-0.2379751898405336	-0.3974954948224949	0.0020776718400436	-0.0000441239389805	-0.1049487995326578	-0.3721852549467745	0.0020779584960604	-0.0000273810504666	
-0.3484803227680580	-0.4205810825747403	0.0011683535012011	0.0017229028100645	-0.2075578975398827	-0.3845554297434939	0.0012370935449903	0.0016739820105136	-0.0776416327822660	-0.3616807204458517	0.0012981501038624	0.0016268520475748	
-0.1310712336689245	-0.4905508619187662	0.0010200831421184	0.0018150754279917	0.0018728144325763	-0.4633769263666926	0.0012371007403347	0.0016739766664199	0.1333790615795646	-0.4482654529122646	0.0013639465248305	0.0015718187800696	
-0.1073461611338913	-0.0329006428520160	-0.0009487131695636	-0.0018535682320675	0.0281750111870962	-0.0116154026214241	-0.0009547966471330	-0.0018504262372452	0.1602871070669739	0.0068373525788407	-0.0012069216932339	-0.0016959732899390	
-0.2489171803993617	-0.0642191037515430	-0.0008593443914122	0.0018968679488452	-0.1105299526623588	-0.0398844448036017	-0.0008420704506599	0.0019046378366811	0.0198532699510778	-0.0197084816643382	-0.0008280683671605	0.0019107976830044	
-0.3500091944221008	-0.3594906268816722	0.0017299237440685	0.0011544088239044	-0.2066980767272030	-0.3250523579327008	0.0016420434909510	0.0012768995910230	-0.0744562554025310	-0.3013081599147034	0.0016249776274567	0.0012986555444545	
-0.4603285381298067	0.3258038861325230	-0.0020778445072733	0.0000350115467172	-0.3107168525377431	0.3359512563130845	-0.0020781031192093	-0.0000120685598382	-0.1776837695435067	0.3499056996557347	-0.0020762859433009	-0.0000879357681277	
-0.1090817987051639	-0.0354556243440083	-0.0013886684093273	-0.0015499108924255	0.0260114417967727	-0.0146530062664429	-0.0014971419853160	-0.0014448607109330	0.1570131368527620	0.0038779989082201	-0.0017901158840319	-0.0010581683688834	
-0.3529922142988109	-0.3616364311645123	0.0015963811515294	0.0013338241657767	-0.2083517137286723	-0.3263456781748317	0.0015003042545318	0.0014415603661052	-0.0755499017756786	-0.3022874205395898	0.0014957228372309	0.0014463371168290	
-0.2141259529500258	-0.0695006098144791	-0.0020536857105936	-0.0003186507409933	-0.0788923236773917	-0.0471575008430750	-0.0020371397238048	-0.0004117813680689	0.0509850967505674	-0.0273582152508824	-0.0020421875729254	-0.0003858354293463	
-0.3459978827011892	0.3224338313528323	-0.0020781262609067	0.0000069990300625	-0.2047196949965028	0.3368066495545037	-0.0020769142512842	-0.0000714852902651	-0.0748597054703170	0.3556244078691208	-0.0020711817846810	-0.0001703173844477	
0.3103581903939143	0.2144641515244438	0.0007190229789024	-0.0019546599530748	0.4714940242620627	0.2509515928477022	0.0007236231862944	-0.0019529531066478	0.6519226400316998	0.2980993609482598	0.0006137853994439	-0.0019903917313047	
-0.2295830901554968	-0.0741961320568137	-0.0019311060384658	-0.0007696999974041	-0.0935460474900468	-0.0517884780547426	-0.0020081126760641	-0.0005362587735237	0.0353283671427504	-0.0322924041242481	-0.0020308045303313	-0.0004421132503303	
-0.4241773670775230	-0.4057569570405885	-0.0018962900512075	-0.0008522674258722	-0.2752172934377109	-0.3648914836579789	-0.0019281662173136	-0.0007770717180379	-0.1402012734515198	-0.3376783485183862	-0.0019466123060149	-0.0007293888725351	
-0.2243879935370994	-0.0720442350997546	-0.0019346073151325	-0.0007608123256004	-0.0883043728317793	-0.0500666900092354	-0.0019447973865001	-0.0007342384353103	0.0405834417826743	-0.0304962264663816	-0.0019365032812708	-0.0007559491760908	
-0.3480621192562467	-0.3791149428876942	-0.0020705028944545	0.0001784203940550	-0.2076159874312182	-0.3434188124145595	-0.0020547801412108	0.0003114792989283	-0.0758525453049577	-0.3197923745489801	-0.0020019004908603	0.0005591145920647	
-0.2564680588457076	-0.0436635717634797	-0.0006739712713077	0.0019707273981639	-0.1176176255553414	-0.0198842382706728	-0.0006322731333366	0.0019845672368314	0.0129955460667769	-0.0002368294357615	-0.0006371215349621	0.0019830082630160	
-0.1597006848905015	-0.1185817419333092	0.0005807655928225	-0.0020003251117126	-0.0247514542856030	-0.0946978287747711	0.0004927025475861	-0.0020239334675711	0.1069393640990663	-0.0760842606458296	0.0005581629494632	-0.0020067815583844	
-0.3585426238696195	-0.3383639206603967	-0.0018657333861978	-0.0009175457198724	-0.2149690663916495	-0.3034541251798853	-0.0018722869376447	-0.0009040299773257	-0.0820833124602069	-0.2791758175098851	-0.0018891789461550	-0.0008679938913941	
-0.2234354628017346	-0.0717578287768296	-0.0019497625463309	-0.0007208829037576	-0.0873826092942660	-0.0496145800608893	-0.0019500811822169	-0.0007200161872147	0.0415588918535873	-0.0301913730049669	-0.0019323623079422	-0.0007665247748936	
-0.3401360654446933	-0.3825997357143554	-0.0014398616534574	0.0015022307516708	-0.2001674956233391	-0.3465286935755232	-0.0015605915101481	0.0013757323378431	-0.0682383521169229	-0.3247579858664334	-0.0012409745019483	0.0016710925616520	
-0.1299727428565440	-0.0456575868736112	-0.0018906958000895	-0.0008646682451629	0.0041890876867253	-0.0250671091839229	-0.0019118917765208	-0.0008164852209383	0.1352031077342976	-0.0054636360421350	-0.0019211645369519	-0.0007943092381992	
-0.0989150671157518	-0.4590870092501794	0.0016400795024429	0.0012794338153820	0.0342509461015670	-0.4353577133349811	0.0016893949478732	0.0012132330252608	0.1691543366338656	-0.4215136528535013	0.0017421242706682	0.0011358199019753	
-0.1594708191320703	-0.1190049919397173	0.0006013122163984	-0.0019942144454465	-0.0247514542856030	-0.0946978287747711	0.0004927025475861	-0.0020239334675711	0.1069393640990663	-0.0760842606458296	0.0005581629494632	-0.0020067815583844	
-0.4443848291084044	-0.4140097183742830	-0.0019001037961828	-0.0008436876225019	-0.2930995075286503	-0.3717622180050679	-0.0019010186686804	-0.0008416138381188	-0.1561242417059512	-0.3433428007147873	-0.0019383742995527	-0.0007511144352843	
0.3151958888438345	0.2011760402111200	0.0007151585523651	-0.0019560842434334	0.4769167927712901	0.2364522105482716	0.0007351758520209	-0.0019486119287057	0.6571319769703572	0.2826348014950353	0.0009270722095637	-0.0018645407504211	
-0.3929569973511077	-0.3903428765989681	-0.0017388960334721	-0.0011407807269499	-0.2464761985391415	-0.3517404425190170	-0.0017656568532224	-0.0010986930641354	-0.1110922915580841	-0.3251356333772763	-0.0017416526015567	-0.0011365466404354	
-0.4811043142875433	0.3269148104078055	-0.0020746391257008	0.0001208417874028	-0.3304298024825657	0.3363276682867494	-0.0020780193094768	0.0000222647128882	-0.1963869236912821	0.3493891262455603	-0.0020762490311145	-0.0000888073522593	
-0.1589786464557339	-0.1208339316178399	0.0007332555917377	-0.0019493389484004	-0.0240867400292901	-0.0969741794865084	0.0006622657747763	-0.0019747116499203	0.1074289717562873	-0.0779076475074897	0.0006948677143607	-0.0019634203355007	
-0.3895142282328275	-0.3876611276921900	-0.0015280946997177	-0.0014119186963870	-0.2430023572441543	-0.3491324693395413	-0.0015402014400429	-0.0013986355397708	-0.1081349792144696	-0.3228262043099313	-0.0014752697760007	-0.0014672972291278	
-0.1103211859541062	0.0082985365224931	0.0006103887648579	-0.0019914412199966	0.0247580273886576	0.0312140889338327	0.0006033909442082	-0.0019935833234564	0.1575808076465025	0.0520101787172333	0.0006129579101829	-0.0019906479957265	
-0.5060485140523130	0.3277109809743445	-0.0020780939364301	0.0000135649047924	-0.3522521845677408	0.3360399094323919	-0.0020769734455163	-0.0000697354254620	-0.2182051641306035	0.3479513914949672	-0.0020715436876667	-0.0001658349813324	
-0.3416954798257091	-0.4094498675600480	0.0010043413153827	0.0018238767744066	-0.2007439087572327	-0.3738616316865623	0.0010073393358715	0.0018222143769100	-0.0709975676667483	-0.3519077504475970	0.0010549703699168	0.0017949215938176	
-0.5424079355976307	0.3289180204917472	-0.0020746276972736	0.0001210388143159	-0.3854878759958681	0.3359857601083605	-0.0020781280431566	-0.0000064452970654	-0.2483109221108892	0.3465155671647689	-0.0020744689030349	-0.0001237438709109	
-0.4020893293449506	-0.4379360172305639	0.0020728106552873	0.0001490778039870	-0.2587549686062404	-0.3975321095788392	0.0020780893976957	-0.0000142465747278	-0.1257253245351786	-0.3711659262084412	0.0020693082782876	-0.0001918438967118	
0.2826958316212205	-0.3134906000005156	-0.0009790720521639	0.0018376334762119	0.4314687372059776	-0.3091777122197597	-0.0010135315577868	0.0018187602667109	0.5986938375906847	-0.3123548646604108	-0.0010160353742466	0.0018173557176842	
-0.2482773160860090	-0.0655724343355948	-0.0008989214596018	0.0018783430565045	-0.1101891404668588	-0.0406631345527830	-0.0008579969473782	0.0018974808618974	0.0204847759765291	-0.0210771813818774	-0.0008901406748947	0.0018825410094817	
-0.2452215284112636	-0.0708350374372532	-0.0012355007609464	0.0016751638118222	-0.1072938142294807	-0.0461583270091072	-0.0011262622470460	0.0017508457577681	0.0230039157897255	-0.0258744377085213	-0.0011027186009168	0.0017658431197247	
0.2561977339801430	0.4989583072177495	0.0000000758617899	0.0020833333319452	-0.5507092757149502	0.3348151962493072	-0.0020779303303886	0.0000294509986860	-0.5465472957250020	0.3312206823120440	-0.0020715471306977	-0.0001657917513939	
-0.1142056124190191	-0.0387903852981902	-0.0018868793128442	-0.0008730065388487	0.0199089605051358	-0.0181540020620390	-0.0019011486643930	-0.0008413186748462	0.1515931464509793	0.0013485398693117	-0.0019340432100091	-0.0007622523503636	
-0.4644783552352393	0.3259117118421506	-0.0020766944607818	0.0000776378824701	-0.3148777945572849	0.3359809478727862	-0.0020778670531505	0.0000336399343757	-0.1818462655593571	0.3497666452880555	-0.0020775899701486	-0.0000478415710421	
-0.1287196981602509	-0.0450365862520891	-0.0018824782471821	-0.0008825036298120	0.0054332347381738	-0.0244379566084220	-0.0019015608580729	-0.0008403819445658	0.1369635816617967	-0.0048168100561845	-0.0019089548503081	-0.0008233625194782	
-0.5185184493452060	0.3277898864087503	-0.0020779274621717	0.0000296536827264	-0.3636617587078859	0.3357103734327624	-0.0020778876419545	-0.0000323365864172	-0.2285943834161419	0.3471889476793444	-0.0020751086797162	-0.0001124475522444	
-0.2561684754653983	-0.0445615407932127	-0.0006756647952706	0.0019701445110356	-0.1173281572502982	-0.0207935086417522	-0.0006367975740577	0.0019831128402730	0.0132952732979259	-0.0011406381049895	-0.0006364311118332	0.0019832310665526	
-0.1296929717384298	0.0554195099081302	0.0015869541585154	-0.0013450823093385	0.0041550368584063	0.0781231308107839	0.0017671479794080	-0.0010962810858404	0.1351215455881736	0.1011204978621167	0.0018233646663354	-0.0009994873679484	
-0.3886193909984310	0.3236725647014019	-0.0020756281195972	0.0001023601485453	-0.2452214282724889	0.3365082926224973	-0.0020781144926752	0.0000099067092820	-0.1143250996875093	0.3534889470045883	-0.0020762984396205	-0.0000876387329345	
-0.1402590317730155	0.0605922331217605	0.0020133634291957	-0.0005160929984637	-0.0072763684464778	0.0823506104229246	0.0020634652070652	-0.0002471296459376	0.1236092290862767	0.1046043641970067	0.0020747889765623	-0.0001182278704199	
-0.3879396646797037	-0.3860758661664795	-0.0013150122710603	-0.0016131842456817	-0.2414341882102756	-0.3475074593541640	-0.0012887483553829	-0.0016343471822737	-0.1071430178145150	-0.3217379671862478	-0.0012594541968754	-0.0016571396638410	
-0.4582491854041079	0.3257757839282917	-0.0020780448058242	0.0000197287227399	-0.3086319978832741	0.3359688261244213	-0.0020778365713400	-0.0000354817236573	-0.1766430284812736	0.3499533230437685	-0.0020755976358183	-0.0001029795056042	
0.2942230820037151	-0.3415868269894772	-0.0007145206762994	0.0019563185045029	0.4436418210660298	-0.3385608542685406	-0.0007087366757797	0.0019584318789229	0.6125209013410342	-0.3456003507266387	-0.0007130974917418	0.0019568403171211	
-0.3853552056760967	-0.3771440184148452	-0.0001210132388767	-0.0020797981299271	-0.2393428089676348	-0.3383788254174369	-0.0001150698306322	-0.0020801371165790	-0.1057371435944279	-0.3136712713718169	-0.0000004094578404	-0.0020833332928945	
-0.4199402566664481	-0.4038314986816802	-0.0018894075225003	-0.0008674937326209	-0.2721889906053997	-0.3636509484843630	-0.0019200280090296	-0.0007970662731982	-0.1362252004913882	-0.3361876741538818	-0.0019384486104745	-0.0007509216752473	
-0.1197347311069934	0.0363704449699881	0.0007015663207053	-0.0019610248398981	0.0155115006969215	0.0593470804783259	0.0006996779360414	-0.0019617027700039	0.1478016847854143	0.0813462557834498	0.0007012860268314	-0.0019611255957048	
-0.2442649061159644	-0.0720083971029984	-0.0013422691827773	0.0015904626765215	-0.1069216303625575	-0.0467457662582648	-0.0011581277687175	0.0017298274961929	0.0241919040534850	-0.0277165243436194	-0.0012315333557502	0.0016780972916389	
-0.3595184706582638	0.3225214954708680	-0.0020779202989394	0.0000301539256964	-0.2171658368695299	0.3364751666888065	-0.0020776484355635	-0.0000452179386447	-0.0872548062797324	0.3547865199679925	-0.0020734694648768	-0.0001395668564516	
-0.2503399674120447	0.0331709801610671	0.0017348632466164	0.0011469349283872	-0.1124019957036423	0.0534600046479229	0.0017040693118968	0.0011924295148370	0.0165631710084229	0.0730200253796030	0.0017079801183776	0.0011867929390189	
-0.2690906290792122	0.0197845422450060	0.0012601172203671	0.0016566330213178	-0.1290747190995871	0.0406812014754032	0.0011778668481408	0.0017163804774014	0.0002025559805636	0.0593445687574242	0.0008004791595171	0.0019225771905803	
-0.2713769748146340	0.0135525843977004	0.0002260597153676	0.0020709705329863	-0.1310537621180823	0.0354270252979551	0.0003261466725543	0.0020575163675355	-0.0008518899255762	0.0541599416435922	0.0001279331557542	0.0020793818669695	
-0.1473085688871459	-0.1520561299157541	0.0005954410814044	-0.0019959841507408	-0.0126257921220578	-0.1281432492631758	0.0005760532887434	-0.0020016940638781	0.1191360789616738	-0.1094171090415659	0.0005829640342488	-0.0019996823130637	
0.2994539329187546	-0.3940844477425566	0.0015760098776073	0.0013579529019800	0.4500324734493089	-0.3960474939030431	0.0016379790485242	0.0012821352381713	0.6205570186032954	-0.4056350917142253	0.0015818627797321	0.0013510961606395	
0.2462296925464541	-0.2957585807737759	-0.0020064301890861	-0.0005425511059523	0.3917314216299528	-0.2906321983063794	-0.0020289241059881	-0.0004507065081040	0.5557843922479877	-0.2901597159036840	-0.0020666099242306	-0.0002191349423899	
-0.3275497745195730	-0.3446766945613824	0.0014065477689781	0.0015336221514357	-0.1858936610257440	-0.3104573383324391	0.0010184318476006	0.0018160071172515	-0.0540734735258138	-0.2874802141135989	0.0012071064914497	0.0016958411065770	
-0.4484312288494418	-0.4161050412940590	-0.0017751630448941	-0.0010831889159405	-0.2965125382103875	-0.3735611833495184	-0.0017761342189294	-0.0010815877374155	-0.1591013972875067	-0.3446307529612664	-0.0018744982883284	-0.0008994127332698	
