0.3066781774507077	0.3156489045404163	0.0003410614187345	-0.0020550845590763	0.3728107338223254	0.3395369470914105	0.0004586807212273	-0.0020319538672930	0.4440914885585261	0.3813610002512370	0.0005610654425361	-0.0020059679477375	
0.3212413029925851	0.2281506093376123	0.0003482282540705	-0.0020538762836079	0.3930699604478598	0.2500641431044652	0.0004681992832056	-0.0020297708703382	0.4703599815348167	0.2894962490299944	0.0005605080364098	-0.0020061245497340	
0.1017980625257647	-0.4759940420573773	0.0019960073133983	0.0005799029715220	0.1967425708762645	-0.4888857428618725	0.0018472819398205	0.0009543288908699	0.2984242011741359	-0.4918929319143637	0.0020291733331985	0.0004495774737246	
-0.3311342032973864	0.1312988423734494	0.0003045387845101	-0.0020608419656784	-0.2631170483096260	0.1103706170972275	0.0003965380312998	-0.0020450545647230	-0.1969918013659320	0.1053150566525971	0.0004858899386468	-0.0020255880194602	
0.3941045355255341	0.0312937724528105	-0.0003409423962541	0.0020551044073516	0.4824024884849298	0.0500570386686263	-0.0004586571257615	0.0020319592201078	0.5779904256275608	0.0844435055945700	-0.0005404962479464	0.0020116359205662	
-0.2504515871399415	0.2604095587836947	0.0004412318266305	-0.0020358333941011	-0.1917241356766972	0.2439241601037022	0.0006809567955171	-0.0019683125289170	-0.1335790967445516	0.2408902904095160	0.0009837254314061	-0.0018351341712631	
-0.3560714687074283	0.2938042294282146	0.0003210150634351	-0.0020583272843268	-0.2950175266428033	0.2687666895914470	0.0004155612499945	-0.0020412550282115	-0.2351519579027012	0.2603329435898402	0.0004996530033753	-0.0020222202718905	
-0.3158651995048304	0.2666684392027114	-0.0003145961475781	0.0020593230852538	-0.2549160334179024	0.2447216880293925	-0.0004255245497337	0.0020391910523404	-0.1951698272211115	0.2396274937987871	-0.0005314233550124	0.0020140638461942	
-0.3085202320162146	-0.4187469679956801	0.0000942314835114	-0.0020811904650784	-0.2164659872200507	-0.4354438690481012	0.0001822999996170	-0.0020753019331558	-0.1283180648182757	-0.4375613498627719	0.0002649980169275	-0.0020663257899367	
0.3313536645936531	0.1676915396456269	0.0003219949506905	-0.0020581734566750	0.4071099069335158	0.1884977360994446	0.0004418391905499	-0.0020357010040730	0.4888565120920130	0.2251346148101286	0.0005495361245827	-0.0020091729612848	
-0.3453838503991102	0.2238903203950302	0.0003143345344221	-0.0020593632340389	-0.2814306718672350	0.2010749545931690	0.0004067473824447	-0.0020430384463992	-0.2188418554109940	0.1938543155119016	0.0004913727023215	-0.0020242583581360	
-0.3180649176940152	0.2801909980878485	-0.0003481066629102	0.0020538969984903	-0.2578656408592134	0.2582970276168845	-0.0004484991477042	0.0020342367801370	-0.1984913594316476	0.2520760365844142	-0.0005320807741764	0.0020138893982394	
-0.3064360193562385	-0.3218956957165415	-0.0004553227223384	-0.0020327127457293	-0.2187290783228884	-0.3396766000029774	-0.0003531604718145	-0.0020530297289169	-0.1328997700203833	-0.3416830747869876	-0.0003074708535567	-0.0020604043703840	
-0.3411006338684022	0.1957890998569580	0.0003160798733049	-0.0020590947366797	-0.2759955908006826	0.1740399052145325	0.0004115611217983	-0.0020420693546929	-0.2121989276444708	0.1666094655421166	0.0004928386695262	-0.0020239001595346	
0.1605436876457611	-0.1609164991318080	-0.0013149541021045	0.0016132318986374	0.2424137092190785	-0.1600018879807663	-0.0015711514123020	0.0013635992832822	0.3282691263374480	-0.1511781178547135	-0.0017437427270449	0.0011333211734426	
0.1069415000953376	0.0843441019729188	0.0009637593197692	-0.0018457507377768	0.1771145591049678	0.0897892107509898	0.0010181116680483	-0.0018161875381889	0.2501243861155819	0.1071622401537871	0.0007169137301292	-0.0019554384271985	
-0.3189552769331644	0.2854227772312497	-0.0003468499268750	0.0020541106663810	-0.2590039961969280	0.2634856723825869	-0.0004387261877526	0.0020363775444683	-0.1998207759885970	0.2572120523863491	-0.0005168845873433	0.0020178628751605	
0.2912364084548233	0.2094418022788608	-0.0003618669312518	0.0020515054338318	0.3623686564843782	0.2290901654671958	-0.0004792981258691	0.0020271657591467	0.4385448406329095	0.2646054335029033	-0.0005936484923506	0.0019965207111446	
-0.3216796753838877	0.0698617297371307	0.0003208251679458	-0.0020583570395205	-0.2510728736084263	0.0500790362349632	0.0004132069812140	-0.0020417352916777	-0.1825440949309461	0.0459158828684108	0.0005014612202634	-0.0020217703959467	
-0.3036093908179492	-0.3103621195085685	-0.0005210969762239	-0.0020167737383547	-0.2164932470416539	-0.3280462169829582	-0.0004123952765586	-0.0020419002182753	-0.1311256224610052	-0.3301769896492396	-0.0003119385503746	-0.0020597293468103	
0.3934362329569878	0.0353648935054576	-0.0003200740752745	0.0020584745533405	0.4814814099553417	0.0542450972655920	-0.0004367590832611	0.0020368024686361	0.5768995597180200	0.0885963554428371	-0.0005248197586246	0.0020158033382168	
0.2890688598671378	0.4239936882288151	0.0003336003969074	-0.0020563150077941	0.3480922411926755	0.4500009542506341	0.0004495949819782	-0.0020339936549485	0.4132962479117608	0.4958166922089592	0.0001335087290714	-0.0020790295723563	
-0.3575209728216839	0.3031112289598655	0.0003235216756452	-0.0020579328263158	-0.2969198722194720	0.2781790424195812	0.0004120258988512	-0.0020419751586916	-0.2375112634452557	0.2699010530398540	0.0004948594338785	-0.0020234045464627	
-0.3107197644396673	0.2322860026714647	-0.0003205444732064	0.0020584009892386	-0.2483085144397900	0.2114640302050705	-0.0004119382164459	0.0020419929376853	-0.1870088984855420	0.2062556441393800	-0.0004929803641519	0.0020238654775469	
-0.3217828300416569	0.3031744476639634	-0.0003012410808655	0.0020613290108251	-0.2624015357589813	0.2803021900701795	-0.0003854297875848	0.0020471878144270	-0.2037903954795172	0.2739308798795793	-0.0004315472860873	0.0020379186412591	
0.3173805487209757	0.2521528952992576	0.0003265591985560	-0.0020574506061045	0.3875802021799526	0.2750015749292959	0.0004415423517628	-0.0020357657312760	0.4633876356208328	0.3145729962832763	0.0005568868176598	-0.0020071378371173	
0.3681519127810389	0.1865095659795085	-0.0003606007041218	0.0020517294979895	0.4455883055718792	0.2103788338130632	-0.0004800015838507	0.0020269984730302	0.5296712221644679	0.2509727091575958	-0.0005703839641572	0.0020033250331675	
0.3443744515900129	0.0886095855501821	0.0003213386965277	-0.0020582765318917	0.4254274954644708	0.1073864074380238	0.0004364536409974	-0.0020368682695650	0.5130109204845972	0.1405458409124892	0.0005510274724925	-0.0020087624170777	
-0.2858868821582815	-0.2291202499178933	-0.0005513574110168	-0.0020086714286195	-0.2024674437387751	-0.2458765960277430	-0.0004731217048457	-0.0020286234274546	-0.1197639223309964	-0.2467776313218512	-0.0006000285039201	-0.0019946030058685	
0.3549525148859232	0.2666087650733263	-0.0003467631483496	0.0020541253909608	0.4270093269183430	0.2926984596054468	-0.0004722714851560	0.0020288225221309	0.5051920079204186	0.3365121751364459	-0.0005699343644237	0.0020034536286050	
0.1104310869752018	0.0771714688474782	0.0007977901278513	-0.0019237001757832	0.1809216083210355	0.0833836759839127	0.0010310333198031	-0.0018088466708832	0.2539206797022662	0.1001903874258191	0.0011410805956534	-0.0017411761511881	
0.0842462364310839	0.2999056757539308	-0.0012310379842458	-0.0016784625449911	0.1405413487220513	0.3049210615234830	-0.0012565490034395	-0.0016593546741193	0.2010795314439666	0.3292972457457965	0.0015792096501692	-0.0013542117840648	
0.2911775033939320	0.4104532824849274	0.0003122862684714	-0.0020596763923533	0.3510163167393332	0.4364178280449127	0.0004330437950289	-0.0020375995785923	0.4158791986390071	0.4813130495367592	0.0005034308146078	-0.0020212784062913	
-0.3196029850453878	0.0563191999510996	0.0003123332031390	-0.0020596692399863	-0.2485247686581157	0.0374599670124649	0.0004134065742063	-0.0020416946855606	-0.1791458363166317	0.0321817825039957	0.0005005907368927	-0.0020219871835131	
-0.2976732868493915	-0.0865378884377061	0.0003068702966097	-0.0020604943492723	-0.2201827627469947	-0.1031042403453442	0.0004066288192456	-0.0020430621656559	-0.1449491789403000	-0.1063774932222228	0.0004889885359119	-0.0020248384987813	
-0.3062281180203313	-0.0312022445100492	0.0003134278201725	-0.0020595021195294	-0.2311989536268613	-0.0488488554075601	0.0004127628250548	-0.0020418255795855	-0.1584196052983196	-0.0522079392777140	0.0004999460964966	-0.0020221474688349	
0.3014757993962741	0.3489828751263278	0.0003226976678367	-0.0020580628448107	0.3653272441746338	0.3738607284366687	0.0004440002228540	-0.0020352284065413	0.4343414254541653	0.4166697937719445	0.0005726000519384	-0.0020026895802914	
-0.2990643566369355	0.1573217682684387	-0.0003226816964710	0.0020580653615428	-0.2335358546637873	0.1385945929818758	-0.0004195699786259	0.0020404307181905	-0.1691925851410811	0.1344187558290142	-0.0005080056694092	0.0020201277325677	
-0.3075387259982865	0.2114620608570079	-0.0003171418288582	0.0020589306240983	-0.2443759708873472	0.1916295279168986	-0.0004081159918071	0.0020427641275252	-0.1821808441445140	0.1863770208680051	-0.0004933861867728	0.0020237660876188	
0.3575621160270595	0.2510608701076382	-0.0003456414685506	0.0020543153765177	0.4306221414346667	0.2771791885415893	-0.0004673219820885	0.0020299740463177	0.5101311041425054	0.3197777650360565	-0.0005883797084722	0.0019980875804973	
0.1125818663150562	0.2834327877005495	-0.0002411912866705	0.0020692542886860	0.1720979300549940	0.2915410092507518	-0.0002505027318163	0.0020681421635950	0.2351000625487558	0.3167110284547270	0.0002157284934182	0.0020720777036886	
0.3319823479670486	0.1636208559344168	0.0003249974551818	-0.0020576991167388	0.4080297796578505	0.1843055459162213	0.0004473360709141	-0.0020344941432578	0.4900618074567094	0.2207308590330721	0.0005517473465913	-0.0020085638189955	
0.3425606949888707	0.3416051777417308	-0.0004087253896803	0.0020426416737364	0.4094179073563420	0.3697977289378936	-0.0005241910664295	0.0020159677340997	0.4822726265857520	0.4156668957911723	-0.0006090722769463	0.0019918462730552	
-0.3216369176956938	0.3021553911326755	-0.0003043431517768	0.0020608710102938	-0.2623568524429205	0.2801083891200061	-0.0003861134880171	0.0020470583289805	-0.2035833551091427	0.2729326541730774	-0.0004418859641883	0.0020356908006889	
-0.3359781545561275	0.1634872359438602	0.0003216656985264	-0.0020582251979269	-0.2693773962475497	0.1416154765641573	0.0004163242318212	-0.0020410987725143	-0.2044416137355426	0.1354786074170413	0.0005097544852994	-0.0020196849433162	
0.3007744674634246	0.1521699810280919	-0.0003358280705064	0.0020559505532709	0.3755408260961386	0.1709360615087134	-0.0004568213944232	0.0020323747828973	0.4558771604442482	0.2040878781862384	-0.0005666135015739	0.0020044000740230	
-0.3076320116873247	-0.4572906853979208	0.0000214461280711	-0.0020832223930277	-0.2135771451182802	-0.4739383209217571	0.0001382343800489	-0.0020787191659292	-0.1235298745402841	-0.4760294480524036	0.0002503693412887	-0.0020681583969573	
-0.2842671088295257	0.0615261094271361	-0.0003324341555765	0.0020565048156866	-0.2143048697727580	0.0436980462717783	-0.0004297198793439	0.0020383066876898	-0.1459943551284675	0.0407538493698546	-0.0005197746708660	0.0020171166431880	
0.2125030063508614	-0.4487085884334744	0.0006702202227055	0.0019720126388160	0.3145795464248766	-0.4592666295028666	0.0005458483600233	0.0020101830094016	0.4228064436709498	-0.4562186273013474	0.0002060200572114	0.0020730704346953	
-0.2511900590720350	0.0604980546807758	0.0005541840848090	-0.0020078895035392	-0.1817986503416977	0.0448050657819163	0.0006858670837649	-0.0019665983608295	-0.1147002784486525	0.0436173027437894	0.0006707288223604	-0.0019718388441084	
0.3023319506136120	0.1427010795909233	-0.0003448893040910	0.0020544424204908	0.3779321218423277	0.1603427963412954	-0.0004623025715521	0.0020311287886303	0.4588416146737737	0.1936202040112958	-0.0005674018918962	0.0020041759239548	
0.1753355625828319	-0.3042268517769099	-0.0003854912434252	0.0020471761850790	0.2669289589176668	-0.3083650919792447	-0.0004812257645916	0.0020267067382146	0.3612748078803396	-0.3011559870979414	-0.0005840575093290	0.0019993616120360	
0.3493890566512239	0.0583762587188421	0.0003589254033076	-0.0020520247050757	0.4325123066786665	0.0761012808311487	0.0004860198489783	-0.0020255566966548	0.5221500749682586	0.1081898478692968	0.0005913988456031	-0.0019971915867714	
-0.2471512257390069	0.0177152402281536	0.0003471600044146	-0.0020540580214587	-0.1755224539506075	0.0020916415945512	0.0004262770129864	-0.0020390331016974	-0.1059070688358703	0.0010573532579125	0.0005041961716949	-0.0020210866731766	
0.3979692476362271	0.0083342339430573	-0.0003177482668414	0.0020588366535174	0.4877030294110094	0.0271649355568094	-0.0004400836318715	0.0020360831506256	0.5852993521398424	0.0594615797822810	-0.0005740668347051	0.0020022675205155	
-0.3268599688967560	0.1031881625202780	0.0003196053592713	-0.0020585477443460	-0.2577732619387482	0.0833176907559894	0.0004131174433776	-0.0020417535010334	-0.1903861869939498	0.0780727350102510	0.0004915233641318	-0.0020242215971165	
0.3905055575073810	0.0551729144673134	-0.0003394104670001	0.0020553592375413	0.4770832424195024	0.0750396486955337	-0.0004665266341247	0.0020301578957396	0.5712249627706945	0.1092836726018661	-0.0006014170741055	0.0019941826665645	
-0.3431515032040913	0.2093330650542414	0.0003131648915958	-0.0020595423166935	-0.2785013946272671	0.1864517564161977	0.0004107919619422	-0.0020422249966431	-0.2154657500102605	0.1801110112623209	0.0004950230939182	-0.0020233643130684	
0.1662688191724937	-0.2239584308476656	0.0000784474732189	0.0020818484486702	0.2536512657954435	-0.2260370938862912	-0.0000199471029785	0.0020832373602015	0.3445937664828291	-0.2145965618276709	-0.0000714292257828	0.0020821023271977	
0.2862168828182160	0.2366595734470592	-0.0004661375269425	0.0020302477200473	0.3554417396840852	0.2573316413491767	-0.0005940689736191	0.0019963950102364	0.4299469466182728	0.2925707023328944	-0.0007505993590974	0.0019426934554028	
0.3870644619762214	0.0738540851228482	-0.0003720706479108	0.0020496702570602	0.4722864708892636	0.0946633415401599	-0.0004850590518479	0.0020257881458990	0.5648811005875167	0.1300946802323349	-0.0005862991740131	0.0019987021224547	
-0.3113126903527433	0.0031884735156691	0.0003090911365572	-0.0020601607129828	-0.2377301754589314	-0.0155811470002664	0.0004056380667046	-0.0020432600904004	-0.1664230056594768	-0.0187921878767790	0.0004964718703413	-0.0020230075377073	
0.3456765036931417	0.3259808196561819	-0.0003866894407285	0.0020469490653249	0.4135847970629383	0.3541755846951528	-0.0005224512025838	0.0020164215919372	0.4876591737056282	0.3990669894567520	-0.0006524062957016	0.0019780073238037	
-0.3534935039306020	0.2770508659601620	0.0003133819465235	-0.0020595091352911	-0.2918467078420207	0.2531521505041351	0.0004159372188974	-0.0020411780685648	-0.2313454436740022	0.2448842369085878	0.0005010842004213	-0.0020218643390947	
0.2726341745855513	0.3219537350837204	-0.0003404864433280	0.0020551803765189	0.3366464574754533	0.3437469976555176	-0.0004564584521571	0.0020324567364214	0.4052559696751741	0.3833388949978841	-0.0005563978052992	0.0020072741299039	
0.2643538876323678	0.3782140467112612	-0.0004921243423263	0.0020240748414921	0.3245066042792869	0.4011313127618060	-0.0006168007724796	0.0019894546969237	0.3887974917232857	0.4417363907712198	-0.0007560693042920	0.0019405605396807	
-0.4655312674681562	-0.4770852367966511	0.0002739140976217	-0.0020651569507683	-0.3657361422348764	-0.4958326981471871	0.0001571177446545	-0.0020773705032749	-0.2722790409392653	-0.4989585053452907	0.0000827388629143	-0.0020816814806686	
0.3145722465596025	0.2697477429969934	0.0003334394575042	-0.0020563412415529	0.3836797801936620	0.2927676969591743	0.0004521942246114	-0.0020334144892088	0.4581602768015851	0.3333135708710852	0.0005685755394603	-0.0020038416161205	
0.1677802268311898	-0.1969258503676022	0.0000894392880960	0.0020814029750616	0.2538590404534437	-0.1979316095788655	-0.0000116035917877	0.0020833008569041	0.3435422269338115	-0.1854286024333747	-0.0001924511329118	0.0020743806113011	
0.3086506755143159	0.3041746483072991	0.0003641131103189	-0.0020511059700248	0.3754046910548832	0.3281934594055637	0.0004766891925258	-0.0020277839156014	0.4474392248817525	0.3696797169652535	0.0005785922862136	-0.0020009579722316	
0.1802818718597644	-0.3344640203514357	-0.0003422885416978	0.0020548795080277	0.2737215076098334	-0.3394863428970614	-0.0004368032858399	0.0020367929421575	0.3701873081146971	-0.3332651885052400	-0.0005105277583550	0.0020194886391796	
0.1444305667615728	0.2895833312338761	-0.0001060939005333	-0.0020806166182455	0.2038175290814626	0.3010794909742369	0.0003887316826640	-0.0020465602729002	0.2658342927462998	0.3270099412226366	0.0008470602522438	-0.0019024128539956	
-0.2767241712491550	0.0114080833698387	-0.0003184862602454	0.0020587220498075	-0.2045620925706728	-0.0051817300563734	-0.0004109740350752	0.0020421881809376	-0.1342050798331813	-0.0073323990215328	-0.0005030105467656	0.0020213835579120	
0.3032236375655302	0.1374643908860663	-0.0003519325103888	0.0020532416392979	0.3791149303746271	0.1551710551806302	-0.0004683414715040	0.0020297379028533	0.4602780488300064	0.1885323812550792	-0.0005700931157830	0.0020034082347397	
0.3168752595611415	0.0531180604887684	-0.0003254017408993	0.0020576349023924	0.3982967967324866	0.0688306844500055	-0.0004431850652574	0.0020354069576178	0.4854108277944977	0.0990113115951182	-0.0005469173647762	0.0020098909700213	
-0.2984014064237532	0.1530937334326113	-0.0003197809347349	0.0020585203407309	-0.2326747297416097	0.1343913744441723	-0.0004194247718359	0.0020404607208594	-0.1681504732655201	0.1302534224559243	-0.0005074007435186	0.0020202805192807	
-0.3457181694343853	0.2260895662510828	0.0003127449302528	-0.0020596064498135	-0.2818142868614085	0.2030769438150141	0.0004054596568958	-0.0020432956783726	-0.2193013847910955	0.1958183148237918	0.0004905242436444	-0.0020244651565708	
0.1676522273517334	-0.2583031534238722	-0.0001616735187312	0.0020770191612311	0.2567287053349969	-0.2614475375290049	-0.0002657794846256	0.0020662249171292	0.3488545296149197	-0.2521417775747626	-0.0003659663700191	0.0020507744634166	
-0.2665211505866595	0.1480261921037805	0.0008401384820291	-0.0019054950889447	-0.2017985670379379	0.1312685030564327	0.0007539668779520	-0.0019413824562798	-0.1380372686601862	0.1281363875150265	0.0006346500149906	-0.0019838046062210	
0.3991690704232678	-0.0240429868135535	0.0010214903545109	0.0018142798844669	0.4912995729736322	-0.0092850896051498	0.0009785392142430	0.0018379186881847	0.5944382427179529	0.0239629242851552	-0.0001108630815844	0.0020803667044511	
0.2958766144670451	0.1822539366182843	-0.0003404899160004	0.0020551797983100	0.3688457999882018	0.2010367574235849	-0.0004587950633220	0.0020319279237999	0.4467358737195346	0.2364403107899484	-0.0005711191819232	0.0020031145083620	
-0.3207322824931155	0.0635973200272590	0.0003171455523984	-0.0020589300476780	-0.2497896083895895	0.0436621254057022	0.0004134092664473	-0.0020416941376992	-0.1809674675022153	0.0395401207489320	0.0005035085727126	-0.0020212589408740	
-0.2695180219161122	0.1583272054535771	0.0004078067384051	-0.0020428261969133	-0.2045499718281258	0.1406402030898164	0.0004734388857940	-0.0020285490569372	-0.1408638354815125	0.1386668533396080	0.0004675468465768	-0.0020299220077419	
0.1679167064829936	-0.1916331784871613	0.0000127603499379	0.0020832940589597	0.2537242203385918	-0.1927109149012785	-0.0001000229551374	0.0020809188116639	0.3428602572119381	-0.1802115472005560	-0.0003450828352475	0.0020544097593995	
0.2957754573804832	0.3822306074248514	0.0003640079794657	-0.0020511247235313	0.3572615975843172	0.4082927160065953	0.0004752782400313	-0.0020281167405982	0.4239037624638460	0.4520731123805908	0.0005749917433980	-0.0020020007814509	
-0.3593090836915017	0.3146160077930950	0.0003177701169933	-0.0020588332642970	-0.2992001129650498	0.2895935453552575	0.0004033325378263	-0.0020437187280289	-0.2399872534821871	0.2802171596619089	0.0004827495723206	-0.0020263425021229	
-0.2720628973700165	0.1760932216458796	0.0002963863235308	-0.0020620361664402	-0.2078987724253537	0.1583036398078910	0.0004138422164904	-0.0020416059855709	-0.1447346175567332	0.1550929544055168	0.0005260387337867	-0.0020154839902879	
-0.4669292295579734	-0.4666839754838601	0.0002864228010199	-0.0020634507636460	-0.3670502090907450	-0.4854308241731763	0.0003362454564728	-0.0020558819905610	-0.2733548675382088	-0.4895849300007272	0.0003626419989356	-0.0020513678827446	
0.3584467914147249	0.2458278214572063	-0.0003475964650224	0.0020539838372352	0.4318825162448752	0.2717904248433676	-0.0004659533520276	0.0020302902087947	0.5116198518668977	0.3146921701941205	-0.0005817240842349	0.0020000451839971	
-0.2623003107490980	0.1208553014279521	0.0001442108941946	-0.0020783110647551	-0.1953893622223464	0.1041674084903397	0.0002228477923166	-0.0020713203574442	-0.1296633824127046	0.1020757439158247	0.0002809067540338	-0.0020642127160530	
0.3540624507196732	0.2718383276238382	-0.0003366319436451	0.0020558184255210	0.4258223878196399	0.2978765139442058	-0.0004604239331839	0.0020315576052869	0.5035079198987344	0.3425918393812654	-0.0005466775121845	0.0020099565483080	
-0.4432706227901481	-0.4644787709060010	-0.0002678126055436	0.0020659610644586	-0.3435199750321230	-0.4821704126581405	-0.0003390478783553	0.0020554193801223	-0.2499245717846063	-0.4862970266225858	-0.0004110782931686	0.0020421670920102	
-0.3421893557364782	0.2030720039365492	0.0003114341113888	-0.0020598060612149	-0.2772583851675430	0.1802447326143054	0.0004117960628196	-0.0020420217532111	-0.2139850705862455	0.1739744003252292	0.0004928312531441	-0.0020239019745198	
0.2686641514355815	0.3479291757858902	-0.0002714728939859	0.0020654808876720	0.3308074099987692	0.3708370128320437	-0.0003850069346635	0.0020472677792366	0.3979617040643133	0.4104165462242467	-0.0004199238013191	0.0020403575659107	
0.1760823012280996	-0.3082355707611730	-0.0003762804733162	0.0020488977434921	0.2679206587121528	-0.3125423268058629	-0.0004801556676225	0.0020269617964747	0.3624471099947146	-0.3052722288084261	-0.0005734792544397	0.0020024367342661	
-0.2621876492316739	0.1397189886906277	0.0002999344808105	-0.0020615204872328	-0.1975830578326291	0.1229576791774462	0.0009623474192302	-0.0018464909616618	-0.1346802939634503	0.1197598151409263	0.0009465371502287	-0.0018546859406790	
-0.3287648522431227	0.1155696905094645	0.0003159360704812	-0.0020591169163736	-0.2600713971300465	0.0947370826778851	0.0004074181168870	-0.0020429041266701	-0.1931952157732792	0.0895998795270604	0.0004943863952208	-0.0020235207567128	
-0.3232742271411185	0.3145748611813332	-0.0002053871134307	0.0020731335529660	-0.2642538740229489	0.2916418644170177	-0.0002239062082258	0.0020712056402994	-0.2052500859361253	0.2853902756868800	0.0000744294859602	0.0020819967089388	
0.2925531988641302	0.2019904805024578	-0.0003553535649120	0.0020526493737791	0.3640329935583164	0.2219711306999438	-0.0004744829754157	0.0020283038742409	0.4409740551692385	0.2563908338396312	-0.0005905700653946	0.0019974380417915	
0.2065472766458560	-0.4074031728132916	-0.0009510331119582	0.0018523730253210	0.3041092828984697	-0.4137273385423469	-0.0010339167548362	0.0018071918330432	0.4053064659448276	-0.4124573037212282	-0.0011056618952932	0.0017639924799697	
0.3914660471665210	0.0489165487225873	-0.0003028301674280	0.0020610949914447	0.4784980839156574	0.0686337764292090	-0.0004323031997977	0.0020377576212351	0.5730761569502616	0.1029711910042254	-0.0005659769841422	0.0020045807989213	
-0.1500176006094512	0.2403086728758965	-0.0007240873562931	0.0019527801947085	-0.0921990554551625	0.2303579219056167	-0.0009214745899829	0.0018673273611561	-0.0347629195228948	0.2343709187111001	-0.0004414820689745	0.0020357788706784	
0.3177341258252917	0.2499675274888123	0.0003253980329806	-0.0020576354917080	0.3879996721097412	0.2730055881203167	0.0004407963929366	-0.0020359281903023	0.4640155786160556	0.3123760598557423	0.0005575168257911	-0.0020069620571964	
0.1669994687336586	-0.2103866050692626	0.0001322661304915	0.0020791093928691	0.2537191722921626	-0.2114686602480143	0.0000321456030956	0.0020830840753129	0.3442037080742710	-0.2000048038473813	-0.0000511616202833	0.0020827018899668	
0.3035655283618408	0.1354465231496116	-0.0003522400484993	0.0020531886385073	0.3795659751622573	0.1532028476065058	-0.0004695475909746	0.0020294578302883	0.4609189531030145	0.1863232768632277	-0.0005730955382893	0.0020025471371606	
0.3180589128108389	0.2479316247909927	0.0003246531820357	-0.0020577537345321	0.3884863069954436	0.2708075141313686	0.0004401011830229	-0.0020360793380089	0.4645346641573538	0.3104361142297674	0.0005579574175777	-0.0020068389994767	
0.2918093389971272	0.2062140266547867	-0.0003596744933562	0.0020518928820397	0.3630534834097869	0.2261590191537681	-0.0004778294808876	0.0020275141757586	0.4394867727354146	0.2614439264996979	-0.0005929731488811	0.0019967223991081	
0.3552355060601757	0.0218627529459956	0.0002518181373997	-0.0020679816114403	0.4409531760575325	0.0386123610160678	0.0004106227810196	-0.0020422591902902	0.5334529155986809	0.0688630892489384	0.0005440737400271	-0.0020106664596388	
0.3486840491364771	0.0624287032837515	0.0003566063255034	-0.0020524310149750	0.4315100136178558	0.0802753498490207	0.0004823875961204	-0.0020264291355883	0.5208360273787620	0.1125735855106659	0.0005840065041874	-0.0019993765856417	
-0.2559690117393327	0.0832840084250892	0.0004100821702285	-0.0020423683564579	-0.1877508322532559	0.0677809527844614	0.0005362291085402	-0.0020127833006840	-0.1211593975299149	0.0657706630351712	0.0006359669666567	-0.0019833806990461	
-0.0549105522315150	-0.4478641474818186	-0.0005159701210536	0.0020180980705162	0.0363767227104030	-0.4614547281142505	-0.0006441187987198	0.0019807351445165	0.1259448583132582	-0.4634394138178530	-0.0007763714849983	0.0019324874034367	
-0.3191280565039868	0.2864373139497094	-0.0003456610113966	0.0020543120718490	-0.2592191575864287	0.2644838282197339	-0.0004364466696703	0.0020368697708245	-0.2001395658691363	0.2584328748254087	-0.0005121842421977	0.0020190670560318	
0.1150888706147960	0.2790264231055623	-0.0016855612660534	0.0012185801800745	0.1731113464919282	0.2883347175073503	-0.0011158722070226	0.0017575190921133	0.2350052560097675	0.3125489391784311	-0.0001622215122567	0.0020769762192114	
-0.3284451535397165	0.1135285402243226	0.0003164173911775	-0.0020590426384029	-0.2596625862556929	0.0927270768992217	0.0004088588467330	-0.0020426148312050	-0.1926441812538952	0.0874053690682652	0.0004943081362305	-0.0020235399710503	
0.3350684257396371	0.1448715250137574	0.0003566150065776	-0.0020524294990834	0.4122630604064135	0.1655694318419548	0.0004749555718988	-0.0020281927074692	0.4955937576981342	0.2010298129760859	0.0005804825362401	-0.0020004076827047	
0.3140068231371683	0.0708712454994421	-0.0003540282505244	0.0020528795172264	0.3941380364524096	0.0875788754225144	-0.0004781106187289	0.0020274475669007	0.4800652002726544	0.1177127570529715	-0.0005857455036730	0.0019988652654364	
0.3298448513786210	0.4167445032133189	-0.0003624642176982	0.0020513994603669	0.3917172087946659	0.4468722563545276	-0.0004870723172366	0.0020253026084025	0.4606606046645330	0.4958568610143834	-0.0001509895334868	0.0020778271840730	
-0.3115408852213684	0.2375269148360016	-0.0003219573749572	0.0020581793643603	-0.2493624122797820	0.2166694758435785	-0.0004138529165777	0.0020416038057300	-0.1882573856026738	0.2114136055769202	-0.0004869528173795	0.0020253314874788	
-0.2476908269150851	0.0208040702344217	0.0003581872221781	-0.0020521543312705	-0.1761941744662927	0.0052706203740994	0.0004289130662080	-0.0020384774655443	-0.1066845896687324	0.0042458583008068	0.0004642710291145	-0.0020306774988136	
0.3358039205141913	0.1406561268643624	0.0003648344416648	-0.0020509771464360	0.4134787933053337	0.1604003942431823	0.0004828018752470	-0.0020263299785380	0.4970792000810440	0.1959500811371891	0.0005910119910794	-0.0019973066728010	
-0.2762736030866965	0.2010697377923971	0.0003621594265090	-0.0020514535604227	-0.2133528974687404	0.1832389471024015	0.0004415063845097	-0.0020357735710235	-0.1513852313557237	0.1802918053634986	0.0004704833816348	-0.0020292400077012	
0.2020794122093919	-0.3987121538327121	-0.0009345653702388	0.0018607774787825	0.2992522822477713	-0.4052081019820535	-0.0010293724454521	0.0018097970841000	0.3996156658621519	-0.4034001980707675	-0.0011187546948734	0.0017556764586804	
0.3870217964616343	0.0740584253844704	-0.0003713701257183	0.0020497979331331	0.4722129781366733	0.0949161619458374	-0.0004843954981055	0.0020259477085320	0.5648811005875167	0.1300946802323349	-0.0005862991740131	0.0019987021224547	
-0.3016550334074509	-0.0604650953644710	0.0003241877460588	-0.0020578274800743	-0.2252178164054166	-0.0780745689539787	0.0004134511868820	-0.0020416856065607	-0.1511897408104796	-0.0811251033337246	0.0005044141110188	-0.0020210320195870	
-0.2919607559552271	0.1093776402210033	-0.0002936780692020	0.0020624255614115	-0.2240763656892197	0.0906971486044230	-0.0003886716561784	0.0020465717307291	-0.1577424216102262	0.0875485812436130	-0.0004801302424513	0.0020269678492841	
-0.3192998133955768	0.2874520626236121	-0.0003443392054526	0.0020545351544485	-0.2594795784603898	0.2656830832084727	-0.0004331582812890	0.0020375751220463	-0.2003885787416383	0.2594127079567023	-0.0005080285669470	0.0020201219455117	
-0.3106479738412902	-0.3552089874213257	-0.0000421196486122	-0.0020829053822886	-0.2214800947680193	-0.3729197112719202	0.0000381345880657	-0.0020829825372882	-0.1354245215796603	-0.3750096114091593	0.0000388022384931	-0.0020829701453902	
0.3391004951062266	0.1219365441434481	0.0003469440427381	-0.0020540946925176	0.4179089719370879	0.1417136997995794	0.0004705998662832	-0.0020292128617545	0.5029908888964372	0.1760652433589071	0.0005832820304286	-0.0019995891164836	
0.3134863858369978	0.0739035982851238	-0.0003564658388967	0.0020524555414994	0.3934437652417659	0.0905404095760890	-0.0004762886485397	0.0020278785044594	0.4791497096772375	0.1208731327244014	-0.0005707040877654	0.0020032334039153	
0.1817661928692442	-0.3427230762382283	-0.0003921126914992	0.0020459119463400	0.2756729809280607	-0.3478331336467076	-0.0005021947859293	0.0020215873962064	0.3723850889791851	-0.3415518528358645	-0.0005650182030732	0.0020048526092558	
0.1675091788586189	-0.2021091900062501	0.0001207461908613	0.0020798137286388	0.2538342162942943	-0.2031437495096508	0.0000229806497004	0.0020832059484518	0.3438945752205380	-0.1906251027779820	-0.0000988075866343	0.0020809771653930	
0.3623704636589431	0.2228641897678843	-0.0003446319262689	0.0020544858274106	0.4374135680429418	0.2479075874994827	-0.0004674830768005	0.0020299367681457	0.5189000110404303	0.2897176256248779	-0.0005878312366726	0.0019982498160880	
0.3228916296989545	0.2187060827555830	0.0003654926822300	-0.0020508593607570	0.3952716998533994	0.2407240279205449	0.0004875348148743	-0.0020251907676861	0.4732415372374965	0.2792956470234633	0.0005837636513296	-0.0019994478606070	
0.3710907325425961	0.1698141614013704	-0.0003342790591947	0.0020562042402262	0.4496304808085103	0.1936843864516400	-0.0004756025787045	0.0020280403255623	0.5350083156227858	0.2332996540965255	-0.0006131346007061	0.0019905933083918	
0.1678247894465186	-0.1957788953901026	0.0000782261408777	0.0020818568187485	0.2538407632944100	-0.1968875036586611	-0.0000255094399367	0.0020831763700002	0.3434073625437766	-0.1843493358988869	-0.0002231279159338	0.0020712900495613	
-0.2936479925068540	-0.1124218744733365	0.0003568173147596	-0.0020523941612039	-0.2148646184625634	-0.1291175694161174	0.0004309993772022	-0.0020380351693017	-0.1388887351883251	-0.1311686869728116	0.0005065930566955	-0.0020204842157468	
-0.3019906235796558	0.1760999775208205	-0.0003179817235777	0.0020588004292338	-0.2371407170612486	0.1562023616649703	-0.0004148625641684	0.0020413978544616	-0.1736038891295035	0.1520631809632080	-0.0005012830087604	0.0020218148107832	
0.3651672932920389	0.2052809355445288	-0.0003097054112066	0.0020600679962939	0.4412832373061106	0.2301372467223827	-0.0004213748624898	0.0020400568887744	0.5243395002054532	0.2707187766524261	-0.0005424623785574	0.0020111039702879	
-0.4692860608810554	-0.4500072564362682	0.0003099179843162	-0.0020600358673292	-0.3700883511768211	-0.4687493698143093	0.0004072284712161	-0.0020429421280107	-0.2766031551369085	-0.4749974187902523	0.0005189646030475	-0.0020173262537301	
0.2139568890532145	-0.4437102190000669	0.0004793157587130	0.0020271615691274	0.3159655603918190	-0.4531580490419416	0.0003388848595582	0.0020554463985303	0.4222435449855171	-0.4500504422706353	-0.0005225586718551	0.0020163936043706	
0.3265494053990186	0.1979651461101413	0.0003491787121193	-0.0020537141022741	0.4002812186552975	0.2198478077275138	0.0004721349403111	-0.0020288544614411	0.4798484810690382	0.2572319052908321	0.0005910588080623	-0.0019972927494927	
0.1957560309381191	-0.3862573955270083	-0.0009292097532855	0.0018634710789026	0.2920827377942696	-0.3926512793296350	-0.0010047840711474	0.0018236316741749	0.3909259296025913	-0.3894477578233682	-0.0010386356479754	0.0018044703395210	
-0.4468633930237852	-0.4427291674227894	-0.0004152856772645	0.0020413113910375	-0.3479445812947798	-0.4614024600054547	-0.0005197786352543	0.0020171156165181	-0.2558733522860493	-0.4647254766269710	-0.0007256414256220	0.0019522003562223	
-0.3071563971627388	-0.0249336596819309	0.0003109611974701	-0.0020598778659811	-0.2324205965495025	-0.0426378783337323	0.0004070780623887	-0.0020429722539603	-0.1597339160428114	-0.0468021314469223	0.0004935777565599	-0.0020237191401920	
-0.4424186775191924	-0.4718225697446067	-0.0002241113372944	0.0020711833436238	-0.3424887138134526	-0.4905411653976602	-0.0001695142928138	0.0020763908175577	-0.2489407981936280	-0.4926099863216517	-0.0002271262695935	0.0020708532495839	
-0.2770122521909070	0.2052944998079650	0.0003368149559682	-0.0020557882995615	-0.2142243767075461	0.1874596812325850	0.0003988500562562	-0.0020446026531595	-0.1522754229522718	0.1844614640039710	0.0003754617602394	-0.0020490486830812	
-0.0608106564538115	-0.4135229994421547	-0.0000368358881890	0.0020830060254894	0.0290545334309158	-0.4270867399776051	-0.0001392714797994	0.0020786495925813	0.1181415902664050	-0.4271327765527329	-0.0003067880134389	0.0020605066634008	
0.2999462653809692	0.1572328052342315	-0.0003346828813128	0.0020561382209131	0.3743759678250984	0.1761125073387065	-0.0004546887027781	0.0020328553711775	0.4543594476593873	0.2094553635444765	-0.0005623607533129	0.0020056033845870	
0.3427829865507241	0.0989408145606721	0.0003183236577873	-0.0020587473238848	0.4232123093730402	0.1177767395457524	0.0004363469325550	-0.0020368912462398	0.5098644067491445	0.1519915697321954	0.0005588307142731	-0.0020065947772042	
0.3083021987433328	0.3061997439855281	0.0003606794085512	-0.0020517155945174	0.3749528375143403	0.3301743579072732	0.0004734701602772	-0.0020285417210533	0.4467951021934369	0.3718737320625527	0.0005745679513209	-0.0020021230586897	
0.2908878241350189	0.2114464900675174	-0.0003622594281466	0.0020514358154305	0.3618323936440886	0.2313205414915215	-0.0004805831849167	0.0020268599694265	0.4378772398816924	0.2668376096197989	-0.0005918163364079	0.0019970672947643	
-0.2646040527790787	-0.0655685316769827	-0.0003564923815751	0.0020524509083711	-0.1889188967124822	-0.0812114200692138	-0.0004485607075661	0.0020342231387736	-0.1152546392196359	-0.0833131140083052	-0.0005321717256191	0.0020138652458542	
0.3426262996926910	0.0999572128792177	0.0003189603585222	-0.0020586482829929	0.4230035636314555	0.1187726590872678	0.0004369825806403	-0.0020367542904471	0.5095063156158586	0.1532298348443517	0.0005604081280302	-0.0020061526010271	
-0.3573586677232549	0.3020970738369055	0.0003237434358670	-0.0020578977771960	-0.2967145054408260	0.2771813690635026	0.0004129342884056	-0.0020417907365563	-0.2372014938854237	0.2686756109035822	0.0004956110353456	-0.0020232196600321	
0.3659449147727143	0.2000290684636891	-0.0003147351926249	0.0020593017326219	0.4423679828378895	0.2249415199971984	-0.0004246718127901	0.0020393696995133	0.5257003198538903	0.2656057010137386	-0.0005323644911555	0.0020138140418749	
0.2897880108110383	0.2176796877431341	-0.0003612480812720	0.0020516150430936	0.3603892034280811	0.2374454740718964	-0.0004795408403610	0.0020271080696079	0.4361420809313690	0.2728042850293305	-0.0005819510950075	0.0019999788120736	
-0.2993320280379441	-0.2926942302422115	-0.0004281675069523	-0.0020386349798092	-0.2131833271915446	-0.3103951952542279	-0.0003282765201673	-0.0020571759290790	-0.1288695444864224	-0.3124991000731128	-0.0002125701494695	-0.0020724057268250	
0.2669775913268079	0.3645796974630049	-0.0002737547582107	0.0020651781844217	0.3281226247522691	0.3874679988918595	-0.0004215017540834	0.0020400305438990	0.3936681953086134	0.4280858533638432	-0.0006249336652018	0.0019869022473583	
-0.3121009161952758	0.0082739150084472	0.0003167418778453	-0.0020589924979167	-0.2387596887198423	-0.0103710951890570	0.0004117334901634	-0.0020420344338412	-0.1676841122277626	-0.0136389216807077	0.0005090317943229	-0.0020198681204102	
-0.3503055681145464	0.2562278721941155	0.0003205780659430	-0.0020583957315390	-0.2876402105116049	0.2323289110144020	0.0004139166650960	-0.0020415908175517	-0.2264292217472512	0.2250214631333747	0.0004996266653210	-0.0020222268119296	
-0.2726837041564410	0.1800752104886565	0.0003273322868441	-0.0020573271373245	-0.2087830140703330	0.1625231483075141	0.0004346332375711	-0.0020372594374938	-0.1458348838533411	0.1592427435544785	0.0005331963343768	-0.0020135928531521	
0.1673325424365364	-0.2541623666381382	-0.0001606469399338	0.0020770992128386	0.2561823132055592	-0.2573654201138187	-0.0002663954428806	0.0020661451956698	0.3479177514749934	-0.2469137950560006	-0.0003658646828687	0.0020507926980000	
-0.3094426914547478	-0.3937469425342933	0.0000606382058040	-0.0020824462484860	-0.2185836602366826	-0.4104428040572728	0.0001721385020423	-0.0020761738295179	-0.1314570041298735	-0.4134818553557265	0.0002740196368718	-0.0020651428796302	
-0.0624563811911063	-0.3072934419834255	0.0000182913564306	0.0020832526320871	0.0221225821151206	-0.3187314422205312	-0.0000625468603463	0.0020823895128048	0.1066245048515738	-0.3166807788395001	-0.0000092764662537	0.0020833125771592	
-0.0618334327085042	-0.3885469971508892	0.0000134222289143	0.0020832898789275	0.0268497248259795	-0.4020882842050160	-0.0000722708302938	0.0020820731391711	0.1151026568125294	-0.4010589449853433	-0.0001243563257235	0.0020795999285676	
-0.3565336208220393	0.2968527525218126	0.0003227176793832	-0.0020580596912557	-0.2956821326395851	0.2719720528847258	0.0004151169495066	-0.0020413458816644	-0.2359337210384289	0.2635248576451485	0.0004989908377780	-0.0020223845841262	
-0.3223540334774412	0.3072580421448712	-0.0002875734661860	0.0020632899141821	-0.2631462439264173	0.2843289908924516	-0.0003658876214181	0.0020507885851063	-0.2046127405196332	0.2781375669609678	-0.0003520943107425	0.0020532137607388	
0.3552364689289478	0.0114860383763561	-0.0004615326403650	-0.0020313047546928	0.4421756222018265	0.0271309850131300	-0.0001948611573035	-0.0020741544820676	0.5361623307661429	0.0583337822688181	0.0004337677952197	-0.0020374448039497	
0.1145853422577595	0.2793134849416761	-0.0015760633468949	0.0013578905335619	0.1727882289211565	0.2886803363878775	-0.0009570419471727	0.0018492601542585	0.2350052560097675	0.3125489391784311	-0.0001622215122567	0.0020769762192114	
-0.4679713767315416	-0.4593779798412154	0.0002869070594838	-0.0020633831501249	-0.3683275991392958	-0.4781399611973562	0.0003685383847223	-0.0020503115093031	-0.2748492420128072	-0.4822766518637203	0.0004597341050199	-0.0020317146040355	
-0.2864981812497222	0.0750450496912282	-0.0003408155415883	0.0020551255538902	-0.2171962785952278	0.0572853167225431	-0.0004327303299745	0.0020376665063887	-0.1494776682790158	0.0542038985311163	-0.0005245222849927	0.0020158811504312	
-0.0618068971591348	-0.3916738456173179	-0.0000349600870293	0.0020830385141460	0.0269934741625573	-0.4052094728583234	-0.0001203038689495	0.0020798394893195	0.1152850242247077	-0.4041698964490767	-0.0001188208176632	0.0020799251695420	
-0.0617202892359595	-0.3833248255715214	0.0000542032182844	0.0020826245654459	0.0267102791763467	-0.3958420917415200	-0.0000395483537974	0.0020829560425877	0.1146976667702194	-0.3957822231077769	-0.0002086313952883	0.0020728079533180	
-0.4486212636386392	-0.4353046424164441	-0.0005557607589373	0.0020074514878472	-0.3503934951341522	-0.4532483100476748	-0.0007019198634224	0.0019608976888955	-0.2586980939475825	-0.4583103304903142	-0.0009640306707854	0.0018456083169032	
-0.2764160826991748	0.0093713979040428	-0.0003178162608412	0.0020588261060492	-0.2041084183646432	-0.0073816322061173	-0.0004122129630187	0.0020419372153094	-0.1337157491365739	-0.0092948273672105	-0.0005045624058072	0.0020209948167108	
0.3953330028051523	0.0240368280092599	-0.0003604902534845	0.0020517490042884	0.4841315035929161	0.0426915772060995	-0.0004837307215742	0.0020261073335973	0.5804061182572211	0.0759216695218635	-0.0005865789157073	0.0019986196308543	
-0.2814219038126333	0.0427334622339993	-0.0002977869685189	0.0020618333491175	-0.2107218403531767	0.0260848386368949	-0.0004051158133951	0.0020433642200208	-0.1414996714618731	0.0228708529711757	-0.0004920525236301	0.0020240923892239	
0.2721480743904769	0.3249833772244365	-0.0003372876432545	0.0020557104119247	0.3359429994390928	0.3469537282724202	-0.0004486077018084	0.0020342127237582	0.4043919477558686	0.3865119143652969	-0.0005491597696726	0.0020092763767175	
0.1080064615053551	0.0822710163302375	0.0009538564054185	-0.0018509135146992	0.1781982390501742	0.0877259274510750	0.0010735763564998	-0.0017837997505430	0.2507510868948960	0.1053675480025681	0.0009195190087274	-0.0018682959374413	
0.3135469129660186	0.2760001988507578	0.0003369594762229	-0.0020557644979624	0.3820758923039684	0.2999315408022577	0.0004607491567752	-0.0020314835014270	0.4563352284590056	0.3396364896840669	0.0005805304391138	-0.0020003937119325	
-0.2566240963681597	0.0864631683805961	0.0004334872422444	-0.0020375048118221	-0.1885327610801392	0.0707057334633971	0.0005430739006032	-0.0020109380961745	-0.1220438945288136	0.0685672576484855	0.0006506702046640	-0.0019785819563240	
-0.3048995199415658	-0.3155065667319326	-0.0005032878269450	-0.0020213141924813	-0.2175126529001192	-0.3332611712264835	-0.0003959760255449	-0.0020451640031856	-0.1319385089743632	-0.3354205721675331	-0.0003228194754723	-0.0020580436464364	
-0.3157668721501625	0.0312666405188602	0.0003307348843379	-0.0020567801541685	-0.2434644475274384	0.0124368606809417	0.0004212804549521	-0.0020400764840348	-0.1733013277504540	0.0083878472662131	0.0005044549420193	-0.0020210217774284	
0.1111835830755619	-0.4739859293978567	0.0020665561380083	0.0002196441287422	0.2057528952938226	-0.4865388966748970	0.0020499262888292	0.0003421150909568	0.3085719632228119	-0.4902734942969042	0.0020758229034745	0.0000983103049079	
0.2781176205566646	0.2916120844775263	-0.0004157904700885	0.0020412081162085	0.3438385091589649	0.3135208434801330	-0.0005319631394420	0.0020139206298882	0.4145443491758474	0.3510285068698156	-0.0006162539521434	0.0019896249963302	
-0.4480181098038282	-0.4375702151985962	-0.0004993029934456	0.0020223071534688	-0.3496280022155087	-0.4554515694391637	-0.0006371541339130	0.0019829977365544	-0.2576692325628847	-0.4604032350054364	-0.0008729215946515	0.0018906271299138	
-0.2878635469622927	0.0833269092270048	-0.0003408564642834	0.0020551187330038	-0.2189795858876213	0.0656782939471873	-0.0004342701993275	0.0020373372425871	-0.1516369374813981	0.0625166588075565	-0.0005230683447833	0.0020162607896782	
-0.1503218174831218	0.2408764290451521	-0.0007010226038806	0.0019612202455910	-0.0927568388075859	0.2311376697826627	-0.0010239474777691	0.0018128873228732	-0.0349073489535265	0.2353748635956210	-0.0000956329701644	0.0020811262160931	
-0.3086474762211642	0.2187437673548959	-0.0003116400629068	0.0020597747557265	-0.2455977778342570	0.1978453665063301	-0.0004026537119727	0.0020438532488026	-0.1837272691004240	0.1927528041119447	-0.0004899236279792	0.0020246113183922	
0.3960899315535291	0.0198255283173474	-0.0003558236467836	0.0020525675303176	0.4851233474288394	0.0385137835779093	-0.0004806352912120	0.0020268475520841	0.5816381763671175	0.0718060325817064	-0.0005998814095451	0.0019946474712645	
-0.2850449032905688	0.2871220706828405	0.0017750267170849	-0.0010834134207134	-0.2280440980309250	0.2672846984573874	0.0014325511502246	-0.0015092385959517	-0.1706893691527044	0.2612941612926654	0.0010048029648650	-0.0018236212118760	
-0.3000403206349231	0.1635801623354123	-0.0003228835507968	0.0020580335444010	-0.2346109256100603	0.1437942468324706	-0.0004197747995182	0.0020403883796321	-0.1704847815749586	0.1395641515098179	-0.0005077673216245	0.0020201879554093	
0.2113654218242339	-0.4164395002893956	-0.0009995697187836	0.0018265092970835	0.3100825078775888	-0.4236925365461296	-0.0011322161482062	0.0017469821958248	0.4114368165743871	-0.4218970427053824	-0.0011774701142050	0.0017166540313524	
-0.2680267127024904	-0.0447830242326601	-0.0003223119807626	0.0020581235848434	-0.1933155441640124	-0.0604271323032675	-0.0004197265267598	0.0020403983600417	-0.1205600808602878	-0.0625073625063342	-0.0005049163485305	0.0020209059757423	
-0.2963447382710656	0.1395477687746765	-0.0003079277170585	0.0020603358000162	-0.2299108047113547	0.1207732474682957	-0.0004085029448357	0.0020426863943327	-0.1648003892221081	0.1167728904252854	-0.0004945239835085	0.0020234869678847	
0.1679167092307993	-0.1926715925599922	0.0000326637904466	0.0020830759739595	0.2537739415521335	-0.1937552428654432	-0.0000756434209680	0.0020819527384752	0.3430232225011671	-0.1812390353762255	-0.0003122168868965	0.0020596869633869	
0.2817400124357284	0.2553013544607918	-0.0000645552455339	0.0020823279124833	0.3503583209052974	0.2751260454857224	-0.0001448613901095	0.0020782655990432	0.4246468846171860	0.3133718863775203	-0.0002410934159649	0.0020692657512007	
0.0953281741511453	-0.4831785095696089	0.0004784467673136	0.0020273678702652	0.1926651051640607	-0.4959686544302123	0.0002642091466515	0.0020664273120406	0.2927317687371482	-0.4967979663255581	0.0006547597682455	0.0019772256301330	
-0.0599442005693878	-0.2781292363558855	0.0000339444126025	0.0020830553968423	0.0231381047821042	-0.2885264075173795	-0.0000986063771329	0.0020809867571199	0.1062067586090092	-0.2864371584033360	-0.0001432996458828	0.0020783744097209	
-0.2499166052743526	0.2562631021966081	0.0001115756473079	-0.0020803284186092	-0.1904178567626025	0.2395336280950858	0.0004115164373631	-0.0020420784050216	-0.1319292684333815	0.2375139169164873	0.0008013929961148	-0.0019221945468508	
0.3683575673492474	0.1853334822940349	-0.0003637504648411	0.0020511706360362	0.4458255511575167	0.2093893771658891	-0.0004833574754296	0.0020261968552595	0.5299392659563666	0.2500038379064779	-0.0005744946640821	0.0020021441944445	
-0.2621438178735983	0.1386560437235397	0.0000007218184381	-0.0020833332076621	-0.1971839404109892	0.1218151652609916	0.0007898830593997	-0.0019269766616498	-0.1341170294051600	0.1187586908887977	0.0009789722658810	-0.0018376869039665	
-0.2973177217044390	-0.2822781090759857	-0.0003666439614932	-0.0020506528238910	-0.2116693319780912	-0.3000128358669072	-0.0002777215792314	-0.0020646458228401	-0.1278583075850337	-0.3020842290843762	-0.0002022754457470	-0.0020734410021327	
-0.3399585314723188	0.1885137264128414	0.0003257875886624	-0.0020575735402962	-0.2745120536806246	0.1666272480212017	0.0004151114741709	-0.0020413470006652	-0.2104719435484700	0.1594880567643223	0.0004978465960750	-0.0020226679755506	
0.3450441172413461	0.0843861947526964	0.0003252595209059	-0.0020576575011034	0.4263361199003364	0.1031919406227619	0.0004397944957788	-0.0020361459364195	0.5141482189536286	0.1364065834177979	0.0005521160605102	-0.0020084619905744	
0.3377945087034300	0.3708488982913483	-0.0003085751494275	0.0020602384489915	0.4027742974494690	0.3999134751766052	-0.0004295317712789	0.0020383465344287	0.4737504925041474	0.4468551728513911	-0.0005640507017166	0.0020051263873489	
0.3530248485055285	0.0064120057102437	-0.0011467365589994	-0.0017374377109910	0.4394883349703795	0.0198168706735268	-0.0011578276618328	-0.0017300293871115	0.5369374126022672	0.0520913701241309	-0.0000217547636379	-0.0020832191768343	
0.3305720417477560	0.4125259305127424	-0.0003631209117715	0.0020512827384649	0.3927203783119846	0.4426971202468484	-0.0004836953411708	0.0020261158225863	0.4611649838682530	0.4916395010025166	-0.0003312078640951	0.0020567036611230	
0.3435985719959840	0.3363933650765361	-0.0004183185058216	0.0020406889424686	0.4107746406331068	0.3646714086505778	-0.0005406885769208	0.0020115839760567	0.4839574263302684	0.4103396778342956	-0.0006371575762933	0.0019829966249476	
-0.2588971972850743	0.0968273031259255	0.0004644515813650	-0.0020306360042528	-0.1914263928908204	0.0811746043093460	0.0005441509553252	-0.0020106454594629	-0.1250471993828052	0.0780126292102996	0.0005661230231012	-0.0020045393538194	
-0.0500395350467491	-0.4698574707470766	-0.0005180358846082	0.0020175661369308	0.0419651963526217	-0.4831555954780034	-0.0006079342884859	0.0019921956350381	0.1327536463273533	-0.4854977112718630	-0.0003697014260661	0.0020501010666247	
-0.3544407599050744	0.2833146434334646	0.0003158761738779	-0.0020591261515888	-0.2931061391672528	0.2593564321865657	0.0004157584652175	-0.0020412146679187	-0.2326061793846658	0.2500371557615859	0.0005004724911422	-0.0020220166009114	
0.1819596117017277	-0.3437243184310139	-0.0003952328332624	0.0020453084764946	0.2760026683783630	-0.3490618841554347	-0.0005081360685239	0.0020200947721723	0.3727474218232560	-0.3427906692394184	-0.0005753000794972	0.0020019117555071	
0.2989342131124858	0.1634903015927091	-0.0003326803741698	0.0020564647999751	0.3730071985489931	0.1822876100332829	-0.0004495525259789	0.0020340030859580	0.4526723015635856	0.2155275286112720	-0.0005609167447758	0.0020060097404580	
-0.2389489389277074	-0.0333249687305550	0.0003376196981722	-0.0020556556300757	-0.1652834428143004	-0.0479353570752815	0.0004322550790232	-0.0020377678804005	-0.0936515374020439	-0.0489968065284741	0.0005256112799587	-0.0020155960650388	
-0.2570515863759166	0.0884534040871223	0.0004353128679741	-0.0020371135986809	-0.1891276901980745	0.0729113627988533	0.0005490792488152	-0.0020092984924821	-0.1227752478381751	0.0707688460041819	0.0006557751088526	-0.0019768874251368	
-0.2694767744149619	-0.0354758557384459	-0.0003201449734596	0.0020584634728715	-0.1952511395139701	-0.0510212302400725	-0.0004200167023665	0.0020403383481109	-0.1228801973516662	-0.0531953119104399	-0.0005059190296487	0.0020206539394912	
-0.3097237037079797	-0.3854183382065071	0.0000762063945878	-0.0020819321050007	-0.2192885755299396	-0.4020867247119937	0.0001871162684330	-0.0020748710799825	-0.1325577144681613	-0.4051553453021763	0.0002765359645949	-0.0020648057534339	
-0.2460388726346963	0.0104143708986771	0.0002807926845909	-0.0020642283135887	-0.1741091186600255	-0.0051891664275642	0.0003682051288543	-0.0020503716829967	-0.1043231531521277	-0.0052622368053067	0.0005065814954607	-0.0020204871289547	
0.2987363277929169	0.3655341597614685	0.0003578386288936	-0.0020522154493924	0.3614935168371816	0.3906002693763117	0.0004848850506483	-0.0020258300097526	0.4291244310811277	0.4343716697213846	0.0005983403401253	-0.0019951126087952	
-0.3391361950887958	0.1832732450956083	0.0003305843440736	-0.0020568044768891	-0.2734425553292674	0.1614255136299673	0.0004195539841454	-0.0020404340235052	-0.2093523191476615	0.1550864457083950	0.0005029502178246	-0.0020213986446435	
0.2124506161929343	-0.4185018759415584	-0.0009522322203271	0.0018517538114387	0.3112453520708205	-0.4252959948198158	-0.0011500341500367	0.0017352458248560	0.4131286989911123	-0.4242375835397581	-0.0012128609721053	0.0016917096936192	
0.2762532402688135	0.3010166989135006	-0.0003833928694642	0.0020475721760836	0.3414625769119493	0.3228196542256718	-0.0004946353125214	0.0020234596204946	0.4114341119975142	0.3614465176312771	-0.0005807513834330	0.0020003292578025	
0.2696128510315717	0.3416857415206155	-0.0003132275365973	0.0020595327425049	0.3323769006320119	0.3635295930265359	-0.0004498718686170	0.0020339321255169	0.3993732931766596	0.4041934437989516	-0.0005384276148551	0.0020121933674364	
-0.3100252875232021	-0.3781361534869123	0.0000934392645014	-0.0020812263626474	-0.2199665932708593	-0.3947661057234353	0.0001953928105691	-0.0020741042155564	-0.1335426941343463	-0.3978596460306937	0.0002622654168909	-0.0020666761437733	
-0.4464938544296339	-0.4446962206086599	-0.0003947170171193	0.0020454085833390	-0.3477062424212313	-0.4623551501970918	-0.0005081885154074	0.0020200815128733	-0.2552658585946479	-0.4664924742683191	-0.0006808975766309	0.0019683331178264	
-0.3081873194043100	-0.4270718961046898	0.0000761922578519	-0.0020819326249996	-0.2157267224743645	-0.4437200549179818	0.0001702037264517	-0.0020763341353643	-0.1273130567085555	-0.4457749529868850	0.0002598169706067	-0.0020669869311068	
0.3061890378735760	0.3186982077055033	0.0003349917203570	-0.0020560876747928	0.3720864073892980	0.3427297166980763	0.0004545802930813	-0.0020328797375116	0.4429601498380682	0.3855024133736354	0.0005558610656581	-0.0020074235763055	
0.1729644737002574	-0.2925844305113715	-0.0004476278029848	0.0020344296552612	0.2637517046612977	-0.2958887322270548	-0.0005662113255910	0.0020045142884259	0.3572406583176626	-0.2886147611284614	-0.0006806539395059	0.0019684178031924	
-0.2555722041258111	0.0812546366327677	0.0003783975317397	-0.0020485058621802	-0.1871764647446520	0.0655972911465157	0.0005152382262224	-0.0020182859898136	-0.1204442176377885	0.0635696716843057	0.0006293497416036	-0.0019855008938623	
0.3092681346173460	0.1009786084387628	-0.0003236289967695	0.0020579158673259	0.3876494823102525	0.1177256908811488	-0.0004446975717301	0.0020350753872643	0.4713495837118657	0.1498930840636412	-0.0005746605993659	0.0020020963351758	
0.2919838453063268	0.2052094830675431	-0.0003587314036018	0.0020520587984867	0.3633573256003952	0.2249133904487892	-0.0004770802309067	0.0020276914905349	0.4397612255704813	0.2605018412244208	-0.0005932265369163	0.0019966467553300	
0.3788665808346086	0.1218074809812021	-0.0003405945211939	0.0020551623784368	0.4608990658573831	0.1436460630951133	-0.0004563078174807	0.0020324907301159	0.5498815893169307	0.1813139847429922	-0.0005799598917851	0.0020005600296189	
-0.3075248752027669	-0.3270911644127241	-0.0003997645260716	-0.0020444231568508	-0.2195172093739672	-0.3447502508704524	-0.0003061201655391	-0.0020606064856165	-0.1336587473641969	-0.3469295770921652	-0.0002765536291232	-0.0020648033757324	
-0.2495498533103120	0.0343405165645173	0.0001306911004092	-0.0020792094907637	-0.1782675972005351	0.0188712840015494	0.0000995156862568	-0.0020809432542026	-0.1083203947194099	0.0176110690398014	-0.0000193520599259	-0.0020832430008769	
-0.3528617183887076	0.2729808825121034	0.0003129228248656	-0.0020595792939287	-0.2909905228006099	0.2489478985194454	0.0004140259084542	-0.0020415685553718	-0.2302962827325230	0.2407191596077355	0.0005008086472350	-0.0020219329520458	
0.1667509194402071	-0.2468152764423677	-0.0001523616811614	0.0020777265172284	0.2551482393683598	-0.2490394438765769	-0.0002541135026068	0.0020676994060124	0.3466801617538220	-0.2396602994595110	-0.0003224392082170	0.0020581035566203	
0.3435953707401691	0.0936976206947592	0.0003185285648632	-0.0020587154720318	0.4243264894472356	0.1125828568191476	0.0004347465659245	-0.0020372351354306	0.5115336121863800	0.1459205156966465	0.0005527050741408	-0.0020082991697040	
0.3922136389487128	0.0438187176781797	-0.0002919875127786	0.0020626667820486	0.4795922462392628	0.0634480447464642	-0.0004165741488704	0.0020410475255553	0.5744683631931229	0.0978781391953437	-0.0005400566234438	0.0020117545806056	
0.2584512666672406	0.4009697166236298	-0.0004415918351214	0.0020357549443429	0.3172690574433709	0.4240736135035152	-0.0005319637091732	0.0020139204786442	0.3802954570827577	0.4656232430967592	-0.0007198352713078	0.0019543594621646	
-0.2870439700526846	-0.1273576289134981	0.0015472305488771	-0.0013908166063603	-0.2098800855775390	-0.1426995391732129	0.0012820454529238	-0.0016396367765285	-0.1337064790747493	-0.1477232190353076	0.0010243095927252	-0.0018126817226852	
0.3004728643589402	0.3552396306258937	0.0003349857565053	-0.0020560886513194	0.3639082830348928	0.3802634712901986	0.0004606925535264	-0.0020314964027223	0.4322283283893951	0.4239510153393732	0.0005880618459635	-0.0019981816228941	
-0.0529228775220973	-0.4572710040247204	-0.0003723577210473	0.0020496178637560	0.0389247303760351	-0.4706743403433892	-0.0004756548122315	0.0020280280140644	0.1296004548963583	-0.4730313745201822	-0.0006512667727640	0.0019783846884510	
-0.3234461849370149	0.0812044687868740	0.0003189547020372	-0.0020586491637700	-0.2533760687740152	0.0614895229111941	0.0004104068307937	-0.0020423028153217	-0.1850814413898451	0.0562192516626926	0.0004948937994404	-0.0020233960993687	
-0.3289432584972694	0.1167250311330824	0.0003156806312810	-0.0020591562890339	-0.2603140733041142	0.0959218360805076	0.0004066890363858	-0.0020430501197658	-0.1934387632654638	0.0905849164615529	0.0004942352579352	-0.0020235578614071	
0.3038741485127133	0.3334058334234056	0.0003159881904455	-0.0020591088787485	0.3686786315321067	0.3582916133106240	0.0004392173687411	-0.0020362711301763	0.4389500621783853	0.4001294329376243	0.0005491721601955	-0.0020092729732414	
-0.2736999681281663	-0.0083973179662483	-0.0003174658252949	0.0020588804421076	-0.2005646436741150	-0.0250048434443782	-0.0004123966764846	0.0020418999341213	-0.1292888069575940	-0.0271911212020392	-0.0004914593203638	0.0020242372250581	
-0.0521132471131474	-0.4615107531279192	-0.0004125052025122	0.0020418779026828	0.0398735698164647	-0.4748674025088783	-0.0004593916850628	0.0020317924438453	0.1308330298984032	-0.4771165970131525	-0.0005556000210738	0.0020074962037629	
-0.2717811117847281	-0.0207610043772425	-0.0003224730350999	0.0020580982302089	-0.1980395380022848	-0.0374127944861541	-0.0004173580748727	0.0020408865690257	-0.1263150404845526	-0.0394728433384928	-0.0004993056603969	0.0020223064917063	
0.2772453067759422	0.2958027970941692	-0.0004047716112991	0.0020434327726101	0.3427635652134038	0.3176780453377163	-0.0005171810129841	0.0020177865409550	0.4130446423790446	0.3560939900993242	-0.0005972156214212	0.0019954512566460	
-0.2792899863418637	0.0281581364887924	-0.0003073397191887	0.0020604240330357	-0.2078494983159607	0.0114512418933322	-0.0003988009683811	0.0020446122762813	-0.1380287536083136	0.0083745200411380	-0.0004838063569167	0.0020260891838468	
0.3928086639333384	0.0395888737910982	-0.0003008142813690	0.0020613916498776	0.4803856403008213	0.0594414758333958	-0.0004183146311654	0.0020406897407024	0.5758148906516205	0.0927526337854906	-0.0005243724778553	0.0020159203186702	
-0.2498861309875483	0.2541954642394425	-0.0000998243139301	-0.0020809283979458	-0.1901218304395578	0.2375026940027253	0.0002417058667701	-0.0020691939440228	-0.1311045731282710	0.2353541373188212	0.0006758847710014	-0.0019700686784631	
-0.3594685856283469	0.3156326164719792	0.0003164017371270	-0.0020590450559754	-0.2994005530960706	0.2905959000895849	0.0004019735593998	-0.0020439877963718	-0.2402134129708614	0.2812060552839222	0.0004807747370813	-0.0020268143140335	
-0.0616694332498166	-0.2957968999718375	0.0002594851936894	0.0020670288165327	0.0224824813059166	-0.3072696160493736	0.0001717490044354	0.0020762062480134	0.1070731324599713	-0.3052094510720006	0.0000990314902285	0.0020809664687941	
-0.4438181713895198	-0.4604535060104699	-0.0002991194418087	0.0020616394970762	-0.3440362391190888	-0.4791994597674891	-0.0003786086475348	0.0020484666585880	-0.2507716968482413	-0.4824218638182812	-0.0004762599123601	0.0020278852873102	
0.3011324588746802	0.1499638015230328	-0.0003368165972517	0.0020557880293111	0.3760381825276058	0.1687249305306547	-0.0004574268708617	0.0020322379120405	0.4564161011505103	0.2021599092507561	-0.0005673702133508	0.0020041849370889	
0.3046269849140717	0.1291974658171738	-0.0003433052817403	0.0020547090383091	0.3810466506385417	0.1468059798138506	-0.0004646553748209	0.0020305891479906	0.4626430091113689	0.1802885260808932	-0.0005793788278232	0.0020007292306853	
-0.2866623534005884	0.0760607468772282	-0.0003403600596400	0.0020552014156033	-0.2174089731859052	0.0582832986036132	-0.0004328677404841	0.0020376371741632	-0.1497252654401647	0.0551834072142815	-0.0005244372115737	0.0020159033950031	
-0.3054094680029117	0.1979291141175701	-0.0003283025155055	0.0020571717599027	-0.2416352556025050	0.1782215068749843	-0.0004211932917001	0.0020400945716035	-0.1788287099317746	0.1728897188066617	-0.0005101625340578	0.0020195813949689	
-0.2805158799810890	0.0364633199131163	-0.0003001048263045	0.0020614955720495	-0.2095032083652377	0.0198716185641025	-0.0004015271018470	0.0020440759860001	-0.1400234450809417	0.0167286209904878	-0.0004849150535308	0.0020258227923365	
-0.3076076489216760	-0.4593744218072589	0.0000266773079344	-0.0020831616682767	-0.2134336536697805	-0.4760603627418219	0.0001413225202187	-0.0020785104613540	-0.1232877466980581	-0.4780891667276662	0.0002441984537693	-0.0020688997935678	
0.3326079102098777	0.4010622112883678	-0.0003663920617384	0.0020506980714232	0.3957019816357876	0.4301615769483208	-0.0004852048020244	0.0020257530668797	0.4642052641861769	0.4790913318520219	-0.0005784824049198	0.0020009899010240	
0.3499270625567263	0.2989213944507826	-0.0003060460239849	0.0020606175537289	0.4197707767212882	0.3260388362342097	-0.0004254663867552	0.0020392032492870	0.4959033477166477	0.3709046894496693	-0.0005289802999928	0.0020147100958531	
-0.2602240661160265	0.1030270126248296	0.0003872323308771	-0.0020468459194894	-0.1927703619436592	0.0865761613628465	0.0004445098113966	-0.0020351166122748	-0.1266279989432993	0.0844034693415843	0.0004376071865537	-0.0020366195105936	
0.2819709993307402	0.2523379305959253	-0.0003237278313765	0.0020579002442849	0.3506421191875475	0.2722200815853986	-0.0003640101287818	0.0020511243401868	0.4249548117110638	0.3104021476430575	-0.0001995683475229	0.0020737046235894	
-0.2660138466897468	-0.0572935278621317	-0.0003409697550730	0.0020550998456052	-0.1907410440420732	-0.0728262108027731	-0.0004330267066632	0.0020376032284279	-0.1174170812163221	-0.0750005808014201	-0.0005153919294373	0.0020182465489785	
-0.2630196668350923	0.1417157478895922	0.0009923241598563	-0.0018304755799878	-0.1987392231156865	0.1250613526411085	0.0010414450563482	-0.0018028422433924	-0.1357009983218548	0.1218584942795090	0.0008609627381821	-0.0018961302761682	
0.2817705481741057	0.2677650071502528	-0.0001167518419700	0.0020800429190326	0.3494702828110341	0.2886563144346977	-0.0002815206113444	0.0020641286681204	0.4222094981668851	0.3261494681267274	-0.0005148521211395	0.0020183850105712	
-0.3076990560821592	-0.4499981862999544	0.0000178553715917	-0.0020832564334280	-0.2140618430721131	-0.4666672759797750	0.0001367108796408	-0.0020788204220256	-0.1244268335880475	-0.4687210451505243	0.0002609688796424	-0.0020668410853765	
0.2807683803683374	0.2771241701812318	-0.0003059775548132	0.0020606277726142	0.3478015414141336	0.2978501785585975	-0.0004469226411605	0.0020345854572826	0.4192851869053982	0.3363231001597120	-0.0006326052668550	0.0019844608602396	
-0.2494308821613306	0.0531066002388811	0.0003310964273115	-0.0020567216934294	-0.1793729405651098	0.0376508900351473	0.0006282145518413	-0.0019858621604815	-0.1120389050682029	0.0365332189221564	0.0007776224339310	-0.0019319818491441	
0.2799242000017655	0.2823569156948769	-0.0003735022484345	0.0020494085626455	0.3463026351258442	0.3042286374639807	-0.0005169112270487	0.0020178560169306	0.4175589410750680	0.3416265160503791	-0.0006491894664519	0.0019790707277825	
0.1780557546243404	-0.3197370693424987	-0.0003143632838656	0.0020593588236420	0.2705138773579724	-0.3238844868551030	-0.0004399447193946	0.0020361133208095	0.3660182527880014	-0.3176324719588509	-0.0005733514111809	0.0020024735262413	
0.3809859652569003	0.1093152333313442	-0.0003593395354974	0.0020519518621222	0.4636933686855218	0.1313117821087612	-0.0004752459879911	0.0020281243362559	0.5535110713351927	0.1686587478720862	-0.0005756377056154	0.0020018142133621	
-0.2951251689579179	-0.1031292039698098	0.0003227845662172	-0.0020580491493213	-0.2168116059354174	-0.1197241343773586	0.0004229909944522	-0.0020397207336360	-0.1409741195343094	-0.1228356761898501	0.0004998138931419	-0.0020221803131828	
0.3556518788496317	0.0145582559990557	-0.0001083743065328	-0.0020804984953380	0.4422251880706232	0.0302010763237047	0.0001149673532080	-0.0020801428113001	0.5354016213023183	0.0615197114839420	0.0005087646943951	-0.0020199357510040	
0.2836957170641116	0.2458509796813849	-0.0006172302260830	0.0019893208335875	0.3522616523692150	0.2666783542550406	-0.0006942396998546	0.0019636435931234	0.4260013667721472	0.3031124081959824	-0.0005006847913914	0.0020219637791915	
-0.2903643328988947	-0.2477911257663355	-0.0004606194103894	-0.0020315130714027	-0.2060688676538585	-0.2645088556947685	-0.0003669818314443	-0.0020505920835509	-0.1231625252847383	-0.2646800118093066	-0.0002900587474938	-0.0020629402571469	
0.3326610162783452	0.1593991469076311	0.0003288333420105	-0.0020570865509999	0.4089492185691732	0.1801131315390980	0.0004523420692218	-0.0020333814410038	0.4912094496410595	0.2165937055637740	0.0005551856011194	-0.0020076114276386	
0.3162009847381924	0.0573544208853823	-0.0003244185798232	0.0020577909194017	0.3973832128883223	0.0730350009741103	-0.0004376117074301	0.0020366185343273	0.4842802531807384	0.1031487523790589	-0.0005534557027751	0.0020080914028777	
-0.3343795780138088	0.1531562280310869	0.0003182404624415	-0.0020587602502239	-0.2674519654176927	0.1322076011405773	0.0004183813397486	-0.0020406759967183	-0.2020407534984509	0.1259276070012494	0.0005061747049579	-0.0020205895873108	
-0.2506641677138272	0.2613998773066891	0.0005018039083413	-0.0020216849422559	-0.1920274239850788	0.2448685677244242	0.0007337012079940	-0.0019491704295337	-0.1339801452551168	0.2417035951710404	0.0010306180102691	-0.0018090845167341	
-0.3227884505263716	0.3104596249356828	-0.0002684165818678	0.0020658822882131	-0.2636995526979544	0.2875327346146906	-0.0003324449103244	0.0020565030684484	-0.2050593684153375	0.2812213835684352	-0.0002278764394797	0.0020707704226209	
0.2892374125372970	0.4229800720982100	0.0003310704561118	-0.0020567258951025	0.3483044455615474	0.4490079471616838	0.0004476763496556	-0.0020344189196374	0.4133823479868868	0.4947772177210955	0.0001759675759626	-0.0020758511925280	
-0.3088539333727188	-0.0135817970269599	0.0003048286390883	-0.0020607988973503	-0.2346708612283507	-0.0312169428941755	0.0003983536953529	-0.0020446999024449	-0.1624479061049812	-0.0355047646543623	0.0004791956141492	-0.0020271901153560	
0.3984455319902076	0.0052809429629102	-0.0003120965667256	0.0020597052897695	0.4883902703850354	0.0239642068762890	-0.0004321070898189	0.0020377994236534	0.5862017942913382	0.0562965654117251	-0.0005609942088152	0.0020059879700478	
-0.0510202318402482	0.2280904474530514	0.0005340239612024	-0.0020133724186794	0.0071804365919047	0.2249637218899660	0.0006856382466078	-0.0019666785541660	0.0661326881650420	0.2352538600209483	0.0007978545480426	-0.0019236733246505	
0.4003543587174467	-0.0072520272366772	-0.0003164881168741	0.0020590317141766	0.4912956010346081	0.0103789056178369	-0.0004493860849588	0.0020340400495030	0.5899187316465582	0.0426345942140084	-0.0005428710520435	0.0020109931406656	
0.2743936755742208	0.3114743618644793	-0.0003498672685630	0.0020535963263489	0.3389730973796587	0.3333958342877879	-0.0004677228093612	0.0020298812677027	0.4084494944823645	0.3719052778136072	-0.0005653035646426	0.0020047717624903	
0.3542329029750795	0.2708206974429379	-0.0003390204665034	0.0020554239242412	0.4260445461879381	0.2968803858437030	-0.0004637595577934	0.0020307949530886	0.5040383073225747	0.3406486641675206	-0.0005529999051920	0.0020082175994782	
0.1670871514245685	-0.2510647912494158	-0.0001593874296047	0.0020771967274481	0.2556503449459262	-0.2531182313810923	-0.0002653907189778	0.0020662751372187	0.3473468642664133	-0.2436836464982132	-0.0003560581864635	0.0020525266541778	
0.3487303728048092	0.3072346414285713	-0.0002968275828679	0.0020619723761706	0.4180370657104948	0.3344425985923556	-0.0004133610418554	0.0020417039506693	0.4934434935088376	0.3801781798222122	-0.0005494324578666	0.0020092014545999	
-0.2839130606813819	0.0593370244731158	-0.0003271961581134	0.0020573488999574	-0.2138948675923411	0.0416975860054328	-0.0004268183076114	0.0020389192976036	-0.1454315895644408	0.0385511652766369	-0.0005186053772682	0.0020174190942421	
-0.2972090099392813	-0.0895889081744631	0.0003082746561128	-0.0020602836586015	-0.2195335642044766	-0.1063103258987085	0.0004088571507963	-0.0020426151723699	-0.1442643299403470	-0.1093338856194588	0.0004870235397332	-0.0020253143971820	
0.2894295777558459	0.4217963188406945	0.0003286450381053	-0.0020571167939264	0.3485132987894315	0.4480134841926910	0.0004453664619650	-0.0020349283761872	0.4134798801702533	0.4937425875022377	0.0002162855804999	-0.0020720193377023	
0.1673259863373419	-0.2052125727520827	0.0001294700174828	0.0020792862658033	0.2538033881832756	-0.2062676550148161	0.0000323225995835	0.0020830813227169	0.3440614445046175	-0.1947929493304169	-0.0000657573732737	0.0020822901090991	
-0.2490851398046838	0.0490518577664572	0.0000202022598481	-0.0020832348891250	-0.1782532815136800	0.0335174333405193	0.0003966567263002	-0.0020450314308373	-0.1103074461218071	0.0322173738135455	0.0007453691875445	-0.0019447162270016	
-0.2970530589122713	-0.0906060371278245	0.0003096784014562	-0.0020600720770178	-0.2193408526739057	-0.1073118568012659	0.0004100990452156	-0.0020423649511348	-0.1440361022560468	-0.1103189111639817	0.0004862884031817	-0.0020254919172082	
0.3365593238954796	0.1364413553532200	0.0003678806304165	-0.0020504302214170	0.4144787917942725	0.1562244441057217	0.0004856894795578	-0.0020256363349656	0.4983884787269341	0.1915595408032721	0.0005972178753630	-0.0019954505786887	
-0.2441574441459291	-0.0041651873545012	0.0003134945858612	-0.0020594919067318	-0.1718139608565685	-0.0187805398187424	0.0003791492564381	-0.0020483661659634	-0.1011174366017615	-0.0198171668029543	0.0004130053709730	-0.0020417762874661	
0.2832094428427500	0.2476433991283854	-0.0005853183680747	0.0019989910096289	0.3517027834715598	0.2680676014267955	-0.0006654873888797	0.0019736228560029	0.4256724875021189	0.3049655301434384	-0.0003571642003216	0.0020523335214256	
-0.2373764313011732	-0.0418185845569279	0.0004698890717727	-0.0020293783972769	-0.1633975103064922	-0.0563395008591017	0.0005189509936761	-0.0020173297722690	-0.0915188083648363	-0.0573177187702054	0.0005247220665787	-0.0020158288973905	
-0.3076446452926813	-0.4562488054001123	0.0000193499910637	-0.0020832430201906	-0.2136354024678385	-0.4728992087714242	0.0001369543732583	-0.0020788043144301	-0.1236525007060960	-0.4750003421362898	0.0002529397369472	-0.0020678440402585	
0.3767314026846054	0.1342939498344773	-0.0003648849012909	0.0020509681249353	0.4577312967977709	0.1571708504761165	-0.0004897262638541	0.0020246593062175	0.5458001891206268	0.1948789870557288	-0.0006036226856883	0.0019935128171433	
-0.2616894754711152	0.1135499309200848	0.0002059510985740	-0.0020730773208927	-0.1945037805328319	0.0968597917230030	0.0002774566309427	-0.0020646816228355	-0.1285524150884662	0.0948110790649439	0.0003398783947892	-0.0020552815247391	
0.2924329758590359	0.4021528438858704	0.0003205814927188	-0.0020583951951723	0.3527572229945364	0.4282347040828711	0.0004411341390559	-0.0020358546697267	0.4180573184019885	0.4730114171011919	0.0005437903023640	-0.0020107435185010	
-0.0529422765070454	0.2343916114323429	0.0006248643983065	-0.0019869241413749	0.0049422215525314	0.2311485309807099	0.0007480004338412	-0.0019437006221643	0.0632249686446619	0.2415802010178883	0.0009803414738074	-0.0018369531890609	
-0.2434712034083969	-0.0083668232385941	0.0003595733922003	-0.0020519106901120	-0.1710284903293002	-0.0228619959136337	0.0004284041514237	-0.0020385850149485	-0.1002502179148453	-0.0240151187908774	0.0004472100218883	-0.0020345219930249	
0.1059585874488742	-0.4749193594789011	0.0020200134191566	0.0004892808910005	0.2006310957309514	-0.4876588956344490	0.0020217248420328	0.0004821245048015	0.3034983973004342	-0.4908956324838723	0.0020407310865201	0.0003935040848643	
-0.3550878258693541	0.2875438151946712	0.0003174708713354	-0.0020588796601397	-0.2937656480826720	0.2625612428552658	0.0004162034254953	-0.0020411235330741	-0.2336430039849225	0.2542047575743231	0.0005007872506276	-0.0020219382781407	
0.2668369280302760	0.3656101345364090	-0.0002931454358757	0.0020625017146371	0.3279131754123672	0.3884731082139600	-0.0004388789360630	0.0020363444649207	0.3933629587385610	0.4290371440287470	-0.0006384003339488	0.0019825948827840	
-0.0638476506677922	-0.3374639462989991	0.0001500232075871	0.0020778975286285	0.0222548611186224	-0.3500177745595939	0.0000563466421026	0.0020825673912596	0.1084519668917624	-0.3479290516369993	0.0000341342323479	0.0020830522794564	
0.3513841996124989	0.0469059094744225	0.0003521378246673	-0.0020532062609421	0.4352662884492666	0.0645590748815729	0.0004764176200027	-0.0020278480568819	0.5258005940969044	0.0958426018752522	0.0005900531920955	-0.0019975915544502	
0.3724950024802713	0.1604871416481814	-0.0002984109046591	0.0020617426871124	0.4517205278005074	0.1843191199985764	-0.0004327415240530	0.0020376641172179	0.5381007189863418	0.2228791606084150	-0.0005644162213493	0.0020050230141985	
-0.3076519526973370	-0.4552069979362646	0.0000180318026912	-0.0020832549061763	-0.2137168026671490	-0.4718610333937701	0.0001362912179913	-0.0020788481159287	-0.1237763864713114	-0.4739717292281183	0.0002552558459420	-0.0020675579909482	
-0.2475077499339323	0.0197780066827301	0.0003557788280373	-0.0020525753382787	-0.1759486757828357	0.0041245520401122	0.0004305567629610	-0.0020381291905559	-0.1064136984585796	0.0030311218989379	0.0004837565978021	-0.0020261011245748	
0.3016373449868079	0.3479681702508207	0.0003212545364390	-0.0020582897349939	0.3655427824938864	0.3728687614989225	0.0004418444661664	-0.0020356998532860	0.4346131777863029	0.4157081690189166	0.0005709118083817	-0.0020031739181201	
-0.4416504181576201	-0.4791770530347453	-0.0002062377987693	0.0020730486757794	-0.3421421873314240	-0.4979373057880488	-0.0000335894639678	0.0020830611794607	-0.2485124566104768	-0.5000054656277253	-0.0000212304226780	0.0020832246135401	
-0.3496890218166148	0.2521614066892972	0.0003219083158004	-0.0020581870764149	-0.2867853092885346	0.2281245290792018	0.0004128903838669	-0.0020417996598227	-0.2254047558728648	0.2208514244223851	0.0005002564023353	-0.0020220703408282	
-0.2689998405580432	-0.0385220234313156	-0.0003194977949089	0.0020585645252526	-0.1945904776410725	-0.0542285845197439	-0.0004192113478806	0.0020405047989288	-0.1220878318320667	-0.0563852766886592	-0.0005054579154977	0.0020207699122163	
0.3455554672425367	0.0811805183134408	0.0003294910642728	-0.0020569807767716	0.4270301759493362	0.0999942672547224	0.0004437278701874	-0.0020352881005628	0.5152844423104963	0.1322663556280004	0.0005543583889780	-0.0020078411459881	
-0.2773838882645632	0.0156321387242057	-0.0003182740702611	0.0020587550288811	-0.2054112855841457	-0.0009783794391692	-0.0004077830314197	0.0020428309530567	-0.1352335471292108	-0.0031629084776072	-0.0004979453113025	0.0020226435542082	
-0.3100728476200591	-0.3447579735666106	-0.0001875881547401	-0.0020748282568605	-0.2213142633427720	-0.3625002867766218	-0.0001053221115893	-0.0020806560257579	-0.1352780476166822	-0.3645765701447993	-0.0000914942539087	-0.0020813132082815	
0.2616381305078622	0.3884897771169037	-0.0005599069923564	0.0020062932236188	0.3211143778842243	0.4114718100435022	-0.0006655693265224	0.0019735950871664	0.3847264873401719	0.4521892101156360	-0.0007230794127492	0.0019531555119028	
-0.3124419707383122	0.0104659928645620	0.0003202647843912	-0.0020584447422597	-0.2391694837632661	-0.0083703086877878	0.0004142185542920	-0.0020415292820942	-0.1680040838270674	-0.0124198710383448	0.0005111879182493	-0.0020193207995185	
-0.2557659227089017	0.0822719416989825	0.0003947017671529	-0.0020454115409068	-0.1874392480394965	0.0665830166601571	0.0005271995707796	-0.0020151791375184	-0.1207466948311177	0.0645112600732309	0.0006315120841455	-0.0019848107555248	
0.3731192468845115	0.1562629685983037	-0.0002958126962492	0.0020621189475518	0.4528143800525699	0.1791231510635483	-0.0004195032782883	0.0020404445011778	0.5392433309354085	0.2187412983298459	-0.0005419514238894	0.0020112424119178	
-0.3350231457583878	0.1572228755946422	0.0003204819726728	-0.0020584107698820	-0.2681221002121679	0.1354080940298986	0.0004176152425760	-0.0020408336983880	-0.2030627410753414	0.1300992311236682	0.0005076724256493	-0.0020202119242133	
0.2134605995261660	-0.4206100410186299	-0.0008098241760046	0.0019186399888752	0.3125158218249827	-0.4272354618559269	-0.0011400376629156	0.0017418626101133	0.4149534270273412	-0.4268341231758822	-0.0012486348775125	0.0016653478708197	
0.3379499910577324	0.3698313592097854	-0.0003052969607144	0.0020607292228350	0.4029828534090767	0.3989193067111589	-0.0004265852227636	0.0020389683208409	0.4740168273084924	0.4458941452590875	-0.0005599208846646	0.0020062893271566	
0.3315026098663626	0.4072989377765741	-0.0003634788160943	0.0020512190321975	0.3941843879672700	0.4365495298962908	-0.0004819425463368	0.0020265355573094	0.4624666626273921	0.4854360544640440	-0.0005044246273265	0.0020210293817322	
0.3084753462643625	0.3051868104740563	0.0003625653842251	-0.0020513814930590	0.3751783237443220	0.3291835096710171	0.0004750416875596	-0.0020281724382877	0.4470753610112306	0.3709102744664706	0.0005758313347554	-0.0020017582448126	
-0.2850850471554027	0.0666067418973083	-0.0003400418208401	0.0020552543572464	-0.2154115949423847	0.0488917828238016	-0.0004333790874189	0.0020375279343704	-0.1473275788160304	0.0458888962231515	-0.0005214929743016	0.0020166708658585	
-0.2494478400549126	0.0426885926531692	-0.0001618270432672	-0.0020770071454404	-0.1780693431114748	0.0259022001662826	-0.0001885746779113	-0.0020747383797313	-0.1085878318327690	0.0262668600137543	0.0003695417908651	-0.0020501299918295	
0.3408204813719680	0.1114593207836959	0.0003302889320175	-0.0020568521734568	0.4203202997249884	0.1311336035840378	0.0004530514106167	-0.0020332227217807	0.5062717257128271	0.1646549329295782	0.0005725095610387	-0.0020027155803470	
0.3284338704307961	0.1864729090976009	0.0003264145896213	-0.0020574736681482	0.4028831810300948	0.2082715426571060	0.0004420248706298	-0.0020356604924272	0.4834141372584051	0.2448627765147781	0.0005661010805398	-0.0020045455817422	
0.2962115747861256	0.1802192810845893	-0.0003391013310863	0.0020554105180678	0.3692933083683330	0.1990438385477643	-0.0004568773489212	0.0020323621421034	0.4473685243082706	0.2342446382189041	-0.0005718042352012	0.0020029180838133	
-0.2554463667052665	-0.0883187968264177	-0.0016637071175081	0.0012483987738531	-0.1808454006251509	-0.1031713663728045	-0.0014717457897489	0.0014708495477319	-0.1070950458118678	-0.1073438908133755	-0.0012221831962822	0.0016849534171167	
-0.2914230357912637	0.2999944853940151	0.0001097996492145	-0.0020804233847094	-0.2324223661999874	0.2791535810816579	0.0000392772187848	-0.0020829611985634	-0.1723951472321797	0.2749654170930644	-0.0007048845670430	-0.0019598285915531	
0.3416545175046477	0.1062169054329915	0.0003239093365712	-0.0020578715405572	0.4216708996332497	0.1249564665904834	0.0004435191667145	-0.0020353338180371	0.5078132639085977	0.1592895035590994	0.0005679349410952	-0.0020040241800029	
-0.0639289098815574	-0.3520369160994799	-0.0001330079897382	0.0020790618283849	0.0228427794838110	-0.3645855749285448	-0.0002289518306867	0.0020706512054619	0.1088830234844652	-0.3635637518023069	-0.0001981742898579	0.0020738389807106	
0.2797354717632106	0.2833682417057312	-0.0003833385050299	0.0020475824056346	0.3460367888134592	0.3052140185338781	-0.0005225306796303	0.0020164008948068	0.4172588878820733	0.3425848253905229	-0.0006456626788218	0.0019802299048288	
0.2681021145531267	0.3531238144315258	-0.0001945450679821	0.0020741843020415	0.3301549218679084	0.3749966736758894	-0.0003203354265938	0.0020584336950645	0.3969103112961063	0.4156233584610857	-0.0004270445533212	0.0020388716860582	
-0.3083117463171257	-0.3312990505581397	-0.0003511321541087	-0.0020533793484386	-0.2201035620664821	-0.3489805008457533	-0.0002608659666012	-0.0020668541420877	-0.1341633950137353	-0.3510266107727356	-0.0002417013454465	-0.0020691944748049	
-0.2429164345613918	-0.0114289316530173	0.0003829542062880	-0.0020476546748552	-0.1703214925112617	-0.0260280668333389	0.0004594329566486	-0.0020317830651113	-0.0995502925374238	-0.0270529329925555	0.0004826079879897	-0.0020263763963453	
-0.0623791602648018	-0.3187494688348887	0.0000331588116562	0.0020830681137643	0.0227903352129697	-0.3302116249598530	-0.0000962594809237	0.0020810971872452	0.1073893760740336	-0.3280772950874095	-0.0002329845460618	0.0020701990799967	
-0.4433983330007418	-0.4634681808260842	-0.0002751244197496	0.0020649952520816	-0.3435199750321230	-0.4821704126581405	-0.0003390478783553	0.0020554193801223	-0.2501216389868986	-0.4853168523104390	-0.0004313584466833	0.0020379588206750	
