-0.6278963327717227	-0.3894293643193793	-0.0005986771878103	-0.0019950110502469	-0.5587046745201405	-0.3543179063770859	-0.0005595447364131	-0.0020063947910009	-0.5288504151426957	-0.3177249500952391	-0.0005404699890924	-0.0020116430110606	
-0.1176522853743510	-0.3447655011691189	0.0004009716590458	-0.0020441855615865	-0.0650925834546585	-0.3250070473895324	0.0001263879870994	-0.0020794768296476	-0.0412000705547916	-0.2947832896591600	0.0000874781117312	-0.0020814867397651	
-0.2976943549820543	0.0385418415481655	0.0000097143327585	0.0020833105714429	-0.2376306000721052	0.0593738981834743	0.0000326440486165	0.0020830762849780	-0.2128116583345349	0.0885410599167302	0.0000265044318026	0.0020831638860295	
0.4315934108496049	0.2656401793357785	0.0000510232726602	-0.0020827053008724	0.5119347679989292	0.2895729740829592	0.0000381891798780	-0.0020829815321158	0.5559385921412419	0.3250004818264458	-0.0000009831744932	-0.0020833331001802	
-0.6149005608185307	-0.2448373779059926	-0.0004805681182570	-0.0020268635596657	-0.5443708454020914	-0.2146077357884441	-0.0004906670307576	-0.0020244303809508	-0.5145912762743682	-0.1811858281568525	-0.0005083686889685	-0.0020200359514109	
-0.2998087888187407	-0.3530187326516274	-0.0000972790328712	0.0020810495410598	-0.2435187357948770	-0.3271600017398396	-0.0000667445792872	0.0020822585422748	-0.2181558225512437	-0.2958235048165328	-0.0000699110789738	0.0020821541130455	
-0.1864212507167601	-0.0354490668575856	-0.0001042417483269	0.0020807107045571	-0.1292345143154077	-0.0156449548550203	-0.0000752489839663	0.0020819671036671	-0.1044801420001382	0.0135634214560768	-0.0000689595325452	0.0020821860036610	
-0.2995056922384938	0.2114530899772480	-0.0000305244837243	0.0020831085831342	-0.2378640357763380	0.2312518089973003	-0.0000150939838996	0.0020832783800688	-0.2132288479235036	0.2635371017648359	-0.0000133754664246	0.0020832901811899	
-0.2605769357067563	-0.0854073636715514	0.0000141599512873	0.0020832849708533	-0.2026262747811801	-0.0645835733998514	0.0000298632056128	0.0020831182160644	-0.1778082257571915	-0.0354204887649431	0.0000347489323549	0.0020830420649832	
0.0104414555515056	-0.0903054898533881	-0.0019228989608035	0.0007900800925372	0.0645908140500229	-0.0735297519331452	-0.0001690739004846	0.0020764269034501	0.0912119269397380	-0.0463439551316175	-0.0000497058376264	0.0020827373186964	
0.1134203769533713	-0.1329223182161159	0.0018517132858420	-0.0009456585240383	0.1682874120088623	-0.1212240066312535	0.0020667705863013	-0.0002176068035851	0.1964494359815032	-0.0954990265313552	0.0020366413763599	-0.0004142513934455	
-0.1835439085017583	-0.1666415511220560	-0.0000429684585755	0.0020828879581879	-0.1278246490727271	-0.1468762118132695	-0.0000345605122162	0.0020830452153429	-0.1034204251969129	-0.1176780566469747	-0.0000305355833514	0.0020831084196437	
-0.0356045638557223	-0.1385321643437140	-0.0000724927255122	-0.0020820653865103	0.0203663391919037	-0.1208214007881998	-0.0001441169436168	-0.0020783176143368	0.0455137831985271	-0.0937395096969724	-0.0001838686823410	-0.0020751628455791	
-0.2606769178137243	-0.2729114079031886	0.0000008656182696	0.0020833331526022	-0.2046429363758233	-0.2499982770570464	0.0000306649694629	0.0020831065094821	-0.1797925529244599	-0.2197928129960758	0.0000296093803073	0.0020831218575300	
-0.1268851622687971	-0.3789073915298262	-0.0018532733149639	-0.0009425822094296	-0.0735411908927096	-0.3619369300057736	-0.0018175725458849	-0.0010100343167998	-0.0486215230377103	-0.3316014597029412	-0.0016855903943552	-0.0012185396865732	
0.4369471198715908	0.0249147975231511	0.0004766466395383	-0.0020277939685159	0.5107500045867788	0.0394996119169083	0.0004183111622114	-0.0020406904553493	0.5492519337582298	0.0655594061301695	0.0004121471006444	-0.0020419505766271	
0.1946850210721531	0.0124969346797044	0.0000042079989016	-0.0020833290623125	0.2577390549375930	0.0281237097242062	-0.0000275932780192	-0.0020831496770713	0.2882350571978274	0.0562349704905677	-0.0000546615515275	-0.0020826125262425	
-0.1460345385789512	0.4045963309924030	0.0008363174909087	-0.0019071836109907	-0.0857499306455372	0.4285284510508909	0.0006087983372650	-0.0019919304377343	-0.0591879871540106	0.4646133171546240	0.0005455073834427	-0.0020102760310455	
-0.1867966307131957	-0.0281099436332112	-0.0001053013993581	0.0020806570793490	-0.1295115872115877	-0.0083149112260432	-0.0000721496318029	0.0020820773636027	-0.1047538555718128	0.0208419290308559	-0.0000682933585278	0.0020822080697891	
0.2874817152579208	-0.3293935070723049	-0.0011295226343252	0.0017487336319559	0.3454520601491167	-0.3216186829328823	-0.0003154782492748	0.0020591874604666	0.3729622834332027	-0.2979474258820666	-0.0001666773958642	0.0020766216176956	
0.5077286064743520	0.1000363252541644	-0.0001860238447759	0.0020749697988930	0.5890499203004216	0.1166794178230992	-0.0001250068661571	0.0020795607300441	0.6324335362422433	0.1458852968857433	-0.0000779636672437	0.0020818667139639	
-0.5934108505445715	-0.4080837811825581	-0.0019539041383628	-0.0007095236628000	-0.5256961561673074	-0.3741718816824123	-0.0019983770899069	-0.0005716417321207	-0.4926419812056612	-0.3369932482075800	-0.0020532156409889	-0.0003216807251668	
0.1469944070225984	-0.1625566972654893	-0.0004290609242260	-0.0020384461935782	0.2051502600522148	-0.1478819203968947	0.0009057774692916	-0.0018750300429798	0.2321714364622545	-0.1218224347485772	0.0011702444441469	-0.0017216125578148	
0.5270218389849450	-0.1581510876555167	0.0013956558462417	-0.0015435903233462	0.6008646047917297	-0.1528843917406217	0.0013591006818695	-0.0015760316609401	0.6396043800985654	-0.1316443005838017	0.0013718573878581	-0.0015648844555556	
0.5210513276347506	-0.2823445040378477	0.0002273176320852	0.0020708321473344	0.5958560937340691	-0.2801959521594328	-0.0000317808164819	0.0020830897006772	0.6310837763855408	-0.2604127121953267	-0.0000047131019607	0.0020833279754379	
0.5049591877633512	-0.0656238916867314	0.0000508586618658	0.0020827093472463	0.5834744662781677	-0.0562092855137233	0.0001108822506121	0.0020803656777275	0.6232249723315713	-0.0312259853398536	0.0001597616431696	0.0020771678354704	
0.2910325175969527	-0.0812649579530318	0.0004780387652687	0.0020274645947873	0.3570275492766946	-0.0697171436532556	0.0004321984142335	0.0020377799595869	0.3886439478023678	-0.0437557207644694	0.0004159495830562	0.0020411755364292	
-0.1487422824593235	0.4123734802775165	0.0006378491519552	-0.0019827731682173	-0.0879318106521212	0.4357568670525230	0.0007215573794417	-0.0019537211281706	-0.0612962335884090	0.4729236034112721	0.0005971207278686	-0.0019954797969040	
-0.2337875008460067	0.4146046216389161	0.0019346391088565	-0.0007607310702049	-0.1756360860779040	0.4330251671138195	0.0020708107152212	0.0001747932287161	-0.1496936559665399	0.4693303521458279	0.0020780371217553	0.0000205260322163	
-0.6412122832886048	-0.4079682565985508	-0.0018593437815873	-0.0009304896968340	-0.5715056475231760	-0.3728543827393062	-0.0018556448460109	-0.0009378813213393	-0.5394020695614750	-0.3350380470744315	-0.0017697194249395	-0.0010921043110146	
0.1472190719174576	-0.1604063503941333	0.0000668351318090	-0.0020822556231984	0.2036034041017659	-0.1458459609097679	0.0016238605959850	-0.0013000590162138	0.2315399559904496	-0.1208627437267295	0.0014959877903839	-0.0014460616944251	
0.4235756233354158	-0.4313001711953365	-0.0003756455654156	0.0020490148259767	0.4850666603523903	-0.4313239970579215	-0.0017514209906793	0.0011213588819066	0.5143957528566523	-0.4114417014386751	-0.0017830738677349	0.0010700508057738	
0.4129216150152215	0.2000001860920958	-0.0000841770054320	-0.0020816235337849	0.4885508903523579	0.2208300763677385	-0.0001129750262894	-0.0020802525146383	0.5290249268834366	0.2531196659068675	-0.0001281860707782	-0.0020793662130550	
-0.0134586533787858	-0.2457968181216870	-0.0008427954463956	0.0019043155340146	0.0398542672664631	-0.2289976365447876	-0.0005118323696283	0.0020191567309097	0.0646781060330942	-0.2019726401887909	-0.0005053189374339	0.0020208048439138	
0.1744601369871059	-0.1512279223902422	-0.0018799024909167	0.0008880045877345	0.2308149128867147	-0.1413596457551112	-0.0019910302635642	0.0005968504699988	0.2585597956258844	-0.1159932791201803	-0.0019897868347565	0.0006010034329733	
-0.2663684547464352	0.2968735746481102	-0.0000134519667275	0.0020832896861601	-0.2045117049791157	0.3177064293613880	-0.0000066310392197	0.0020833227275121	-0.1797145555542251	0.3510412579972010	-0.0000093590632645	0.0020833122058887	
-0.4696325291338216	-0.3971966014042133	-0.0020672478516816	-0.0002130019240142	-0.4083761362817216	-0.3682386237682601	-0.0020737789360852	-0.0001348667051353	-0.3792539306892216	-0.3335559048731253	-0.0020754701915184	-0.0001055294127898	
-0.6608405928831852	-0.1108095819757887	0.0020781338363835	0.0000041645101464	-0.5891548430708931	-0.0853570695236862	0.0020780932202267	0.0000136747292291	-0.5579648345079262	-0.0534500269968763	0.0020781379770855	-0.0000002170365013	
0.2902243649381944	-0.1229772383889935	0.0000904328412420	0.0020813598289089	0.3545820633522798	-0.1115030703071951	0.0001410197704861	0.0020785311267673	0.3853736116576503	-0.0864367762228874	0.0001724726268850	0.0020761459608613	
0.2884267596489436	-0.2395474818000269	0.0001055315093204	0.0020806453624334	0.3505500819995562	-0.2302161662774874	0.0000355123102789	0.0020830291260790	0.3794262595475713	-0.2062551835183062	0.0000654891219792	0.0020822986053277	
-0.6099026011309896	-0.2125046145892042	-0.0000595510710379	-0.0020824777775288	-0.5393833217097748	-0.1833174204358759	-0.0000802836896119	-0.0020817780956004	-0.5097114084665262	-0.1500653717761989	-0.0000618578240815	-0.0020824101977062	
-0.3418443494822703	-0.3876666778469883	-0.0020190022868458	0.0004934574095135	-0.2867585993975045	-0.3627225332845166	-0.0019789737983786	0.0006358728800063	-0.2597612330645648	-0.3303267479976773	-0.0019927675475827	0.0005909947944523	
-0.2609285083306654	-0.0468877918146597	-0.0000904749785074	0.0020813579884951	-0.2027490825326785	-0.0260542174983446	-0.0000857618836510	0.0020815585160205	-0.1779715770402341	0.0030979301958124	-0.0000846599198270	0.0020816038514681	
-0.0322292342133317	-0.3052251078009287	0.0002265036779511	-0.0020709217806142	0.0211586447515387	-0.2892793110936258	0.0001167301206055	-0.0020800441442320	0.0449386228446579	-0.2612537999729317	0.0000941468920364	-0.0020811943126276	
-0.0685068676500781	-0.2417775439563726	-0.0007337052270244	-0.0019491689091233	-0.0124905269583443	-0.2249712504615215	-0.0008218146350728	-0.0019135091757724	0.0126274804295244	-0.1970934748130534	-0.0008626383952702	-0.0018953647144738	
-0.0872859646634899	-0.1802744645339474	0.0020535746260984	-0.0003193694283944	-0.0333290631928570	-0.1649492913721857	0.0019598026546807	-0.0006929813814907	-0.0072913930194137	-0.1376160942733713	0.0019930244210707	-0.0005901236117663	
0.3548283406949369	-0.3872731689901618	0.0005812921358419	-0.0020001713966487	0.4159412236705111	-0.3821569314283732	0.0004606623547676	-0.0020315032850923	0.4439069854959059	-0.3603262174411587	0.0004218679228856	-0.0020399544745822	
0.4129656642848369	0.1989578472845199	-0.0000668161804981	-0.0020822562344459	0.4884587236782190	0.2197899954474917	-0.0001061077180869	-0.0020806159100933	0.5289629460282081	0.2520804632040259	-0.0001247117773663	-0.0020795785361511	
-0.1282562760364074	-0.1146535842428484	-0.0000014484312080	-0.0020833328273039	-0.0724558306153436	-0.0957990990241768	0.0000801682259274	-0.0020817825675221	-0.0478338522936680	-0.0677122201731300	0.0000631632186095	-0.0020823708153681	
-0.2611396336060308	-0.2073031019771687	-0.0000160071668716	0.0020832715295031	-0.2044457027142123	-0.1854114395489111	0.0000087590435648	0.0020833148280685	-0.1795941778231222	-0.1552050266105163	0.0000102345450264	0.0020833080683091	
-0.6124476738780034	-0.1261722269418150	0.0004996148419274	-0.0020222297476940	-0.5419599922147059	-0.0987851378468710	0.0006693639286599	-0.0019723049125684	-0.5131644631246770	-0.0666090741692123	0.0007320703174061	-0.0019497866149554	
0.1912514381944991	0.2604158946132855	0.0000212625063618	-0.0020832242846858	0.2583861217383461	0.2823019776678077	-0.0000046602212265	-0.0020833280949941	0.2922667430269238	0.3166541034940309	-0.0000341236808364	-0.0020830524531990	
-0.2996932505536058	-0.2802217135185832	-0.0000122520211880	0.0020832971257735	-0.2426250785148214	-0.2562373797714286	0.0000155343643666	0.0020832751266242	-0.2173067728387953	-0.2250036445001649	0.0000089799943596	0.0020833138826815	
-0.2667343534767577	0.2635341144896664	-0.0000011427824305	0.0020833330183358	-0.2051932276792028	0.2844006623638392	0.0000424490695754	0.0020828986613348	-0.1803369253539899	0.3166438076131869	0.0000455237138007	0.0020828334053074	
0.3543418056748344	-0.3854079713236725	0.0005364481518759	-0.0020127246399904	0.4154900448941787	-0.3802708916119372	0.0004798250333379	-0.0020270404820567	0.4435433909900042	-0.3583925761026668	0.0004335770145795	-0.0020374856147067	
0.1946712773718278	0.0229133540971719	0.0000021357909529	-0.0020833322330676	0.2578869734521527	0.0385371793591727	-0.0000289203050142	-0.0020831315864794	0.2885182645208761	0.0666787416846367	-0.0000578586942808	-0.0020825257237808	
-0.0707214796003346	-0.1814038694391049	0.0015831330431056	-0.0013496000629835	-0.0177696058192079	-0.1660210692071107	0.0020339250132117	-0.0004274537498893	0.0082977473898600	-0.1385898424402934	0.0020117485824017	-0.0005223834440442	
0.1173071795799249	-0.1365731176136101	0.0012072518198206	-0.0016957371339419	0.1725455488479144	-0.1227998521445897	0.0016824691152399	-0.0012228672252266	0.2003043177475151	-0.0972646108281925	0.0015686955506517	-0.0013664379380178	
0.2889772559870677	-0.1010344121095868	-0.0003019768913030	0.0020612208068872	0.3529009884050662	-0.0885450418147246	-0.0000256950418541	0.0020831740775316	0.3839745654836861	-0.0635380479901560	0.0000305332186601	0.0020831084544790	
-0.2978844240676087	-0.0031137446591104	-0.0000684921505805	0.0020822015075139	-0.2383717781574587	0.0177009803003069	-0.0000293526456508	0.0020831255091082	-0.2134059426590549	0.0479100731869949	-0.0000270505116524	0.0020831568314395	
-0.2978721925432954	-0.0041545805985022	-0.0000728619853161	0.0020820524324206	-0.2383225569948917	0.0166595998516864	-0.0000348763758938	0.0020830399244307	-0.2134226241216362	0.0468672747796030	-0.0000330930037018	0.0020830691655115	
-0.1889033216865507	0.0479143996450557	-0.0000234582019100	0.0020832005989980	-0.1306511686506800	0.0676940725707363	0.0000382950038226	0.0020829795795345	-0.1057387418060752	0.0968614684158957	0.0000475835528776	0.0020827871346226	
-0.2991468601171967	0.1718799322979915	-0.0000539453542547	0.0020826312942616	-0.2378532541681732	0.1916698450895275	-0.0000253111505351	0.0020831788008139	-0.2131439928216997	0.2229118413738240	-0.0000293594288701	0.0020831254130384	
-0.2605160668389449	-0.2968546876007733	-0.0000178456795320	0.0020832565168908	-0.2047718698381360	-0.2739626239822096	-0.0000002183301688	0.0020833333218357	-0.1799822729994578	-0.2427215769658725	0.0000035838274574	0.0020833302353826	
-0.0151999675416901	-0.1698088266413355	0.0001260713364834	0.0020794961473031	0.0403513391870346	-0.1531203927138046	-0.0000477076532256	0.0020827842815029	0.0653195200786657	-0.1249996394531053	-0.0001166260129790	0.0020800500132761	
0.4325871093611222	-0.1458251528852522	0.0000513444365478	-0.0020826973685298	0.5039227106896493	-0.1374998440430510	-0.0000345679020823	-0.0020830450921081	0.5389093778960743	-0.1145761735366261	-0.0000572032867865	-0.0020825439203597	
-0.2606852060084340	-0.1156154178569485	-0.0000014234857972	0.0020833328445838	-0.2031579946009914	-0.0947615859355254	0.0000226529369180	0.0020832095557677	-0.1782921628016479	-0.0645586061647987	0.0000245840406254	0.0020831875520634	
0.5067502953204548	-0.0353667587709635	0.0001404318510295	0.0020785711304195	0.5862575184548433	-0.0250374979261129	0.0001628151635468	0.0020769295343679	0.6268580077001309	-0.0000563430808235	0.0002158623933978	0.0020720636888864	
0.1547991203770194	0.3809958251435898	0.0020678003393808	-0.0002075423312907	0.2181943460051351	0.4029880088318757	0.0020711556029361	-0.0001706370651754	0.2524702151879359	0.4413352734628880	0.0020720886150875	-0.0001588457055245	
-0.2609998926262183	-0.2166766232226564	-0.0000375816455685	0.0020829926372809	-0.2044177952156636	-0.1947818529773674	-0.0000152667675044	0.0020832771147306	-0.1795990397883858	-0.1645779621725604	-0.0000128872917379	0.0020832932736511	
0.2199060812407048	-0.0770372839366999	-0.0005910766802196	0.0019972874340205	0.2814504502409522	-0.0635672196333295	0.0003199579449809	0.0020584926975719	0.3110175057033402	-0.0374288907975134	0.0003919082095588	0.0020459513222177	
-0.1277376221309554	-0.3793423248891338	-0.0019086090262520	-0.0008241678549810	-0.0747799146035535	-0.3625892534963782	-0.0019097561315668	-0.0008214929448920	-0.0498382088709404	-0.3323697695048493	-0.0018144190913467	-0.0010157164859399	
-0.1844106108222480	-0.1333448092975186	0.0000033341298420	0.0020833306520340	-0.1282255554374644	-0.1135456152233311	0.0000388985484105	0.0020829683400780	-0.1036592014459206	-0.0843711346554866	0.0000348693909076	0.0020830400419541	
-0.2641715169729154	0.0583231646569554	-0.0000100270933427	0.0020833090821660	-0.2047666720226196	0.0781230236587043	0.0000134869115181	0.0020832894590946	-0.1799430129605445	0.1083289185440612	0.0000196302206517	0.0020832403853321	
-0.0934328483657593	-0.0547303142931624	-0.0020598306416526	0.0002759247650833	-0.0394586835505712	-0.0394213482620027	-0.0020605952511734	0.0002701262424195	-0.0125308580440833	-0.0118144547555994	-0.0020572303298923	0.0002947773959597	
0.3601626863579510	-0.3991976659475114	0.0011242142807240	-0.0017521680401543	0.4196324577485293	-0.3948676428996122	0.0007946128624893	-0.0019250213459150	0.4474993746342983	-0.3730828679949749	0.0007680164363928	-0.0019358397656876	
-0.2604878820520178	-0.3020621739777530	-0.0000121295741863	0.0020832978458817	-0.2047742372067709	-0.2791711944980642	0.0000063849275425	0.0020833235001763	-0.1799814879337594	-0.2479305157900684	0.0000053410532170	0.0020833264526031	
0.1355342713750507	-0.2585979861223911	0.0009062214263037	0.0018748144402008	0.1935566089049597	-0.2459588578129047	0.0001702483067849	0.0020763304621933	0.2197583659398724	-0.2199941800434836	0.0000999249852732	0.0020809235420063	
0.5009126296030548	-0.1154781660039716	0.0011309465916704	-0.0017478084533494	0.5737645537518277	-0.1078408291235491	0.0016142359232762	-0.0013120499562582	0.6129929776339287	-0.0855135246327514	0.0011844934403618	-0.0017117912183038	
0.5063198656990266	0.0572143697019784	0.0000851791788450	0.0020815825620089	0.5872274425703132	0.0718263174323642	0.0003055164187743	0.0020606965353612	0.6295972464718971	0.0989852871314012	0.0003631117422197	0.0020512843697766	
0.4324390633451560	-0.1406210589183013	0.0000192152844761	-0.0020832442732855	0.5040270168480687	-0.1322922581836941	-0.0000571802215566	-0.0020825445569584	0.5390931074084755	-0.1083292052691090	-0.0000876678791365	-0.0020814787158232	
-0.1829884481949218	-0.1958392899092183	-0.0000453599963100	0.0020828369950639	-0.1276092119952736	-0.1749901900676309	-0.0000344942099390	0.0020830463198329	-0.1032210421522646	-0.1468927005017940	-0.0000333637490723	0.0020830648250522	
-0.1210289051495657	-0.2500786630393875	0.0001741601375984	-0.0020760043776226	-0.0672175142238490	-0.2301651080087619	0.0002252980835609	-0.0020710539437552	-0.0429303845404905	-0.2021292735008141	0.0002075550293851	-0.0020729165499024	
0.5050420398531441	-0.0625030179805361	0.0000622033896278	0.0020823998524792	0.5836532739564055	-0.0530951522072191	0.0001243018161643	0.0020796032037387	0.6234686099925093	-0.0281284058471475	0.0001764801302939	0.0020758074623022	
-0.2183183715251691	-0.3354354922571959	-0.0000301793716019	0.0020831136367569	-0.1640404233361658	-0.3124832069716727	0.0000094492554700	0.0020833117967190	-0.1396278605906350	-0.2823404855989489	0.0000088833828890	0.0020833142989526	
0.5090854521565631	0.1593845056455610	0.0001276282169430	0.0020794006995774	0.5923408665963765	0.1781120863338475	0.0002947566368091	0.0020622709212058	0.6371159492344991	0.2093408621317292	0.0003233673017206	0.0020579572105261	
-0.0183878496706646	-0.1062476542192525	-0.0001814793957496	0.0020753742137259	0.0378644390392839	-0.0896222023547394	0.0000166118571576	0.0020832667718000	0.0635257558039904	-0.0614730718538333	0.0000955839254945	0.0020811284805194	
0.5083647008329810	0.1280899907618550	0.0002532976765248	0.0020678000061133	0.5910761247902112	0.1448165452396890	0.0002968395802100	0.0020619706404325	0.6354593005669880	0.1750835535614866	0.0003523274420195	0.0020531735685042	
-0.0366120695043904	-0.0895507698484485	-0.0002341838745110	-0.0020700630757294	0.0202027006537835	-0.0719101376634764	-0.0001392884001795	-0.0020786484531549	0.0458127179291284	-0.0448003359995999	-0.0001697131700547	-0.0020763744905174	
-0.1193111661232810	-0.3114374651534692	0.0000198860160277	-0.0020832379471401	-0.0657596268536579	-0.2917110395755340	0.0000124006893509	-0.0020832962417368	-0.0418455571490529	-0.2625395406768866	-0.0000045623241608	-0.0020833283127659	
-0.3210722162663015	-0.3865642882268237	-0.0020310202447448	-0.0004411162494417	-0.2659839184996923	-0.3632258651671182	-0.0020474054780488	-0.0003569636411367	-0.2390168140561637	-0.3305927977415621	-0.0020537475921408	-0.0003182496629183	
-0.2660755252547863	0.2354143085414573	-0.0000503116928754	0.0020827226985812	-0.2049171346034563	0.2552046832096510	-0.0000367898167561	0.0020830068437834	-0.1800810772338905	0.2874947919510654	-0.0000381513548067	0.0020829822287235	
0.4280908815687350	-0.4364609399697064	-0.0019474035390176	0.0007272631084432	0.4883998451072973	-0.4354141428858549	-0.0001465819113170	0.0020781443538599	0.5169574599286728	-0.4156488023576027	-0.0001520345880507	0.0020777505973452	
0.4950534660019965	-0.2172673249751264	-0.0014011684859660	0.0015385629709655	0.5647736822325531	-0.2139121172334827	-0.0016598048013849	0.0012536083203035	0.6009028666062981	-0.1934746998715046	-0.0015199855105465	0.0014206884267919	
0.4324399918361201	-0.1374962300218696	0.0000055869448232	-0.0020833258044676	0.5040836570692711	-0.1291670767729358	-0.0000478603850936	-0.0020827807599260	0.5391870555203575	-0.1052066636759841	-0.0000758145999065	-0.0020819464808268	
-0.2975199241086061	-0.0135503713427969	-0.0000517262331175	0.0020826878738416	-0.2381278329081116	0.0072882818365080	-0.0000417799282851	0.0020829122585093	-0.2131782437252577	0.0374965263130852	-0.0000448113222101	0.0020828489312373	
0.4311488049214875	-0.1062515543631828	0.0000187290551598	-0.0020832487235543	0.5035628851884431	-0.0968624717683971	-0.0001078850979964	-0.0020805240480925	0.5393027745103391	-0.0729182548587050	-0.0001724511482946	-0.0020761477539823	
0.1362746497752360	-0.1496866547686433	0.0019066002779278	-0.0008288273736766	0.1911889119416124	-0.1385411283360872	0.0019833439000141	-0.0006220385049131	0.2193546290311090	-0.1132638797370075	0.0019833222603133	-0.0006221078433739	
-0.2986445636283382	-0.1083422001552127	0.0000557644538795	0.0020825831401541	-0.2398893753894141	-0.0864583736341603	0.0000732075089258	0.0020820402513453	-0.2148378237221454	-0.0572905990474107	0.0000672983854109	0.0020822406276482	
-0.3004555179267943	-0.2072945716150280	-0.0000130902457552	0.0020832920019527	-0.2425957937280072	-0.1843819422451681	0.0000029558057213	0.0020833312260060	-0.2173787799143639	-0.1541696936095814	0.0000040911178190	0.0020833292962808	
-0.1236092984082074	-0.1916659411164930	0.0000949494219849	-0.0020811576710410	-0.0686651498206523	-0.1729175366171676	0.0001255242256475	-0.0020795294098474	-0.0444286311866708	-0.1437433135879269	0.0001492088720579	-0.0020779564563999	
0.1939340852337729	0.0957955149763324	0.0001227675803850	-0.0020796947962119	0.2580806315761530	0.1135796271005359	0.0001115116124509	-0.0020803318692339	0.2896724694310802	0.1426892301605563	0.0000886223146287	-0.0020814380952763	
0.1969522476979113	-0.1020907766828947	0.0001628654840705	-0.0020769255692645	0.2579018166932795	-0.0885407903824005	-0.0000174131097767	-0.0020832601958010	0.2868450628197216	-0.0625011781654115	-0.0000730670639144	-0.0020820452095481	
-0.0873979509932182	-0.3929291256550465	-0.0019224233443110	0.0007912424453068	-0.0376982921816645	-0.3765318440242071	-0.0019510638728162	0.0007173356949339	-0.0135934157109942	-0.3480629937746428	-0.0019329507716011	0.0007650321869375	
0.1979261952333446	-0.0843640219316874	-0.0003017720049993	-0.0020612509633465	0.2598742348274120	-0.0708395186646003	-0.0002423234246541	-0.0020691213510635	0.2890838513187666	-0.0448097736206866	-0.0002399354765094	-0.0020694010099348	
0.0438463147167663	-0.1417296635383807	0.0003282973683436	0.0020571725854401	0.1015452571466575	-0.1269057945513117	0.0006397450401461	0.0019821592102663	0.1279217663911777	-0.1000794588838819	0.0006881126868579	0.0019658098212301	
-0.2661473810328159	0.2385377464500482	-0.0000572182168738	0.0020825435081534	-0.2050045573481333	0.2593714750129716	-0.0000456426023076	0.0020828307903851	-0.1801666279561676	0.2906197083740828	-0.0000455541518370	0.0020828327364804	
0.2901347244387216	-0.1260794247540684	0.0000399254336467	0.0020829488129481	0.3543400513776016	-0.1145869621460160	0.0001594562334367	0.0020771914204112	0.3850767525669962	-0.0894900252953181	0.0002154563658953	0.0020721061591557	
-0.1793750001641347	-0.3458078473588865	-0.0000156809427655	0.0020832740229780	-0.1256448692199673	-0.3239545992415699	-0.0000073364174294	0.0020833203510996	-0.1016274782571123	-0.2937411629683604	-0.0000028530018814	0.0020833313700439	
-0.2606842064122519	-0.1197819418761761	0.0000013814227260	0.0020833328730415	-0.2031960246243202	-0.0989264949751305	0.0000179723766308	0.0020832554222672	-0.1783369411528062	-0.0687245040437308	0.0000198258845249	0.0020832385231402	
-0.2663806134412327	0.2916659263761948	0.0000053221321412	0.0020833265012678	-0.2045289052009743	0.3124992611772656	0.0000112791191159	0.0020833026478076	-0.1797152076044359	0.3458331595730345	0.0000077264857642	0.0020833189338960	
-0.1121811734118489	-0.0535282817385974	-0.0020772527277302	-0.0000608031234621	-0.0571599738102689	-0.0384521041408228	-0.0020771094135159	-0.0000655391454459	-0.0301218201878080	-0.0105926276520494	-0.0020780560290563	-0.0000185025430898	
-0.5091732784937958	-0.4005639452709591	-0.0020710231509646	-0.0001722451577891	-0.4467913394642316	-0.3701032961842655	-0.0020757199009831	-0.0001004722651883	-0.4156232437688188	-0.3348321047582085	-0.0020769224706417	-0.0000712448870631	
0.3660871902534564	-0.4070843410219958	0.0013323753072349	-0.0015988016148047	0.4249434771038114	-0.4041891191174025	0.0012304706157125	-0.0016788806059703	0.4526684226638795	-0.3825195454287884	0.0012075364917090	-0.0016955334156756	
0.4326358912224353	0.0668989742519576	0.0007783098578322	-0.0019317036330053	0.5072547876657509	0.0834365796511473	0.0005727976224083	-0.0020026327984314	0.5472520511891479	0.1112812626489396	0.0005039515940533	-0.0020211479770883	
-0.0354591867805072	-0.1801882885815809	-0.0001777648776054	-0.0020756972868911	0.0201402841219915	-0.1635873960755092	-0.0002008672134436	-0.0020735785854366	0.0452293428505459	-0.1353772673200651	-0.0001947045917885	-0.0020741692586159	
0.1917281314627679	0.1374953446137949	0.0000247038875316	-0.0020831861271845	0.2567555594577575	0.1562483690179664	-0.0000176367203893	-0.0020832583053136	0.2889190729752088	0.1864566465138238	-0.0000481382112063	-0.0020827743251442	
0.1946653595694016	0.0291641031980523	0.0000024020699314	-0.0020833319416147	0.2579973682379738	0.0458271905947774	-0.0000298798944115	-0.0020831179755518	0.2886945379234496	0.0729222155634623	-0.0000575456547951	-0.0020825344408156	
-0.2641840566315692	0.0624917789661610	-0.0000025350045608	0.0020833317833121	-0.2047313905995840	0.0822911250691740	0.0000202389486083	0.0020832345312282	-0.1798965013520131	0.1124985851964845	0.0000274955953385	0.0020831509751458	
0.5221969040256080	-0.1524773706738705	0.0013431606510293	-0.0015897061253982	0.5957084205640264	-0.1465930383269947	0.0012919072529734	-0.0016318388015790	0.6344723970776429	-0.1253462183148159	0.0012987367799008	-0.0016263813901452	
-0.2663916823790759	0.2864628504971962	0.0000240521224401	0.0020831937924843	-0.2045740865447438	0.3072906934472222	0.0000323055614838	0.0020830815883459	-0.1797718071448959	0.3395834402277941	0.0000302210734257	0.0020831130291523	
0.5069308417409022	-0.0072670868361094	-0.0000095464679588	0.0020833113513065	0.5869949971351494	0.0052303278378502	0.0001141824084550	0.0020801862622804	0.6282963886628128	0.0303076849278007	0.0001394562949416	0.0020786371395069	
0.5071290504535382	0.1145751959449314	0.0000522833277074	0.0020826738934853	0.5891727302033087	0.1312467711187329	0.0001901690744611	0.0020745921173776	0.6330747609370098	0.1614072047963774	0.0002636923395767	0.0020664936547184	
-0.2982906868537247	0.1499988989840105	-0.0000829454210862	0.0020816732193561	-0.2373481202222004	0.1708297813239146	-0.0000627091513628	0.0020823846074506	-0.2125202249841520	0.2010455862277646	-0.0000663771744485	0.0020822703453938	
-0.2656859569180672	0.2166721021892657	-0.0000318781979080	0.0020830882052441	-0.2046856707481487	0.2364585660663344	-0.0000173262850230	0.0020832609233478	-0.1798644300167929	0.2687476729332102	-0.0000180777014338	0.0020832545063985	
0.4788830118194070	-0.1957930732061328	0.0001707102942527	0.0020762923399786	0.5531512560625205	-0.1907648358918480	0.0004340746317233	0.0020373791277798	0.5889599068677034	-0.1686741828829638	0.0005043198344458	0.0020210556648122	
-0.3429051691779877	-0.3873704840001242	-0.0019999165097456	0.0005662052663852	-0.2878429532169097	-0.3623565243046298	-0.0019775790643519	0.0006402189349104	-0.2608223749758519	-0.3300246688909766	-0.0019793611630450	0.0006346600068121	
0.4961375612757597	-0.2687056113171674	0.0003174831991437	-0.0020588777496875	0.5686682914993610	-0.2645199558141405	0.0005501855148271	-0.0020089943416167	0.6038883760909883	-0.2447563364156510	0.0005041159630454	-0.0020211067811298	
-0.1817361919648177	-0.3809921029839803	-0.0020710710842404	-0.0001716649535429	-0.1297718905367152	-0.3622459158561638	-0.0020775650387860	-0.0000489175654753	-0.1047743037147593	-0.3319131605086075	-0.0020781323998053	0.0000048315460569	
-0.0137874321828447	-0.2449841764040558	-0.0007543130486280	0.0019412473066033	0.0396356469903347	-0.2280638449816855	-0.0004642642838679	0.0020306790486787	0.0644620328491001	-0.2010264423344482	-0.0004560562203578	0.0020325474816962	
-0.2978179095415587	-0.0468652024719261	0.0000014403681045	0.0020833328329221	-0.2386151417206341	-0.0260369973086080	0.0000211973728052	0.0020832249517785	-0.2136373799086152	0.0041703860479794	0.0000176512047501	0.0020832581820255	
0.0064874959771714	-0.0807968150376310	-0.0007973404106625	0.0019238875526396	0.0613283182488060	-0.0634973085798791	-0.0012031823492133	0.0016986414352928	0.0882317563406406	-0.0366278452179178	-0.0011734492304624	0.0017194188435859	
0.5092059440706747	0.1614484118276229	0.0001847632320260	0.0020750829923766	0.5925799833350072	0.1801529309562585	0.0003413614013061	0.0020550345021792	0.6375609422052300	0.2115464192651199	0.0003729095902044	0.0020495170256341	
-0.2608681367623642	-0.1375030926605410	0.0000330337665179	0.0020830701104568	-0.2034850979938168	-0.1166592397946626	0.0000563684336796	0.0020825667985930	-0.1786550034852875	-0.0864555100370496	0.0000542447386246	0.0020826234789948	
-0.2611565215956942	-0.1968841774820364	0.0000090354363892	0.0020833136417643	-0.2043385030262885	-0.1749940702860218	0.0000322935520347	0.0020830817754926	-0.1794803586823348	-0.1447864023569446	0.0000309389012757	0.0020831024386969	
-0.0182704206581887	-0.0980088367595940	0.0002362613399053	0.0020698258166012	0.0387587634979910	-0.0813430226014144	0.0003882064175453	0.0020466604730975	0.0646510553280374	-0.0531955269625944	0.0004314012797284	0.0020379497086868	
0.4820943528629267	-0.1260381231552374	-0.0001676319489831	0.0020765443962214	0.5571964883062692	-0.1177558646353614	-0.0000488980914470	0.0020827565350684	0.5944591090833424	-0.0948131048096614	-0.0000154739539390	0.0020832755784616	
-0.2975626329835149	0.0718656569639524	-0.0000043325945873	0.0020833288056444	-0.2372181607268424	0.0927040748963858	-0.0000054562240313	0.0020833261526605	-0.2123990365050286	0.1229111504017226	-0.0000001467145467	0.0020833333281414	
0.4829442332416594	-0.1354051584682053	-0.0001797341131536	0.0020755268494258	0.5576540035486508	-0.1270514684191015	-0.0001281198756019	0.0020793703131354	0.5947668510914443	-0.1042071738164856	-0.0000984402740143	0.0020809946605473	
-0.2999416116119754	0.2687495532443145	-0.0000260615357109	0.0020831695019539	-0.2376605089449420	0.2885352617875203	0.0000254334017257	0.0020831773043891	-0.2130840416359884	0.3218766843882667	0.0000315817699579	0.0020830927430888	
0.0051862664566674	-0.1104683893748823	0.0020069679401190	-0.0005405485075801	0.0593473482558531	-0.0965547607457503	0.0018480558041936	-0.0009528219274334	0.0853321962471704	-0.0694985512209759	0.0018178510118059	-0.0010095305401567	
-0.1793625457634343	-0.3520353585573050	0.0000037732387490	0.0020833298992650	-0.1256652093677114	-0.3302038711358220	0.0000200900746837	0.0020832359794557	-0.1016547849825281	-0.2999874595235764	0.0000219841809135	0.0020832167563712	
-0.2605978017758820	-0.2885299380884107	-0.0000177832268164	0.0020832570536133	-0.2047730879516526	-0.2656278906090452	0.0000030471381237	0.0020833310937640	-0.1799547715009979	-0.2343824283336065	0.0000115696687768	0.0020833010465171	
-0.2640838926572608	0.0750030615583834	0.0000419397263876	0.0020829090310025	-0.2044644269310333	0.0947830148409721	0.0000715309412799	0.0020820988177463	-0.1795952691158255	0.1249935209635391	0.0000791785149244	0.0020818206347290	
-0.6259273172789264	-0.3667086010939579	0.0003583070569395	-0.0020521333067299	-0.5576251863269414	-0.3322323912426978	0.0004408117524414	-0.0020359248481251	-0.5283642595007069	-0.2959348950631202	0.0005122067749779	-0.0020190613113076	
0.4341289095337078	-0.0458355334419738	-0.0000462605584873	-0.0020828170886889	0.5081727237651150	-0.0343754992035858	-0.0000298732739337	-0.0020831180709797	0.5452476255662575	-0.0093668557551894	-0.0000636097957069	-0.0020823571536479	
-0.1931939286506403	0.4139428657323672	0.0018948012131438	-0.0008555888867103	-0.1350709282320240	0.4333778155326025	0.0020761407856076	-0.0000913152427179	-0.1090360285537321	0.4701191781391509	0.0020716295474040	-0.0001647535383106	
-0.2994349751001498	0.2052075271354059	-0.0000185236488068	0.0020832505692884	-0.2378343096298324	0.2250006916604416	-0.0000038285116548	0.0020833297979190	-0.2131971502279262	0.2572905053743084	-0.0000053515822483	0.0020833264254478	
-0.2980653644057607	0.1437509259821074	-0.0000657353717927	0.0020822908072530	-0.2371639882461269	0.1645833160704254	-0.0000547747083378	0.0020826095382979	-0.2123395973250676	0.1947924596804189	-0.0000553984290805	0.0020825929577626	
0.3918178329385209	-0.3260457246967957	0.0007153242076104	-0.0019560233674780	0.4550722702574399	-0.3218737901667622	0.0008313869145175	-0.0019093489034518	0.4851606451094976	-0.3010394977637877	0.0008318909761852	-0.0019091282417040	
-0.2974776063898252	-0.3847034226870369	-0.0016281266928321	0.0012946855601834	-0.2437419455556702	-0.3599613028082574	-0.0014900465552957	0.0014522134728242	-0.2185837095711898	-0.3274545265689504	-0.0014311437605219	0.0015105799055670	
-0.6109775953627979	-0.1385421435797118	0.0001094908468924	-0.0020804397410332	-0.5399435875565732	-0.1114169217015040	0.0001284760383290	-0.0020793482276251	-0.5108934187805201	-0.0791259399984606	0.0001553846375436	-0.0020775015088714	
0.4317710577083993	-0.0833328881230622	-0.0000535572029559	-0.0020826413623070	0.5047822501447827	-0.0729113677541026	-0.0000982284458317	-0.0020810047202648	0.5410546017122344	-0.0489448979842509	-0.0001327072690664	-0.0020790811413575	
0.5255466169850129	-0.1564398053697970	0.0013848053010581	-0.0015533807137319	0.5994027848776855	-0.1511610448706270	0.0013399938045581	-0.0015923897896389	0.6377045727771149	-0.1294094610518636	0.0013388571163599	-0.0015933504022955	
-0.2641787449552701	0.0666625206252554	0.0000083949180195	0.0020833163346730	-0.2046773125506802	0.0864583002467749	0.0000316760466505	0.0020830913044597	-0.1798302024292195	0.1166671778124950	0.0000400927233873	0.0020829455835740	
-0.2634897662048096	0.0031445190761584	-0.0000313385300163	0.0020830964350358	-0.2046663224871798	0.0239593695974538	-0.0000128471900183	0.0020832935225751	-0.1798286479489379	0.0531225630217866	-0.0000139009822343	0.0020832867236836	
0.4927942414710269	-0.2561674085974068	0.0007155414113576	-0.0019559435239434	0.5642412825565855	-0.2520744078776730	0.0008136252759290	-0.0019170231141763	0.5992934827126777	-0.2313304092934448	0.0008085951071346	-0.0019191608879525	
0.1910151403921329	0.2760448025819658	0.0000409901500941	-0.0020829280289798	0.2583815436969188	0.2989724488328503	0.0000059373377861	-0.0020833248304855	0.2924603202117571	0.3333098706979276	-0.0000149944760512	-0.0020832791022542	
-0.2650786887771956	0.1687441586115099	-0.0000605322260998	0.0020824493472179	-0.2046625010158848	0.1885430489763902	-0.0000386349006787	0.0020829732714609	-0.1798537848012733	0.2197878647138882	-0.0000370560585359	0.0020830021008064	
0.5093050474942378	0.1416429518034198	0.0000043130701137	0.0020833288463598	0.5918898463484683	0.1604851206178126	-0.0000698460988495	0.0020821563047416	0.6362586116893789	0.1905562898417053	-0.0000694637285843	0.0020821691602710	
0.5171144820024949	-0.1461492853896625	0.0012603261732130	-0.0016564732647826	0.5907703217557680	-0.1400372769838170	0.0012519390515367	-0.0016628529207736	0.6289811103467999	-0.1184207217729713	0.0012725860974876	-0.0016470260786218	
0.1946197176760699	0.0489589962421393	0.0000075998068277	-0.0020833194021963	0.2582894920095347	0.0656305895099863	-0.0000299363740167	-0.0020831171605925	0.2892636521853034	0.0937394549097654	-0.0000539272263713	-0.0020826317660905	
-0.0369651661425939	-0.1102709247539319	0.0000908542577516	-0.0020813413841931	0.0194864892355288	-0.0927547902244893	-0.0002312933717033	-0.0020703896581347	0.0448676148093934	-0.0655919274347209	-0.0002332178676110	-0.0020701726766612	
-0.1404380743915692	0.3966479962850101	0.0017008021852739	-0.0011971081757417	-0.0822048660576983	0.4196741806537246	0.0010121755444542	-0.0018195190422752	-0.0558038475014990	0.4555046839726357	0.0009810474724658	-0.0018365743514739	
-0.1227283060415987	-0.2249921853694882	0.0002203620075226	-0.0020715876189170	-0.0686709402999075	-0.2052040290890771	0.0001316044575800	-0.0020791515908197	-0.0443372973639421	-0.1770967387998002	0.0001219373521942	-0.0020797438840874	
-0.3001437521155635	-0.1635375635192320	0.0000453182640501	0.0020828379080380	-0.2419304335392091	-0.1416635220397059	0.0000600679298626	0.0020824628587919	-0.2167287439325437	-0.1114510374756991	0.0000606880153362	0.0020824447902351	
0.2883759326943084	-0.2271163592322890	-0.0000684725174715	0.0020822021564674	0.3504092010506874	-0.2176893175105809	-0.0000324500992918	0.0020830793305123	0.3794793252092084	-0.1937358193344783	0.0000039647001709	0.0020833295419203	
0.1946073560478141	0.0520843040546131	0.0000077608021346	-0.0020833188057043	0.2583326103216456	0.0687547563323042	-0.0000301715991247	-0.0020831137499108	0.2893503081348868	0.0968622626568292	-0.0000547622415001	-0.0020826098677921	
-0.0159319225185885	-0.2301947495373234	0.0001528541998808	0.0020776901605622	0.0392735645800011	-0.2134971311206106	0.0003312155415513	0.0020567024185549	0.0641490209950939	-0.1864012366223365	0.0003418146550815	0.0020549587837288	
0.2902204215314172	-0.1093676206771173	-0.0002288699420796	0.0020706603035636	0.3537471260210643	-0.0968473666935737	-0.0003078957867324	0.0020603405958030	0.3846624809497150	-0.0718645581085858	-0.0002815603222853	0.0020641232245534	
-0.2606049292463578	-0.0895746961956705	0.0000128750869008	0.0020832933494925	-0.2026901859426741	-0.0687523163679306	0.0000332472823963	0.0020830666965255	-0.1778810116815904	-0.0395898056106869	0.0000368303181547	0.0020830061244756	
0.2876060580116058	-0.2854062136380668	0.0000273273550443	0.0020831532000443	0.3485851622701031	-0.2771095284116316	0.0000509221549262	0.0020827077880441	0.3767720917565749	-0.2531004894186734	0.0000752482892907	0.0020819671289004	
0.0093667584247460	-0.1111339120999491	0.0020726720509886	-0.0001510021518542	0.0633778382202324	-0.0979545870318212	0.0020335024296458	-0.0004294696044769	0.0903502166991560	-0.0712109337576759	0.0020441745122077	-0.0003751119535249	
0.2903170355092445	-0.1104145373180506	-0.0001923189984609	0.0020743929272095	0.3539277770056357	-0.0979408391004912	-0.0003018522708265	0.0020612391518065	0.3848064746459698	-0.0728992867302360	-0.0002796654678365	0.0020643820991227	
-0.2606490364606333	-0.0979094398170079	0.0000090383170632	0.0020833136292061	-0.2028339258531788	-0.0770899667774159	0.0000374677289550	0.0020829946997382	-0.1780323935742829	-0.0468871753082005	0.0000360279879427	0.0020830202264189	
-0.1275919583042370	-0.1364241758584817	0.0002547934558763	-0.0020676153095647	-0.0721363986526573	-0.1177710268833775	0.0001942349128646	-0.0020742135147087	-0.0475852570627087	-0.0885136197827300	0.0001806120286919	-0.0020754502560807	
-0.1793768438821822	-0.3582285385378536	0.0000154728480144	0.0020832755867169	-0.1257600873524796	-0.3364636693647372	0.0000373513741868	0.0020829967998724	-0.1017513655306943	-0.3062374234555386	0.0000439728104119	0.0020828668919537	
0.2118240220005225	-0.2071321899395437	-0.0009695163266593	-0.0018427181514867	0.2725953998838141	-0.1972021703307580	-0.0008133087505142	-0.0019171580958027	0.3004873138854663	-0.1720466547532774	-0.0008027547569634	-0.0019216233955581	
-0.6022253485079936	-0.3111670723356962	0.0012269161929485	-0.0016814929105604	-0.5363067358174557	-0.2782557446804800	0.0014892950717739	-0.0014529879921785	-0.5068388787703715	-0.2446129104724079	0.0013961382289013	-0.0015431518497202	
0.1913207727980840	-0.1594302465156767	0.0005736772507878	0.0020023797354288	0.2472477652768987	-0.1468704241751087	-0.0018804034634258	0.0008869379386999	0.2763444898020526	-0.1229064484134078	-0.0016432294836637	0.0012753653397543	
0.1307699226606757	-0.2676059198833088	0.0007720601716931	0.0019342225205593	0.1883349580670373	-0.2564433798389590	0.0009891819028590	0.0018321840576602	0.2144236031745252	-0.2304932451814724	0.0011582971136127	0.0017297135392980	
-0.0882905917185348	-0.3926505834085348	-0.0019404186953427	0.0007457904587227	-0.0386049690864343	-0.3763158476657655	-0.0019842130130006	0.0006192466257712	-0.0144553159660995	-0.3477571256283571	-0.0019575137126953	0.0006994530674649	
-0.1834164190623782	-0.1739307154958868	-0.0000235950323780	0.0020831990459669	-0.1277636780154636	-0.1541648547072070	-0.0000010234922048	0.0020833330806660	-0.1033618876995791	-0.1250192419033108	0.0000031566340021	0.0020833309299186	
0.4786009307306052	-0.2009702263171516	0.0001184488619431	0.0020799464912659	0.5524066364174127	-0.1957068612171288	0.0002100398201249	0.0020726649976250	0.5878455976300245	-0.1738564164747599	0.0003236830987000	0.0020579073159000	
-0.2656255600185997	0.2062442800232678	0.0000096869170234	0.0020833106997393	-0.2046779646765007	0.2260412770542219	0.0000218722245619	0.0020832179407372	-0.1798457659444278	0.2583350564450831	0.0000185261675275	0.0020832505467790	
0.4319283671327103	-0.0791658784532811	-0.0000663358447801	-0.0020822716690554	0.5051123144571874	-0.0687544388659574	-0.0001386192115849	-0.0020786934106387	0.5413231938312650	-0.0447898745989382	-0.0001781567227822	-0.0020756635234166	
0.4780031611338169	-0.2052106130716446	0.0005205112742478	0.0020169257393123	0.5520245491417237	-0.2000691876468887	0.0001351354181759	0.0020789239462980	0.5873081143771925	-0.1781947006113008	0.0001747941520821	0.0020759508246202	
0.4876547365274559	-0.2436036524445749	0.0008530533427245	-0.0018997196435505	0.5583481606773439	-0.2393666652127149	0.0010893423500916	-0.0017741674869157	0.5935764788609477	-0.2186101621041621	0.0009831197470217	-0.0018354603449356	
0.2882125549729764	-0.1770990920505298	0.0000124497892801	0.0020832959474279	0.3514984483861141	-0.1667027635128338	0.0000755880312236	0.0020819547602797	0.3812538796182987	-0.1426960049510661	0.0001115056174649	0.0020803321921819	
-0.2613185241068579	-0.0396407526275870	-0.0001376224278631	0.0020787599734190	-0.2031259968112542	-0.0188020443719181	-0.0001338934157804	0.0020790047094001	-0.1783397152622618	0.0104549023860488	-0.0001335011816495	0.0020790300594406	
-0.5372080614631518	-0.4030128135146633	-0.0020672191619793	-0.0002132815746522	-0.4727903299272537	-0.3715524136439816	-0.0020741268134901	-0.0001293786753465	-0.4415910414198255	-0.3359155488088231	-0.0020754213293762	-0.0001064908155203	
-0.1803419171398354	-0.2978943439468868	-0.0000483383882467	0.0020827696657088	-0.1261265413395679	-0.2770937419829817	-0.0000160520385411	0.0020832711825123	-0.1019591836767588	-0.2468779086994522	-0.0000076308972710	0.0020833192879796	
-0.0349828544355890	-0.1604022549838300	0.0000962147040795	-0.0020810992682456	0.0202688508374873	-0.1427374475181053	0.0000967367143074	-0.0020810749475778	0.0452519929880218	-0.1156545007246104	0.0001039129690302	-0.0020807272323956	
0.1946526285494483	0.0374989460823422	0.0000044806327387	-0.0020833284909496	0.2581265319884107	0.0541596054282013	-0.0000298861628275	-0.0020831178851791	0.2889526946421181	0.0822889847581494	-0.0000536808405687	-0.0020826381632344	
-0.3615682299955301	-0.3876130309536616	-0.0020557878140111	-0.0003047236612294	-0.3044166249840753	-0.3626491989798685	-0.0020649659296297	-0.0002341931153278	-0.2773348340995169	-0.3296320561978178	-0.0020668609256944	-0.0002167427547157	
0.1913133224785176	0.2531238862012548	0.0000141392768440	-0.0020832851119765	0.2583599788045883	0.2750100169669208	-0.0000115834245602	-0.0020833009696959	0.2921358288048572	0.3093685513540650	-0.0000414330923392	-0.0020829192212858	
-0.2997565632302341	-0.2771016621223568	-0.0000129436606881	0.0020832929224396	-0.2426488307166609	-0.2531087161889861	0.0000144047463304	0.0020832832842128	-0.2173050342704781	-0.2218796021645109	0.0000093500686109	0.0020833122464790	
-0.3006774838498317	-0.3104273654265142	0.0001183074102535	0.0020799545821391	-0.2436742976249072	-0.2854131936430336	0.0001498555909780	0.0020779096842224	-0.2182120621288049	-0.2541667884511197	0.0001344025510923	0.0020789716926665	
-0.1806336116435018	-0.2812461784241349	-0.0000481778829972	0.0020827734032580	-0.1262683727611061	-0.2604048362017473	-0.0000390440132648	0.0020829656048777	-0.1020185349723771	-0.2302127021299799	-0.0000329759564930	0.0020830710310036	
0.2026376132467796	-0.2218947939059273	0.0000290164650091	-0.0020831302425671	0.2588090076213501	-0.2096347956884163	0.0005144308664301	0.0020184929556146	0.2901429998639908	-0.1858288223655575	-0.0011960454870783	-0.0017036993296358	
-0.6335415929875453	-0.4014791002989254	-0.0012168751630031	-0.0016888100647275	-0.5642013782630206	-0.3666868656394509	-0.0012032295123641	-0.0016986078604401	-0.5333106625273392	-0.3287993995197641	-0.0010733567636533	-0.0017839325551699	
-0.2611271395135448	-0.1927170364049988	0.0000180149489993	0.0020832550527168	-0.2042636072672628	-0.1708243966196074	0.0000393262249885	0.0020829602692755	-0.1794062982852525	-0.1406164646051938	0.0000366065689263	0.0020830100883840	
-0.0170232082673046	-0.1468183652149793	-0.0000658583101746	0.0020822869031585	0.0386312626101942	-0.1302398285310517	0.0000916359974295	0.0020813069412008	0.0638138604715681	-0.1021646080535496	0.0001531435587064	0.0020776687457041	
-0.2986462755260761	0.1583211186545830	-0.0000895921424139	0.0020813963682750	-0.2375998544818968	0.1791750031445626	-0.0000587222503005	0.0020825014314598	-0.2128125449943059	0.2093800085366904	-0.0000661122700079	0.0020822788151574	
-0.2991373289030608	-0.1249963426780465	0.0000617560221145	0.0020824132343612	-0.2405453023693392	-0.1031111625059792	0.0000732351569760	0.0020820392741488	-0.2153831557506079	-0.0729261243546546	0.0000665775561489	0.0020822639160867	
0.2903411664370187	-0.3329897847808632	-0.0014928403432001	0.0014493269808651	0.3471952099379090	-0.3259509259018545	-0.0010282516784147	0.0018104372808551	0.3745290038112523	-0.3028434705471660	-0.0009995735266005	0.0018265072027922	
0.1930904307021192	0.1072710437599211	0.0001623112229096	-0.0020769691753548	0.2573206042957852	0.1260089322505571	0.0001194849454752	-0.0020798869327664	0.2890893562214716	0.1552260817109743	0.0000908121812153	-0.0020813432296756	
-0.3004351962101543	-0.2093773589155662	-0.0000237806007567	0.0020831969253256	-0.2425957813324237	-0.1864639003280963	-0.0000039928351502	0.0020833294879188	-0.2173809113519570	-0.1562526963112698	-0.0000011715973120	0.0020833330022504	
-0.2998039788713190	0.2312570129873380	-0.0000074739158385	0.0020833198599144	-0.2379066046718751	0.2510412457110132	0.0000326044733144	0.0020830769078926	-0.2132280251752387	0.2833359521760346	0.0000347760446228	0.0020830416102597	
0.5064531519598809	0.0509520158104570	-0.0001456132069618	0.0020782127954533	0.5864640272922381	0.0655035860517761	0.0000879887607576	0.0020814651083457	0.6288162588789721	0.0926535199375882	0.0001303717295843	0.0020792296409328	
0.1914288302190008	0.2312509922398733	0.0000078003737050	-0.0020833186571762	0.2581431582984904	0.2531181326049750	-0.0000266047817220	-0.0020831626004399	0.2916260954353204	0.2854264720673745	-0.0000494990506641	-0.0020827422681810	
-0.5299109462407566	-0.4022840870895686	-0.0020689601000316	-0.0001955815662408	-0.4654933051002711	-0.3710950614963046	-0.0020744170031836	-0.0001246152082545	-0.4353660117629117	-0.3355881901472028	-0.0020757935400613	-0.0000989314508650	
-0.0368325102070070	-0.1073966231738725	-0.0001928523892602	-0.0020743431589455	0.0196983617403094	-0.0895840783831853	0.0000061008623050	-0.0020833243556685	0.0450842735519190	-0.0624995306135316	-0.0000033929479282	-0.0020833305565967	
-0.1178786150539870	-0.3644642540646663	-0.0003850548558117	-0.0020472587215380	-0.0644782716282130	-0.3447760746539203	-0.0003266871437093	-0.0020574301928463	-0.0404357903803639	-0.3146101642089975	-0.0003655384504124	-0.0020508511628442	
0.2096702953011602	-0.1649258537002281	0.0013720435927135	-0.0015647203819604	0.2669156548481847	-0.1535962108565328	0.0016735031266970	-0.0012351698244809	0.2949717463565441	-0.1285426120083277	0.0016159528362393	-0.0013099241849573	
0.1907058277162343	0.2906395870185010	0.0000451541442541	-0.0020828414903222	0.2583350663867651	0.3135606228270347	0.0000101078489560	-0.0020833086899655	0.2925707199337902	0.3489853366915198	-0.0000101023023359	-0.0020833087170040	
-0.0676170654025019	-0.2394828918954833	-0.0007716675421424	-0.0019343799798673	-0.0114712295126884	-0.2228658535008597	-0.0009953427608245	-0.0018288277224152	0.0136839845854754	-0.1950158661977721	-0.0010373700461098	-0.0018052018602625	
-0.2644115057412786	0.1447788833620287	-0.0000613603982479	0.0020824249879120	-0.2042398259320167	0.1645892060304617	-0.0000391262475507	0.0020829640540936	-0.1794581945939985	0.1958373423414205	-0.0000387276505204	0.0020829715404523	
0.4329663019552261	-0.1604204115246420	0.0000252741177577	-0.0020831792526933	0.5040079203767815	-0.1520832687371322	0.0000317752937698	-0.0020830897853493	0.5388335628016379	-0.1291582514343217	-0.0000153045296806	-0.0020832768362707	
-0.3003695941757554	-0.1760459223152585	0.0000155006727282	0.0020832753788366	-0.2422401431746264	-0.1531310376150569	0.0000423131549777	0.0020829014406563	-0.2170970804342093	-0.1239554076254605	0.0000445589037048	0.0020828543736876	
-0.1313393315584299	-0.0697620498405431	-0.0001041829715606	-0.0020807136631259	-0.0746025146704929	-0.0510780296884371	-0.0002660749720462	-0.0020661866965742	-0.0495830207595952	-0.0229724082903272	-0.0002978093318075	-0.0020618301029330	
0.4333994588652401	-0.0583333583191085	-0.0001768546297232	-0.0020757754296740	0.5073061851714098	-0.0479210949234181	-0.0002344696459093	-0.0020700305648107	0.5438617958835783	-0.0229327593770328	-0.0002747157099347	-0.0020650499367344	
0.2895131177033571	-0.1458993724117972	-0.0001345024773074	0.0020789651978149	0.3529725953938949	-0.1344181047028717	0.0001278438976268	0.0020793873841005	0.3832267076759417	-0.1104438819722036	0.0001377908716023	0.0020787487590363	
-0.3730917162811125	-0.3890835595843741	-0.0020640424881461	-0.0002422362508888	-0.3158622799408406	-0.3636999322167059	-0.0020718767958127	-0.0001615986517782	-0.2888338421965623	-0.3305387119778710	-0.0020739487154498	-0.0001322168831695	
0.5059952402160233	-0.0447871301031094	0.0001680934245448	0.0020765069045899	0.5853575568278726	-0.0344409148032885	0.0002320697504023	0.0020703023427216	0.6256905050793755	-0.0094103882757187	0.0002843887899070	0.0020637334865609	
-0.3009498326112791	-0.3166414076889854	0.0000516881951292	0.0020826888229442	-0.2440882687630329	-0.2916633246937896	0.0001082067489334	0.0020805072604010	-0.2185996006482993	-0.2604337487673432	0.0001018579707022	0.0020808293518468	
-0.2978185318996953	0.0270782271604414	0.0000229652617390	0.0020832061189951	-0.2378505898157554	0.0479148515805054	0.0000407473994865	0.0020829328157871	-0.2129933350367824	0.0770830383362535	0.0000352067382890	0.0020830343391403	
0.4319314420588307	-0.0802078333090455	-0.0000627651809330	-0.0020823829109649	0.5050136713120521	-0.0697925455214746	-0.0001291192574290	-0.0020793081859183	0.5412578416419629	-0.0458281599305063	-0.0001664110042548	-0.0020766430890382	
0.4804293178944157	-0.1865758469751382	0.0003957093913400	0.0020452158680954	0.5551081366850579	-0.1813138538205484	0.0003515352662522	0.0020533100293880	0.5911129560960522	-0.1593424853421568	0.0003993522738623	0.0020445041284335	
0.1971858610632470	-0.0895903751103266	-0.0002322272065228	-0.0020702845982840	0.2591004289816253	-0.0760398520874034	-0.0003217122904758	-0.0020582178793990	0.2882908201613610	-0.0500078210881358	-0.0003381626786959	-0.0020555659307880	
-0.2996443778118434	-0.1416781027398783	0.0000530518015238	0.0020826543626041	-0.2411558276803191	-0.1197931793301543	0.0000851311088042	0.0020815845383427	-0.2160104408799914	-0.0895813605355695	0.0000810552762012	0.0020817480465048	
-0.5989353430134059	-0.3363522068165380	0.0000611382877569	-0.0020824315534334	-0.5313590273335096	-0.3030241446359543	-0.0000925930950273	-0.0020812643694496	-0.5023653947681008	-0.2665528654351648	-0.0001529636635172	-0.0020776820641697	
-0.1883974488830196	0.0260387142798466	-0.0000155270139651	0.0020832751816953	-0.1303948069376080	0.0458325592910646	-0.0000066057911732	0.0020833228081230	-0.1055668624284887	0.0750010632310516	-0.0000059909061813	0.0020833246763627	
-0.4457503220254948	-0.3950892311176494	-0.0020738489416957	-0.0001337804818781	-0.3854944751159222	-0.3670013518400959	-0.0020770790988271	-0.0000664976914597	-0.3574470935884086	-0.3327121898186231	-0.0020778909171333	-0.0000321243795852	
0.5064736735019928	0.0592512562173963	0.0001624852744733	0.0020769554980851	0.5873805129622485	0.0728183711505651	0.0003258648671630	0.0020575612415901	0.6299002030133993	0.1009633150939375	0.0004065479035139	0.0020430783491901	
0.4336920032348077	-0.0270634749473711	0.0000309615122254	-0.0020831021010673	0.5080928664064510	-0.0145837437843141	-0.0000631418524057	-0.0020823714665897	0.5454067977489423	0.0104143007261925	-0.0000793152679466	-0.0020818154030008	
0.1666065915928118	-0.0928283928258949	0.0007616326082941	0.0019383729004205	0.2279179172116013	-0.0804247312746273	0.0009179892722983	0.0018690518145040	0.2566289559227870	-0.0541523480937215	0.0009524716858780	0.0018516300342676	
-0.1837277403067642	-0.1604011600488616	-0.0000706849399237	0.0020821278548674	-0.1279833394595334	-0.1406387718591780	-0.0000592093250033	0.0020824875709062	-0.1035426206875071	-0.1114312994441867	-0.0000504626185923	0.0020827190289638	
0.1920750100314507	0.1229073117543693	0.0000942528321835	-0.0020811894935106	0.2567467709734249	0.1416686619985910	0.0000284874748419	-0.0020831375803825	0.2886952269481459	0.1718740800034197	-0.0000013961885588	-0.0020833328631489	
-0.6105506969500435	-0.1520739169785172	0.0000396216839032	-0.0020829546420269	-0.5395586723554044	-0.1239643430020813	0.0000257229260681	-0.0020831737316826	-0.5103813807374572	-0.0916728998602988	0.0000449466506385	-0.0020828460007261	
-0.1871206679945656	-0.0208389443231946	-0.0000957605334831	0.0020811203209553	-0.1297875743903383	-0.0010354485628749	-0.0000780261175945	0.0020818643626147	-0.1050205729829773	0.0281205071510351	-0.0000746917043179	0.0020819872713258	
-0.1184786635904285	-0.3354192959976391	0.0000950982997238	-0.0020811508393702	-0.0653394151140123	-0.3156144639391535	0.0000644048914929	-0.0020823325915555	-0.0414651123753876	-0.2864492274102615	0.0000743938506374	-0.0020819979889399	
-0.1234426974886268	-0.1989508628644555	0.0000043490144935	-0.0020833287712608	-0.0684567080940676	-0.1802078556311065	-0.0000037313142897	-0.0020833299751530	-0.0441172214452947	-0.1510457121761371	0.0000262644543843	-0.0020831669406926	
-0.1169736136108849	-0.3480063733169089	0.0004805813798744	-0.0020268603995569	-0.0647748732497083	-0.3280840130575394	0.0003030858964177	-0.0020610572136008	-0.0408435630696337	-0.2989265801399913	0.0002986870006773	-0.0020617025067151	
-0.1879716680189608	-0.0041562962236897	-0.0001067611579052	0.0020805823155980	-0.1305257155822236	0.0156619826346240	-0.0000629278211093	0.0020823779778910	-0.1057077929876824	0.0448169619752682	-0.0000606564722709	0.0020824457138462	
0.4354122099777684	0.0552276174384321	0.0000221071040041	-0.0020832154490248	0.5112621313271735	0.0708556091359162	0.0004119114369521	-0.0020419983668658	0.5506649891829418	0.0989357079440842	0.0003884760393428	-0.0020466090572599	
-0.1818315291901393	-0.2458330055389156	-0.0000617765371081	0.0020824126228214	-0.1270704663488278	-0.2250177397123285	-0.0000455099772712	0.0020828337069991	-0.1027319599367553	-0.1958264329253853	-0.0000319093143942	0.0020830877264405	
-0.2605551445057981	-0.0593560201415903	-0.0000306435782005	0.0020831068258444	-0.2024396790331970	-0.0385282933154210	-0.0000169086882750	0.0020832643717812	-0.1776603736890026	-0.0093735287592798	-0.0000203530554939	0.0020832334139713	
-0.0356097091177293	-0.1822432566631680	-0.0001279436501012	-0.0020793812180499	0.0199386448642725	-0.1656545035638946	-0.0002137464448059	-0.0020722841291315	0.0450055750755229	-0.1375424167228175	-0.0002207958302619	-0.0020715411944808	
0.1915175537892708	0.1906262846825104	0.0000026782573671	-0.0020833316031792	0.2574562300364459	0.2104198298696153	-0.0000306367681467	-0.0020831069265141	0.2904106389179669	0.2426952633800750	-0.0000604334697446	-0.0020824522298638	
0.5070773307484864	-0.0156264189615467	-0.0000432946990297	0.0020828811687045	0.5868428872886593	-0.0041306296663999	-0.0000048226242186	0.0020833277235326	0.6279882354283850	0.0218084955780853	0.0000370408118599	0.0020830023733425	
0.5343550270485278	-0.1664415750772441	0.0013398274455598	-0.0015925304663877	0.6086688435807306	-0.1616484589951716	0.0013929723981452	-0.0015460244784439	0.6476023503423720	-0.1403987642572771	0.0014131463380886	-0.0015275136041683	
-0.2980041958883504	0.1416674915748622	-0.0000571482363608	0.0020825454393223	-0.2371099971983478	0.1625004109831366	-0.0000502683081152	0.0020827237514058	-0.2122893958428854	0.1927098716085403	-0.0000497446817082	0.0020827363866526	
-0.0956379228743578	-0.1302465740843713	0.0014949797587412	-0.0014471090172509	-0.0419588854486515	-0.1117625295684649	0.0011276593513166	-0.0017499417531751	-0.0158354684651076	-0.0845612959812261	0.0011149430623181	-0.0017581116250235	
0.2884069006076843	-0.1948381902537649	-0.0000246279292312	0.0020831870310690	0.3511701058435308	-0.1843781760278247	0.0000241805193607	0.0020831922986415	0.3807319123286004	-0.1603773611959566	0.0000376468931367	0.0020829914531543	
-0.2979281448222983	0.1260424220961946	0.0000439186348797	0.0020828680407074	-0.2370385623262418	0.1458346191318500	0.0000471656949420	0.0020827966866885	-0.2122522277446062	0.1770869279669499	0.0000444464771885	0.0020828567878397	
0.1934553194536219	-0.2009572773168385	-0.0006444783214525	0.0019806176090981	0.2521997808697285	-0.1886072491118999	0.0000722571925184	0.0020820736148767	0.2798131956622012	-0.1634831174326709	0.0001058497378905	0.0020806291163745	
-0.2993655332227538	0.1854147159118076	-0.0000177291830312	0.0020832575165501	-0.2379169833042617	0.2052082904910956	0.0000039223819629	0.0020833296224256	-0.2132520023809251	0.2364579425817320	-0.0000002607292859	0.0020833333169365	
-0.3855125839482058	-0.3903991346104942	-0.0020698713633504	-0.0001856386337997	-0.3283492825361035	-0.3644822338569944	-0.0020758134579362	-0.0000985105416119	-0.3002942740666731	-0.3311175186152120	-0.0020768090689006	-0.0000744931706091	
0.0206385809743237	-0.0831563340971626	-0.0008076276528116	-0.0019195702548809	0.0794440442854604	-0.0681991957744013	-0.0009402244535377	-0.0018579101483911	0.1063564438871281	-0.0409852905198162	-0.0008976487244123	-0.0018789546676527	
-0.1863754551730351	-0.0364883656163860	-0.0001020030834603	0.0020808222078227	-0.1292096133237083	-0.0166856930119024	-0.0000744017772591	0.0020819977042731	-0.1044562319479655	0.0125233179341277	-0.0000679835732438	0.0020822182579714	
0.1310469893935181	-0.2667506592446257	0.0008082469794316	0.0019193082606043	0.1891168701415598	-0.2552128761849942	0.0011009590367978	0.0017669461925523	0.2153100817452490	-0.2293322284045650	0.0011851973128973	0.0017113015118901	
0.4341157040402586	-0.0395875884622419	0.0000403605414704	-0.0020829403854701	0.5081418547046579	-0.0281246320524991	0.0000381578720974	-0.0020829821087466	0.5453289225656728	-0.0020819256396106	0.0000075960708925	-0.0020833194158896	
-0.6292337834808103	-0.3529454007298351	0.0004305348165391	-0.0020381338498447	-0.5608531108922102	-0.3186597661262955	0.0003592244573611	-0.0020519721122481	-0.5316649289871842	-0.2832009924943171	0.0003655195401889	-0.0020508545501371	
0.1913062210310258	0.2541655705307142	0.0000151500716512	-0.0020832779709028	0.2583641654747485	0.2760517835578380	-0.0000105788062295	-0.0020833063400233	0.2921552968108402	0.3104093642594308	-0.0000405930698320	-0.0020829358442290	
-0.2979192846518374	-0.0635386364088519	0.0000197366893894	0.0020832393743280	-0.2388370684010410	-0.0427075076610213	0.0000413406086617	0.0020829210681017	-0.2138155054173989	-0.0124988317496365	0.0000343063545501	0.0020830494376826	
-0.2637131588357088	0.0177168556205313	-0.0000358731781399	0.0020830229116360	-0.2047686743677548	0.0385393999184618	-0.0000155240728205	0.0020832752037238	-0.1799248151589691	0.0677028509965116	-0.0000141860970611	0.0020832847920876	
-0.1820811897573634	-0.2364725605329082	-0.0000430642788223	0.0020828859693742	-0.1271953048166083	-0.2156443137228813	-0.0000159737322347	0.0020832717874202	-0.1028354023515753	-0.1864568453880318	-0.0000151482521963	0.0020832779841997	
-0.6042252823498068	-0.3088794808199648	0.0015204172865836	-0.0014202240178505	-0.5385185220859429	-0.2763708027564265	0.0016603085825086	-0.0012529376827187	-0.5089882180212394	-0.2425440790515496	0.0015963992915308	-0.0013338023460097	
-0.0357088509538936	-0.1198453811371128	0.0002327522195521	-0.0020702253441372	0.0198659285997301	-0.1020536233129147	0.0003028195969543	-0.0020610965522783	0.0451912939376630	-0.0748735131065205	0.0002899778700687	-0.0020629516841840	
0.2860472864848581	-0.3268960451748498	-0.0008374061436999	0.0019067034641541	0.3454367010305726	-0.3195764758901848	0.0002297497278210	0.0020705623839312	0.3730456905299846	-0.2958251564483773	0.0003336060441385	0.0020563140870371	
-0.1548240566105202	-0.3783454030148211	-0.0020306859132498	0.0004426604794671	-0.1039037285996967	-0.3603126585423763	-0.0020387786962321	0.0004035469413100	-0.0789910991095858	-0.3306711187456502	-0.0020225322161390	0.0004787091634308	
0.2880717840885595	-0.2103873409818578	0.0000481042672483	0.0020827751133248	0.3507310476570837	-0.2000316252587851	0.0001245666614267	0.0020795872771761	0.3801633866827785	-0.1760484280921414	0.0001548894775647	0.0020775386696339	
-0.2663608969988611	0.2906248451822510	0.0000092277360746	0.0020833127946559	-0.2045231743773396	0.3114576557998707	0.0000155219612676	0.0020832752195363	-0.1797160559086000	0.3447915222223634	0.0000115692036773	0.0020833010491130	
-0.1284914497069219	-0.1093325201415630	0.0001429274552141	-0.0020784001663202	-0.0727605042155747	-0.0906266825984259	0.0001378082530792	-0.0020787476010554	-0.0480932968865702	-0.0625153170898810	0.0001194819645373	-0.0020798871048699	
0.4318625781560939	-0.0822913775903318	-0.0000563831412581	-0.0020825663984607	0.5048736549260793	-0.0718717458679419	-0.0001087912749881	-0.0020804766243783	0.5411356790707575	-0.0479063065039870	-0.0001433349249100	-0.0020783719648248	
0.2880904167075827	-0.2176795766928710	-0.0000427330273293	0.0020828928258991	0.3503769347862720	-0.2072698260689478	0.0000539163916036	0.0020826320480198	0.3796626207086171	-0.1832986849884589	0.0001014171884955	0.0020808509894129	
-0.2635823993501448	0.0093898032009713	-0.0000326959248936	0.0020830754673017	-0.2047074397351804	0.0302079895739721	-0.0000133703643433	0.0020832902141047	-0.1798705902760806	0.0593712900464136	-0.0000126232783025	0.0020832948982060	
-0.1269091466166954	-0.1416864612621632	0.0002727810438440	-0.0020653076689318	-0.0716240370893090	-0.1229063820936092	0.0002245638907314	-0.0020711340798875	-0.0470447570783248	-0.0937951165958589	0.0002199193755057	-0.0020716348908816	
0.2919015707812075	-0.0770727823111827	0.0003521053348200	0.0020532118607858	0.3577532934389918	-0.0646015676857071	0.0001519031963680	0.0020777602555611	0.3892580850219625	-0.0395541974314222	0.0001747652588280	0.0020759532693953	
-0.2605103152505033	-0.0781143329168295	0.0000110794143724	0.0020833037248132	-0.2025256060594797	-0.0572889136999288	0.0000229329630405	0.0020832064765868	-0.1777026119534714	-0.0281256554967466	0.0000240481375539	0.0020831938387195	
-0.2981824674861659	0.0979174729984300	-0.0000522867670413	0.0020826738067093	-0.2376704381718632	0.1187540114545810	-0.0000176681881379	0.0020832580373373	-0.2128084238111466	0.1489616081584513	-0.0000241112863813	0.0020831931051256	
0.4759699986241781	-0.3096183460702491	0.0011697515716749	-0.0017219491550718	0.5465601190347518	-0.3094030746517555	-0.0015300854350132	-0.0014097502969983	0.5798888670211853	-0.2887933939210601	-0.0017634086658126	-0.0011023158210958	
0.1568614630654138	0.3808174925823854	0.0020679637626252	-0.0002058993823830	0.2202595549343347	0.4028172181935881	0.0020710307627347	-0.0001721531532694	0.2545374012585571	0.4411942774127569	0.0020717914650175	-0.0001626944279514	
-0.2606344100848355	-0.2479076778715536	-0.0000044910157498	0.0020833284684809	-0.2043198309125767	-0.2249827123947586	0.0000168960695919	0.0020832644746743	-0.1795088180880626	-0.1947804094456142	0.0000163958577351	0.0020832684915358	
0.0447665429161205	-0.1489375919401856	-0.0008055963562213	0.0019204278963334	0.1006048310397897	-0.1333215869971167	-0.0001925458427265	0.0020743717783963	0.1268074282370917	-0.1062547075060391	-0.0000675107776228	0.0020822337178308	
-0.2610452023749241	-0.1573096168051903	0.0000000650625538	0.0020833333323123	-0.2038569982303893	-0.1354296256283200	0.0000226914323352	0.0020832091347132	-0.1790226630330784	-0.1062702795081770	0.0000236377841803	0.0020831985588802	
-0.2990108356518376	-0.1208251412539370	0.0000607426554000	0.0020824431891846	-0.2403811103163778	-0.0989683294879654	0.0000724770923128	0.0020820659334883	-0.2152451298210038	-0.0687546714255726	0.0000673069330534	0.0020822403499862	
-0.1049567684873388	0.3955892995646935	0.0020766888561442	0.0000777884023433	-0.0467608083316478	0.4145030214598814	0.0020747502693088	0.0001189085812783	-0.0186906165860722	0.4515137488789214	0.0020753205003232	0.0001084477032993	
-0.0758468243596840	-0.1801708449675483	0.0020753413470197	-0.0001080460253064	-0.0218208031209666	-0.1656283911313148	0.0020773163740018	-0.0000585770707933	0.0040984182597144	-0.1380167200110321	0.0020766559543877	-0.0000786662061787	
0.5087657481357606	0.0771556702957308	0.0001549012789896	0.0020775377853481	0.5902109077662441	0.0927051377091281	0.0001026699716255	0.0020807892452641	0.6332840884585631	0.1207428885130469	0.0001357621651443	0.0020788829068203	
-0.1816598962202978	-0.2510319405755279	-0.0000655385221492	0.0020822970433051	-0.1269442371519037	-0.2302180858619294	-0.0000529363296968	0.0020826573155435	-0.1026312433963823	-0.2010304694697143	-0.0000388146449863	0.0020829699130839	
-0.6102564041644778	-0.1677068560060412	0.0000420529429723	-0.0020829067368613	-0.5393872052702586	-0.1395823253806379	0.0000309850842994	-0.0020831017488234	-0.5101087216196931	-0.1062498474434598	0.0000489124163660	-0.0020827561970207	
0.1932816933328400	-0.1875001914753535	0.0000923824427332	0.0020812737773136	0.2531050041292616	-0.1749556088681017	0.0000762075701655	0.0020819320617544	0.2808254004440577	-0.1500315852932776	0.0000991405424995	0.0020809612502266	
0.1932414206863931	-0.2000102558799042	-0.0004582448964817	0.0020320526908210	0.2522469192160041	-0.1875460600810168	0.0001202118957717	0.0020798448338939	0.2798813587752974	-0.1624414844108925	0.0001458072854945	0.0020781991198099	
-0.1854984011103729	-0.0666446125193165	-0.0000554210008773	0.0020825923542081	-0.1287057877247906	-0.0468692419656548	-0.0000292384346485	0.0020831271233277	-0.1040103737272744	-0.0177122828177704	-0.0000234013220644	0.0020832012419283	
-0.1884111743088878	0.0083130919137366	-0.0000159588784882	0.0020832719018300	-0.1305981235525412	0.0281349494603776	0.0000295338538297	0.0020831229350573	-0.1057710249918966	0.0572980445669963	0.0000311539190504	0.0020830992180418	
0.4384443150722681	0.0156207954317022	0.0001895666896578	-0.0020746475232443	0.5128863857586499	0.0291140463879851	0.0003277834047344	-0.0020572549516392	0.5512480479075510	0.0561903199648830	0.0003603577205766	-0.0020517724023278	
0.2886613801363560	-0.1666305303453435	0.0001885221622667	0.0020747431761437	0.3523627873496467	-0.1562720084112929	0.0002774473462294	0.0020646828767615	0.3825415791427798	-0.1312840198534364	0.0003453675294544	0.0020543616790216	
-0.1994677342368346	-0.3800983907644370	-0.0020243863466192	0.0004707668038660	-0.1484681240220802	-0.3600500388043494	-0.0020002302688464	0.0005650902918731	-0.1234848671543550	-0.3297288137465239	-0.0019990106295383	0.0005694111765795	
-0.1208689126721276	-0.2521292832957597	0.0001265181120063	-0.0020794688771189	-0.0669792209035478	-0.2323673332584743	0.0002058793764200	-0.0020730844805844	-0.0427425673939428	-0.2041885949617179	0.0001881306190458	-0.0020747788945088	
-0.2989804710955086	0.1666783575067949	-0.0000715322922321	0.0020820987711012	-0.2377598411991386	0.1864648480844713	-0.0000397343902239	0.0020829524843440	-0.2130554031176305	0.2177066068093393	-0.0000447759904924	0.0020828496948834	
-0.0323638557068301	-0.2739542721138258	-0.0001630568323136	-0.0020769104803503	0.0220104121885489	-0.2573011093082833	-0.0002551227737559	-0.0020675744976041	0.0464123262456654	-0.2291475032523385	-0.0002943162637930	-0.0020623341298008	
-0.2997176937465846	-0.2927189154380322	0.0000355849153749	0.0020830278808096	-0.2427805723770487	-0.2687458486166720	0.0000462513072998	0.0020828172951711	-0.2174226787557831	-0.2375038802476502	0.0000394198827352	0.0020829584900509	
-0.1235467228474521	-0.2104199774603665	0.0000111204318337	-0.0020833035051765	-0.0688110403452799	-0.1916566650822712	-0.0000684959901639	-0.0020822013805784	-0.0443820418139551	-0.1625115735277522	-0.0000765347372155	-0.0020819200002251	
0.1444046171626090	0.3819683437659469	0.0020690293096057	-0.0001948443656764	0.2077915038527078	0.4038349430604611	0.0020720896215076	-0.0001588325108380	0.2421228285351711	0.4419979234278028	0.0020739526619416	-0.0001321546540441	
-0.2667298931444265	0.2656147886615954	0.0000099991996494	0.0020833092169045	-0.2051445413041587	0.2864839417432796	0.0000506446614082	0.0020827145881300	-0.1802864864712446	0.3187219516785793	0.0000528647510936	0.0020826591427772	
-0.2996764409552081	-0.2885516027029698	0.0000082340172266	0.0020833169800391	-0.2427068734259192	-0.2645780904282103	0.0000276957357217	0.0020831483105957	-0.2173606133981368	-0.2333362778278008	0.0000205937197641	0.0020832310369536	
0.5065243676851103	-0.0386200167111385	0.0001637888603290	0.0020768525911553	0.5860005964445480	-0.0281188918280232	0.0001934985518704	0.0020742826822165	0.6265104262329262	-0.0031154257504419	0.0002444300637931	0.0020688723058707	
-0.2664316997030486	0.3031269983609483	-0.0000290475766585	0.0020831298068018	-0.2045531691011960	0.3239551912543325	-0.0000160136719801	0.0020832714792596	-0.1797638243042872	0.3572917613479961	-0.0000183196454688	0.0020832523822675	
-0.1204831174658301	-0.2677122181841321	-0.0000696682364555	-0.0020821622933757	-0.0663017542908770	-0.2479303120883089	-0.0000209432445829	-0.0020832275349671	-0.0421473572274574	-0.2187736884233639	0.0000278310274127	-0.0020831464984536	
-0.1142182858823422	-0.0536175036715454	-0.0020746102482484	-0.0001213390175572	-0.0592260275627838	-0.0385460954520480	-0.0020740566044357	-0.0001305049412478	-0.0321828186824827	-0.0106411862113150	-0.0020767689104033	-0.0000756099792834	
-0.2579087906933525	-0.3741779582094354	-0.0001011159479690	0.0020808657229064	-0.2029330729083806	-0.3502452996541530	0.0000658176849623	0.0020822881940814	-0.1781102633053686	-0.3180176446766377	0.0000807676962404	0.0020817592798272	
0.2174798467373305	-0.1386417677205603	0.0000054207147105	0.0020833262458207	0.2789403333289568	-0.1273101222598382	0.0003519105354349	0.0020532454246136	0.3080213077476152	-0.1012901809282169	0.0004741365930733	0.0020283852780741	
-0.2979126376420851	0.1374999954185346	-0.0000342679256304	0.0020830500733919	-0.2369960961685422	0.1572922506610194	-0.0000316540631988	0.0020830916403029	-0.2122093981446657	0.1885439543586898	-0.0000332856034633	0.0020830660814766	
-0.2983863425419442	-0.0968757114394287	0.0000386647782404	0.0020829727143034	-0.2395289015406709	-0.0750050538470794	0.0000601716787719	0.0020824598486088	-0.2145259932277357	-0.0458318628277873	0.0000518065219526	0.0020826858682259	
0.3905438103308045	-0.3229117394769245	0.0008200713801931	-0.0019142606720589	0.4538245140135044	-0.3187303932564988	0.0007113279465096	-0.0019574874790489	0.4834834697106305	-0.2969021125255998	0.0006651119900893	-0.0019737500307240	
-0.2635511502857228	0.0073081926526076	-0.0000322287153466	0.0020830827846590	-0.2046935309757091	0.0281250992143393	-0.0000130012320600	0.0020832925621540	-0.1798571191988353	0.0572883421046436	-0.0000130187921088	0.0020832924519437	
-0.1809241575522714	-0.2718819730874462	-0.0000819816907063	0.0020817115874137	-0.1264970364681092	-0.2510294100341736	-0.0000535815209128	0.0020826407336730	-0.1021946111301894	-0.2218911404912027	-0.0000523255733194	0.0020826728272137	
-0.1070079329191468	-0.1166360170474461	0.0019352391640015	-0.0007591956240598	-0.0528394928567241	-0.1007335152805338	0.0020307732207835	-0.0004422577629684	-0.0269736469335357	-0.0728101744540113	0.0020108559217016	-0.0005258262641895	
0.4334120440765550	0.0646559447928671	0.0007258811330107	-0.0019521107930326	0.5079721789672029	0.0811731873273824	0.0006719296162936	-0.0019714279341813	0.5478861336785319	0.1085010750216142	0.0006052131757616	-0.0019930281195841	
-0.6167969423567079	-0.1173314900569006	0.0013674759780149	-0.0015687337527881	-0.5479154929098266	-0.0900189616296338	0.0016450967450740	-0.0012729437717260	-0.5187036961645592	-0.0585993086749807	0.0016163743712662	-0.0013094013937628	
-0.2610327469246986	-0.1583503185604158	-0.0000016940400040	0.0020833326411400	-0.2038560088332326	-0.1364713203080938	0.0000218510213868	0.0020832181643607	-0.1790160854299974	-0.1073116016261568	0.0000233548219636	0.0020832017663734	
0.2851405146575686	-0.3237249567741931	-0.0001345663617923	0.0020789610430086	0.3462140770602282	-0.3166016753555951	0.0005878712003595	0.0019982380005573	0.3738235992016818	-0.2927731649731880	0.0005767404057858	0.0020014952050153	
-0.0164118532775693	-0.0592352060858694	-0.0002950078228916	0.0020622348242132	0.0401496186763634	-0.0418548189265189	-0.0001082318441518	0.0020805059485172	0.0659351543430082	-0.0143601832273620	-0.0001114057201446	0.0020803375710577	
-0.1230476606477838	-0.2218562917247899	0.0001854827260532	-0.0020750184822987	-0.0688402396081197	-0.2020713411793106	0.0000763108191688	-0.0020819282609048	-0.0444665910889399	-0.1739673334385578	0.0000679403305733	-0.0020822196764433	
-0.0157914456328179	-0.1312292990945951	0.0002974024188533	0.0020618891302015	0.0405719724883647	-0.1145838624254144	0.0002208030033912	0.0020715404260905	0.0658677245861574	-0.0864580649109898	0.0001845650944675	0.0020751007130763	
-0.1640070786812090	0.4245713648300262	0.0005147555703001	-0.0020184097597004	-0.1046554673857789	0.4464499628062556	0.0011416701175293	0.0017407877299991	-0.0790390531315898	0.4854951768204714	0.0000848599922857	0.0020815956640011	
-0.0167813407810889	-0.1875148091439867	0.0000184980032768	0.0020832507983038	0.0387213127271457	-0.1708284808762375	0.0001577791686229	0.0020773201209267	0.0638046881296782	-0.1437456336962256	0.0001546410651857	0.0020775572675571	
0.5280459231301911	-0.0039245524086215	0.0010017075353918	-0.0018253318684618	0.6057483219479700	0.0072336510495609	0.0014329763267025	-0.0015088328884411	0.6471775314130976	0.0330178580482108	0.0014552298554896	-0.0014872733912166	
0.1892917346883944	0.3574538553556482	0.0003453107277597	-0.0020543712751914	0.2557911488346745	0.3836290200769027	0.0013210582959757	-0.0016082120114698	0.2899296750427988	0.4208863957002443	0.0016127831831067	-0.0013138441982985	
0.0584459976552231	-0.0978841225009662	0.0005600944457823	-0.0020062406386023	0.1155059156363404	-0.0843418843794773	0.0008649541822518	-0.0018943037337727	0.1421034165318056	-0.0573448427715592	0.0009344054224179	-0.0018608582052127	
-0.2641408147082438	0.0551989399513043	-0.0000135050161343	0.0020832893412221	-0.2047816735423303	0.0749972037175362	0.0000103583434895	0.0020833074533901	-0.1799813288676534	0.1052016058572800	0.0000157780534480	0.0020832732860852	
-0.2589183770837608	-0.3573489315107054	-0.0001822202605028	0.0020753089711648	-0.2039764703282952	-0.3334165002305250	-0.0001370087002239	0.0020788007166633	-0.1791399683965564	-0.3011469593645263	-0.0001299149545844	0.0020792583743703	
-0.1223978800565407	-0.2281446657303944	0.0001899121251170	-0.0020746157726236	-0.0684241358788712	-0.2083430741048245	0.0001788714086653	-0.0020756017493891	-0.0441185011566699	-0.1801792687649778	0.0001649296821505	-0.0020767618541162	
-0.2605624344298715	-0.0833238206942704	0.0000140448553644	0.0020832857538736	-0.2025970050307716	-0.0624993624508420	0.0000279386636189	0.0020831450504297	-0.1777741612271564	-0.0333360514457209	0.0000325143107876	0.0020830783242265	
0.2296488749608018	-0.1485216741199940	-0.0020475419762125	0.0003561759256713	0.2866582898101699	-0.1387160741123882	-0.0016874915408948	0.0012158923229505	0.3159853789740633	-0.1144018663024277	-0.0016726928274875	0.0012362724171035	
-0.6284940506595035	-0.3561937628242379	0.0005095625482374	-0.0020197336196690	-0.5601816568741329	-0.3219221432273651	0.0004667534655480	-0.0020301054959216	-0.5309739516812357	-0.2864622805817991	0.0004952698253563	-0.0020233036311423	
-0.6297860245111038	-0.3947029761498402	-0.0008123658976971	-0.0019175598060199	-0.5608979039020966	-0.3605848355209618	-0.0008198231487913	-0.0019143675278848	-0.5306531360833699	-0.3231557003297039	-0.0007666203115099	-0.0019363958451415	
-0.2975950051901234	0.0687381410093676	0.0000062460173666	0.0020833239233824	-0.2372441358317492	0.0895782382779020	0.0000078272750687	0.0020833185557731	-0.2124175456820742	0.1187436016896361	0.0000176425685103	0.0020832582555477	
0.5068617038971843	0.0458672109807175	-0.0002312645841494	0.0020703928900298	0.5865282271179502	0.0603013880765623	-0.0001125929578797	0.0020802733326442	0.6287037757112905	0.0906058480860161	0.0000459264670071	0.0020828245192578	
-0.5986509221758088	-0.3281022202613518	-0.0000958133179192	-0.0020811178793022	-0.5308766306067837	-0.2948010319973257	-0.0000601380935043	-0.0020824608236249	-0.5020198175464923	-0.2593644580525912	0.0000003610641612	-0.0020833333018885	
0.5056052199292929	-0.0499492651113437	0.0001371843201092	0.0020787890765500	0.5847697779560139	-0.0395448664315723	0.0002243790866363	0.0020711542093053	0.6248485183376395	-0.0156954558986590	0.0002762130247335	0.0020648491949135	
0.2883483124651124	-0.2021260963678440	0.0000559333252068	0.0020825785888344	0.3510875253073946	-0.1916745206398165	0.0000484518868350	0.0020827670152566	0.3805963799142860	-0.1676900846294607	0.0000622377152219	0.0020823988217213	
0.5366950936257262	-0.1691520048127195	0.0013144383804532	-0.0016136542324993	0.6111395674652611	-0.1644442209359507	0.0013578265946884	-0.0015771349746128	0.6500159168738269	-0.1431033996821517	0.0013764555867408	-0.0015608211954478	
0.2898760782226609	-0.0573000613896048	-0.0007613413974400	0.0019384878714994	0.3522525011505104	-0.0437458163751815	-0.0012991802413683	0.0016260253941852	0.3842791006681221	-0.0188351074654864	-0.0012525143274048	0.0016624174781838	
-0.0152443177006448	-0.1239070299657549	-0.0001162063009449	0.0020800736211676	0.0402363334843421	-0.1063116431277663	-0.0003782633194961	0.0020485307732464	0.0655864721698913	-0.0791414195514229	-0.0003349853041579	0.0020560887253865	
-0.2656533873106575	0.1927136528164829	-0.0000225826067416	0.0020832103231773	-0.2048786258404497	0.2125008192474884	0.0000154105421576	0.0020832760508535	-0.1800606261718189	0.2447940024359390	0.0000186595782624	0.0020832493501358	
0.1915007687078104	0.2041681832640573	0.0000031116032262	-0.0020833309980011	0.2576985424145564	0.2249998778459843	-0.0000354473313743	-0.0020830302383923	0.2908492633298595	0.2572938989651924	-0.0000620058940162	-0.0020824057719861	
-0.1188169276052609	-0.3292035695686430	0.0001036840712745	-0.0020807387082521	-0.0655231555730499	-0.3093791143155984	0.0000575677112300	-0.0020825338281723	-0.0416774772254691	-0.2802160931976548	0.0000564197913987	-0.0020825654009075	
0.5089911923323855	0.1531504260353561	-0.0000334847808964	0.0020830628732867	0.5918637244438314	0.1719511223739578	0.0001190873608332	0.0020799098491602	0.6362486475956648	0.2030548501434868	0.0001531496295469	0.0020776682959774	
-0.6300751711952595	-0.3480369050325602	0.0002957934888898	-0.0020621217165657	-0.5614786779620082	-0.3136301039533667	0.0001918297051130	-0.0020744384586783	-0.5322732838358764	-0.2781910967194737	0.0001830044647551	-0.0020752396201813	
-0.2665203128165499	0.3093829574153421	-0.0000312079763360	0.0020830984048323	-0.2045983141231873	0.3302051947770036	-0.0000095239825978	0.0020833114547362	-0.1798125775028034	0.3635432708512417	-0.0000094067846134	0.0020833119898829	
-0.6104688313486981	-0.1562442267973982	0.0000385695422392	-0.0020829744887645	-0.5395173666983347	-0.1281266458148727	0.0000195159437273	-0.0020832414643957	-0.5103052910866037	-0.0958353521599533	0.0000376950179599	-0.0020829905784583	
-0.1793606710132067	-0.3468464289275121	-0.0000113708795443	0.0020833021464933	-0.1256451495989469	-0.3249961398813637	-0.0000027352613002	0.0020833315287463	-0.1016309460646376	-0.2947824571733801	0.0000010003773765	0.0020833330919497	
0.5212029419476041	-0.1513991172848810	0.0013282978176957	-0.0016022077838020	0.5948015669801716	-0.1454298900715006	0.0012820727680876	-0.0016396153112854	0.6330934372657959	-0.1236945353200329	0.0012921186086712	-0.0016316706136942	
-0.2656494400511424	0.2114567405738921	-0.0000118993765733	0.0020832991800877	-0.2046584538102516	0.2312499331887682	-0.0000031751730190	0.0020833309016050	-0.1798359357951307	0.2635416316969587	-0.0000056035419175	0.0020833257596692	
-0.0155919122461051	-0.1739579883929263	0.0002378014319674	0.0020696485584979	0.0402277950273776	-0.1572715959950982	0.0001571770287254	0.0020773659961411	0.0653420552181898	-0.1291600333607196	0.0000950451084945	0.0020811532814298	
0.2119688025051109	0.3788236335936269	0.0019631859415871	-0.0006832892163697	0.2774254116353227	0.4018765379968335	0.0020319704729946	-0.0004366960601954	0.3137845321480754	0.4401060361701878	0.0020329601118911	-0.0004320422390951	
0.2884091222898346	-0.1979571524227494	0.0000075382066540	0.0020833196271192	0.3511434132943989	-0.1875053434734141	0.0000190085804501	0.0020832461791056	0.3806747008395273	-0.1635093091918285	0.0000283828540436	0.0020831390156221	
-0.2994088019591803	-0.3635899217443265	-0.0000121412222470	0.0020832977776910	-0.2431488767667404	-0.3385434655571726	-0.0000382013212967	0.0020829813083663	-0.2177826582353025	-0.3061371674503865	-0.0000518607902472	0.0020826845108406	
0.5151166524332464	-0.3020655700088024	-0.0002880678595919	0.0020632206018613	0.5896361018053409	-0.3022868096788806	0.0009819053550882	0.0018361135408607	0.6244595920675557	-0.2822818370930639	0.0010956566134757	0.0017702555022242	
-0.0369722899658340	-0.1092385278670558	-0.0000291441549310	-0.0020831284511027	0.0195934566587314	-0.0916862663971522	-0.0001966997879865	-0.0020739800566383	0.0449796045946905	-0.0645464061469179	-0.0001989670442440	-0.0020737626928448	
-0.6101576908308300	-0.1729145599463819	0.0000356836008450	-0.0020830261841497	-0.5393152322824946	-0.1447911291612883	0.0000289455988634	-0.0020831312334102	-0.5099864271457838	-0.1114586063994071	0.0000510413698349	-0.0020827048552191	
-0.6098700281298133	-0.1989609759314637	0.0000229301861353	-0.0020832065073075	-0.5392112750377669	-0.1697947813660861	0.0000004581240898	-0.0020833332827105	-0.5096454335594376	-0.1364388874472197	0.0000154743879191	-0.0020832755752219	
-0.3083571283134721	-0.3818202847667040	-0.0015178179606336	-0.0014230155167027	-0.2515503280692507	-0.3574329189382489	-0.0012547980138466	-0.0016606857894282	-0.2251433265588422	-0.3235277764205126	-0.0000450014138572	-0.0020828448123265	
-0.6273909862262858	-0.3603514866672179	0.0005351825671925	-0.0020130632144874	-0.5593937727428184	-0.3251302463522218	0.0005314833498245	-0.0020140479359776	-0.5301186694677923	-0.2896560076926438	0.0005738009143408	-0.0020023441245790	
0.2306849222430369	0.3711259724359577	0.0020140437399365	-0.0005134183266522	0.2961331036465670	0.3945913365326360	0.0019576049264251	-0.0006991964625322	0.3335349195392104	0.4330862859027761	0.0019600649562061	-0.0006922354082798	
0.0509962846943285	-0.1572105800226805	-0.0016517776211110	0.0012642189562408	0.1044263229510412	-0.1423656364196306	-0.0012614696381708	0.0016555982773157	0.1306281148917903	-0.1158185957894333	-0.0012451437328316	0.0016679727989082	
-0.2606947669973886	-0.0531144132124642	-0.0000578017430951	0.0020825273131904	-0.2025395517383219	-0.0322846550291867	-0.0000472679593286	0.0020827943567560	-0.1777647610880547	-0.0031321030347191	-0.0000471525024386	0.0020827969868912	
-0.2639423869895786	0.0322910669430840	-0.0000282629128596	0.0020831406545360	-0.2048463731518276	0.0531226676752605	-0.0000016530612404	0.0020833326742232	-0.1800271259634366	0.0822867292885289	-0.0000091057629052	0.0020833133340347	
-0.6107954645053275	-0.1426967383042441	0.0000721032310954	-0.0020820789790425	-0.5397646213186222	-0.1146206402811761	0.0000859483876246	-0.0020815507850269	-0.5106855661848955	-0.0823355563125825	0.0001084845899120	-0.0020804927189112	
-0.1858965653750930	-0.0479084343966286	-0.0000528473129164	0.0020826595875581	-0.1288852173975866	-0.0281278580420954	-0.0000402409240802	0.0020829427114125	-0.1041580851806359	0.0010250136134238	-0.0000337978052590	0.0020830577926548	
0.4326864990962753	-0.0687573111104674	-0.0001545024229278	-0.0020775676342541	0.5060271385970376	-0.0583333519527421	-0.0002236358984539	-0.0020712349903002	0.5426767521048959	-0.0333482489342457	-0.0002606886510900	-0.0020668766260630	
0.1659963497650137	-0.0947361221128531	0.0005487292724405	0.0020093945760785	0.2271001548582894	-0.0820951091258428	0.0008400402407260	0.0019055386176318	0.2560043297199801	-0.0554156672417220	0.0008817965360528	0.0018864834908755	
-0.3004572002559396	-0.2041700851872787	0.0000001383628897	0.0020833333287157	-0.2425410393144995	-0.1812579855874569	0.0000100927568734	0.0020833087635013	-0.2173851784774428	-0.1510455768459756	0.0000092156493306	0.0020833128484252	
0.2863605393185097	-0.0512851097445061	-0.0014458011141290	0.0014964866010836	0.3481930985091968	-0.0405392612866645	-0.0018558706233400	0.0009374322384844	0.3803578131286591	-0.0155798051012621	-0.0018320088429435	0.0009834729882152	
-0.2639144772691702	0.0302086466834882	-0.0000311929848788	0.0020830986304972	-0.2048432563125742	0.0510389557881760	-0.0000046766904243	0.0020833280579041	-0.1800162972356063	0.0802027515071979	-0.0000115936170477	0.0020833009127156	
-0.2638643624276545	0.0270855684138991	-0.0000350180433304	0.0020830375357727	-0.2048248122249748	0.0479136847270908	-0.0000093940961493	0.0020833120474232	-0.1799821938539535	0.0770774295686290	-0.0000146042350337	0.0020832818883544	
0.0200511628228511	-0.0848633086682575	-0.0003687890914211	-0.0020502662038923	0.0783471960571912	-0.0703014227495102	-0.0009042759162787	-0.0018757582892350	0.1052791726862462	-0.0430773177188060	-0.0009588274970834	-0.0018483303578717	
0.2871197468139245	-0.3289441785376320	-0.0010867873492353	0.0017757415689482	0.3454126245750908	-0.3206128913141079	-0.0000371029333003	0.0020830012622118	0.3729430679046919	-0.2969121596855716	0.0000981598653685	0.0020810079724960	
0.4907741081793311	-0.2509253997266067	0.0007876355903843	-0.0019279009902249	0.5620357581113924	-0.2469124677582645	0.0008468207024675	-0.0019025200307044	0.5971057656326277	-0.2261691084091043	0.0008349543446740	-0.0019077837715841	
-0.2610291829045129	-0.2156360028723900	-0.0000357045334638	0.0020830258236594	-0.2044387936720389	-0.1937415138711924	-0.0000127413268890	0.0020832941759735	-0.1795965448320831	-0.1635364998034899	-0.0000102800034831	0.0020833078433715	
-0.0351417337992572	-0.1572811221997655	0.0001039296020218	-0.0020807263975069	0.0201398347293668	-0.1395638427470666	0.0000710860152561	-0.0020821141319636	0.0451146414548369	-0.1124781534184886	0.0000741947911229	-0.0020820051277572	
-0.0349255388393211	-0.2040561573230100	0.0003518636002688	-0.0020532535086583	0.0195038493715191	-0.1865367897882110	0.0002305650608819	-0.0020704712982773	0.0444067633712596	-0.1594654184162790	0.0002465562766885	-0.0020686187300414	
0.1946405076812532	0.0427081516889908	0.0000061846309575	-0.0020833241074375	0.2582058701451498	0.0593675751237204	-0.0000296928301648	-0.0020831206637599	0.2890927970562412	0.0874936664627109	-0.0000529276153402	-0.0020826575381328	
0.1914894455187711	0.2093767379135893	0.0000041918184525	-0.0020833290950950	0.2577905768326282	0.2302071991163792	-0.0000346246404664	-0.0020830441450504	0.2910090692607389	0.2624983047616568	-0.0000604174038624	-0.0020824526983729	
0.1913846426607275	0.2406248441803900	0.0000099376955152	-0.0020833095126695	0.2582605042767163	0.2625100167478082	-0.0000232020600472	-0.0020832034819347	0.2918535433116692	0.2958373563340114	-0.0000478986160862	-0.0020827798766621	
-0.0862476636528322	-0.1803952904889715	0.0020724456575765	-0.0001540933976792	-0.0333290631928570	-0.1649492913721857	0.0019598026546807	-0.0006929813814907	-0.0072913930194137	-0.1376160942733713	0.0019930244210707	-0.0005901236117663	
0.2883865394089750	-0.2010811938598294	0.0000449500640312	0.0020828459266955	0.3511105338626097	-0.1906318222217888	0.0000370443088622	0.0020830023108431	0.3806333065151850	-0.1666439717269924	0.0000514327680572	0.0020826951781205	
0.3911273329812541	-0.4058114479126976	-0.0014886070433120	0.0014536964071082	0.4505566235965839	-0.4043599418678288	-0.0012493281653743	0.0016648252321268	0.4786865508046778	-0.3834899621327094	-0.0012419811804949	0.0016703407730394	
0.4787030803027787	-0.1988851017167682	0.0000672071194573	0.0020822435901348	0.5526531986780476	-0.1937018705761183	0.0003196290213687	0.0020585440520920	0.5881702199812597	-0.1718984094565230	0.0004335209783811	0.0020374975980992	
0.2198445970448716	-0.0894993511470467	0.0002904659716560	0.0020628826717409	0.2823393176501231	-0.0769803611794397	0.0005330087844134	0.0020136427553267	0.3118882320302995	-0.0511043407957169	0.0005650268327805	0.0020048501649902	
-0.3460155661149638	-0.3864336373876463	-0.0020047089885080	0.0005489082260878	-0.2909194680574604	-0.3615370330873811	-0.0020525464639966	0.0003259443588406	-0.2639433171895584	-0.3290688541934595	-0.0020242051983350	0.0004715489906624	
-0.2997454942616722	0.2249828610620065	-0.0000288374314497	0.0020831327411234	-0.2379544137663740	0.2447915492857096	-0.0000010893407974	0.0020833330471083	-0.2132818668061255	0.2770794814348467	0.0000023855898217	0.0020833319606458	
-0.1181994711661152	-0.3406194301928148	0.0001582496696131	-0.0020772841520931	-0.0652188303080115	-0.3208186124859424	0.0000399423971592	-0.0020829484860986	-0.0413261646840128	-0.2906050089323479	0.0000562596545631	-0.0020825697547790	
0.2089856269985682	-0.1643342805196966	0.0014566737695180	-0.0014858521301787	0.2660145570804019	-0.1530527370083674	0.0018874248170352	-0.0008718206299405	0.2940896951971397	-0.1279701791836362	0.0018333028714561	-0.0009810465615606	
-0.0161052463120375	-0.1781107857916716	0.0002367760901115	0.0020697667008510	0.0397724586168637	-0.1614829527932360	0.0002604982661985	0.0020669007499711	0.0648350454673291	-0.1344129751320596	0.0002550341483042	0.0020675854861111	
0.0213828680873586	-0.0818360010682946	-0.0009096661489228	-0.0018731371121573	0.0801426494076481	-0.0667973281319497	-0.0008791007423219	-0.0018877475313023	0.1072960627036454	-0.0388084104470527	-0.0008433223684409	-0.0019040810782699	
-0.2183656871146081	-0.3302273133170923	-0.0000175201054609	0.0020832592942295	-0.1640454101568981	-0.3072804144319134	0.0000093133009963	0.0020833124119950	-0.1396590198657711	-0.2771179998893967	0.0000200084346585	0.0020832367691002	
0.5376081982628877	-0.1705104385892448	0.0013055334376811	-0.0016209032915261	0.6120855094039106	-0.1655640689560108	0.0013500243446646	-0.0015838522111924	0.6510546819409293	-0.1441563675732555	0.0013668632557441	-0.0015692703288806	
-0.2636012329712142	0.1166871570811092	-0.0000422451225364	0.0020829028285049	-0.2036318532706215	0.1364598162944051	-0.0000262852618965	0.0020831666769348	-0.1788374855804460	0.1677012748216929	-0.0000328168180480	0.0020830735567383	
-0.4582159577954174	-0.3960492324781876	-0.0020693365644067	-0.0001915370158527	-0.3979679017086664	-0.3675570366804380	-0.0020742284834206	-0.0001277300559325	-0.3688718635914263	-0.3330299633604306	-0.0020764064882300	-0.0000850270971101	
0.2026282420928941	-0.2208448139452217	-0.0000377013645625	-0.0020829904630218	0.2588090076213501	-0.2096347956884163	0.0005144308664301	0.0020184929556146	0.2901429998639908	-0.1858288223655575	-0.0011960454870783	-0.0017036993296358	
-0.2663728252638837	0.2885434037628034	0.0000168956723277	0.0020832644779124	-0.2045441275565093	0.3093742556243240	0.0000239797370549	0.0020831946311508	-0.1797323204754054	0.3427082302898922	0.0000192054403614	0.0020832443645162	
0.5010702194740173	-0.2247791227263460	-0.0011864196181759	0.0017104500905862	0.5713229335198442	-0.2209973263586597	-0.0012810345955892	0.0016404306257644	0.6071576356082080	-0.2006988676130976	-0.0012585961956810	0.0016577946711441	
-0.3709063241761953	-0.3888231148891674	-0.0020631385610928	-0.0002498554552515	-0.3137986273381346	-0.3635436467412779	-0.0020711058709407	-0.0001712426414263	-0.2867635289250235	-0.3304084948276440	-0.0020732140503179	-0.0001433294561380	
