-0.2194779237725277	0.2145953718092105	0.0000481783770588	0.0020827733917722	-0.2899151999929204	0.2145843834153243	0.0000913888461103	0.0020813178625042	-0.3823299686750691	0.2114542818883193	0.0001321353545705	0.0020791177499043	
-0.2772539483297097	0.0135078041131465	0.0000661483066251	0.0020822776649546	-0.3533204406008315	0.0093812830581803	0.0000802742710203	0.0020817784606250	-0.4524932388992442	0.0000722519334602	0.0000897524799393	0.0020813894258974	
0.0639991529238556	-0.4531924433221667	0.0001824736214243	-0.0020752865980499	-0.0060750775131695	-0.4697716013815382	0.0000986067974424	-0.0020809867371040	-0.0908613736529734	-0.4917007704335919	0.0000120223022229	-0.0020832984708018	
0.0851241291828704	-0.3479086097602125	-0.0002537335905630	0.0020677462940949	0.0166763165941822	-0.3625057211379735	0.0000404653171531	0.0020829383424485	-0.0668721960906149	-0.3812050583306711	0.0001519591074240	0.0020777561467301	
-0.2197558294999878	0.2041878488453672	0.0000594245542909	0.0020824814096809	-0.2904035203623933	0.2041953122724398	0.0000980399034546	0.0020810136558709	-0.3830967171478458	0.1999771825623786	0.0001517730589602	0.0020777698133035	
-0.2198447271029519	0.2010245868208025	0.0000660180064928	0.0020822818208568	-0.2905492766947818	0.2010207043904133	0.0001034956048222	0.0020807481380295	-0.3833353323371236	0.1968695475198282	0.0001587898649186	0.0020772427224285	
0.0845890397929858	-0.4176858092097536	-0.0000661027635805	0.0020822791184753	0.0149195362142708	-0.4333146488357050	-0.0000165072508116	0.0020832676074616	-0.0695194784914445	-0.4531162054376842	0.0000607110697584	0.0020824441148756	
-0.2318260988711709	-0.0978864230127194	0.0005067620478856	0.0020204416251617	-0.3092338271126225	-0.1063968295510644	0.0006871581956304	0.0019661453427613	-0.4091156289731323	-0.1199635865307105	0.0011640450512434	0.0017258312267691	
-0.2235097302770030	0.1031307766177214	0.0000813507160207	0.0020817364645227	-0.2961940562111121	0.1010459934139601	0.0001213094479774	0.0020797807874205	-0.3909244370938126	0.0937709083627375	0.0001567713541457	0.0020773968037912	
0.1801869112663699	-0.4354097540671983	0.0000721153863785	-0.0020820785559571	0.1092832258241727	-0.4489499483102427	0.0001020467247784	-0.0020808200573296	0.0245496066578912	-0.4656522676582325	0.0000787176971256	-0.0020818381975624	
0.1466964734855661	-0.0040744299271081	-0.0006933676528192	0.0019639532269252	0.0784570159842423	-0.0148442020341804	-0.0007159375253561	0.0019557978426521	-0.0041655523766893	-0.0281316192392848	-0.0010243947458570	0.0018126333608339	
-0.2775310498826849	-0.0051902924681853	0.0000500997663024	0.0020827278328130	-0.3538619114740333	-0.0094508909395796	0.0000994289321348	0.0020809474219406	-0.4536691274748476	-0.0209000938863556	0.0001785272294691	0.0020756315296935	
-0.2619080149476468	-0.0791109231284802	-0.0014090980871598	-0.0015312675016830	-0.3414889374656578	-0.0869526098084653	-0.0016789029416353	-0.0012277831640562	-0.4427463988717184	-0.0966957073365814	-0.0017857091574387	-0.0010656251062686	
-0.2251986596979693	0.0510372843010322	0.0000507889755381	0.0020827110562964	-0.2990496963747256	0.0468664596760180	0.0000985809847284	0.0020809879661921	-0.3947522565767079	0.0385356420463538	0.0001416497913916	0.0020784880720503	
-0.2242694429989654	0.0833274242013341	0.0000777748823109	0.0020818738105351	-0.2974184320153689	0.0802216326657578	0.0001192209620799	0.0020799021570627	-0.3925210867451382	0.0728997926248051	0.0001496001721015	0.0020779281809897	
0.1478882143398510	0.0581373275064898	0.0009372433064432	0.0018594233372396	0.0793943061070260	0.0456324457954992	0.0007715026342826	0.0019344460864540	-0.0050770263906048	0.0322534941569598	0.0004859690007368	0.0020255689577784	
0.3754166426475376	-0.4645762316357013	0.0003345104660533	0.0020561664184256	0.3005221738208618	-0.4749785006875432	0.0002850772856906	0.0020636380171278	0.2128984152151809	-0.4864756712986276	0.0000008121737139	0.0020833331742305	
-0.2850032779817310	-0.0568317753190623	0.0015182682283603	0.0014225326939470	-0.3656846235445639	-0.0636855359482274	0.0019548686285995	0.0007068486269875	-0.4662232967079999	-0.0723841731613664	0.0020681913759610	0.0002035887975626	
0.2693505947331905	-0.0085238998299899	-0.0010931861218647	-0.0017717898103770	0.1971630376321887	-0.0226233913245307	-0.0012382906481016	-0.0016730922408620	0.1100835839248333	-0.0353282580319077	-0.0013952761355215	-0.0015439352766481	
-0.2753697090075535	0.0864586483476585	0.0000185081512682	0.0020832507077198	-0.3499468908250337	0.0854049728942937	0.0000401122747561	0.0020829452052713	-0.4475031320450304	0.0781125842765014	0.0000521611264158	0.0020826769729721	
0.1451396021548691	0.0469292694100151	0.0001896639990480	0.0020746385849715	0.0772019239800703	0.0343329913801264	0.0001487903524073	0.0020779866163182	-0.0064194912041986	0.0208519251689303	0.0001100965312300	0.0020804076162137	
-0.2541598886015201	-0.0031343697395028	-0.0000852839489721	-0.0020815782506568	-0.3301107783295383	-0.0083473951860957	-0.0001276077705139	-0.0020794019607073	-0.4288560618380085	-0.0187683281535079	-0.0001718802208737	-0.0020761953349230	
0.2737969979060941	0.0260577818953128	-0.0000192184265391	-0.0020832442441565	0.2034681538619247	0.0114700960592340	-0.0000551863708789	-0.0020825986160407	0.1181244919421566	-0.0030932673195868	-0.0000904166454301	-0.0020813605360589	
-0.2550773891079251	-0.0239504076372681	-0.0000954248061117	-0.0020811358191565	-0.3314783070281327	-0.0291660682150678	-0.0001395914861474	-0.0020786280196494	-0.4307265742837556	-0.0406516621551643	-0.0001739891182813	-0.0020760187894693	
0.4535694055631014	-0.4342279553900220	0.0004205123373333	0.0020402357446157	0.3734715582058707	-0.4438806562665781	0.0004277133132131	0.0020387307970205	0.2805023260014284	-0.4520692964316439	0.0004208554306968	0.0020401646455047	
-0.2285939491527778	-0.0468750307762832	0.0000520709694375	0.0020826792403162	-0.3045703048205317	-0.0531197107778715	0.0000923086257410	0.0020812770689469	-0.4022545197484599	-0.0666587775777095	0.0001258628343782	0.0020795088406702	
0.0862122118141254	-0.4437534692667206	-0.0001792941996745	0.0020755650880605	0.0162037748214381	-0.4594079560928876	-0.0001303155794726	0.0020792331785143	-0.0684453137382212	-0.4802067058991352	-0.0000610291212533	0.0020824347716292	
-0.2754546156018354	0.0583277332143207	0.0000345994857741	0.0020830445651156	-0.3506135270749253	0.0562382652390824	0.0000775289897272	0.0020818830279920	-0.4489898044558422	0.0479185106338588	0.0001191438831094	0.0020799065959438	
0.0853954455791104	-0.4364171774790160	-0.0002414262729638	0.0020692267480831	0.0155509482182105	-0.4520897290761165	-0.0002136867030489	0.0020722903211893	-0.0687957480956027	-0.4729408915531920	-0.0001509280031446	0.0020778316767639	
-0.2229618820717706	0.1176923355317303	0.0000723264677628	0.0020820711975229	-0.2953624640929899	0.1156412713392242	0.0001112674435243	0.0020803450084521	-0.3897886020523588	0.1093862369874675	0.0001458312535537	0.0020781974296430	
-0.2745146131775534	0.1761186720581826	0.0001299134966117	0.0020792584659220	-0.3471271143734885	0.1771148364855084	0.0001679901693903	0.0020765153023519	-0.4427675496848268	0.1740038706988437	0.0001866931512251	0.0020749093849034	
-0.2836925602506860	-0.0551774782772910	0.0011141641406798	0.0017586078238846	-0.3634947733373959	-0.0627580262408973	0.0018668188240233	0.0009153242114754	-0.4652485706691001	-0.0722221840823344	0.0020569130449275	0.0002969942826765	
-0.2753103855685994	0.0906247699862583	0.0000331940948624	0.0020830675490050	-0.3498308418612898	0.0895647501672815	0.0000690692175875	0.0020821823499299	-0.4473962271345817	0.0822596191340981	0.0000547269649295	0.0020826107997331	
0.0852569089210199	-0.3520890101826220	0.0000590157071923	0.0020824930943574	0.0165593445570258	-0.3666594564966109	0.0001256466067045	0.0020795219820871	-0.0671841465595214	-0.3854495013623591	0.0001244804846240	0.0020795924631822	
-0.2263465436797620	0.0177027390733869	0.0000610479309630	0.0020824342175350	-0.3009524319494236	0.0124804614590798	0.0001015846535976	0.0020808427797951	-0.3972369715576512	0.0031448656249486	0.0001297155410790	0.0020792708867315	
0.2151565828605720	-0.4062180901195665	0.0004864689669593	0.0020254483411356	0.1395206361101617	-0.4196202587074992	0.0004707616146225	0.0020291751556688	0.0512358942694644	-0.4330863053940248	0.0002620033712152	0.0020667095474161	
0.2707522676820201	-0.0059870144197475	-0.0008583200234188	-0.0018973340097108	0.1988367680727354	-0.0200937041254541	-0.0010787021897471	-0.0017806892202324	0.1119128661668515	-0.0330043239669801	-0.0012243767543271	-0.0016833521555793	
-0.2226149297379147	0.2571379699606208	-0.0010808951028814	0.0017793522925882	-0.2916904688880453	0.2595304849321536	-0.0009907129004207	0.0018313525144036	-0.3806629590910669	0.2572271727634821	-0.0003095325524453	0.0020600941060870	
-0.2511769085514013	0.0812397633743540	-0.0000613303578580	-0.0020824258772907	-0.3252751434308391	0.0791687941506389	-0.0000947661409195	-0.0020811660666744	-0.4221822202310097	0.0718958421150882	-0.0001337518119003	-0.0020790138698541	
0.4511995321027702	-0.4448829866814255	0.0005083423595764	0.0020200426105384	0.3711014700992255	-0.4542270696991911	0.0005136549458981	0.0020186915361952	0.2781728269023447	-0.4623773764285369	0.0005080971295192	0.0020201046155509	
-0.2520758474985508	0.0458211603077798	-0.0000701485879496	-0.0020821460848147	-0.3270040154923617	0.0426936195589160	-0.0001171453128843	-0.0020800206856078	-0.4248407057766862	0.0333238806115417	-0.0001642330867276	-0.0020768173342617	
0.4448837682007643	-0.4667473616602104	0.0005815631082668	0.0020000922320705	0.3651157090319930	-0.4762233809367735	0.0005926727787537	0.0019968120228523	0.2725328783130436	-0.4844804619569875	0.0005800665906386	0.0020005289397987	
0.1978429293679528	-0.1333187085166724	0.0000437340582581	-0.0020828719438872	0.1253609718182863	-0.1458393824016638	0.0000320137228636	-0.0020830861164456	0.0385449777904906	-0.1593757705550296	0.0000321646375765	-0.0020830837800198	
-0.2738434239227435	0.1873240826062365	0.0001243872116524	0.0020795980721673	-0.3462132008519268	0.1886188767793674	0.0001579575281775	0.0020773064983832	-0.4417042383162192	0.1854573072094290	0.0001920601398433	0.0020744170300184	
-0.2501214023069119	0.1364246922122394	-0.0000768418146082	-0.0020819086322601	-0.3231512603069250	0.1354167705466780	-0.0001066127191040	-0.0020805899652513	-0.4188160810801969	0.1302191504857180	-0.0001211784344991	-0.0020797884632695	
-0.2266178638750001	0.0072951408683679	0.0000576205462706	0.0020825323596616	-0.3014276591385189	0.0020891242256852	0.0001035535197596	0.0020807452421296	-0.3980047054230059	-0.0083297691498653	0.0001520924025216	0.0020777463449138	
0.0845166454102372	-0.4156133222150094	-0.0000620216807068	0.0020824052995068	0.0148959594399835	-0.4312409302681474	-0.0000233787241133	0.0020832014969265	-0.0694736105308060	-0.4510332027163398	0.0000353658307665	0.0020830316306444	
0.1801482639886093	-0.4323059123676864	-0.0000088532017076	-0.0020833144280717	0.1091642178412070	-0.4458327868264960	0.0000558831647906	-0.0020825799421659	0.0244069656532201	-0.4624771911492463	0.0000762977021639	-0.0020819287440597	
-0.2478398171536973	0.1947875955410305	-0.0000889575807597	-0.0020814237218520	-0.3195557757280610	0.1958189746867978	-0.0001289719998720	-0.0020793173707210	-0.4140874235394973	0.1926862283255450	-0.0001546242959558	-0.0020775585219397	
0.1992725839664047	-0.0583080019801926	0.0000284218333036	-0.0020831384815028	0.1279089266045493	-0.0708461120120950	-0.0000062486403998	-0.0020833239154772	0.0416944563017648	-0.0854344482341499	-0.0000414633129490	-0.0020829186169124	
0.1447937126456789	0.0405997090283829	0.0000562930906909	0.0020825688467257	0.0769387716773473	0.0281221724880256	0.0000537135606993	0.0020826373153791	-0.0066662722721609	0.0146017007385088	0.0000663111227952	0.0020822724604297	
0.0848174580206150	-0.4292447550310792	-0.0000658158913388	0.0020822882510579	0.0149094684563795	-0.4447143876274223	-0.0000757372626207	0.0020819493097367	-0.0694466239612448	-0.4655904809182482	-0.0001634657077618	0.0020768781784133	
-0.2488712133521468	0.1656163120960554	-0.0000788277428356	-0.0020818340127963	-0.3212759135493367	0.1656328543997556	-0.0001233911557246	-0.0020796577070330	-0.4163802853270619	0.1614377672524420	-0.0001742215203240	-0.0020759992014054	
-0.2213390201986601	0.1583339763471089	0.0000640997657770	0.0020823420536082	-0.2929431461754301	0.1572868256921801	0.0001136801790442	0.0020802139067857	-0.3866278699424125	0.1520916156025028	0.0001557896473790	0.0020774710250172	
-0.2205111312458887	0.1833381951903084	0.0000849416277641	0.0020815923177115	-0.2916111362290775	0.1822770114803783	0.0001252477753708	0.0020795461618999	-0.3848036160070531	0.1781453635055716	0.0001546958555878	0.0020775531681369	
-0.2773382965188321	0.0103990053769507	0.0000451551137584	0.0020828414691988	-0.3534217374523885	0.0062726533998833	0.0000603120040329	0.0020824557689237	-0.4526293633617839	-0.0031835418292459	0.0000835451507066	0.0020816491162025	
-0.2754712403846708	0.0572854613589979	0.0000348220700805	0.0020830408375142	-0.3506476551854493	0.0551967121186855	0.0000767361587224	0.0020819125487708	-0.4490489896168283	0.0468785927649245	0.0001201360664589	0.0020798492372614	
0.0640811880753426	-0.4542184363005776	0.0001590158997485	-0.0020772253448014	-0.0060283602154814	-0.4708091887894240	0.0000792072178339	-0.0020818195373982	-0.0908579483568086	-0.4927377373629346	0.0000060960842877	-0.0020833243697251	
-0.2267068381072824	0.0041744720119187	0.0000649741707808	0.0020823148177712	-0.3015857394738273	-0.0010246789820466	0.0001118464936856	0.0020803138016299	-0.3982473550029819	-0.0114315190739143	0.0001618052355456	0.0020770088529483	
0.2690305328715109	0.0624254305090483	0.0012367037425270	-0.0016742714508967	0.1996192397832284	0.0490489481595690	0.0011746462951180	-0.0017185971796318	0.1167398004982747	0.0334970505348544	0.0007272433192643	-0.0019516011920006	
-0.2497295514141705	0.1458605910474720	-0.0000932442713783	-0.0020812351517360	-0.3226075474687538	0.1448406410389492	-0.0001326157608617	-0.0020790870095141	-0.4181065974403322	0.1406774658015153	-0.0001594989993053	-0.0020771881205959	
0.1449192833810535	0.0125779508146603	-0.0000338878309373	0.0020830563227117	0.0767393658812583	-0.0000253058961116	-0.0000243631334512	0.0020831901603034	-0.0071702161519362	-0.0135217305408316	-0.0000457781600703	0.0020828278005013	
0.0867044353765353	-0.4520805512406554	-0.0000783903783407	0.0020818506100817	0.0165226996246719	-0.4677066566385122	-0.0000460971602507	0.0020828207295811	-0.0682717428345536	-0.4895963039053015	-0.0000324308588929	0.0020830796316494	
0.4420117957536112	-0.4751783600614540	0.0007564639333858	0.0019404059705036	0.3618832069672357	-0.4855220158751494	0.0007170247226959	0.0019553975271740	0.2702564628061209	-0.4927290727454468	0.0004732526857291	0.0020285927222842	
-0.2774733018092028	-0.0020757609636728	0.0000288727150334	0.0020831322499366	-0.3537225147975496	-0.0061833182919346	0.0000732683165753	0.0020820381016642	-0.4533303076730340	-0.0166206461514498	0.0001523247863272	0.0020777292359756	
-0.2808685078720013	-0.0456939480322721	0.0003232888107490	0.0020579696040330	-0.3579835831426873	-0.0522811544182220	0.0003143425444063	0.0020593620052841	-0.4589895838022542	-0.0647082917323593	0.0004880312317664	0.0020250705996562	
-0.2753336649612889	0.0760426180274833	-0.0000139045098662	0.0020832867000242	-0.3500776836484586	0.0739606653559530	0.0000296793940738	0.0020831208561933	-0.4479231828059277	0.0666663194616662	0.0001020977641429	0.0020808175411164	
-0.2229377205956788	0.2575921013696527	-0.0011306310608577	0.0017480136039177	-0.2921325707962915	0.2603233888822665	-0.0010740852262535	0.0017834918555425	-0.3806629590910669	0.2572271727634821	-0.0003095325524453	0.0020600941060870	
-0.2263172436464814	0.0187431461919610	0.0000632762438217	0.0020823673667982	-0.3009024742463791	0.0135192020870504	0.0001032835548480	0.0020807587272292	-0.3971715379836456	0.0041823229648892	0.0001301555660931	0.0020792432513195	
0.1813866249501082	-0.4511142302520554	0.0001327591705244	-0.0020790778112607	0.1101689909972567	-0.4645801239093638	0.0000609783426189	-0.0020824362666065	0.0248032848330630	-0.4822994134428015	-0.0000077443887458	-0.0020833188670888	
-0.2214800959641848	0.1541734606750045	0.0000718651952340	0.0020820872498965	-0.2931741466628522	0.1531362020418027	0.0001235752087638	0.0020796467238339	-0.3869388938347852	0.1479537832872728	0.0001636516317265	0.0020768634631438	
0.4436116375575152	-0.4708008280328547	0.0006682736831455	0.0019726764363243	0.3637890363108491	-0.4802557471467021	0.0006759157594208	0.0019700579935593	0.2716580544299682	-0.4876415449731352	0.0005829274113257	0.0019996930427671	
-0.2208635323840553	0.1739484055509083	0.0000696579692533	0.0020821626386062	-0.2921522059521882	0.1729240463656831	0.0001092771862296	0.0020804510309536	-0.3854765843305655	0.1687487996563883	0.0001414763082322	0.0020784999468753	
0.1990669779080723	-0.0467987704495353	0.0000476351360978	-0.0020827859496054	0.1278926142553125	-0.0593892340023005	0.0000090666154441	-0.0020833135056277	0.0418327504590535	-0.0739957791050976	-0.0000161992060989	-0.0020832700376543	
-0.2238884431014914	0.0937730778113827	0.0000792230679504	0.0020818189312673	-0.2968212919902262	0.0906014074052265	0.0001240850513576	0.0020796162136499	-0.3917290311582435	0.0833333349998124	0.0001595788917580	0.0020771819537081	
0.0865122516564084	-0.4479019429587400	-0.0001183614257950	0.0020799514936573	0.0164058229902205	-0.4635470171675604	-0.0000773828700680	0.0020818884915454	-0.0683357482776480	-0.4854243282343940	-0.0000380712428214	0.0020829837018305	
0.4452563156574880	-0.4653696480333575	0.0005633958317803	0.0020053114113152	0.3654923710707174	-0.4748798686900276	0.0005634378517229	0.0020052995461579	0.2729000497946150	-0.4831935145698520	0.0005625143051865	0.0020055601075213	
0.1447272506539030	0.0364501178630240	0.0000136356397277	0.0020832884860939	0.0768682145314238	0.0239588055676606	0.0000246595897808	0.0020831866546549	-0.0067865657600447	0.0104121824166770	0.0000539010971553	0.0020826324458972	
-0.2752775768042801	0.0947960071129754	-0.0000126962084511	0.0020832944528061	-0.3496908730528534	0.0937441531854889	0.0000525810724974	0.0020826663600940	-0.4472081790992545	0.0875409277649222	0.0000950361372044	0.0020811536931753	
-0.2215167822651277	0.1531336313225636	0.0000742635764962	0.0020820026630916	-0.2932335438411300	0.1520990729587105	0.0001259900150865	0.0020795011005641	-0.3870242943655690	0.1469201867390524	0.0001651420752826	0.0020767448911156	
-0.2521469376775267	0.0437400333486140	-0.0000742794331087	-0.0020820020946051	-0.3271206929190826	0.0406159980925361	-0.0001208120476160	-0.0020798098850501	-0.4250033526827575	0.0312516448106662	-0.0001655170254230	-0.0020767148917028	
0.2680971664300696	-0.0104351329729906	-0.0012095712206646	-0.0016940751999506	0.1956787259476107	-0.0244557728075345	-0.0013787535997903	-0.0015587814472815	0.1090666706164329	-0.0363926413690501	-0.0015206603291222	-0.0014199624817156	
0.0588954922774880	-0.4366513594568721	0.0014829472890159	-0.0014594984439489	-0.0111003037851235	-0.4508443944350437	0.0014995475970329	-0.0014423513833366	-0.0924838930164276	-0.4739600218938120	0.0005079830858219	-0.0020201334400051	
0.2722721113975667	-0.0010551456013806	-0.0004247265125242	-0.0020393582512229	0.2008534018487701	-0.0157816856375814	-0.0006747343922716	-0.0019704649450694	0.1143032168655145	-0.0291703744011769	-0.0009295829252116	-0.0018632840202398	
0.1447663987272744	0.0271005102971927	-0.0000236831710252	0.0020831980408064	0.0768046211597122	0.0145788640952073	0.0000115669613450	0.0020833010616264	-0.0070078796054579	0.0010580702542770	0.0000448324120197	0.0020828484751230	
-0.2504596301142196	0.1187547430826688	-0.0000067757809020	-0.0020833222594519	-0.3237385680131061	0.1176546809383526	-0.0000409319535878	-0.0020829291791508	-0.4196036908839997	0.1114418437810289	-0.0000853027146632	-0.0020815774778770	
0.2737882885759629	0.0270698510292109	-0.0000143900832586	-0.0020832833860555	0.2034901226098239	0.0125089133432988	-0.0000512236389644	-0.0020827003579209	0.1181601819188230	-0.0020578868377707	-0.0000852003220818	-0.0020815816923799	
0.0848870632126029	-0.3676966333819994	0.0000284994618459	0.0020831374156016	0.0159847886365575	-0.3823063729275786	0.0000485509298505	0.0020827646972935	-0.0679297710971779	-0.4020704360748712	0.0000770265810090	0.0020819017702675	
-0.2753575090370195	0.0791665559076760	-0.0000164751561970	0.0020832678627953	-0.3500394544153618	0.0770844643831470	0.0000197189185815	0.0020832395434560	-0.4477367500479207	0.0708334091420991	0.0000812874742094	0.0020817389473105	
0.1992925129647373	-0.0593515707723474	0.0000267839171258	-0.0020831602934451	0.1279065441876771	-0.0718876269609315	-0.0000091024444151	-0.0020833133486092	0.0416690990321094	-0.0864729971813591	-0.0000451334477808	-0.0020828419411461	
-0.2485122995109244	0.1760423942224817	-0.0000681868956944	-0.0020822115763559	-0.3206928481424156	0.1760319386831971	-0.0001142886693699	-0.0020801803976326	-0.4154691696661231	0.1729093833761794	-0.0001512995455560	-0.0020778045202708	
0.2730365741323226	0.0042267161143472	-0.0001905328048092	-0.0020745585765238	0.2021884612024144	-0.0102843286057475	-0.0003034301747488	-0.0020610063032505	0.1158856484385605	-0.0247920315430816	-0.0005425325594005	-0.0020110849440646	
0.1979455053010757	-0.1634610423852571	-0.0000242651050414	-0.0020831913101774	0.1252251952057077	-0.1759528988080066	-0.0000363501628559	-0.0020830146011270	0.0380724332008200	-0.1895144398016879	-0.0000361244108426	-0.0020830185480926	
-0.2217750289737740	0.1468984380520099	0.0000890732173901	0.0020814187517036	-0.2936297376357596	0.1458007022703849	0.0001352887271557	0.0020789139252239	-0.3876268538719838	0.1395881939330899	0.0001682003361268	0.0020764982039767	
-0.2506030237508221	0.1000053491027139	-0.0000461625869963	-0.0020828192732685	-0.3243363506468760	0.0979220097317329	-0.0000980930031766	-0.0020810111410514	-0.4207937663364255	0.0916654994071329	-0.0001528080895828	-0.0020776935693300	
-0.2511133637170226	0.0833213396158937	-0.0000651410880165	-0.0020823095766725	-0.3251798014733039	0.0812478717532067	-0.0000984462057221	-0.0020809943785380	-0.4220458092704795	0.0739699977049169	-0.0001359778079533	-0.0020788687424026	
-0.2240437937634474	0.0895664903934136	0.0000788057949147	0.0020818348478888	-0.2970602976388494	0.0864512782374031	0.0001240345021100	0.0020796192442661	-0.3920578914819028	0.0791918891150256	0.0001573887198459	0.0020773498881453	
-0.2197841832802198	0.2031042599996830	0.0000615436004568	0.0020824195545745	-0.2904526053246539	0.2030973554423530	0.0000997349364308	0.0020809327050090	-0.3831759830058477	0.1989415291568878	0.0001542114846452	0.0020775893581839	
-0.2554972191973862	-0.0333344248225105	-0.0000862314129661	-0.0020815390208782	-0.3321581293164663	-0.0395942726835586	-0.0001303697911135	-0.0020792297630863	-0.4315433088414840	-0.0510246808371660	-0.0001581465069637	-0.0020772920478859	
-0.2265104019422228	0.0114581357591449	0.0000539757955666	0.0020826305015844	-0.3012345744253208	0.0062449805034893	0.0000975852711550	0.0020810351315361	-0.3977058163326889	-0.0041859801288986	0.0001398731215965	0.0020786089923080	
0.1447870046003094	0.0260628484139349	-0.0000243239515242	0.0020831906204640	0.0768007010778271	0.0135362978646856	0.0000133499390440	0.0020832903457481	-0.0070384202988565	0.0000163726639208	0.0000439803180137	0.0020828667326486	
-0.2559387838323663	-0.0447875021314129	-0.0000771346198360	-0.0020818977501949	-0.3328538812088697	-0.0510286049153831	-0.0001245933167187	-0.0020795856723665	-0.4325096321142989	-0.0635258009813550	-0.0001686185715554	-0.0020764641138940	
-0.2249514205903668	0.0614664505450401	0.0000513820509595	0.0020826964362433	-0.2985328737184554	0.0583454256246110	0.0000937622311143	0.0020812117648304	-0.3940815823790311	0.0489726897556358	0.0001296731346627	0.0020792735450683	
-0.2480902337017345	0.1885404500841615	-0.0000787179077270	-0.0020818381895593	-0.3199975752315656	0.1885407018573919	-0.0001184102515073	-0.0020799487007006	-0.4146008214223809	0.1854171535408635	-0.0001441535394558	-0.0020783150636390	
-0.2194032527339840	0.2177166439486403	0.0000464746718919	0.0020828122982341	-0.2897751022457696	0.2176993280496142	0.0000920011309665	0.0020812907523306	-0.3821413963100588	0.2145624042386178	0.0001309387945949	0.0020791938288318	
-0.2261518659049809	0.0239428703536509	0.0000741842752362	0.0020820055043530	-0.3006245623246240	0.0187700685077317	0.0001138688554265	0.0020802035356960	-0.3968521154316585	0.0093701412560894	0.0001359192431135	0.0020788725914455	
0.0866189842972633	-0.4499892931096908	-0.0000953952352425	0.0020811371816244	0.0164721096665742	-0.4656253099989796	-0.0000592396569560	0.0020824867039680	-0.0683024784545628	-0.4875108969880250	-0.0000351034779152	0.0020830360905764	
-0.2588120158615074	-0.0739258088378011	-0.0007145690687818	-0.0019563007405923	-0.3371458146399833	-0.0820233477283326	-0.0009815095611870	-0.0018363262054919	-0.4388465716666485	-0.0934438495777684	-0.0013631672656281	-0.0015724980269689	
-0.2519431014433235	0.0500144331289711	-0.0000628779550054	-0.0020823794917487	-0.3267776560391837	0.0469001722887513	-0.0001110359393450	-0.0020803574394792	-0.4244385422798351	0.0385761055133411	-0.0001598885828783	-0.0020771580193310	
-0.2290848121627168	-0.0645710358144159	0.0000674127923478	0.0020822369083223	-0.3054378314364987	-0.0718772436600874	0.0001104376907008	0.0020803894432545	-0.4034704382466788	-0.0853958018978715	0.0001579855556610	0.0020773043563245	
-0.2482040194204053	0.1854162291079569	-0.0000737682842678	-0.0020820203589793	-0.3201757065998639	0.1854203782367287	-0.0001150103898672	-0.0020801404203515	-0.4148118550761055	0.1823004408071981	-0.0001424144429878	-0.0020784355578359	
-0.2220515066798588	0.1406087634137915	0.0000971322977515	0.0020810564293474	-0.2941095288203058	0.1385453328093207	0.0001311581242609	0.0020791799355599	-0.3881454234412517	0.1332962965886565	0.0001600239285959	0.0020771475445230	
-0.2269281113993559	-0.0020599464860130	0.0000850805997611	0.0020815866137487	-0.3019545099268916	-0.0073251945703091	0.0001315518743346	0.0020791549351832	-0.3987621783837904	-0.0177337496330816	0.0001762583629239	0.0020758263988243	
0.1979218136331871	-0.1667475959149005	-0.0000089659481074	-0.0020833139434825	0.1251791569545806	-0.1792547188011581	-0.0000240616872310	-0.0020831936814763	0.0380328535937955	-0.1926314235030520	-0.0000198213678878	-0.0020832385663347	
-0.2521852585504113	0.0426994605504247	-0.0000764406288729	-0.0020819234749786	-0.3271800749341002	0.0395772012292184	-0.0001227613430269	-0.0020796951662466	-0.4250851870196875	0.0302155726305818	-0.0001660594200150	-0.0020766713740500	
-0.2471238485620224	0.2218874327288651	0.0000743987972037	-0.0020819978112987	-0.3181506990329188	0.2229129068091253	-0.0000187004272641	-0.0020832489820188	-0.4118519237230135	0.2208481778561804	-0.0001337758005086	-0.0020790123186990	
0.2676331505220443	0.0641000185293762	0.0014283029595920	-0.0015132796953532	0.1982460468959841	0.0508279414149180	0.0013788437621730	-0.0015587012940679	0.1157254896338447	0.0356477997928158	0.0009681065602411	-0.0018434628980662	
-0.2202997632612784	0.1885420924474950	0.0000873008527522	0.0020814942190787	-0.2912881911158106	0.1875142278788146	0.0001274050241145	0.0020794144550707	-0.3843361720842711	0.1843681081350046	0.0001643076404071	0.0020768114077467	
-0.2815011144741368	-0.0490069746313120	0.0004448663245912	0.0020350383200018	-0.3587616965217290	-0.0561020963944446	0.0005175425538786	0.0020176933754074	-0.4599814345132787	-0.0679025091425161	0.0008117629256687	0.0019178164188879	
-0.2494457881834071	0.1520871152698630	-0.0000933281243956	-0.0020812313744133	-0.3221313995357023	0.1520848189373745	-0.0001366274233516	-0.0020788259362036	-0.4176091423346379	0.1468640227102598	-0.0001711846861003	-0.0020762530859429	
0.1801864065858997	-0.4302405807369903	-0.0000754382096985	-0.0020819602215483	0.1091294785289174	-0.4437505421894558	0.0000152530621336	-0.0020832772156244	0.0243366496979148	-0.4604038406562374	0.0000688524777437	-0.0020821895641701	
0.1764195889561819	-0.3334585466554359	0.0013087215638349	-0.0016183173918525	0.1073883992313143	-0.3435521245680971	0.0014148513689891	-0.0015259265539954	0.0270543451691407	-0.3624928703078885	0.0003600983858005	-0.0020518181609591	
-0.2532084908998684	0.0197793504810373	-0.0000952165715982	-0.0020811454044899	-0.3287283335721545	0.0156466900014339	-0.0001274374420703	-0.0020794124586350	-0.4269612198521638	0.0062433172175407	-0.0001513613847628	-0.0020777999938510	
-0.2737461755255337	0.1887145419491568	0.0001238637732357	0.0020796294709388	-0.3461357491357008	0.1896304124354927	0.0001551576375566	0.0020775185595708	-0.4415158273419734	0.1874647326563491	0.0001869606982616	0.0020748851739567	
-0.2518223953121676	0.0541781244616756	-0.0000568060183831	-0.0020825548490415	-0.3265563665730182	0.0510566481971897	-0.0001066637584258	-0.0020805873361919	-0.4241176587390907	0.0427208087614117	-0.0001552392797168	-0.0020775124300520	
-0.2230343966833856	0.1156107497454594	0.0000733607076228	0.0020820348320217	-0.2954736450276333	0.1135658250998783	0.0001134916615744	0.0020802242519119	-0.3899400084636156	0.1073159690182661	0.0001482062187297	0.0020780285685740	
-0.2205547031337443	0.1822973126134952	0.0000836604513659	0.0020816444623315	-0.2916715436449144	0.1812377639773273	0.0001239580512311	0.0020796238254274	-0.3848761219998943	0.1771081872056949	0.0001530569360069	0.0020776751607445	
-0.2557453620695145	-0.0395819962286406	-0.0000771298385358	-0.0020818979282241	-0.3325417800176466	-0.0458320054496699	-0.0001232588202335	-0.0020796655938814	-0.4320983432202976	-0.0583419891105866	-0.0001582221941158	-0.0020772862555000	
-0.2731948301127450	0.1978913311644818	0.0001271586704351	0.0020794296099208	-0.3454083915068308	0.1990996922938073	0.0001588718373118	0.0020772364232393	-0.4407034661693264	0.1969224568894584	0.0001766395715081	0.0020757938329358	
-0.2506790107907530	0.0968815661670263	-0.0000569095562326	-0.0020825520081038	-0.3244915587379941	0.0948019886921151	-0.0001054277416530	-0.0020806506493295	-0.4210206161803061	0.0885502183311952	-0.0001533634056524	-0.0020776524480556	
0.2727536386817775	0.0532685413933857	0.0003683453498625	-0.0020503463711137	0.2031148505294668	0.0386472597924070	0.0002470380694200	-0.0020685609610482	0.1184360949137053	0.0229145933061644	0.0000810339618647	-0.0020817488804481	
0.0846628355696417	-0.3864391110603877	0.0000222432398619	0.0020832139926463	0.0155191314787213	-0.4010433829542491	0.0000470683457268	0.0020827988999459	-0.0685793562301829	-0.4208333480201702	0.0000722737506273	0.0020820730372939	
0.0844225505307399	-0.4124964465072532	-0.0000367751258137	0.0020830071044999	0.0148560117809812	-0.4281246188689744	-0.0000093339375695	0.0020833123191761	-0.0694505696024733	-0.4479132892209546	0.0000117379624659	0.0020833001003828	
-0.2753595649371073	0.0645829138696864	0.0000250654068422	0.0020831817870406	-0.3503813789866294	0.0624926822080167	0.0000756637006659	0.0020819519978664	-0.4485739559607586	0.0552090649786296	0.0001222668720976	0.0020797244409760	
0.4664665988233156	-0.3843468281798820	0.0007637617353219	0.0019375307697348	0.3855639748760946	-0.3948258153464343	0.0009185583536592	0.0018687708013615	0.2920723673763249	-0.4021352287597761	0.0009538525934933	0.0018509154889800	
-0.2204706129139958	0.1843790886968315	0.0000859848138566	0.0020815492731170	-0.2915449556340604	0.1833159063043540	0.0001263345239011	0.0020794800946478	-0.3847246195850761	0.1791823076613127	0.0001565883671075	0.0020774106739476	
-0.2283695466725519	-0.0375052042449962	0.0000543876406004	0.0020826197333558	-0.3041379928374929	-0.0437628547094041	0.0000974266887049	0.0020810425990312	-0.4016227881421108	-0.0562760917911565	0.0001216583396842	0.0020797603058767	
0.0866643078301259	-0.4510345206883112	-0.0000860970411622	0.0020815446109678	0.0164989030956518	-0.4666656694371120	-0.0000526612818297	0.0020826643233580	-0.0682867021945938	-0.4885537069266015	-0.0000332226209697	0.0020830670919638	
-0.2209963168057988	0.1697837733593812	0.0000636672058909	0.0020823553903625	-0.2923761294576924	0.1687684406778490	0.0001039038470320	0.0020807276902150	-0.3857682517404518	0.1646028357160152	0.0001394986438873	0.0020786342836461	
-0.2729347443286251	0.2019924732553509	0.0001159108696271	0.0020800901873382	-0.3451126449183549	0.2031668767756672	0.0001625340317665	0.0020769516640090	-0.4402842278144943	0.2019928473045501	0.0001845525668482	0.0020751018328567	
0.1448735744790086	0.0167235269189023	-0.0000229726842834	0.0020832060367460	0.0767326610763812	0.0041460925634343	0.0000039444923676	0.0020833295804710	-0.0071934944031854	-0.0093630762863925	0.0000086371845518	0.0020833153393929	
-0.2493985429409945	0.1531261251013583	-0.0000926902153502	-0.0020812600247637	-0.3220626525446043	0.1531215450122935	-0.0001360898935317	-0.0020788613711856	-0.4175214267465339	0.1478962956576777	-0.0001727734289115	-0.0020761208250448	
0.0845220630652235	-0.3989493952518452	0.0000298528060770	0.0020831183658705	0.0151499818679006	-0.4145836548653103	0.0000689358263850	0.0020821867925757	-0.0691217960288237	-0.4343867872590310	0.0000889375194894	0.0020814245834419	
-0.2577306359756312	-0.0697830397865342	-0.0003742899020760	-0.0020492641378668	-0.3353888050651714	-0.0771481743399965	-0.0004900898841824	-0.0020245708783718	-0.4364094683208539	-0.0895831002680958	-0.0008559614205661	-0.0018984045657672	
0.1490266951521149	0.0600935544158979	0.0011356082518692	0.0017447680606653	0.0803703149741081	0.0476974789994890	0.0009714742741752	0.0018416815149619	-0.0044280071346448	0.0344883361963121	0.0006606917736245	0.0019752414692219	
-0.2191940064808951	0.2291645060878132	0.0000208260457848	0.0020832287157830	-0.2892677801429568	0.2291940560539063	0.0000845550423942	0.0020816081355824	-0.3813374162510511	0.2270832537928783	0.0001326023444298	0.0020790878695295	
0.2729433170146375	0.0032138319595860	-0.0002183782361876	-0.0020717987306712	0.2019391909530993	-0.0115847580275188	-0.0003663235117943	-0.0020507103791619	0.1157684230298870	-0.0251966666068127	-0.0005735716710870	-0.0020024101321762	
0.0846124068057889	-0.3468978320706045	-0.0007384507155535	0.0019473670334571	0.0166557000812609	-0.3614616750068310	-0.0000632413004083	0.0020823684336335	-0.0668009378157398	-0.3801714335654289	0.0001458924854360	0.0020781931104581	
-0.2771801848535929	0.0155771034547806	0.0000784250133641	0.0020818492991094	-0.3532356537314892	0.0114500641997282	0.0000935708306990	0.0020812204220592	-0.4524009856819903	0.0021444504729351	0.0000989687014849	0.0020809694708638	
0.4431285681128634	-0.4720935351377492	0.0007003644895644	0.0019614565357799	0.3631902169062693	-0.4820988126193631	0.0007002551931516	0.0019614957534573	0.2710714443335898	-0.4895489488080593	0.0005591761251134	0.0020064980675170	
0.2737351906213817	0.0218412463292220	-0.0000409099422659	-0.0020829296137471	0.2033373224947282	0.0073228877736833	-0.0000743574402928	-0.0020819992961454	0.1178981579417314	-0.0073615409166584	-0.0001183698901234	-0.0020799510095587	
-0.2544209056293003	-0.0093780592244855	-0.0000913369829949	-0.0020813201505181	-0.3305082573407344	-0.0145796402541578	-0.0001346468906875	-0.0020789558028897	-0.4293709468530702	-0.0249845181487772	-0.0001773118559008	-0.0020757362283216	
-0.2505148974653146	0.1052126394076018	-0.0000257318837299	-0.0020831736205007	-0.3241127281211840	0.1031212970406472	-0.0000790060521267	-0.0020818272197067	-0.4204265997174940	0.0968589247282158	-0.0001444958991469	-0.0020782911699492	
-0.2246602188668762	0.0718805333875903	0.0000657864770456	0.0020822891852151	-0.2980308113019065	0.0687421900431895	0.0001025796362559	0.0020807937229164	-0.3933473385539091	0.0603908183154170	0.0001332592079436	0.0020790456609238	
-0.2291966499406466	-0.0677201953724317	0.0000771170296768	0.0020818984051008	-0.3056085057613363	-0.0749940333981762	0.0001235963646522	0.0020796454603226	-0.4037250237430055	-0.0885758482435928	0.0001708628431149	0.0020762797291313	
-0.2755059802094101	0.0552013338899078	0.0000349181963959	0.0020830392203018	-0.3507670958274441	0.0520913606747166	0.0000755011635426	0.0020819579280872	-0.4491678598015225	0.0448008789140421	0.0001244663261016	0.0020795933148788	
-0.2287532967620127	-0.0531205631313299	0.0000566835375964	0.0020825582030629	-0.3049110211851537	-0.0603961046429969	0.0000935203356378	0.0020812227030453	-0.4026612718375731	-0.0729467743935542	0.0001300266045856	0.0020792513603747	
-0.2259620274642564	0.0291895357108644	0.0000812492282156	0.0020817404478579	-0.3002549989819676	0.0249976032414007	0.0001225189371221	0.0020797095324964	-0.3964451652238661	0.0155873707184280	0.0001470075623032	0.0020781141362342	
-0.2264312097224184	0.0145807593185763	0.0000560838804398	0.0020825745195468	-0.3010939017583799	0.0093630317662869	0.0000977030356996	0.0020810295782413	-0.3974260841437504	0.0000334632942877	0.0001317309318422	0.0020791435413952	
-0.2517953999735681	0.0552190964999623	-0.0000553328736199	-0.0020825947092760	-0.3265016261820541	0.0520955928430054	-0.0001058461974606	-0.0020806292973886	-0.4240392050948329	0.0437569719690944	-0.0001540562429424	-0.0020776009330054	
-0.2288961653741732	-0.0583250631349169	0.0000596938031760	0.0020824736705703	-0.3051426605322159	-0.0656403482453090	0.0000964318624311	0.0020810891667696	-0.4029743658428910	-0.0781364080827157	0.0001367325774987	0.0020788189878368	
0.4400738358648175	-0.4799959321765138	0.0008191668199300	0.0019146498723122	0.3604687664424127	-0.4895557319302123	0.0006611476799293	0.0019750881524256	0.2694118210936551	-0.4979413712102422	0.0002007577602352	0.0020735892383000	
-0.2193717769068772	0.2437440724359359	-0.0000989512108644	0.0020809703067895	-0.2889367551627390	0.2447910588561545	-0.0000187611490947	0.0020832484333269	-0.3805108415249566	0.2416784833786161	0.0000911715442725	0.0020813274403824	
-0.2524307711763805	0.0364563921292011	-0.0000898316028384	-0.0020813859954101	-0.3276284270128952	0.0323086849725063	-0.0001356209025668	-0.0020788921733612	-0.4255903617993197	0.0239281728818059	-0.0001674882030201	-0.0020765560533752	
-0.2294221959476425	-0.0729230379008264	0.0001030837406391	0.0020807686854842	-0.3059521965811719	-0.0801829073932690	0.0001529061581513	0.0020776863182358	-0.4041871331252846	-0.0937508162336645	0.0001897416244478	0.0020746314514385	
0.3757967580525330	-0.4624721174299535	0.0003719154473211	0.0020496985651103	0.3008494697774848	-0.4729146938907864	0.0003070764483086	0.0020604634827137	0.2129144271458222	-0.4843856600593099	0.0000349976106611	0.0020830378808862	
-0.2214420910257376	0.1552133095989565	0.0000696132830047	0.0020821641405695	-0.2931133996587975	0.1541733957873700	0.0001211557919238	0.0020797897890146	-0.3868621275636993	0.1489881600928211	0.0001618310484198	0.0020770068318185	
-0.2211497484599033	0.1645782836496911	0.0000601362091247	0.0020824608783143	-0.2926328092062785	0.1635207478857248	0.0001036053424398	0.0020807426494819	-0.3861997349760805	0.1583065653305302	0.0001440623195043	0.0020783214203787	
-0.2543318989696020	-0.0072966911833133	-0.0000893422378622	-0.0020814071639750	-0.3303731989174991	-0.0125022393544988	-0.0001325939701357	-0.0020790884062912	-0.4291969209961635	-0.0229126331706050	-0.0001758901153229	-0.0020758577901889	
0.1817208845481976	-0.4593886558013734	0.0000625822064642	-0.0020823884455285	0.1103344281327380	-0.4729037983054654	0.0000300260968021	-0.0020831158627934	0.0247973905218266	-0.4916694593710988	0.0000064180725080	-0.0020833233978207	
0.1979197807930307	-0.1688313064067884	0.0000022003494893	-0.0020833321655468	0.1251596456478592	-0.1813342666186756	-0.0000146044330349	-0.0020832818869594	0.0380185758989966	-0.1947115257453391	-0.0000119954759301	-0.0020832986262124	
-0.2753228421227442	0.0687521117485643	0.0000101114071993	0.0020833086726120	-0.3502409130996256	0.0666639249812102	0.0000625285782439	0.0020823900645961	-0.4483212929976610	0.0593746812773182	0.0001235519501892	0.0020796481126752	
-0.2528112365206620	0.0281367860817782	-0.0001001388118614	-0.0020809132116825	-0.3281874980996547	0.0239490001785203	-0.0001387527233694	-0.0020786844584056	-0.4263362297982000	0.0146065572662333	-0.0001609250965321	-0.0020770775731289	
0.1993546918027762	-0.0676900606047088	-0.0000005800203089	-0.0020833332521875	0.1278206460750326	-0.0802103823389392	-0.0000376322895243	-0.0020829917183622	0.0414212315138339	-0.0947702663606786	-0.0000690307275553	-0.0020821836327379	
0.0843945163456052	-0.4104150002615848	-0.0000154295280018	0.0020832759096202	0.0148555535461720	-0.4260443197893157	0.0000101313293197	0.0020833085753395	-0.0694418097899291	-0.4458330792306662	0.0000132087445704	0.0020832912502575	
0.1447637265849199	0.0281393779972972	-0.0000225590803486	0.0020832105793535	0.0768130941625336	0.0156215417070065	0.0000116059608010	0.0020833008436417	-0.0069908842423914	0.0020984630231667	0.0000456555762715	0.0020828305046132	
0.2670858956279165	0.0646363443036133	0.0014920553440785	-0.0014501391548067	0.1972416369294246	0.0518721380884697	0.0014950614417946	-0.0014470242048455	0.1153197918034732	0.0364472774331704	0.0010576663276170	-0.0017933263605064	
0.2736228184346086	0.0416972578550269	0.0000632320653707	-0.0020823687154841	0.2036225454146942	0.0270814283920845	0.0000122965779040	-0.0020832968619415	0.1184929190101820	0.0114589592376070	-0.0000225844147211	-0.0020832103034794	
-0.2245593580220214	0.0750033089547891	0.0000702578253558	0.0020821423832421	-0.2978730131231582	0.0718596541644306	0.0001067841731964	0.0020805811285712	-0.3931441934483599	0.0635636590602011	0.0001362888925774	0.0020788482691469	
0.1981156213847400	-0.1458084293144313	0.0000232726025343	-0.0020832026911210	0.1254899356602621	-0.1583138173251218	-0.0000021550127322	-0.0020833322131740	0.0385496554266243	-0.1718875820075141	-0.0000428185665592	-0.0020828910604082	
-0.2214073425351065	0.1562534237470843	0.0000675482766047	0.0020822324956017	-0.2930557997792963	0.1552109606191008	0.0001185929816859	0.0020799382378076	-0.3867807024914357	0.1500222340104461	0.0001599765165800	0.0020771512148947	
-0.2779755470763027	0.1129286186292703	-0.0007144368616722	0.0019563492679453	-0.3521993646938976	0.1135779922126342	-0.0007813401850162	0.0019304737799449	-0.4475434198318953	0.1074050143872353	-0.0003432000048777	0.0020547267134704	
-0.2253694110463493	0.0447889843714941	0.0000621000472696	0.0020824029522945	-0.2993524706524582	0.0406300788192597	0.0001093546031104	0.0020804469427674	-0.3952546916546973	0.0312816149406098	0.0001525319279040	0.0020777139633237	
0.1993187242313432	-0.0614373877434818	0.0000215436614028	-0.0020832213816308	0.1278952846081219	-0.0739697776025900	-0.0000159785526402	-0.0020832717502685	0.0416173297903265	-0.0885494419633756	-0.0000532607791222	-0.0020826490020891	
-0.6639650501283730	-0.0558122818149043	0.0020781379883430	0.0000000090006438	-0.6639650843586888	0.3530936258307968	-0.0020781379883613	0.0000000021477415	-0.6639650404736418	0.3442824978296534	-0.0020781379883221	-0.0000000129746356	
0.0847652968850569	-0.3781288304542691	0.0000273710164777	0.0020831526239548	0.0157303227855757	-0.3927079770185725	0.0000495474156761	0.0020827411124050	-0.0683040314638600	-0.4124977913812863	0.0000720397744843	0.0020820811865988	
0.2737914526172983	0.0312548131109903	0.0000090767684009	-0.0020833134611958	0.2035744907686170	0.0166683025603293	-0.0000312201899270	-0.0020830982209021	0.1183096039462899	0.0020906392151520	-0.0000604807598913	-0.0020824508500772	
-0.2196942568461969	0.2062698031649944	0.0000557870931282	0.0020825825307939	-0.2903008754340929	0.2062740878354983	0.0000952699707349	0.0020811429484517	-0.3829454242628781	0.2020483600095710	0.0001469311268417	0.0020781195689933	
-0.2196364940507317	0.2083515435679202	0.0000529191036016	0.0020826577555113	-0.2902015671021893	0.2083523757362541	0.0000932821790336	0.0020812334445331	-0.3827950650155888	0.2041982018766488	0.0001422422095713	0.0020784474111480	
-0.2493518059161756	0.1541654870034826	-0.0000920735638184	-0.0020812875332191	-0.3219933579946301	0.1541587075943457	-0.0001355410107806	-0.0020788974098125	-0.4174358205194578	0.1489292924747125	-0.0001738288792640	-0.0020760322799182	
0.1981279821477766	-0.1489256688463327	-0.0000002264641330	-0.0020833333209631	0.1254729492116976	-0.1614302385650715	-0.0000188840004460	-0.0020832473177827	0.0384750643763373	-0.1750042476596456	-0.0000620057856445	-0.0020824057752291	
-0.2754710109744182	0.0999760266991154	-0.0001535545580466	0.0020776382584802	-0.3497006098329651	0.0990109433738847	-0.0000687430974317	0.0020821931963031	-0.4469550939918927	0.0927196183753806	0.0001037699223347	0.0020807344070571	
0.1487399445269617	-0.0082097634797129	-0.0011272623572856	0.0017501987919980	0.0805884579600866	-0.0191403175268064	-0.0011405189483408	0.0017415459393880	-0.0017038084407928	-0.0318504776153430	-0.0013385613016189	0.0015936001660957	
-0.2303686987384452	-0.0864763139695668	0.0001711925908878	0.0020762524309243	-0.3072771350346803	-0.0948174780635092	0.0002029375140901	0.0020733759831690	-0.4056302352257895	-0.1082793201362307	0.0002419538122040	0.0020691648209885	
-0.2470709226260991	0.2198018268289689	0.0000311282968541	-0.0020830996029961	-0.3181852295959964	0.2208328988340204	-0.0000481793050182	-0.0020827733701992	-0.4119981117102686	0.2187275775556418	-0.0001473801897072	-0.0020780876105454	
0.4595279312446754	-0.4094876403847784	0.0005254713427155	0.0020156327342429	0.3790281893367486	-0.4197021553553809	0.0005621742222712	0.0020056559393529	0.2858855657418535	-0.4271334316278306	0.0005510808835324	0.0020087476916772	
0.3719424723601028	-0.4771009831328868	0.0013147901808820	0.0016133661666614	0.2963829819826462	-0.4884419579410326	0.0013970363931029	0.0015423347050863	0.2125325992604126	-0.4989889565799715	0.0000804962935732	0.0020817698445636	
0.0846401307005767	-0.3885216112852725	0.0000193891913006	0.0020832426538896	0.0154689646830631	-0.4031281732521703	0.0000466963683167	0.0020828073147993	-0.0686528559104584	-0.4229177266281769	0.0000770895831502	0.0020818994266741	
0.1471633531265299	0.0564341780341326	0.0007775653031761	0.0019320049583974	0.0787902297446861	0.0438200613982429	0.0006192105655113	0.0019887022271645	-0.0054986351576730	0.0302888734145066	0.0003668236262081	0.0020506205319786	
0.4680932142075114	-0.3771077102695797	0.0001480374620092	0.0020780406577350	0.3879738193704745	-0.3875620755690503	0.0003475864688035	0.0020539855373429	0.2947103362277702	-0.3957357970472679	0.0005439456159843	0.0020107012983617	
-0.2496806472792885	0.1468973368549966	-0.0000935451763767	-0.0020812215810822	-0.3225437639778180	0.1458745055333793	-0.0001342258280723	-0.0020789831671728	-0.4180287140186562	0.1417080445059741	-0.0001622375389262	-0.0020769749611248	
-0.2731301209079142	0.1989139754418375	0.0001275388911234	0.0020794062076760	-0.3453215645108502	0.2001114335988167	0.0001602107331019	0.0020771330725209	-0.4406180430540734	0.1979345485198409	0.0001773288756340	0.0020757347671268	
-0.2244894712352100	0.0770848044415151	0.0000728503277662	0.0020820528423892	-0.2977643689878887	0.0739372189421778	0.0001099260461677	0.0020804166765219	-0.3930088032627650	0.0656394948417415	0.0001387764401924	0.0020786828672396	
-0.2513666107851836	0.0739550099061725	-0.0000477036755844	-0.0020827843730659	-0.3256317659793335	0.0708539500910091	-0.0000877646668190	-0.0020814746166386	-0.4227089178046314	0.0635287449609196	-0.0001306873215874	-0.0020792097294715	
0.0844229266273608	-0.4052064376795787	0.0000238494313239	0.0020831961345182	0.0149500952284235	-0.4208395111578785	0.0000540904806595	0.0020826275112207	-0.0693569394239520	-0.4406310607860786	0.0000504909533498	0.0020827183388045	
-0.2504125886591083	0.1249996188833274	-0.0000291922100843	-0.0020831277748608	-0.3235913464284542	0.1240169575525976	-0.0000576698588012	-0.0020825309878401	-0.4193315810356858	0.1186912001959013	-0.0000756296277179	-0.0020819532420871	
-0.2474039420763544	0.2260253797516368	0.0002201016500110	-0.0020716154360737	-0.3182485006298739	0.2280963718381725	0.0001175671901052	-0.0020799967636946	-0.4116171976537393	0.2250027418477570	-0.0000944694259752	-0.0020811796239617	
0.0851473692528655	-0.3562445852744343	0.0000888243043865	0.0020814294421459	0.0163602795615599	-0.3708083064479069	0.0001086081322951	0.0020804862410076	-0.0674033108705859	-0.3895941245947217	0.0001028869657359	0.0020807784733748	
-0.2221444876389534	0.1385306226253408	0.0000971258075809	0.0020810567337793	-0.2942431324227210	0.1364706049683422	0.0001276198965004	0.0020794012128044	-0.3882949621435035	0.1312258431887161	0.0001560348596820	0.0020774525298516	
0.4391029990891331	-0.4821115219304792	0.0008280119909721	0.0019108222356552	0.3597626663245841	-0.4917327996444070	0.0005905758640118	0.0019974363187583	0.2692584252763313	-0.5000039779312928	0.0000683679856251	0.0020822056085311	
0.1818793030964614	-0.4645799659681019	0.0000710869522490	-0.0020821140998131	0.1104155568691756	-0.4781144552447800	0.0000370914468745	-0.0020830014678033	0.0248208744907146	-0.4968758799801272	0.0000059699741361	-0.0020833247367515	
0.1458041012384038	-0.0009208255509521	-0.0003982832930254	0.0020447136858084	0.0777642064308349	-0.0125659984877950	-0.0004841354183363	0.0020260101860687	-0.0055470442187714	-0.0251795782148831	-0.0007157626030512	0.0019558621861869	
-0.2803530096351001	-0.0417409685728856	0.0002553741483536	0.0020675433090391	-0.3574436871884082	-0.0479153379056871	0.0002341890240837	0.0020700624902411	-0.4581761190488435	-0.0604346477074629	0.0003043841826601	0.0020608649202240	
-0.2773769061254761	0.0083230949502295	0.0000316532197399	0.0020830916531839	-0.3534750034532306	0.0041971553042904	0.0000502441420184	0.0020827243374541	-0.4527142804194777	-0.0052536788173699	0.0000855636700808	0.0020815667139620	
-0.2775128770004050	0.1405692545932855	0.0006136613578737	0.0019904301697605	-0.3512903038438878	0.1395236629240336	0.0007691585849325	0.0019353839740030	-0.4485812179196847	0.1367063978193426	0.0011175601301389	0.0017564408968708	
0.1461086395296749	0.0532584637402254	0.0005070254253403	0.0020203752164410	0.0779913339765070	0.0406083280018960	0.0003920647092419	0.0020459211879118	-0.0059629275402950	0.0270328667786778	0.0002322284812158	0.0020702844545834	
-0.6629252827429831	-0.0558155168669057	0.0020781372769257	-0.0000017238705826	-0.6639650843586888	0.3530936258307968	-0.0020781379883613	0.0000000021477415	-0.6639650404736418	0.3442824978296534	-0.0020781379883221	-0.0000000129746356	
-0.2473362958351108	0.2062503372102109	-0.0000829560289266	-0.0020816727945376	-0.3188347940392754	0.2072866576580749	-0.0001303520254760	-0.0020792308825096	-0.4131634575297423	0.2041467963418375	-0.0001730461497625	-0.0020760979976447	
0.1517939067591688	0.0634373905855701	0.0015038373664183	0.0014378557592735	0.0823820589188596	0.0507769377151518	0.0012917319189988	0.0016319782908769	-0.0024593740806377	0.0388049036040978	0.0010772352788691	0.0017815814603277	
0.1448126821308833	0.0229483254127528	-0.0000239171090744	0.0020831953547269	0.0767751987209246	0.0104071899935694	0.0000143375723559	0.0020832837499203	-0.0071009371380322	-0.0031086580670377	0.0000389663989340	0.0020829670655440	
0.0850788626950570	-0.3583224940400611	0.0000785034758783	0.0020818463270752	0.0162684328504611	-0.3728866071005840	0.0000928044663371	0.0020812549078937	-0.0675023908219943	-0.3916693242211649	0.0000942221801639	0.0020811908884003	
-0.2733864070525844	0.1948290083922957	0.0001257343970509	0.0020795166492904	-0.3455799406193785	0.1967311942016697	0.0001553094149557	0.0020775071618591	-0.4409295224118955	0.1938814251234715	0.0001755788078032	0.0020758842761014	
-0.2505034162943941	0.1062541651583648	-0.0000218464214503	-0.0020832182128462	-0.3240743915540604	0.1041607154262336	-0.0000748974170967	-0.0020819798441662	-0.4203547220149534	0.0978971483256638	-0.0001417028982969	-0.0020784844339896	
-0.2515468527276632	0.0656281493702121	-0.0000445185696309	-0.0020828552404893	-0.3259970777855200	0.0624853389643573	-0.0000951422537648	-0.0020811488203655	-0.4232340416225900	0.0552312106974553	-0.0001371818246150	-0.0020787892420566	
-0.2261878052719126	0.0229032209969804	0.0000721951563478	0.0020820757776553	-0.3006828150155039	0.0177313078481940	0.0001117827133662	0.0020803172469119	-0.3969173720024100	0.0083328730396927	0.0001345033796782	0.0020789651391419	
-0.2504510511274491	0.1208374252243404	-0.0000124402378641	-0.0020832960047710	-0.3236965288233551	0.1197286335893852	-0.0000441823982891	-0.0020828624344486	-0.4195216368510004	0.1135146924806467	-0.0000789327183777	-0.0020818300153800	
0.3726027128297118	-0.4761995225809815	0.0010007440014940	0.0018258629519122	0.2971164531336595	-0.4875220997828086	0.0011492213703507	0.0017357869156324	0.2125859050901150	-0.4979562931204544	0.0001069592757516	0.0020805720891556	
0.2736595338327910	0.0406556055860291	0.0000562514153745	-0.0020825699784548	0.2036284771151908	0.0260403034633628	0.0000071163579127	-0.0020833211182385	0.1184813072448607	0.0104169282400176	-0.0000257692458865	-0.0020831731563468	
-0.2591439517236477	-0.0748174977988661	-0.0008147678237106	-0.0019165353607877	-0.3374234277895539	-0.0824560902433734	-0.0010454428528263	-0.0018005153247105	-0.4393140917899565	-0.0939495556444925	-0.0014331052410922	-0.0015087098317371	
0.4473533352354835	-0.4580700937388967	0.0005970125241386	0.0019955123343091	0.3674429124150349	-0.4675081666398586	0.0005295088883339	0.0020145705409010	0.2750049046278696	-0.4748368043548379	0.0004684345384759	0.0020297163188271	
0.2717566069177918	0.0570890366505445	0.0006702423013315	-0.0019720050973353	0.2024424676498985	0.0426490837452632	0.0005097060822366	-0.0020196972204530	0.1181344627667112	0.0270210920968443	0.0002290276920803	-0.0020706427740641	
-0.2771551644820109	0.1418417550709605	0.0005508047113525	0.0020088238156737	-0.3509006521249969	0.1408256017513704	0.0006813630798468	0.0019681712200336	-0.4485812179196847	0.1367063978193426	0.0011175601301389	0.0017564408968708	
-0.2514582592079571	0.0697917945891805	-0.0000441018634793	-0.0020828641497677	-0.3258119349717247	0.0666425624799575	-0.0000903753650632	-0.0020813623378898	-0.4229672723640686	0.0593794905725917	-0.0001328380596128	-0.0020790727470819	
-0.2506522994062763	0.0979227403089624	-0.0000535959152108	-0.0020826403614370	-0.3244378560323217	0.0958418991812467	-0.0001034176919756	-0.0020807520313156	-0.4209453053669071	0.0895884618040562	-0.0001534937466930	-0.0020776427745405	
0.1980039597645865	-0.1593064947154632	-0.0000371379389685	-0.0020830006352650	0.1253018712536583	-0.1718021520831903	-0.0000449886747029	-0.0020828450889041	0.0381589091907533	-0.1853645735769440	-0.0000582692080817	-0.0020825142207062	
0.1977749423562338	-0.1270633976899283	-0.0000050774154106	-0.0020833271151139	0.1253172160686857	-0.1395990469474661	-0.0000052163118164	-0.0020833267702521	0.0384649323080768	-0.1531244287457122	0.0000181153117354	-0.0020832541780553	
-0.2732597665259986	0.1968700368960143	0.0001274352920909	0.0020794125910556	-0.3454587594657299	0.1980770923335374	0.0001566671179356	0.0020774047067441	-0.4407757093631245	0.1959067966887946	0.0001756038198953	0.0020758821498290	
-0.2826678287721355	-0.0530892125641558	0.0007473803675842	0.0019439403246369	-0.3615511083388150	-0.0615047495607283	0.0015479103074601	0.0013900562402552	-0.4635015627457436	-0.0717950159712863	0.0019398240992121	0.0007473433855864	
-0.2485448731021134	0.1750010196082972	-0.0000686101673534	-0.0020821976026586	-0.3207514808033297	0.1749915339347960	-0.0001148144066203	-0.0020801513011511	-0.4156255915984002	0.1708332331174350	-0.0001556131328153	-0.0020774843205404	
0.4602584880471798	-0.4062253199425368	0.0003543779994069	0.0020528188686738	0.3799123109495957	-0.4164973831751624	0.0005017848668319	0.0020216896921284	0.2867643004932227	-0.4239508773787820	0.0005514656363980	0.0020086415701151	
-0.2290529768635337	-0.0635300863887241	0.0000653984301965	0.0020823014699129	-0.3053856568838773	-0.0708379453872234	0.0001067353041000	0.0020805836487169	-0.4033959719434924	-0.0843593592452876	0.0001544656763074	0.0020775703803414	
-0.2769854341981210	0.1096715445282099	-0.0005113698487423	0.0020192745047651	-0.3509949629144355	0.1094941659262693	-0.0004636253889308	0.0020308257410674	-0.4470010197790935	0.1030867631820481	-0.0001741650209933	0.0020760039658882	
-0.2291228356499084	-0.0656387412584531	0.0000702592940038	0.0020821423334368	-0.3054925526804455	-0.0729163715815055	0.0001142043866739	0.0020801850497290	-0.4035523172608593	-0.0864316253180445	0.0001623336385782	0.0020769674147206	
-0.2206366263610431	0.1802154759054081	0.0000805662634696	0.0020817671242927	-0.2917960870050827	0.1791593905189696	0.0001207051904004	0.0020798161204809	-0.3850319717968195	0.1749718336048553	0.0001495270342113	0.0020779334716031	
-0.2206734287326904	0.1791745347876227	0.0000788481879220	0.0020818332346754	-0.2918582744131510	0.1781201976539349	0.0001188536768903	0.0020799232827189	-0.3851102614333677	0.1739346534022847	0.0001478656900806	0.0020780529486786	
-0.2514802928759590	0.0687509044172561	-0.0000439164975295	-0.0020828680859994	-0.3258558540588802	0.0656030222633745	-0.0000913964477879	-0.0020813175270362	-0.4230335734135640	0.0583423379251585	-0.0001337458247568	-0.0020790142569521	
0.1978603454321569	-0.1343628115426745	0.0000479898452629	-0.0020827777661117	0.1253713325209151	-0.1468786399070300	0.0000339953794751	-0.0020830545615274	0.0385579285618154	-0.1604184464360703	0.0000301859070236	-0.0020831135415899	
