0.2253229688361940	0.2710811686047905	-0.0019159267875665	-0.0008069234801639	0.3847772516847332	0.3067782871363463	-0.0019022487948402	-0.0008388157914459	0.5598016195111086	0.3493744325432595	-0.0019253335075089	-0.0007840988132139	
-0.6098277074252649	-0.4418816898724039	-0.0018582036980099	-0.0009327757548346	-0.4188463985585080	-0.4008461299343911	-0.0018495786476395	-0.0009498476284239	-0.2690284692507100	-0.3585220418319185	-0.0018824629553789	-0.0008825364114839	
-0.5310804933653344	-0.3894809848179829	0.0018120860470702	0.0010198936874657	-0.3507196328137584	-0.3544832690497923	0.0016697480902146	0.0012402666544787	-0.2068882754942738	-0.3186623750403465	0.0017333614777004	0.0011492146348496	
0.2315112621061609	-0.2771257212248499	0.0004561486402461	-0.0020325266387976	0.3894631681415854	-0.2771266436481769	0.0004944533430704	-0.0020235043169552	0.5558251660334508	-0.2802255475629030	0.0004834040457813	-0.0020261856895275	
-0.5174319710926489	0.3294197150552131	-0.0020655954794591	0.0002285454064571	-0.3480904389556718	0.3197651490035903	-0.0020713281536282	0.0001685189638079	-0.2026298904634315	0.3359906012321373	-0.0020773099123835	0.0000588069147946	
0.2535309929419367	0.0260606121976245	-0.0020565030230859	-0.0002998343507127	0.4176222395121667	0.0451397858945910	-0.0020020862805315	-0.0005584456137597	0.5933116891049239	0.0656097713910708	-0.0020147412391556	-0.0005106605877006	
-0.3907478222420993	0.0358517686532052	0.0020150337677200	0.0005094992738402	-0.2295917588030979	0.0455197917875512	0.0019961254500959	0.0005794941569719	-0.0914725097284008	0.0669074610496109	0.0019998898773219	0.0005662997982596	
0.2785584966325531	-0.0065535632531288	0.0020001828550979	0.0005652589336839	0.4458007445239245	0.0113182887690908	0.0020034860487862	0.0005533774129212	0.6255961642203167	0.0288444731432284	0.0020255450002559	0.0004657310643195	
0.2437919871528863	0.1745920587360335	0.0017739279735432	-0.0010852205087235	0.4050490695882314	0.1987464193114708	0.0016218536330041	-0.0013025744066260	0.5821737058423817	0.2347729447220359	0.0016932738686520	-0.0012077862317870	
0.3064626735438346	0.0418513852540952	-0.0019769967371824	-0.0006420238860261	0.4768954229826210	0.0636522764569999	-0.0019775387691934	-0.0006403440126792	0.6629445918662835	0.0840337735159501	-0.0020733020768957	-0.0001420440145622	
0.2939670942521549	-0.0018169397641546	0.0019730904275563	0.0006539894353125	0.4633715916921686	0.0168321915274742	0.0019817277215498	0.0006271939463413	0.6452629609096749	0.0343713404485589	0.0019910574977522	0.0005967591571885	
-0.2951223281227330	-0.0603605935101426	-0.0019019238440159	-0.0008395560074140	-0.1411140656835881	-0.0462474587214767	-0.0019042839212004	-0.0008341620793436	-0.0053139569204659	-0.0247554073971496	-0.0018978554129063	-0.0008487584002788	
-0.6370808243100350	-0.4549573485486705	-0.0019075734426430	-0.0008265739009778	-0.4414508168970811	-0.4117736142785167	-0.0018825918768632	-0.0008822599906610	-0.2899222761648724	-0.3676589655788188	-0.0019238985003647	-0.0007876308000674	
0.2722448742786564	0.0312220320258133	-0.0019852824440641	-0.0006157921968816	0.4383302127005484	0.0515421034049339	-0.0019849101511692	-0.0006169971668049	0.6173304973594134	0.0724979411416202	-0.0019947052468307	-0.0005843882640238	
-0.3095824225009156	-0.0657930088076321	-0.0019903598660112	-0.0005990934484628	-0.1539494183236628	-0.0517179462817556	-0.0019484893575964	-0.0007243343277869	-0.0178457573249025	-0.0297437296983306	-0.0019858871201712	-0.0006138295667552	
0.1363644687282668	-0.3749143053563437	-0.0004061012714687	0.0020431676174844	0.2879818314760696	-0.3739047902783680	-0.0004075400062195	0.0020428796926813	0.4388027147250069	-0.3749029027712333	-0.0004507511852308	0.0020337364612412	
-0.2740723707813916	-0.4928761504019748	0.0013001105626040	0.0016252779150384	-0.1170943244750821	-0.4650289199616746	0.0016355678413662	0.0012852250713336	0.0169416528454880	-0.4390277888068475	0.0016922080248017	0.0012092865836015	
0.2609767312863291	-0.0119608612498336	0.0019704075692081	0.0006620687225499	0.4258913800203799	0.0055820199151844	0.0019687639865763	0.0006669645864408	0.6017161310163510	0.0226221474759351	0.0019786820412119	0.0006367847160310	
-0.4373467111236857	0.0155111807658939	0.0017707577957850	0.0010904114329889	-0.2733867174505141	0.0262026950610239	0.0017138912961702	0.0011781973208755	-0.1337868457429123	0.0466306123763453	0.0017132168492466	0.0011791827258414	
0.3033854133399805	-0.1028755504154755	-0.0020726342943952	-0.0001515220975712	0.4749099524674787	-0.0931986096356246	-0.0020693690985041	-0.0001911834336495	0.6566836956771129	-0.0862453167182312	-0.0020775981604193	-0.0000474827698345	
-0.5799702187685085	-0.3967703097316148	-0.0010925767119490	-0.0017721675502482	-0.3952910843618334	-0.3579457758358462	-0.0013806062884692	-0.0015571325481273	-0.2474704454284670	-0.3196651634422352	-0.0012518001046936	-0.0016629580464896	
0.2312902219588798	-0.2761306797398003	0.0004563113354863	-0.0020324899363428	0.3892256218615857	-0.2761397957533699	0.0004946051336131	-0.0020234670344304	0.5556010723903333	-0.2792341110592507	0.0004831867250543	-0.0020262377847303	
0.2722457546633041	-0.0083655797215496	0.0019942262305826	0.0005860289855255	0.4384892797586160	0.0093671288324307	0.0020084805636705	0.0005348723397211	0.6162508107880009	0.0267414758208841	0.0020228000744146	0.0004775703746778	
0.3034479731262728	-0.4029587753450455	0.0020194041154728	-0.0004918021388985	0.4726519906831554	-0.4129065857792617	0.0019825309985282	-0.0006246374201644	0.6472835506172274	-0.4303617798413924	0.0019482204217978	-0.0007250609833253	
0.2700464137409727	-0.0090157001701560	0.0019889884141523	0.0006036536806144	0.4362893011671440	0.0087574761789069	0.0020043775512098	0.0005501233076197	0.6140501347940157	0.0261969279610151	0.0020169171483643	0.0005019539777484	
-0.3834973167452445	-0.0850928719779975	-0.0020682420218997	-0.0002030710618564	-0.2224818784223696	-0.0714959055385671	-0.0020526555915378	-0.0003252529657055	-0.0843180253742253	-0.0474028896426836	-0.0020585294871671	-0.0002855169440611	
0.2640530961574062	0.0287131168141339	-0.0019902843645966	-0.0005993454837247	0.4292113929185930	0.0487170698777624	-0.0019826744990951	-0.0006241795004886	0.6069158371675691	0.0694501206804597	-0.0019945963279223	-0.0005847617709540	
-0.5982627187891074	-0.4358385059743572	-0.0018166677862293	-0.0010116688669053	-0.4103647751724040	-0.3959279029272599	-0.0016992904989108	-0.0011992637698458	-0.2620061700723849	-0.3549452664415712	-0.0017871203733393	-0.0010632448408453	
0.2321589517371011	-0.2801147735411300	0.0004537252594694	-0.0020330717023695	0.3904633845412309	-0.2813020539408214	0.0004889309330145	-0.0020248524783670	0.5565709222036901	-0.2834168701951901	0.0004809366327643	-0.0020267757121088	
-0.5539888880311169	-0.4756699190085807	0.0018943567764542	0.0008565773839093	-0.3757865308522323	-0.4369727236296754	0.0017218267257173	0.0011665112681501	-0.2335771216193422	-0.3972867604869224	0.0018635229765060	0.0009220491309607	
-0.1655304421836555	-0.4071030415241649	0.0011566113894666	0.0017308468335083	-0.0149040098808582	-0.3883264221893669	0.0011878579898416	0.0017094464957804	0.1213800411769771	-0.3686248000141075	0.0012582403181658	0.0016580661450088	
-0.4209611438316332	0.0254498213130316	0.0018385193993574	0.0009711860285730	-0.2577958710735722	0.0357974724373747	0.0018745476433299	0.0008993093484854	-0.1183968543197856	0.0571144894662517	0.0018207956823318	0.0010041830788208	
-0.4032532344506536	-0.0903245196958133	-0.0018613163430653	-0.0009265177294878	-0.2409395991781102	-0.0754016588179305	-0.0019374974812616	-0.0007533845920778	-0.1029126631669776	-0.0518979801224451	-0.0019323713491520	-0.0007665018680540	
0.2608912555626394	0.0277908319833712	-0.0019983670239761	-0.0005716770961460	0.4260773796182533	0.0477249097019248	-0.0019829271390631	-0.0006233724117655	0.6025359799188053	0.0681478822830944	-0.0019967743095213	-0.0005772431697082	
-0.1686489162102755	-0.4112098421078086	0.0013750334187050	0.0015620804952782	-0.0166674117791468	-0.3905959073028393	0.0013022720513391	0.0016235378406884	0.1185338874038072	-0.3719390743816353	0.0014288598307827	0.0015127512681933	
-0.3210348831656938	0.0497860739226273	0.0020703855192677	0.0001797840587798	-0.1672938359597417	0.0583562988975279	0.0020746946073158	0.0001198806629468	-0.0301752081279053	0.0804618023187179	0.0020690201886021	0.0001949416809002	
0.2650238875338423	-0.0106007599153073	0.0019750067054165	0.0006481501792282	0.4302639013490097	0.0070098879335613	0.0019839573657725	0.0006200692815211	0.6067476902763622	0.0241833987111704	0.0019906252146067	0.0005982067559338	
-0.5299260764358551	-0.3666270588133442	-0.0019841161272644	-0.0006195585386342	-0.3512003738245612	-0.3353722428175570	-0.0020242758046124	-0.0004712442799595	-0.2067716512157258	-0.2989370833756052	-0.0020514130676866	-0.0003330381716616	
0.2950778668235248	-0.4011346596004772	0.0020426429327235	-0.0003834052672839	0.4634628045191576	-0.4102640807746409	0.0020162043032468	-0.0005048239095329	0.6370030678146390	-0.4268954132741506	0.0019982985413162	-0.0005719176293562	
-0.5548491472806768	-0.4041727211970162	0.0013586925625467	0.0015763852743147	-0.3716070416803623	-0.3679294597822352	0.0015540085399624	0.0013832011529056	-0.2241648345373425	-0.3303403180568439	0.0011531601550590	0.0017331596094219	
0.1360926070462870	-0.3833317308496911	0.0004779370379671	0.0020274886975781	0.2877913257805400	-0.3812494118145971	0.0005114454860041	0.0020192552526476	0.4386878518931321	-0.3833501324072195	0.0005748963193413	0.0020020283227853	
0.2899060211809331	-0.0031422860248889	0.0019759977835599	0.0006451071983755	0.4580604946605205	0.0150808124644959	0.0019723790463984	0.0006561424886019	0.6399285432483568	0.0327235897994067	0.0019862140912922	0.0006127654304119	
-0.3468339238856165	-0.0762852891351651	-0.0016346035396209	-0.0012864574236341	-0.1891399177192963	-0.0603722925356301	-0.0017673860945044	-0.0010958952412799	-0.0521312183261649	-0.0383095221014086	-0.0016536762635074	-0.0012617219487015	
0.0758638662827548	-0.3052292237552180	-0.0018443453873675	-0.0009600200832651	0.2252448096219659	-0.2985025096592988	-0.0018928578866029	-0.0008599010703651	0.3741549741989447	-0.2908869326161405	-0.0020304544399318	-0.0004437263253606	
-0.3530071189308272	-0.0795149237384791	-0.0020212591801207	-0.0004840827686307	-0.1944872687807236	-0.0643806011731154	-0.0016807981563018	-0.0012251743821080	-0.0575041398797338	-0.0423122524163178	-0.0018393358817551	-0.0009696310456604	
0.2580593881564034	-0.3841795289203043	0.0010013790896804	-0.0018255129769114	0.4204469798492325	-0.3919297345276718	0.0010294524689275	-0.0018097513383033	0.5877045538299541	-0.4033671177957913	0.0008920833873163	-0.0018816165842627	
-0.3461795889463914	-0.0758486375755674	-0.0016153484253777	-0.0013106731786719	-0.1883693446035229	-0.0599364987791386	-0.0018099600564400	-0.0010236806729242	-0.0516328069039457	-0.0379363272034802	-0.0016769144898203	-0.0012305111886179	
0.3075451924514870	0.0021606547867098	0.0020209495256395	0.0004853803469323	0.4789968436399028	0.0208976627327153	0.0020345915808863	0.0004242536858899	0.6639490857488166	0.0378945562545974	0.0020766134890465	0.0000797848666785	
0.2721431614035751	-0.3960768509075930	0.0019567083160954	-0.0007017142416312	0.4375144009740342	-0.4039884160054055	0.0019591926156919	-0.0006947128209888	0.6066740108178137	-0.4180416874208191	0.0019190180899887	-0.0007995068351711	
0.1337697823652055	-0.3657514280390790	-0.0006304547795338	0.0019851485330796	0.2852870963385190	-0.3647972523777889	-0.0006579944509198	0.0019761461461314	0.4361481885973697	-0.3657394298234726	-0.0006402525639135	0.0019819945139760	
0.2806344280539953	0.0672838936690027	0.0019764529020359	0.0006437044808401	0.4477747216423367	0.0898161949920948	0.0019598024476269	0.0006929819699852	0.6295732317185547	0.1139173479876670	0.0019702159310256	0.0006626416436460	
0.2821380356285167	0.2281319428249104	0.0003297712336967	0.0020569356543629	0.4500714860595911	0.2604343202355166	-0.0006255294046504	0.0019867138346957	0.6361979292085638	0.3041720148964053	0.0000644457792732	0.0020823313201941	
-0.5485897969962357	0.3317559233192016	-0.0020715815872838	0.0001653584956278	-0.3751001172190612	0.3204430818562520	-0.0020779317766146	0.0000293482694336	-0.2286008999335578	0.3355992280910402	-0.0020776720070407	-0.0000441160354855	
-0.5226679446396035	0.3299210682506695	-0.0020711732968878	0.0001704210870618	-0.3522313933851022	0.3200363570073955	-0.0020743981721421	0.0001249298513565	-0.2067710832853016	0.3360572939521891	-0.0020781058021532	0.0000115949746466	
-0.3158934981950201	-0.0676282717732782	-0.0019968996295467	-0.0005768073197271	-0.1601559725812550	-0.0537527857079739	-0.0019910631830830	-0.0005967400930684	-0.0238609880524733	-0.0314007949102200	-0.0020055619704189	-0.0005457677411306	
-0.5639508552461310	-0.3816732645482006	-0.0017201333166543	-0.0011690194030519	-0.3802081680360894	-0.3460267442788391	-0.0018048863503109	-0.0010326444724393	-0.2338385121198229	-0.3082371318146470	-0.0017963746562142	-0.0010474544831398	
-0.4218771221919427	0.0250474610096380	0.0018257770037315	0.0009950517413436	-0.2587248200879868	0.0354048799733914	0.0018607924230784	0.0009275747694150	-0.1195533239104630	0.0564253094986765	0.0017921957897788	0.0010546241630773	
0.2816444632717612	-0.3987191823378294	0.0020330666420549	-0.0004315381482400	0.4488998376391269	-0.4072019505606486	0.0020304114796757	-0.0004439238459778	0.6193994503432223	-0.4225435617854609	0.0020018989090597	-0.0005591202839977	
0.2951734018181980	0.2561944967772308	0.0015338336457794	0.0014056508074742	0.4623283324459313	0.2938022633887306	0.0015524950240097	0.0013849081955856	0.6518243266030048	0.3383370441150733	0.0012127992410774	0.0016917541711524	
0.2721681931064613	-0.0992195157207188	-0.0020035862237256	0.0005530127876997	0.4384347073058203	-0.0908342783461081	-0.0020130328369712	0.0005173874197902	0.6140415411699029	-0.0814188693699369	-0.0019951528856228	0.0005828504839276	
-0.3658060821684117	-0.0821652407145515	-0.0020246672699637	-0.0004695510786489	-0.2065103021299488	-0.0681694755362425	-0.0020423208622427	-0.0003851257349082	-0.0686210331433819	-0.0447112345162897	-0.0020449327191116	-0.0003709353946710	
-0.3990575162294006	0.0336688347248741	0.0020001526978435	0.0005653661691295	-0.2380025929849215	0.0430508759251248	0.0019928899878166	0.0005905797144794	-0.0987501659654603	0.0648124057607554	0.0019918285779386	0.0005941674783539	
0.2514588600179088	0.0258496374623702	-0.0020744375405817	-0.0001242711426062	0.4156577254237297	0.0446425143035868	-0.0020162841554638	-0.0005045032848896	0.5911382576838364	0.0650807962281242	-0.0020269002278744	-0.0004597672719143	
-0.5816935870589355	-0.4000794542314507	-0.0008246873632654	-0.0019122666481769	-0.3975336206662103	-0.3607161138904115	-0.0012007369253769	-0.0017003795920138	-0.2495289178867683	-0.3228342573910359	-0.0010070847371783	-0.0018223558029946	
-0.5101382214062954	0.3284049605249310	-0.0020557491413376	0.0003049857535255	-0.3417922520372854	0.3192391457143553	-0.0020701269905050	0.0001827514931956	-0.1963631673991814	0.3357060867401590	-0.0020755799469106	0.0001033371955285	
-0.4041769641289215	0.0321793710753800	0.0019861251428516	0.0006130551157632	-0.2421174946618195	0.0417464984297867	0.0019819872103153	0.0006263693460787	-0.1028753333092873	0.0635810994109617	0.0019796691376339	0.0006336938846899	
-0.5610488808615454	0.3327309709179935	-0.0020675982902393	0.0002095556155574	-0.3865382099075514	0.3207044475700945	-0.0020773317932088	0.0000580249182271	-0.2389858176228950	0.3354286743610525	-0.0020781177376835	-0.0000091971931177	
0.2366335715221337	0.0331314460137761	-0.0011943953669159	0.0017048623603324	0.3970516338940751	0.0480536325630685	-0.0015338262661630	0.0014056589003164	0.5693268217566998	0.0718140300061046	-0.0011891041198694	0.0017085755732610	
-0.3512265885444536	0.0452330771375961	0.0020354388912847	0.0004201491954067	-0.1943125542835080	0.0542643845775885	0.0020314826715018	0.0004389709907056	-0.0571400832725341	0.0759056032408281	0.0020268479215818	0.0004599989590948	
0.1353504516444943	-0.3865527882554929	0.0004012098897483	0.0020441385836604	0.2868839373181702	-0.3844050267591341	0.0005515067038269	0.0020086302382948	0.4376432075182142	-0.3865307301027052	0.0006787802583834	0.0019690679383326	
0.2804169329955892	0.0337570139287479	-0.0019850613259380	-0.0006165081830571	0.4477442721684215	0.0544741843779403	-0.0019846308646021	-0.0006178994201769	0.6277431667739453	0.0755262020738430	-0.0019986192270750	-0.0005707903322387	
-0.2466651249726040	-0.4703205251023138	0.0016159446686713	0.0013099343110352	-0.0915183818447396	-0.4446844818439861	0.0016617118688680	0.0012510666460767	0.0417758937097338	-0.4211524279107184	0.0017239827542647	0.0011633065298373	
-0.4020464721501775	0.0329072532763218	0.0019936351538588	0.0005880466854855	-0.2399720115737481	0.0423913842187372	0.0019883078526533	0.0006059027246345	-0.1007395257088566	0.0642955641871980	0.0019873533871291	0.0006090416571823	
0.1268100438166672	-0.3447708151443575	-0.0007017427810289	0.0019609613852980	0.2776974543916577	-0.3425804021994832	-0.0007148065747720	0.0019562135371212	0.4282216335464339	-0.3416087701831658	-0.0006955530132447	0.0019631764540816	
-0.4491269843007650	0.0062948642226624	0.0008942672118678	0.0018805744771514	-0.2852071156322208	0.0178921555019014	0.0015241815582811	0.0014161631927507	-0.1434725552540569	0.0385587762428204	0.0010594996582312	0.0017922384156369	
0.1300252932058855	-0.3541004479854277	-0.0006543290169255	0.0019773689355201	0.2811283983577026	-0.3523021436353332	-0.0006707677116139	0.0019718255491197	0.4318347818798949	-0.3522727155263447	-0.0006437160049232	0.0019808667399636	
-0.3117968244698667	-0.0664229806141272	-0.0019994405730174	-0.0005678920440615	-0.1557114713083865	-0.0524295733059790	-0.0019643770259190	-0.0006798401833981	-0.0197308316759180	-0.0302409566447407	-0.0019972571251887	-0.0005755620227786	
0.2361812296887149	-0.2988960717818150	0.0004253890968769	-0.0020392194545078	0.3950168314577205	-0.3010045524698833	0.0004610904748552	-0.0020314056711715	0.5612709358277796	-0.3041307172986407	0.0004412964033924	-0.0020358193270553	
-0.2479683264411767	-0.4712983453741869	0.0016132101853098	0.0013133172408014	-0.0926702299837641	-0.4455779208439339	0.0016514423484008	0.0012646590817882	0.0413210249235619	-0.4215143733014226	0.0017221589071774	0.0011660183460194	
-0.3896108380909458	0.0361386725975784	0.0020160676975984	0.0005053719109383	-0.2285871666581241	0.0457743159122725	0.0019950789527035	0.0005831047701695	-0.0903302473088410	0.0672001627464637	0.0019998375900674	0.0005664853424918	
-0.5392748476843506	-0.3698043892606421	-0.0019473545955596	-0.0007273948076110	-0.3584832812465177	-0.3372190459661623	-0.0019952981996144	-0.0005823503372311	-0.2140413206892201	-0.3004334652823462	-0.0020142970438308	-0.0005124186524559	
0.2621656755523141	-0.3902501833121418	0.0014431951979672	-0.0014990124478695	0.4258166148971712	-0.3982042429772337	0.0016585090534241	-0.0012553306514659	0.5935919955958733	-0.4110762343787212	0.0016231024432042	-0.0013010101704260	
0.2803546396832585	0.2951960334805874	-0.0018395269896095	-0.0009692666224658	0.4477570853800197	0.3334816336392264	-0.0019253150766576	-0.0007841442947011	0.6348722472785995	0.3791646443026473	-0.0018516810323209	-0.0009457219938106	
-0.4063204694647908	0.0314739002013206	0.0019757475637664	0.0006458769639064	-0.2442781588092390	0.0411208509405586	0.0019774715219692	0.0006405526906646	-0.1059912699001562	0.0625296489379653	0.0019609823984184	0.0006896191100613	
0.0873642270613773	-0.3013464789029375	-0.0020516797887125	-0.0003313828056829	0.2379949805805189	-0.2950591714732140	-0.0020750985583757	-0.0001126351097894	0.3844333005761380	-0.2894596577931857	-0.0020773688681725	-0.0000566752557928	
-0.1840002986526120	-0.4238333511132213	0.0017225574371474	0.0011654265690547	-0.0312295833056909	-0.4030383173012851	0.0017358362549737	0.0011454544094505	0.1037709552708855	-0.3831045146680265	0.0017830603724266	0.0010700734058696	
0.3106935367376745	-0.1021732915148789	-0.0020658145877639	-0.0002265463413249	0.4831297013229570	-0.0924051109507814	-0.0020678319277315	-0.0002072257886219	0.6660432020389757	-0.0861192977390594	-0.0020781379880726	0.0000000347970218	
-0.2273095596443652	-0.4546854825507962	0.0016091841609462	0.0013182718086222	-0.0725919749130427	-0.4305584681546172	0.0017197903705804	0.0011695263908736	0.0612574654037064	-0.4081997561049107	0.0017667390112835	0.0010969433447425	
0.2566496961328615	-0.0958422578305574	-0.0020691283708350	0.0001937842708584	0.4218632036230936	-0.0864513478113071	-0.0020343865520013	0.0004252406666176	0.5943635881346045	-0.0759357422106835	-0.0020422621518697	0.0003854385030280	
-0.5415905425132561	-0.4654520639105191	0.0012595108765651	0.0016570963691208	-0.3661423881124610	-0.4268322003558585	0.0011696032160687	0.0017220504308821	-0.2231882552059080	-0.3887049740471031	0.0013013441068488	0.0016242854510746	
0.1340552336868432	-0.3666596022867067	-0.0006300235368382	0.0019852861233869	0.2855958055365252	-0.3656932273492274	-0.0006560083155019	0.0019768096629549	0.4364268877349453	-0.3666589526878927	-0.0006420071314478	0.0019814240280873	
0.2504106393757894	0.0258131459455479	-0.0020780849699108	-0.0000148815209383	0.4146566783486170	0.0444099653880030	-0.0020254559774593	-0.0004661200072081	0.5891402579846592	0.0646671967376022	-0.0020422275580360	-0.0003856226719841	
-0.4198129499671324	0.0261426640762207	0.0018612258172005	0.0009267004782783	-0.2566315651439369	0.0363887004552586	0.0018945530123625	0.0008561410936423	-0.1163460848747722	0.0582319839301363	0.0018518626140229	0.0009453646001075	
0.1366644105751258	-0.3762064986403200	-0.0003008470112687	0.0020613868494988	0.2881389024840177	-0.3749049399217357	-0.0003112878695229	0.0020598282777337	0.4391048708220615	-0.3761651550024809	-0.0003569930594415	0.0020523634465028	
0.2804869252510502	-0.1013337075478897	-0.0020304486421365	0.0004437529875634	0.4488360331090693	-0.0929994989490391	-0.0020545739068898	0.0003128435491563	0.6255356027348946	-0.0842946922521130	-0.0020367079628747	0.0004139222499330	
-0.6277931384782122	-0.4506466480966724	-0.0018709354871874	-0.0009068375295923	-0.4351456187594412	-0.4088065418456912	-0.0018759721031586	-0.0008963191919421	-0.2847558821752155	-0.3655067193652047	-0.0019122897614105	-0.0008155479938046	
0.1355258905476181	-0.3716928129608685	-0.0005649124318474	0.0020048825644675	0.2871421917516412	-0.3706897595749467	-0.0005896514931750	0.0019977107590694	0.4381297222544835	-0.3720113631957433	-0.0005847737823329	0.0019991511854132	
0.3074785575948339	0.0763263775349878	0.0019653193837096	0.0006770974493317	0.4778974052806895	0.1002721587422473	0.0019671127593428	0.0006718432273902	0.6650015251202659	0.1231071137232174	0.0020775096050672	0.0000512290205544	
-0.2316775414503708	-0.4583919692890601	0.0016115779587261	0.0013153296585814	-0.0767656683882657	-0.4336161151473905	0.0016451432514140	0.0012728833657937	0.0572825111397887	-0.4107651603155110	0.0017071380479856	0.0011880099523243	
-0.2398502310919619	-0.4648121117608672	0.0016354238369686	0.0012854092263946	-0.0842899232543498	-0.4393864996262050	0.0016810299557132	0.0012248547242743	0.0487880534838349	-0.4165833070440871	0.0017439217039897	0.0011330443705742	
0.2961348180887998	-0.1031376670473711	-0.0020781191709193	0.0000088657584001	0.4665468714250658	-0.0938269976236664	-0.0020757025320768	-0.0001008322503879	0.6463003627341206	-0.0864076698924367	-0.0020781256511004	0.0000071786919822	
0.2866864983357355	0.2406467590569580	0.0008709873210774	0.0018915234675691	0.4522024892528376	0.2749732568999228	0.0006612200798823	0.0019750637942084	0.6414011611700980	0.3176559822768400	0.0009835715405696	0.0018352170692186	
0.2650110286160942	-0.3926315325649158	0.0017216719813082	-0.0011667407889222	0.4294067780709130	-0.4005314071551908	0.0018337378639532	-0.0009802291747840	0.5974177275981376	-0.4136229122567643	0.0017993983801807	-0.0010422254257414	
0.2421036332569887	0.2187499923089429	-0.0004098546558511	-0.0020424142539603	0.4026660445524362	0.2478855486143544	0.0002021259839265	-0.0020734556504757	0.5832245510700669	0.2906193493582832	-0.0004115360981976	-0.0020420744230672	
0.1359508293084823	-0.3729836931720703	-0.0005251411178344	0.0020157192251370	0.2875609192253247	-0.3719773641021832	-0.0005395127090875	0.0020119012464538	0.4383721038735480	-0.3729580885796095	-0.0005556957600792	0.0020074695716580	
0.2340024908423211	-0.2884985826693461	0.0004359998883944	-0.0020369659318420	0.3924362909536760	-0.2896563542348159	0.0004667950383038	-0.0020300958893840	0.5587644573252062	-0.2927639439157335	0.0004609917052168	-0.0020314281996982	
0.2659659934973011	0.0292860688576373	-0.0019880201967479	-0.0006068506012067	0.4311078055116675	0.0492929297021543	-0.0019830362043240	-0.0006230236347651	0.6088347951931794	0.0699943560124254	-0.0019940004898333	-0.0005868004638015	
0.2794691860610891	0.0334627797241951	-0.0019851138125983	-0.0006163383124016	0.4467950469663091	0.0541817016592229	-0.0019847465435028	-0.0006175258873150	0.6265142686451557	0.0751559949462008	-0.0019983451590735	-0.0005717539046350	
-0.1677145885523027	-0.4101088371327247	0.0013196235150149	0.0016093954273272	-0.0157765271652734	-0.3894609160197285	0.0012353396810711	0.0016752831974356	0.1195224752093735	-0.3708553667246141	0.0013670670714165	0.0015690918894970	
-0.6331502430842394	-0.4990488810258194	-0.0006800621244504	-0.0019686233696856	-0.4407779716961936	-0.4463273497636086	0.0020160415556272	0.0005054767090033	-0.2877120554083178	-0.4008054160135402	0.0020480112478251	0.0003534540161260	
-0.2773963213551712	-0.0532270944395659	-0.0018551974887747	-0.0009387703424290	-0.1249695271114095	-0.0380377703282914	-0.0013131149955624	-0.0016147367136953	0.0112171499523540	-0.0172200420282456	-0.0016426777522944	-0.0012760794504915	
-0.1902534634636351	-0.4279715205702834	0.0017455274828876	0.0011305565931790	-0.0363305923654403	-0.4063087654356846	0.0017589620928392	0.0011094327642267	0.0977494965681046	-0.3865940219830251	0.0018068972008755	0.0010291042174090	
-0.5254307320195981	-0.4375765723003894	0.0006079653435791	0.0019921861106214	-0.3538767818222922	-0.4010524140124598	0.0002254818642500	0.0020710338429281	-0.2103275506926645	-0.3645370303210254	0.0003959127867699	0.0020451763074874	
0.2971036468205726	0.3566128165219541	0.0019263260907506	0.0007816448789287	0.4654098052556614	0.4023745867934653	0.0018749846929579	0.0008983932149454	0.6577614005621983	0.4581409727685386	0.0020029313021991	0.0005553919643874	
-0.5839852177626436	-0.4821993562943223	0.0020762976708145	-0.0000876570364195	-0.4032026522204463	-0.4434276768242961	0.0020779653724386	0.0000268514646314	-0.2577016363602752	-0.4002644506721258	0.0020754409948807	0.0001061049307741	
0.2807065368032579	0.0338653476475993	-0.0019851364272055	-0.0006162651054496	0.4477442721684215	0.0544741843779403	-0.0019846308646021	-0.0006178994201769	0.6287070900968559	0.0757917222736263	-0.0019988067365665	-0.0005701300690248	
-0.1681662840303043	-0.4105355226950545	0.0013374120125834	0.0015945696449905	-0.0157765271652734	-0.3894609160197285	0.0012353396810711	0.0016752831974356	0.1190121791453644	-0.3714921558586611	0.0014094361777495	0.0015309547580654	
0.2648790144049372	-0.0972814840948271	-0.0020207848294113	0.0004860689992628	0.4301703972543645	-0.0885575687900483	-0.0020003913712719	0.0005645168744529	0.6046296705107199	-0.0785134627672056	-0.0019896857239461	0.0006013397612785	
0.1079375651970361	-0.3074938690615345	-0.0015438363182445	0.0013946021478968	0.2588802384641554	-0.3039584511244798	-0.0014364995797938	0.0015054621160120	0.4080288802188050	-0.2993997154013159	-0.0014346256984783	0.0015072568676661	
0.2419533492404820	0.2332727491651809	0.0008114953776129	-0.0019179302099846	0.4034981840706928	0.2636419450431099	0.0003047552508660	-0.0020608098057703	0.5858674674965323	0.3051664244543029	0.0001283338980207	-0.0020793570490694	
-0.5746102110538643	0.3343232196722750	-0.0020641109886703	0.0002416489290211	-0.3989826744923333	0.3212850248035258	-0.0020752990463570	0.0001088595305665	-0.2504151658599974	0.3355583765505524	-0.0020777126101147	0.0000421504274783	
-0.5580044901635809	-0.4221189677209330	-0.0019242504295999	-0.0007867663066376	-0.3782684490979019	-0.3866371365421858	-0.0019121159935231	-0.0008159573616649	-0.2337410905779181	-0.3486705913373062	-0.0016670398094333	-0.0012439226559659	
0.2369041813078189	-0.0187211593872326	0.0020372987597423	0.0004109898648192	0.4000584387315946	-0.0021774940867726	0.0020263620582722	0.0004621452230866	0.5714824204421354	0.0146223330097088	0.0020412956520194	0.0003905500685956	
0.2700561496439829	0.0305343742029714	-0.0019857162713860	-0.0006143847960329	0.4364316369867070	0.0509696386662788	-0.0019844808918780	-0.0006183833212256	0.6141761075298728	0.0715839876625370	-0.0019938924064201	-0.0005871694535761	
0.2192445102620840	0.2687484937587070	-0.0019614785833645	-0.0006881994677246	0.3783148874610471	0.3040168961850380	-0.0019406266629791	-0.0007452464262161	0.5528036491621304	0.3468428161606519	-0.0019726882952250	-0.0006552074864042	
-0.4366706844172303	0.0159399888087481	0.0017686213961707	0.0010938905230573	-0.2729328754728191	0.0265732251086769	0.0017110580097041	0.0011823287907326	-0.1326397613606287	0.0475248269826878	0.0016996217704999	0.0011987918875865	
-0.4386215476614436	0.0147182564183192	0.0017899595153767	0.0010584341788877	-0.2745591187597694	0.0253205770012355	0.0017206523952087	0.0011682514221200	-0.1344234436095822	0.0461880141155615	0.0017205948897129	0.0011683365382486	
0.2240553458626336	-0.2239547032318287	-0.0000240687412274	-0.0020831935995801	0.3807864470841280	-0.2208331672633581	-0.0000113616531506	-0.0020833021970835	0.5471194745972585	-0.2187358098740129	-0.0000709002592548	-0.0020821204973209	
-0.5880879007378714	0.3357938088860598	-0.0020685839345922	0.0001995403263894	-0.4104329899692447	0.3218465005050193	-0.0020755866095520	0.0001032026151990	-0.2608130161297596	0.3357490092035510	-0.0020780393842347	0.0000202945285039	
0.2434830660537494	-0.3311716366531426	0.0004921536670631	-0.0020240676756890	0.4034600312117955	-0.3353395719999727	0.0005450264369354	-0.0020104071316895	0.5702521087326498	-0.3417157903009074	0.0005314662574310	-0.0020140524689600	
0.2502176442909699	-0.3594057098127429	0.0004634545892013	-0.0020308649212358	0.4111095428420992	-0.3646448602098821	0.0005105430034464	-0.0020194847658572	0.5786991216684545	-0.3739690634225032	0.0005174044223366	-0.0020177289787462	
-0.2502250147972887	-0.4731582806765243	0.0016097607219956	0.0013175641737607	-0.0944919326821853	-0.4469578824640338	0.0016430548089773	0.0012755914919228	0.0394153208425773	-0.4228146641482409	0.0017113080645998	0.0011819650188385	
-0.2878251644817567	-0.0572843564000519	-0.0019383712609422	-0.0007511223161278	-0.1338725969776794	-0.0431460645404164	-0.0019230508887745	-0.0007897083766035	0.0019855153660919	-0.0216449842395159	-0.0019192592714093	-0.0007989247923972	
0.2473032242168236	0.0260690569689965	-0.0020438334152376	0.0003769752850595	0.4114670964207396	0.0437954158138654	-0.0020589986323904	-0.0002820966785169	0.5850025136484123	0.0641303551968804	-0.0020750764794814	-0.0001130431685796	
-0.6069141305254739	-0.4404301324230976	-0.0018499294624173	-0.0009491607755194	-0.4176071666981978	-0.4001847467635049	-0.0018433183530062	-0.0009620004563953	-0.2690284692507100	-0.3585220418319185	-0.0018824629553789	-0.0008825364114839	
0.2326593121999889	-0.2823109342922028	0.0004501025213106	-0.0020338808397955	0.3909540187808294	-0.2832731674180519	0.0004848140498330	-0.0020258470876447	0.5572868660782033	-0.2863805193885289	0.0004777437579199	-0.0020275344775270	
-0.5547566529793251	-0.3763164542724990	-0.0018617206962603	-0.0009257008937096	-0.3719086422066087	-0.3419665317299651	-0.0019146981419016	-0.0008098490880232	-0.2264148482264616	-0.3045337687796418	-0.0019141917755354	-0.0008110512145786	
0.2245523225407210	-0.2385315042304961	0.0001696073821557	-0.0020763831776876	0.3814323744676531	-0.2364486642459403	0.0001959910287958	-0.0020740474902746	0.5473976968876162	-0.2354321099033663	0.0001478921491508	-0.0020780510563646	
0.2898413835567452	0.0366551670105634	-0.0019872301877052	-0.0006094455332369	0.4581050522937056	0.0577058857184638	-0.0019830575569108	-0.0006229553267722	0.6410710408863778	0.0792946114704986	-0.0020004047353852	-0.0005644692788630	
0.2044052701747316	0.4979464353338973	-0.0000034737861281	-0.0020833304227070	-0.5901764566523133	0.3278162308553112	-0.0020780743428350	0.0000163048643303	-0.5694106703378473	0.3355647193014705	-0.0020777180190487	0.0000418816136713	
-0.3781862991844633	-0.0844922718417777	-0.0020588327156668	-0.0002833110895663	-0.2172962511560659	-0.0704854550878531	-0.0020415227294494	-0.0003893553631335	-0.0800242140337910	-0.0468277741150043	-0.0020519945353452	-0.0003294183966722	
0.2915176959711413	0.2512487011298447	0.0009708648565158	0.0018420044582455	0.4570479303574699	0.2875561860727827	0.0009879691718629	0.0018328415581507	0.6476162863524284	0.3311531991803737	0.0008876467706149	0.0018837240986853	
0.1358286628823362	-0.3843348410029560	0.0004927470755129	0.0020239225729882	0.2875019152409045	-0.3822622820982608	0.0005719333742291	0.0020028810273889	0.4383941042375823	-0.3843604569560609	0.0006560806865001	0.0019767855247805	
0.1119237673300810	-0.3117830679811146	-0.0012772341023504	0.0016434062172867	0.2626562403468167	-0.3085559000079256	-0.0011920931078971	0.0017064810248594	0.4125742653189566	-0.3051483645795945	-0.0011591600383788	0.0017291324776909	
0.2259098768287595	-0.2499337279538115	0.0003245845786374	-0.0020577646111437	0.3831589434900906	-0.2490024952771879	0.0003625088898159	-0.0020513915271778	0.5489546333024611	-0.2489070016307650	0.0003303287556766	-0.0020568457461694	
0.2617455606669001	0.0653544535464736	0.0019161585251527	-0.0008063702740664	0.4270533993145793	0.0841206319873644	0.0020771650942035	0.0000637409500618	0.6047517775213356	0.1075332019606736	0.0020761480343589	-0.0000911494594671	
-0.2507103557180682	-0.4735830947017644	0.0016112133538471	0.0013157784915219	-0.0944919326821853	-0.4469578824640338	0.0016430548089773	0.0012755914919228	0.0394153208425773	-0.4228146641482409	0.0017113080645998	0.0011819650188385	
-0.3981298239483166	-0.0880291310923493	-0.0019389752949989	-0.0007495538403150	-0.2359338017669023	-0.0737382129425595	-0.0020149346487114	-0.0005098930831528	-0.0976780577948240	-0.0499802555926434	-0.0019864645321485	-0.0006119489936652	
-0.3844518592924216	0.0374691945199444	0.0020138478822912	0.0005141898685390	-0.2244511958377459	0.0469724101707606	0.0019984183156133	0.0005714968716489	-0.0862056514455882	0.0684613365929424	0.0019979109439664	0.0005732769394074	
-0.4010492154219552	0.0331481583545662	0.0019948468021102	0.0005839024522411	-0.2399720115737481	0.0423913842187372	0.0019883078526533	0.0006059027246345	-0.1007395257088566	0.0642955641871980	0.0019873533871291	0.0006090416571823	
0.2249531476138945	-0.2426498003706211	0.0002285246274787	-0.0020706986329473	0.3818912945514334	-0.2406862919700101	0.0002556328736421	-0.0020675111758912	0.5478402247121896	-0.2405977625884438	0.0002182943867772	-0.0020718076113518	
-0.6321516199665188	-0.4970789288933953	-0.0010895212617672	-0.0017740570723435	-0.4395979085276812	-0.4460222276547223	0.0019631227787972	0.0006834715731858	-0.2877120554083178	-0.4008054160135402	0.0020480112478251	0.0003534540161260	
-0.2265286114358664	-0.4541423517665165	0.0016147046479229	0.0013114701776288	-0.0717626129644273	-0.4300496552464074	0.0017309638797764	0.0011528408036009	0.0624067065203118	-0.4074677321178452	0.0017896915760122	0.0010588894380992	
0.2662012386821796	-0.3933968878206527	0.0017925795367414	-0.0010539684966222	0.4310763440263941	-0.4013222109744377	0.0018751293354001	-0.0008980897658306	0.5994632129454673	-0.4147353174394816	0.0018466012630303	-0.0009556519031154	
0.2711287041918758	0.2908033169063580	-0.0019310062006038	-0.0007699516876843	0.4375437938778943	0.3279166311686512	-0.0017951954475534	-0.0010494843054304	0.6233242542250717	0.3721612780860223	-0.0018069972288733	-0.0010289276893702	
-0.2128812283107079	-0.4439169548592184	0.0015705357885211	0.0013643118357968	-0.0602916741934285	-0.4218427732508421	0.0015833461701797	0.0013493487647843	0.0735164890891051	-0.4006564763386267	0.0016861259602621	0.0012177947902905	
-0.2305702463308518	-0.4574749790690562	0.0016055214241517	0.0013227524819601	-0.0756508931832884	-0.4327687772003477	0.0016594097855947	0.0012541337754851	0.0581253227453306	-0.4102522260896848	0.0017119628944611	0.0011810116101885	
0.2681541196167595	-0.0096073915868098	0.0019836659313863	0.0006210056396546	0.4343595337937536	0.0082349142049591	0.0019988508798968	0.0005699745101607	0.6108725720571073	0.0253605548001961	0.0020058296856166	0.0005447780653475	
-0.4499122295177308	0.0041661646360946	0.0004951660039651	0.0020233291692169	-0.2866029177238396	0.0166208169830577	0.0012762118053070	0.0016442041976087	-0.1444464387142442	0.0364605022170816	0.0006757849087828	0.0019701031075407	
-0.5835352937085172	-0.4063320902897711	-0.0003852106489601	-0.0020472292666101	-0.4001983016568925	-0.3655580331932302	-0.0008265186680733	-0.0019114718763243	-0.2517260222683949	-0.3280392451397892	-0.0006222003960682	-0.0019877641607250	
-0.3221363465289437	-0.0693218236018190	-0.0020464785096384	-0.0003622663943142	-0.1661891519911108	-0.0555562813099276	-0.0019943069448701	-0.0005857528733115	-0.0290418912444141	-0.0327084707945202	-0.0020212115607191	-0.0004842825524695	
-0.4310493270288448	0.0194930770018996	0.0017594533384481	0.0011086496287716	-0.2679439829568662	0.0299167570574248	0.0017340003041070	0.0011482456817380	-0.1277646199895105	0.0509732515767077	0.0016917023682295	0.0012099973983382	
0.2617065956981737	-0.3897342872387327	0.0013801140206943	-0.0015575710544445	0.4258166148971712	-0.3982042429772337	0.0016585090534241	-0.0012553306514659	0.5931383331715228	-0.4106339692165844	0.0015839372394884	-0.0013486514126671	
-0.5894985122596788	-0.4298248880274106	-0.0014834224015712	-0.0014590131229017	-0.4040382255193969	-0.3876070308251813	-0.0004380404092456	-0.0020365259098275	-0.2547709844302503	-0.3477412116678035	-0.0007242269669190	-0.0019527281624724	
-0.6400978424361082	-0.4561907894001392	-0.0019296122308777	-0.0007734559639346	-0.4448077319328334	-0.4133697586751210	-0.0018918547414948	-0.0008621168561060	-0.2938419998475273	-0.3692111156987356	-0.0019369759835906	-0.0007547310698132	
0.2241870229480052	-0.2187392861099006	-0.0000844804558066	-0.0020816111791162	0.3808780278825650	-0.2156091920083200	-0.0000719217533018	-0.0020820852871958	0.5473586154200101	-0.2135268463487075	-0.0001321938242055	-0.0020791140145177	
-0.2524774809981589	-0.4750207873615278	0.0016089470116126	0.0013185626870685	-0.0963069069747540	-0.4483421166080239	0.0016333991601534	0.0012879939139417	0.0375165096453692	-0.4241189363470781	0.0017035951847023	0.0011931101804493	
-0.3450713660306560	-0.0748791157285814	-0.0016258454472559	-0.0012975634748402	-0.1879252967518388	-0.0596219904989352	-0.0018360660678641	-0.0009758393359419	-0.0509648277998426	-0.0374283532180675	-0.0017129175970108	-0.0011796195624506	
-0.3875400243947601	-0.0855577151983295	-0.0020664652826520	-0.0002205015426423	-0.2264818660693947	-0.0719973401811917	-0.0020571749825988	-0.0002951653340019	-0.0882894871964733	-0.0480306510414615	-0.0020575096113831	-0.0002928118669521	
-0.3686996187573722	-0.0827318432392987	-0.0020315335458131	-0.0004387343076640	-0.2088650663384031	-0.0687264674628326	-0.0020342827169984	-0.0004257396033051	-0.0715130165451316	-0.0451935453671681	-0.0020407123301463	-0.0003936018306955	
-0.5413943116256388	-0.3706113627001192	-0.0019404227685422	-0.0007457798078147	-0.3605358956212887	-0.3378280024377489	-0.0019840112053530	-0.0006198961288950	-0.2161292425197834	-0.3009808397732394	-0.0020017269059631	-0.0005597388458018	
0.1068434207933355	-0.3065745657389899	-0.0016106929265253	0.0013164187028177	0.2578216678778453	-0.3029250530299013	-0.0015009998255192	0.0014408324739313	0.4069942589338877	-0.2983918421407903	-0.0014934568771966	0.0014486884849503	
-0.5797589817850212	0.3348462305148607	-0.0020657563875859	0.0002270790759354	-0.4031733140219692	0.3215035333428177	-0.0020750086441656	0.0001142877494242	-0.2545730541537132	0.3356498008412487	-0.0020777501901944	0.0000402456721185	
-0.3947747785166679	0.0348982514524953	0.0020115884670156	0.0005230027588776	-0.2338551564762171	0.0441788125774102	0.0019946184907893	0.0005846857905893	-0.0956154447638669	0.0657618187005099	0.0019998841009113	0.0005663202993995	
0.2264626103616023	-0.2531342071563158	0.0003595842514551	-0.0020519087775980	0.3836994754157304	-0.2520305312773872	0.0003944050255606	-0.0020454690671698	0.5496851716433226	-0.2531217829156403	0.0003827255293748	-0.0020476976430361	
0.2888870033545822	0.0363721322932624	-0.0019870310637267	-0.0006100976893038	0.4571530391024226	0.0574157148393856	-0.0019829811109873	-0.0006231998431278	0.6391402763086564	0.0787530095568719	-0.0019996692140479	-0.0005670823887299	
-0.2720833650574505	-0.4907586083450692	0.0015057591331106	0.0014358330290483	-0.1145928119976489	-0.4631298817427157	0.0016321285073357	0.0012896117427257	0.0195553525234958	-0.4372123185559779	0.0016861109417709	0.0012178156883187	
-0.5297361424513589	-0.4469688259083551	0.0010302646205422	0.0018092868013288	-0.3562207552046453	-0.4094354630271150	0.0008124119839480	0.0019175401833793	-0.2132282909322549	-0.3728303342385835	0.0009041348475850	0.0018758266302948	
0.1289716355952047	-0.3509820449206325	-0.0006703654702687	0.0019719630209626	0.2800863529573271	-0.3491797641848967	-0.0006857645539307	0.0019666342949381	0.4308031442513798	-0.3491455409612649	-0.0006546527028803	0.0019772612591711	
0.2711956618779012	-0.0989635381051489	-0.0020031580070100	0.0005545696418952	0.4374566905751582	-0.0905913240384835	-0.0020095500913392	0.0005308196595889	0.6130842052955947	-0.0811345370098217	-0.0019924303723568	0.0005921362039488	
0.3065336811457481	0.0760121617604065	0.0019678531062073	0.0006696607336132	0.4769427236668384	0.0999609989221907	0.0019690040683134	0.0006662519347299	0.6639608904522163	0.1230693550718668	0.0020756483283041	0.0001019474771499	
-0.4334846880372103	0.0180063878247995	0.0017549775716122	0.0011157564787477	-0.2699023081605064	0.0286858780162624	0.0017200793570802	0.0011690991944420	-0.1301293245858706	0.0492985153376501	0.0016850707149159	0.0012192618259806	
-0.3368298550992226	-0.0703692079004613	-0.0020078445808612	-0.0005372667131701	-0.1797505998997264	-0.0573317200513769	-0.0020682828629819	-0.0002026525851160	-0.0436768069180873	-0.0342639119711066	-0.0020334826122984	-0.0004295638968923	
0.2388957641426661	-0.3114779740879498	0.0004522047155387	-0.0020334121445102	0.3979573625072377	-0.3135431107159983	0.0004874026781953	-0.0020252227323072	0.5645670330767427	-0.3186667384672785	0.0004840467630231	-0.0020260314751399	
-0.2687469475198027	-0.4879057225729909	0.0016273399654432	0.0012956792374513	-0.1118825411547882	-0.4608806731554870	0.0016244023868312	0.0012993786038310	0.0218693669659709	-0.4354912232201727	0.0016810547367334	0.0012248205430136	
-0.5528057031575991	0.3320643997466535	-0.0020711138734651	0.0001711453419748	-0.3792624298352893	0.3205207794375571	-0.0020777421215999	0.0000406621563757	-0.2317144339954589	0.3355248119871411	-0.0020777901077618	-0.0000381182978624	
0.2912594025550799	0.2509025237679452	0.0009466102361746	0.0018546484527823	0.4570479303574699	0.2875561860727827	0.0009879691718629	0.0018328415581507	0.6472170482677604	0.3302496823032025	0.0008667721703351	0.0018934684092814	
-0.4012331882826737	-0.0891275515747808	-0.0018794372254900	-0.0008889938104513	-0.2391355553311214	-0.0745189946661378	-0.0019704578385947	-0.0006619183459683	-0.1007817736573799	-0.0510709870202320	-0.0019395547060230	-0.0007480457513620	
-0.5278075082240009	-0.3875318743838249	0.0017709086296989	0.0010901652239127	-0.3489381028852217	-0.3532392057985470	0.0016328100513443	0.0012887443919407	-0.2044419398406070	-0.3168337691473932	0.0016587683548398	0.0012549862802166	
-0.5330921005109779	-0.3905797799533625	0.0018309582021794	0.0009854373888834	-0.3531754923239580	-0.3563316339098375	0.0017349983692996	0.0011467294910863	-0.2087754545351924	-0.3198547318842694	0.0017628302599405	0.0011032452027873	
-0.3335739293843462	0.0482443704439405	0.0020582522597191	0.0002875185625328	-0.1786902445892161	0.0570683507229713	0.0020574424035758	0.0002932860904361	-0.0425660784444623	0.0788223148766273	0.0020518270897280	0.0003304649559945	
-0.6315794680242395	-0.4524285902664339	-0.0018785744760939	-0.0008908245891993	-0.4384905569837442	-0.4104094830333441	-0.0018786400170779	-0.0008906856709248	-0.2877779405790410	-0.3667675737438565	-0.0019190498987605	-0.0007994300995535	
0.2888518326140175	-0.4000508229561555	0.0020495635295968	-0.0003442924747561	0.4570830285282683	-0.4088438290832804	0.0020379515829302	-0.0004077240885040	0.6286820789880847	-0.4248144678842667	0.0020266866465590	-0.0004607125448730	
0.2555133767672970	0.2856527775191073	-0.0019288768904155	-0.0007752971272802	0.4198517498807273	0.3217058074156262	-0.0020607731887349	-0.0002687585706147	0.5994542966636913	0.3679107181046597	-0.0002243514229985	0.0020711572210691	
-0.4462890497788951	0.0102329623827255	0.0016077410057565	0.0013200402741145	-0.2815432604122085	0.0208055771349537	0.0017476627666684	0.0011272364066674	-0.1410760295372057	0.0415792790524236	0.0015551227720266	0.0013819420365844	
-0.3011314177651214	-0.0629335071738910	-0.0019354654690592	-0.0007586156143143	-0.1466220483012693	-0.0487350911507142	-0.0018940231968218	-0.0008573184166656	-0.0104405138959530	-0.0269802030178505	-0.0019201131544952	-0.0007968601109142	
0.2898616116005966	-0.4002133537652069	0.0020496891501604	-0.0003435400701095	0.4572945923178731	-0.4088906035053904	0.0020375502481691	-0.0004097349891407	0.6296678180409265	-0.4250329025122813	0.0020258450220175	-0.0004644177365025	
-0.5378779663667739	-0.3930468407472927	0.0018496371163295	0.0009497331973399	-0.3570116992442099	-0.3586862613708970	0.0017811580547651	0.0010732526791804	-0.2126656201072584	-0.3221713072833649	0.0017983138730851	0.0010441049351655	
-0.3719247543409773	-0.0835071604251241	-0.0020404779444648	-0.0003948211779175	-0.2121109036439116	-0.0694801622293951	-0.0020299539945387	-0.0004460215659326	-0.0747823148616660	-0.0459097880172061	-0.0020423219279882	-0.0003851200549253	
-0.3730020344834777	0.0403672171481742	0.0020179663398494	0.0004976979376015	-0.2140296094255095	0.0497873942816978	0.0020177568499844	0.0004985508125542	-0.0747910932135963	0.0716461388341625	0.0020087318144655	0.0005339232520203	
-0.3148496966039346	0.0500831080947101	0.0020781029849103	0.0000120917784067	-0.1620984799130002	0.0583762522954449	0.0020729435388737	-0.0001472091403398	-0.0248747938940345	0.0807888093810326	0.0020781362188119	0.0000027187417959	
-0.5435152588847091	-0.3714674535816901	-0.0019333648561033	-0.0007639798758838	-0.3626383492107786	-0.3385060139240856	-0.0019726781842232	-0.0006552380800556	-0.2171499808831714	-0.3012536405541207	-0.0019947069912355	-0.0005843822799673	
-0.3293991725340987	-0.0696306803853918	-0.0020781363938019	-0.0000025808157343	-0.1725099578631258	-0.0569760305745541	-0.0020682718829054	-0.0002027651777897	-0.0363367588970986	-0.0336419051402888	-0.0020773717194946	-0.0000565701229359	
-0.6181798931877425	-0.4459722793943902	-0.0018739028130732	-0.0009006589361249	-0.4280190189103940	-0.4053700810425622	-0.0018681347082654	-0.0009126220691312	-0.2783677280032695	-0.3627379062795845	-0.0019035738905998	-0.0008357892112009	
-0.2079616064085432	-0.4394322901234168	0.0015398630071802	0.0013990100023332	-0.0540567852583402	-0.4166406243283494	0.0016970301765899	0.0012024761124336	0.0800425899873214	-0.3958733341669768	0.0017432090488746	0.0011341459819608	
-0.5304218911414109	-0.3891473543854208	0.0018074414491112	0.0010281432512419	-0.3507196328137584	-0.3544832690497923	0.0016697480902146	0.0012402666544787	-0.2068882754942738	-0.3186623750403465	0.0017333614777004	0.0011492146348496	
-0.5715261529749828	0.3340005304892725	-0.0020639381706589	0.0002431279038049	-0.3958731824987158	0.3210980783294535	-0.0020757741909402	0.0000993386294691	-0.2472978044066306	0.3354971980496927	-0.0020778473766287	0.0000348399849493	
0.1367871203565836	-0.3792440451918955	0.0000743936324205	0.0020819979967762	0.2883755680466156	-0.3782175731089425	0.0001263252971717	0.0020794806579843	0.4393616087189451	-0.3791955890390472	0.0000004988317203	0.0020833332733144	
0.2422282876068328	-0.3260131949855667	0.0004805532540623	-0.0020268671015428	0.4018448792092411	-0.3292351353475270	0.0005214476840565	-0.0020166826355951	0.5686035112297800	-0.3353610224803454	0.0005019597542929	-0.0020216460595517	
-0.2990113508535855	-0.0619683269329884	-0.0019192182063353	-0.0007990239297983	-0.1445213447908946	-0.0477363191214449	-0.0018916182101932	-0.0008626383155796	-0.0082981152389334	-0.0260710386354527	-0.0019035989472526	-0.0008357318547122	
0.2266471594871599	-0.2541440526770605	0.0003689054333440	-0.0020502451688428	0.3839423449514909	-0.2532235401335641	0.0004057093917966	-0.0020432458584033	0.5498674868916136	-0.2541291792052873	0.0003938029550606	-0.0020455856465256	
-0.5912050618528570	-0.4312816300910779	-0.0016200992070433	-0.0013047667705008	-0.4045114509064361	-0.3893331237210630	-0.0007599845683657	-0.0019390228830650	-0.2554547868499161	-0.3491107038571293	-0.0010544995489659	-0.0017951996219659	
-0.5559544917159774	-0.4213195039082464	-0.0019623229244885	-0.0006857761256849	-0.3763021939443684	-0.3859120403317207	-0.0020117167447152	-0.0005225066523298	-0.2327418134335251	-0.3478786040457743	-0.0016927005747392	-0.0012085935868424	
0.2254745705752274	-0.2468754658797539	0.0002866346546385	-0.0020634211983779	0.3826251819024187	-0.2457950568898118	0.0003232747224558	-0.0020579718282090	0.5483483600796892	-0.2448288250232545	0.0002757502081973	-0.0020649113623426	
-0.5601388631179286	-0.4778076565571425	0.0020102299925999	0.0005282260643984	-0.3812090894148115	-0.4398896408057469	0.0019218575830525	0.0007926225083798	-0.2379270973053444	-0.3990102340674352	0.0019900620120503	0.0006000870601384	
-0.2039429331802554	-0.4361725508258045	0.0017176931726703	0.0011726197818245	-0.0495501254467948	-0.4139046764562395	0.0018400750689326	0.0009682205200507	0.0840633364825819	-0.3936254222442376	0.0018677266102040	0.0009134611493351	
0.1310427860557213	-0.3572354705145075	-0.0006409025759697	0.0019817833681076	0.2822033058355760	-0.3554098260390401	-0.0006602310253890	0.0019753962947851	0.4328317286591572	-0.3554165633543887	-0.0006327881225805	0.0019844022684497	
0.1621256422391726	0.3604066645675352	-0.0016110674908496	-0.0013159579793024	0.3144529929494609	0.3971066547421225	-0.0015350267256012	-0.0014043412930293	0.4831224232752165	0.4437764908907632	-0.0016400905067729	-0.0012794196384156	
0.2506602403927297	-0.3614239747332118	0.0004595399662891	-0.0020317587436508	0.4116262073162509	-0.3666427076272220	0.0005088289332993	-0.0020199194889476	0.5791935982393941	-0.3759738165972039	0.0005152883894221	-0.0020182731191219	
-0.3639128126053008	-0.0817748854340738	-0.0020246266937872	-0.0004697268811537	-0.2045979454529125	-0.0678625997617516	-0.0020479196838290	-0.0003539868060573	-0.0676626177822804	-0.0445712032200512	-0.0020485810461194	-0.0003501197287626	
-0.1973872982387784	-0.4323352908443510	0.0018134557067780	0.0010174441092486	-0.0434806880250600	-0.4106423161810355	0.0018045943645678	0.0010331571998198	0.0903879842596773	-0.3906083450319290	0.0018582824950810	0.0009326179788688	
0.2971739874893202	-0.1031348993186288	-0.0020780520250180	-0.0000189491062196	0.4675826658448672	-0.0937725952227799	-0.0020748629421534	-0.0001169160438580	0.6483777287455705	-0.0864021503970500	-0.0020780633259190	-0.0000176597181694	
-0.5517730911748679	0.3319799385311474	-0.0020712688850094	0.0001692495091046	-0.3782222200948005	0.3204859881721545	-0.0020777902451288	0.0000381107718975	-0.2306763784213465	0.3355511733155411	-0.0020777440689632	-0.0000405620291390	
-0.5475819107277097	-0.4186595635532646	-0.0019942667778115	-0.0005858902968261	-0.3701006506802720	-0.3848655542916854	-0.0020713528821845	-0.0001682132152622	-0.2264338591040596	-0.3456671876845950	-0.0020774366714356	-0.0000541199125882	
0.2441527613437785	0.0270104426756844	-0.0019190942330951	0.0007993231328035	0.4083491012561931	0.0435712417358577	-0.0020781138113864	0.0000100493112331	0.5807987663797753	0.0643449333706125	-0.0020487903755994	0.0003488865574591	
0.2844898505057378	0.2972971671810503	-0.0018782631027788	-0.0008914842028324	0.4531770707982326	0.3351520219836124	-0.0020052831426065	-0.0005467964530727	0.6400284485636654	0.3813209247980104	-0.0019716907773484	-0.0006582181525995	
0.2330107028617030	0.2745551530953405	-0.0018791508157124	-0.0008896020911596	0.3935685243662146	0.3108111870195898	-0.0018663247328340	-0.0009163362699073	0.5704273129639326	0.3542018545523256	-0.0018637846100891	-0.0009215175142270	
-0.3960084596118555	-0.0870890355211068	-0.0019867720680377	-0.0006109447935746	-0.2349489807707581	-0.0735477092339379	-0.0020254093566279	-0.0004663235585764	-0.0967297967754761	-0.0496588632885833	-0.0019990541290074	-0.0005692576777383	
-0.5466402518465899	-0.3978423162195686	0.0017771754057149	0.0010798675165425	-0.3655445660761488	-0.3637084435277779	0.0017782825752381	0.0010780341606320	-0.2198095730002784	-0.3264024901987608	0.0017254662338609	0.0011610940001791	
0.2816092104231080	0.0676050671103009	0.0019735278266477	0.0006526616981535	0.4489783536641891	0.0902539416516608	0.0019595172280628	0.0006937920968806	0.6307814540070966	0.1143377317752957	0.0019707613613360	0.0006610095750812	
-0.4195483016532860	-0.0911852927350407	-0.0015835194383060	0.0013491444048511	-0.2577979798303636	-0.0784581594357575	-0.0018591001884336	0.0009309787312321	-0.1175822557276517	-0.0524541809610751	-0.0016379574768719	0.0012821629343038	
-0.5726129252542735	-0.3884431547981479	-0.0015576341591673	-0.0013790965590570	-0.3883029023208288	-0.3514558893395237	-0.0016376428661412	-0.0012825667578165	-0.2412284498011375	-0.3133359614616200	-0.0016130976194528	-0.0013134561908261	
-0.2246354717033872	-0.4527033124517449	0.0016529266452416	0.0012627087450060	-0.0694504945220024	-0.4284998188118238	0.0017492464820303	0.0011247649009739	0.0635591616323563	-0.4067374920640386	0.0018042659760976	0.0010337334475646	
0.2295982352640129	0.2729764087436335	-0.0018933043935051	-0.0008589125915482	0.3893675824046947	0.3087868799227813	-0.0018820029978718	-0.0008835217486082	0.5662201900876027	0.3522013189812064	-0.0018920088080979	-0.0008617769944132	
0.1222797699032017	-0.3324593472248192	-0.0007427032723490	0.0019457410256031	0.2730802269809502	-0.3303065778959952	-0.0007507209669658	0.0019426462300937	0.4231962334717123	-0.3279820855795678	-0.0007378778783405	0.0019475852465857	
-0.5986986785887312	-0.4361119962592115	-0.0018202954213249	-0.0010050941600445	-0.4103647751724040	-0.3959279029272599	-0.0016992904989108	-0.0011992637698458	-0.2620061700723849	-0.3549452664415712	-0.0017871203733393	-0.0010632448408453	
-0.4419720178182966	0.0127608350836038	0.0018133058749312	0.0010177124546004	-0.2777380265988861	0.0232163160622686	0.0017408720286566	0.0011377478802646	-0.1375578902999514	0.0440085246222278	0.0017419103190919	0.0011361496363366	
-0.2162452454957496	-0.4466817906417600	0.0016607898636828	0.0012522964715738	-0.0632176747969944	-0.4242089317082774	0.0016479892269703	0.0012691780682506	0.0704592599869058	-0.4027653619743575	0.0017461424456210	0.0011296017943694	
0.2371952517670052	0.2765722293839800	-0.0018635346143580	-0.0009220254919551	0.3977340777525642	0.3128976269080658	-0.0018555428736123	-0.0009380840613663	0.5757920252238431	0.3570475583030933	-0.0018180016500719	-0.0010092578813429	
-0.5522354977715279	-0.4017988137846436	0.0015942136622439	0.0013364269925461	-0.3699098227271777	-0.3666658459437633	0.0016512825012382	0.0012648688340303	-0.2232358849312480	-0.3292595640056019	0.0014295969332613	0.0015120512146777	
0.2815474772742091	0.2959147623478056	-0.0018444435325238	-0.0009598305637252	0.4490795068772830	0.3340103045886543	-0.0019554250677257	-0.0007053001121972	0.6369737399065381	0.3801634938497037	-0.0019083648562030	-0.0008247359029788	
-0.6131535372898355	-0.4435366593666436	-0.0018660633160093	-0.0009168711759148	-0.4217561739328680	-0.4022953464807026	-0.0018588607789151	-0.0009314590540601	-0.2723921436940988	-0.3600714696864774	-0.0018933827197868	-0.0008587390511439	
-0.3033350579170146	-0.0637076482241632	-0.0019499121112310	-0.0007204762220657	-0.1483655445828251	-0.0493936133229574	-0.0019009885572322	-0.0008416821903735	-0.0125813563433712	-0.0278835616774892	-0.0019379823249349	-0.0007521302646232	
-0.5848288623926012	-0.4167118740361117	-0.0002062697116322	-0.0020730454847763	-0.4026640646697837	-0.3750995215823809	-0.0003087237162221	-0.0020602160802851	-0.2535391126417575	-0.3364566164200216	-0.0003119639302041	-0.0020597254837238	
0.2784532336810239	-0.3979793919660741	0.0020160657557802	-0.0005053796961029	0.4447353574907902	-0.4062018476600953	0.0020105424880926	-0.0005270294219615	0.6150021085280000	-0.4211941084667849	0.0019732224426637	-0.0006535890149493	
-0.3592726263355596	-0.0806426011747369	-0.0020394557716249	-0.0004000937865271	-0.2002437010160577	-0.0670442831526649	-0.0020251251118687	-0.0004675625823243	-0.0633156106443695	-0.0438467785291506	-0.0020551178769527	-0.0003092318632223	
0.0791892742876873	-0.3035845814828743	-0.0019636956021392	-0.0006818157795182	0.2295862278967683	-0.2967577834311412	-0.0019968144906032	-0.0005771034629247	0.3751387236959731	-0.2907285241238739	-0.0020337829611636	-0.0004281324880052	
0.2961493533473288	-0.0010864236168412	0.0019770847477769	0.0006417514526555	0.4655608035676098	0.0175200493107387	0.0019900363892443	0.0006001724515324	0.6484160850955409	0.0352845692220052	0.0020035769675820	0.0005530464898391	
-0.1883062813705602	-0.4267313074228418	0.0017371806276040	0.0011434043033687	-0.0351232117615692	-0.4055343995479383	0.0017570410765494	0.0011124878297825	0.0989619208246738	-0.3858597193502344	0.0018014144155994	0.0010387194663277	
-0.5538341896679018	-0.4031196371630987	0.0014918829387416	0.0014503174103065	-0.3716070416803623	-0.3679294597822352	0.0015540085399624	0.0013832011529056	-0.2241648345373425	-0.3303403180568439	0.0011531601550590	0.0017331596094219	
0.2578467085952256	-0.0129753999626364	0.0019731749270254	0.0006537331678921	0.4227872243317705	0.0044962170500269	0.0019635988051034	0.0006820958955934	0.5973522334459251	0.0211854709170446	0.0019795883539598	0.0006339474616054	
