-0.0612957867051149	0.1510401595965433	0.0001952617651014	0.0020741166184157	-0.0288737812520243	0.1832990425352675	0.0001981876710760	0.0020738376955675	-0.0454182134877423	0.2051831466422417	0.0000889033974575	0.0020814260484651	
0.2109211207329080	-0.2591559663595479	-0.0020777979983297	-0.0000376835577835	0.2389823582352952	-0.2331403573197435	-0.0020781378283567	-0.0000008175311676	0.2275551430112278	-0.2062014973676325	-0.0020764542412733	-0.0000838469003998	
0.5964173360034517	-0.4708961981815254	-0.0020319233764713	0.0004369162418981	0.6307831505287573	-0.4558221185248639	-0.0020157309552953	0.0005067200828868	0.6203645393829251	-0.4194995478715998	-0.0020244829660934	0.0004703490465123	
0.0933178037979222	0.3989694112557784	-0.0000159061376691	-0.0020832723072020	0.1328203474075638	0.4427214051310389	-0.0000499844441359	-0.0020827306175508	0.1149541599633134	0.4791868852531720	-0.0000156713860114	-0.0020832740952505	
0.4216561491117263	-0.4888001938546124	-0.0018551113733818	0.0009389413560495	0.4489280521213164	-0.4728114562136864	-0.0020212280704882	0.0004842132967665	0.4415050354817978	-0.4442298754747651	-0.0020779035432075	-0.0000312928379936	
0.4257974707651484	-0.2500346204937432	0.0005210809001856	0.0020167779128312	0.4592783509492682	-0.2302062787522375	0.0006490745873724	0.0019791085962104	0.4489926197217811	-0.2010052496382734	0.0006355253765994	0.0019835229483488	
0.1094775056509114	-0.1458534103937172	0.0001927099451687	0.0020743564633613	0.1393636530267903	-0.1187540864745866	0.0001563915117765	0.0020774255771105	0.1292834056216241	-0.0958064596013028	-0.0000002210791110	0.0020833333215444	
-0.4766422573520265	-0.2208148411489774	0.0000423168340825	-0.0020829013655396	-0.4439109120263286	-0.1833620988901869	0.0000542679327692	-0.0020826228717177	-0.4592526332413741	-0.1729127662268161	0.0001895846909506	-0.0020746458700993	
0.5664065141163095	-0.1449816023880332	-0.0018440182660072	-0.0009606514159994	0.6079058643552060	-0.1261330556672840	-0.0018698433756432	-0.0009090985123349	0.5930913164052487	-0.0954353305949301	-0.0018467117823248	-0.0009554372476061	
0.6307152809843737	-0.4781238925917855	-0.0020087540695294	0.0005338390975161	0.6650034682920098	-0.4635723703882349	-0.0020770885485978	0.0000662003815164	0.6546763861285125	-0.4268016051470560	-0.0020339669339595	0.0004272532334702	
0.3803004439416111	-0.0281304642204298	-0.0018119374106036	-0.0010201590525261	0.4176728614712613	-0.0037866850589486	-0.0019311024111167	-0.0007697091435845	0.4010171654441810	0.0248739760159022	-0.0019902163827881	-0.0005995723185740	
0.3079785486835543	-0.0086916712815190	0.0011191487839162	0.0017554240169106	0.3434663475445279	0.0159358060758569	0.0008881429097594	0.0018834890577051	0.3300940234888363	0.0417754619786180	0.0007837014972624	0.0019295115864143	
0.6213336574315036	-0.2699159329835064	-0.0019759970370989	0.0006451094962671	0.6629423547998228	-0.2518320148430610	-0.0020715820984991	0.0001653520590268	0.6514840951659371	-0.2177672520341026	-0.0020096633737205	0.0005303884666521	
0.1672684562475110	-0.1665396838691458	-0.0018322050950235	-0.0009831054922537	0.1965055774890681	-0.1400902732495730	-0.0018828587701299	-0.0008816874086371	0.1818085197261649	-0.1155904586549195	-0.0019247263941435	-0.0007855953624039	
-0.1332247414239939	-0.1541782282960711	-0.0000035264316023	0.0020833303338169	-0.1042003984195121	-0.1229280959061319	0.0000211687588870	0.0020832252441929	-0.1154510774035997	-0.1062567321461831	-0.0000162365694004	0.0020832697453314	
0.6138127637229371	-0.2059786738051859	0.0012444179657781	0.0016685170497356	0.6555627687152932	-0.1894413272951439	0.0014330486657589	0.0015087638389669	0.6423541856717923	-0.1585761752677605	0.0013541191052403	0.0015803352725305	
0.5560544362733562	-0.1762248356582524	0.0016772306170020	0.0012300781034410	0.5957714767696838	-0.1577644064606793	0.0017003858925611	0.0011977023680939	0.5824953216359845	-0.1276526471757370	0.0016274042878372	0.0012955980415804	
0.4497823747679406	-0.3743769748214386	0.0020045168627944	-0.0005496129294653	0.4810593524597715	-0.3542509765770358	0.0019925087808105	-0.0005918709883855	0.4718314985939631	-0.3215907578940687	0.0020044709173326	-0.0005497813103003	
0.0911006233525308	0.1406305187073343	-0.0000310739643279	-0.0020831004182534	0.1260184652984422	0.1749913415419938	-0.0000624187202869	-0.0020823933769347	0.1119397804942911	0.2031300644187095	-0.0000351939008508	-0.0020830345571608	
0.0021255256201017	-0.1562439941587431	0.0002059243346964	-0.0020730799929017	0.0311538506970880	-0.1270855836686202	0.0001705833706316	-0.0020763028238056	0.0212806769395382	-0.1072106309838645	0.0001755978364090	-0.0020758826585116	
0.3348313655347599	-0.2545869984705401	-0.0019635051977315	-0.0006823666587676	0.3658481027558624	-0.2314247019038357	-0.0019695727409324	-0.0006645605066055	0.3532702448868750	-0.2030941220848745	-0.0019955887943358	-0.0005813487582142	
0.1588441015903188	-0.1707247621123228	-0.0014977941269559	-0.0014441812814291	0.1879544319359370	-0.1447059730393658	-0.0012410377831776	-0.0016710453310771	0.1767344714013761	-0.1208849565820102	-0.0007266345045049	-0.0019518290873279	
0.0675340456374645	-0.2616978217326987	-0.0020780793278443	0.0000156533195938	0.0945456144966926	-0.2325731206720660	-0.0020772689282017	0.0000602443164666	0.0831264091336326	-0.2085233710084722	-0.0020780292885260	0.0000213081299055	
0.5995245284699238	-0.2625609987828453	-0.0019525404510902	0.0007132865244624	0.6401555981968319	-0.2455517509681882	-0.0019432867583584	0.0007382472032925	0.6296193567317905	-0.2106014028023060	-0.0019505033471538	0.0007188660348686	
0.5653967823839978	-0.4047557802627685	0.0019245277068675	-0.0007860844102330	0.6006513577567811	-0.3883412225488864	0.0019268914168316	-0.0007802432230826	0.5891417405224908	-0.3521181574261387	0.0018982646752953	-0.0008478380948694	
0.0539496091801751	-0.1590326012906427	-0.0018581148446291	-0.0009329536265941	0.0820947321709395	-0.1302738957947657	-0.0019925380440624	-0.0005917719726868	0.0686122187064514	-0.1068869499738676	-0.0020759101520883	-0.0000964410165241	
0.3480835034513541	-0.1354105637444236	-0.0012396589356893	-0.0016720736003074	0.3822987701678464	-0.1123872128223485	-0.0013456526560728	-0.0015875866855848	0.3690317917937853	-0.0857055539698346	-0.0015347626620418	-0.0014046313199496	
0.2648258378435885	-0.1842756606459459	0.0012259792443407	0.0016821795833914	0.2957006950774361	-0.1600809920494410	0.0012540869198899	0.0016612255342181	0.2830901104923003	-0.1347515985895306	0.0012112493676318	0.0016928697387882	
0.0030789788682951	-0.1791631313431309	-0.0000605979701760	-0.0020824474255711	0.0315890177489666	-0.1500468719725166	-0.0001018477566043	-0.0020808298543114	0.0217814371103261	-0.1302049149938153	-0.0000788972388534	-0.0020818313670187	
0.4655117820445356	-0.2740465877402377	-0.0020546109771029	-0.0003125987768622	0.4987269689428937	-0.2538822872626167	-0.0020572865911129	-0.0002943825173801	0.4852830685926253	-0.2222197231525606	-0.0020582167087713	-0.0002877742184614	
0.5029608824604441	-0.3662889533604384	-0.0019670249417032	0.0006721015834452	0.5362111980533848	-0.3476170269553758	-0.0019546020815091	0.0007075890447990	0.5257848042713709	-0.3134495118085573	-0.0019679350637704	0.0006694186400768	
0.0259970862351910	0.0335312731599444	-0.0020712181756680	0.0001698720422832	0.0571969461529839	0.0639832721574046	-0.0020703312521514	0.0001804110237155	0.0405343348039631	0.0887389050295420	-0.0020762674313480	0.0000883739556012	
0.5205153195741095	-0.4469610101547734	-0.0020774954723395	0.0000518018153854	0.5526231610332648	-0.4294031301675534	-0.0020771289054447	0.0000649153301733	0.5423347660202384	-0.3948721534017027	-0.0020682863611014	0.0002026167011852	
0.0915311244849548	0.1947945064556454	0.0000225138576714	-0.0020832110710280	0.1273249312479600	0.2281173722373762	-0.0000112716082766	-0.0020833026886616	0.1124333763627080	0.2552141569513868	0.0000155623427945	-0.0020832749167641	
0.5902079036687007	-0.4124591394469834	0.0019742026302305	-0.0006506074186617	0.6256744338883617	-0.3965028679925729	0.0019602329441657	-0.0006917571833389	0.6142361038440376	-0.3600283106304208	0.0019829970399714	-0.0006231489021148	
0.5887707505058841	-0.1618695941309350	0.0020035183804597	0.0005532597576156	0.6306325048488897	-0.1428173696670995	0.0020777221823668	-0.0000416735231772	0.6150275563050058	-0.1097315903426920	0.0020578392169931	0.0002904747091900	
0.2202866385491147	-0.0276443860036462	0.0020781369170638	-0.0000021153965211	0.2535334005162569	-0.0003296900182251	0.0020770928228878	-0.0000660654633309	0.2379683626914022	0.0269389232637821	0.0020741294602948	0.0001293360237651	
-0.0558537862535651	-0.2426964510052133	-0.0000288665950921	0.0020831323351760	-0.0279520640956544	-0.2124960372877566	-0.0000015462786277	0.0020833327566259	-0.0369779168775833	-0.1937252576168524	-0.0000262187309583	0.0020831675195526	
0.3359676605444917	-0.1614892996070132	-0.0004641314348189	-0.0020307095687676	0.3696599622743804	-0.1385162594510326	-0.0004616414993474	-0.0020312798939420	0.3593786147960569	-0.1124961258328771	-0.0002450579938471	-0.0020687976496008	
0.2379215303045583	-0.2784458296016779	0.0020749823634188	-0.0001147662865887	0.2670507956544008	-0.2530174217639915	0.0020724870700808	-0.0001535326148768	0.2556055857379361	-0.2253084295879027	0.0020772945206132	-0.0000593508220492	
0.4133434115923311	-0.1390528222738600	-0.0020738853967826	-0.0001332113146128	0.4489291101803816	-0.1164673677714294	-0.0020277153986809	0.0004561405412304	0.4343760551870677	-0.0850224309011005	-0.0020510475708448	0.0003352929565983	
0.3340110940815039	-0.0837150309080892	0.0013814080701610	-0.0015564177310056	0.3693414853298462	-0.0587027650811883	0.0011824501137967	-0.0017132103858327	0.3539847914314920	-0.0331801282725717	-0.0001051183095391	0.0020806663837388	
-0.1028656282147581	-0.2832769063760954	-0.0020327921763409	-0.0004328356488308	-0.0758781483279471	-0.2503444824739507	-0.0020460585258870	-0.0003646427625012	-0.0883555181983936	-0.2304946221318462	-0.0020648334193039	-0.0002353643897224	
0.4821115685517179	-0.3594739850212479	-0.0019901955356251	0.0005996418605436	0.5154123960345414	-0.3404461097364090	-0.0019805023443013	0.0006310719288490	0.5039061572699985	-0.3064905677316146	-0.0019938820864530	0.0005872046721036	
0.2140531825453498	-0.2094437471394489	0.0020769339952178	0.0000709064372345	0.2431438917769553	-0.1833707764438661	0.0020780776066990	0.0000158812964073	0.2306738514854481	-0.1562586750089481	0.0020778197298730	0.0000364594354903	
0.0898853458514760	0.0500521787666403	-0.0000767538159735	-0.0020819118946176	0.1230571742203068	0.0791041457674553	-0.0001244894269835	-0.0020795919252103	0.1102443845244137	0.1031087466270231	-0.0001284199665781	-0.0020793517086943	
0.3503984796342077	-0.1314875458992662	-0.0008986364272662	-0.0018784801210166	0.3847574355583840	-0.1086742249935557	-0.0009718183795007	-0.0018414990517335	0.3721469011519227	-0.0825292430322047	-0.0013338958919624	-0.0015975268434182	
0.2431550317347597	-0.2585752346996794	-0.0020780635123294	0.0000176376591998	0.2722318500606968	-0.2332343551532574	-0.0020774266285660	0.0000545059683281	0.2608381845700775	-0.2055919798231443	-0.0020780873043710	-0.0000145502121711	
-0.1332497056336029	-0.1645952075224571	0.0000134373646042	0.0020832897808677	-0.1043262537586213	-0.1333490483343806	0.0000290407609503	0.0020831299023059	-0.1153893137953230	-0.1166697824598963	-0.0000099651103983	0.0020833093810605	
0.2348652509915400	-0.2586675000108070	-0.0020775337445049	-0.0000502355452649	0.2639086749326811	-0.2331645174532953	-0.0020781199463077	-0.0000086811772752	0.2524466295801152	-0.2057704438049098	-0.0020772457362280	-0.0000610427016163	
-0.4602736180144573	-0.1354246580702125	-0.0004976821123559	-0.0020227086560716	-0.4273770746744346	-0.0988809973409920	-0.0005370145294552	-0.0020125728427820	-0.4455761574285398	-0.0896217686333415	-0.0005670619324760	-0.0020042726203271	
-0.0928609221409358	-0.2564468056080025	-0.0000193578356212	0.0020832429469476	-0.0653169340423821	-0.2259531636422651	0.0002990420473513	0.0020616507808186	-0.0761341388928329	-0.2096390757059307	0.0015543760498579	0.0013827860819206	
0.1828794580650265	-0.1644742923916858	-0.0020779804289968	-0.0000256537258706	0.2129994265350063	-0.1376945190452345	-0.0020781108149635	0.0000106538636088	0.1995311036888323	-0.1111946906971696	-0.0020778263736957	0.0000360769017670	
-0.0002018736322181	-0.2821118059596895	-0.0013199359766519	-0.0016091378907545	0.0257127740619287	-0.2528017686131529	-0.0015072429228733	-0.0014342675637588	0.0145923516558307	-0.2323937125476358	-0.0018203539515205	-0.0010049876197566	
0.2753545760897614	-0.1145705171570200	0.0020778754391302	-0.0000331152645281	0.3075357466908849	-0.0890052087944744	0.0020779530673376	-0.0000277920161846	0.2930270970462336	-0.0608112282861570	0.0020773387240141	0.0000577750098823	
0.4154761788831272	-0.3652389142277050	0.0020498851388052	-0.0003423628008270	0.4466280676328915	-0.3443283805671232	0.0020480758826838	-0.0003530774222431	0.4363184218447638	-0.3122360921528697	0.0020479502309455	-0.0003538091512101	
0.6224078713043766	-0.3967010962384989	-0.0020489261297105	0.0003480844196859	0.6587668913293490	-0.3808238492194673	-0.0020718377703918	0.0001621007218468	0.6463022621221770	-0.3446236475447621	-0.0020567990311704	0.0002977867890658	
0.1475413273180557	-0.0958090119006219	-0.0020602379785158	-0.0002728512752216	0.1777730021413767	-0.0682051355392103	-0.0020720669963255	-0.0001591288729133	0.1641541934540037	-0.0425195747499706	-0.0020761895640855	-0.0000901937648109	
0.4738537610954920	-0.4329893109315577	-0.0019518595711405	0.0007151569075553	0.5050498006857604	-0.4140782794338582	-0.0019354768461813	0.0007585864417599	0.4956088296563541	-0.3804217440340945	-0.0019626135922020	0.0006849396548926	
0.4602960956719200	-0.3771381236786998	0.0020115822448870	-0.0005230268098279	0.4924640804560205	-0.3575313600922166	0.0019999545311541	-0.0005660702797334	0.4820483818991763	-0.3243311392672569	0.0020112609767564	-0.0005242670362081	
-0.1701134948109309	-0.0437409761308363	0.0000602166406810	0.0020824585424639	-0.1399402556024867	-0.0124918994149332	0.0000728074457069	0.0020820543498852	-0.1540058429471939	0.0051995441375651	0.0000295817077236	0.0020831222526509	
-0.0557978258023734	-0.2478997955492231	-0.0000104839949281	0.0020833068217069	-0.0279689780356106	-0.2177041835704059	0.0000193250234516	0.0020832432531103	-0.0369510548076629	-0.1989219215727679	-0.0000025125794580	0.0020833318106143	
0.4000013235823552	-0.3618218070112084	0.0020296805530191	-0.0004472704631627	0.4302121432223018	-0.3403737902101574	0.0020181045682809	-0.0004971343323049	0.4207567145090230	-0.3087872922651744	0.0020308400058150	-0.0004419494495623	
0.1839162722621660	-0.1644644652627661	-0.0020780499153170	-0.0000191802151785	0.2140430140018452	-0.1376993801748878	-0.0020781379865946	-0.0000000859330092	0.2005639463038503	-0.1112047247648388	-0.0020780934823578	0.0000136346360193	
0.5206349009020996	-0.2177638561546369	0.0012885819823952	0.0016344790170037	0.5583507222058253	-0.1993574100220679	0.0013990350989871	0.0015405128498065	0.5465191705703552	-0.1697384821466254	0.0016586051947330	0.0012552029860753	
0.5431490262385732	-0.2738709250752163	-0.0020663103235395	-0.0002219561839787	0.5792105042906373	-0.2554546737324593	-0.0020604437868588	0.0002712849093662	0.5674664036824728	-0.2241950739132955	0.0003003021825868	-0.0020614666881309	
0.0727520026764348	0.0331901406782661	-0.0020727496119689	-0.0001499283738077	0.1048974071759595	0.0629970807944618	-0.0020749768693444	-0.0001148660736051	0.0872193503174741	0.0879538184163048	-0.0020688687215555	-0.0001965506307569	
0.4082307202973678	-0.4168929324568424	-0.0020174895580001	-0.0004996367694678	0.4366830580499756	-0.3964049207864247	-0.0020705760765252	-0.0001775648251288	0.4282482447471259	-0.3653619724886610	-0.0020364874848509	0.0004150110539921	
0.0633864990254822	0.0322755171799517	-0.0020553413699598	-0.0003077354176860	0.0946542391911128	0.0620297380619959	-0.0020546529119712	-0.0003123216469787	0.0779045975751553	0.0865533032377128	-0.0020482592566381	-0.0003520067391750	
0.0009925015062791	-0.1354141187937150	0.0001565837365888	-0.0020774110247229	0.0303261073283430	-0.1062638116008183	0.0001323723933754	-0.0020791025961895	0.0198886442737648	-0.0854264528843390	0.0001781899505633	-0.0020756606568887	
0.0561193303374381	-0.2616214829603774	-0.0020781367916297	-0.0000022358110541	0.0831250611047767	-0.2322811713277192	-0.0020778425848724	0.0000351260201928	0.0717072336644738	-0.2085011663250699	-0.0020780657602637	-0.0000173694428310	
-0.0564477462405886	-0.1864653932420980	-0.0000353825524235	0.0020830313452544	-0.0279055781031061	-0.1572909998674534	-0.0000051674715677	0.0020833268925770	-0.0379025585113992	-0.1375081021778154	-0.0000314177279087	0.0020830952360882	
0.0696622222106980	0.0329684982431436	-0.0020720659311868	-0.0001591428112397	0.1017931905154091	0.0628229378964937	-0.0020735243598159	-0.0001387447973037	0.0841479805881554	0.0875893828654835	-0.0020596311715234	-0.0002774171935007	
0.1517733458104970	-0.2599395146071341	-0.0020761297362492	0.0000915673695388	0.1797073204890978	-0.2326200060813927	-0.0020737896537213	0.0001347009780396	0.1682787312293159	-0.2067018481406144	-0.0020759377375033	0.0000958424011237	
0.3647169084095754	-0.2550202661787875	-0.0020769975528333	0.0000690100509873	0.3958848667547039	-0.2323000995481242	-0.0020758133452019	0.0000985129290106	0.3834148204532426	-0.2021254129195070	-0.0020781064979641	0.0000114689590441	
0.5892034758497637	-0.4693611884080423	-0.0020319064351528	0.0004369954161463	0.6234592704288395	-0.4540386501834532	-0.0020249748097193	0.0004682163544895	0.6130412064306876	-0.4177785551435365	-0.0020286030400474	0.0004521566233381	
0.4051181130100332	-0.2585874217224608	-0.0020708487932853	0.0001743392580904	0.4373228346889848	-0.2367520208641834	-0.0020547729262637	0.0003115271293250	0.4249426274753079	-0.2053262459993387	-0.0020476029027720	0.0003558237455044	
0.0335046888076922	-0.0764047137750757	-0.0018540987451425	-0.0009409493741650	0.0630713247677793	-0.0475515271634967	-0.0017706137636997	-0.0010906464678653	0.0483305826358630	-0.0268125777206654	-0.0010400616639956	-0.0018036446741912	
0.0027834456266429	-0.1646246124096665	0.0000795066925068	-0.0020818080645308	0.0315958223646998	-0.1364286396243262	0.0000311091079477	-0.0020830998910875	0.0217160693920772	-0.1156298887252554	0.0000973510020071	-0.0020810461587542	
0.0932164248916649	0.3864742899295346	-0.0000159804059497	-0.0020832717359818	0.1325283052300458	0.4312837858219687	-0.0000515960465821	-0.0020826911192868	0.1148690935332918	0.4687752059211741	-0.0000186876997437	-0.0020832490968011	
0.4125377047289551	-0.3646758394346796	0.0020309800588091	-0.0004413021617908	0.4436845122505915	-0.3437573331188009	0.0020276740488179	-0.0004563252377953	0.4333363736934766	-0.3116412222182001	0.0020327039996670	-0.0004332516306717	
0.0915392689201642	0.1729163633087878	-0.0000201263704095	-0.0020832356273610	0.1269468145702101	0.2052046400329748	-0.0000546076772923	-0.0020826139466375	0.1123697733057123	0.2322906330603601	-0.0000237244698555	-0.0020831975685320	
0.4707712047837789	-0.3046921247842492	0.0020564313838972	-0.0003003277546771	0.5039134298044894	-0.2846117527910718	0.0020528655753981	-0.0003239183271496	0.4915067280870880	-0.2517050581019389	0.0020649594204453	-0.0002342507893105	
0.1809241099149591	-0.0513115767861282	0.0020488517611230	0.0003485240806832	0.2129612435233704	-0.0238593108211171	0.0020323540818124	0.0004348983018529	0.1969286206950961	-0.0006074536118722	0.0008993149103865	0.0018781537685713	
0.5341990746531455	-0.3741786397286830	-0.0019904999695758	-0.0005986254548453	0.5671564556961948	-0.3569365527911662	-0.0020362400230029	-0.0004162295822423	0.5560009130213297	-0.3231190313066473	-0.0020645621919562	-0.0002377435761362	
0.5921428853854278	-0.2597735471784757	-0.0019450393001530	0.0007335941414574	0.6327964354501816	-0.2426982183611152	-0.0019322332031809	0.0007668517888181	0.6213051839322881	-0.2074736293594802	-0.0019474962691049	0.0007270135118234	
0.5924144722397555	-0.4131852159770078	0.0019693681864582	-0.0006651694735974	0.6274813404110413	-0.3971546429352519	0.0019556458685820	-0.0007046845799483	0.6161001918530968	-0.3605959971452259	0.0019774317510526	-0.0006406760703190	
0.4810999425933953	-0.4359372350325435	-0.0019375552247294	0.0007532353313578	0.5122540284958823	-0.4172361899408311	-0.0019279444588458	0.0007776244988040	0.5039513328526901	-0.3836220758871311	-0.0019431422499802	0.0007386293836155	
0.5223295818209166	-0.2153979634742362	0.0011277775244411	0.0017498652157114	0.5602553111393573	-0.1970373282616998	0.0012327538293182	0.0016771964303706	0.5487136860415798	-0.1678115566654834	0.0014697532789274	0.0014728505362947	
0.3252054257734364	-0.2571718363356182	-0.0020535020174927	-0.0003198382932216	0.3554236553884045	-0.2338197634566752	-0.0020663340091984	-0.0002217344654502	0.3439055479288520	-0.2047680681116749	-0.0020712546256265	-0.0001694247971212	
0.3707950585388422	-0.0486082703489818	0.0020772918275506	0.0000594454762930	0.4073051593577164	-0.0239367248625929	0.0020747847808366	0.0001183018468927	0.3903878737759341	0.0045362264827775	0.0017380041980410	0.0011421457933606	
0.5361696864154910	-0.2820077490231983	-0.0020766474824839	-0.0000788906492149	0.5725414229813726	-0.2634127735667742	-0.0020347077698297	0.0004236933034711	0.5601297755940353	-0.2289241525458881	-0.0019504187489583	0.0007190966827730	
0.5850338488781057	-0.2571719827202592	-0.0019511524830426	0.0007170934331792	0.6254368747198671	-0.2398272160742801	-0.0019408746704901	0.0007445970555135	0.6141768550449698	-0.2049294873506699	-0.0019599983410716	0.0006924249441852	
-0.1332748384715813	-0.2062686621918216	-0.0000053493445997	0.0020833264312234	-0.1047012190828533	-0.1749853931447119	0.0000094882391062	0.0020833116186496	-0.1148633121368153	-0.1582964440693638	-0.0000274083132718	0.0020831521311148	
0.4176868929300053	0.0342509407194729	-0.0020733027184170	0.0001420346036028	0.4582965302421995	0.0598328651728012	-0.0020734772107475	0.0001394511559564	0.4406161015776446	0.0911006095787592	-0.0020778575558952	0.0000342244174361	
0.2202669870323253	-0.2091820985316578	0.0020759598812405	0.0000953591477320	0.2493728912140999	-0.1832696677110257	0.0020775872709973	0.0000479592276759	0.2368967385690017	-0.1560966030398838	0.0020769771522354	0.0000696243847542	
0.0550551742930355	-0.1582871846383024	-0.0016518484311701	-0.0012641259700878	0.0830785675771518	-0.1299701638544711	-0.0019200410345899	-0.0007970347385222	0.0696273544895541	-0.1067975258896477	-0.0020604540291457	-0.0002712067169731	
0.5507417722115748	-0.3985273424783652	0.0020525712606470	-0.0003257873881669	0.5849846354857420	-0.3813576585343781	0.0020427063252585	-0.0003830656886403	0.5725633157290277	-0.3464392932704645	0.0020752748350614	-0.0001093224187805	
0.0915489795005504	0.1739580917332628	-0.0000187783325284	-0.0020832482777318	0.1269756048067607	0.2062459793525684	-0.0000533216913846	-0.0020826474356505	0.1123823878278782	0.2333323491418745	-0.0000229449458255	-0.0020832063439793	
0.3054883034524177	-0.2583083099080624	-0.0020774866290118	-0.0000521570311133	0.3356162476304220	-0.2344066839314293	-0.0020781376313328	0.0000012212053796	0.3241725594431266	-0.2055144206728898	-0.0020781355459075	0.0000031941089293	
0.2940522218071766	-0.2581775997223457	-0.0020766624078984	0.0000784948044474	0.3241860420666570	-0.2339821607917983	-0.0020740938928177	0.0001299079963423	0.3127586733203089	-0.2051869670002442	-0.0020765935090027	0.0000803058007484	
0.3419445187510561	-0.1418222504128013	-0.0014195156139126	-0.0015215667855345	0.3758283251273216	-0.1192905607730176	-0.0012094728093770	-0.0016941458131222	0.3639510368540257	-0.0921070802766336	-0.0005814009009232	-0.0020001396257453	
0.0603802093631686	0.0318156479972571	-0.0020484699572619	-0.0003507723474162	0.0914253540530546	0.0615088530747607	-0.0020514271446273	-0.0003329510162277	0.0748926104469361	0.0861454146271411	-0.0020664708639769	-0.0002204489681708	
0.5175345518438379	-0.4467733860912442	-0.0020556052680810	0.0003059587963572	0.5496597262774661	-0.4291765711945183	-0.0020610409476771	0.0002666870666620	0.5395668634669286	-0.3944327151086068	-0.0020013450790167	0.0005611093549465	
0.1444682483998609	-0.0961008282816008	-0.0020739277191604	-0.0001325474639634	0.1755664422950134	-0.0683438223997445	-0.0020769405384464	-0.0000707135561413	0.1610507345690844	-0.0426053379159499	-0.0020773255595444	-0.0000582487727806	
0.5517469595484390	-0.2447170883142829	-0.0020337620613935	0.0004282322543046	0.5912159688559950	-0.2262543994697829	-0.0020070597044577	0.0005402059796314	0.5777529318641916	-0.1928484333996732	-0.0020400177801006	-0.0003972038034588	
0.3137807445306406	-0.3139785414947534	-0.0020298872471112	0.0004463267612962	0.3429099460943814	-0.2903180406532875	-0.0020206976879646	0.0004864329509624	0.3324939495954573	-0.2605481703414388	-0.0020299279030910	0.0004461408922932	
0.5839299686364283	-0.4104825577597798	0.0019918380352785	-0.0005941356148511	0.6190742533503968	-0.3942565375694744	0.0019797674402600	-0.0006333851655446	0.6079300265312289	-0.3581343632821214	0.0019992338845894	-0.0005686228899809	
0.0965740728434544	-0.2592614173765705	-0.0020769555002555	0.0000702705207394	0.1239147431934114	-0.2307174032423783	-0.0020768832958644	0.0000723835132310	0.1122351662018471	-0.2062800408285344	-0.0020570058752603	-0.0002963474238304	
0.2629502427804493	-0.3235987631375437	0.0020487771644567	-0.0003489645175821	0.2909812795389707	-0.2987499700136549	0.0020438468213214	-0.0003769022305859	0.2814905434240689	-0.2703035046147782	0.0020532380773114	-0.0003215367692496	
0.1433763172236873	-0.2595858453713267	-0.0020762062395819	0.0000898071561767	0.1714630404894183	-0.2321106294321392	-0.0020736032472320	0.0001375548064290	0.1600142708487428	-0.2062943943751579	-0.0020755300551674	0.0001043394408591	
0.2213371192393416	-0.1150270423168497	0.0020770502702371	-0.0000673965889278	0.2524938877403127	-0.0886658457370395	0.0020725414643262	-0.0001527928970664	0.2389689917483232	-0.0612546646589882	0.0020755102284504	-0.0001047350583222	
-0.0583717031236515	-0.0218843915758857	0.0000155005310318	0.0020832753798962	-0.0279173566391817	0.0083376042954884	0.0000531936968181	0.0020826507251253	-0.0411230242331203	0.0281465453453594	0.0000140598132947	0.0020832856524732	
0.3150674477271264	-0.2282917964093701	0.0006941557229427	0.0019636734294860	0.3464006972903728	-0.2055127780370424	0.0007850624645374	0.0019289554782749	0.3352714081588164	-0.1799008673304062	0.0011749193737638	0.0017184095662955	
0.2701663279471046	0.0342172753503098	-0.0020741812616236	-0.0001284984173145	0.3054733520061059	0.0616709888776811	-0.0020740753467162	-0.0001302052419227	0.2888320025632790	0.0897646449294187	-0.0020600522050075	-0.0002742573447339	
-0.1329715663691030	-0.2302049583865081	-0.0000486315934004	0.0020827628059768	-0.1045573362194291	-0.1989149155317195	-0.0000291638157107	0.0020831281745669	-0.1142937155733134	-0.1812494641217935	-0.0000694151500343	0.0020821707884544	
-0.1326716707287712	-0.2416126309507863	-0.0000671970449508	0.0020822439169060	-0.1043516091862738	-0.2104940197651810	-0.0000636859178222	0.0020823548153038	-0.1138672277550630	-0.1926208393083866	-0.0001067443785470	0.0020805831808413	
0.0057537970993931	-0.2623390716462549	-0.0000647546067652	-0.0020823216914487	0.0332015316943733	-0.2333161141009495	-0.0002302200314929	-0.0020705098834115	0.0242884003840105	-0.2136659804213809	-0.0003346449959545	-0.0020561444181218	
-0.1333670950986272	-0.1812636480188616	0.0000032641502027	0.0020833307634078	-0.1045803579068588	-0.1499892462272801	0.0000248366737326	0.0020831845403753	-0.1152547266894490	-0.1333290006617767	-0.0000280223237062	0.0020831439210940	
-0.0560891738000209	-0.2229165553005188	-0.0000057822064933	0.0020833252690080	-0.0279847046106977	-0.1927085635685998	0.0000131201588567	0.0020832918128387	-0.0373496552462972	-0.1739573605014115	-0.0000242340583079	0.0020831916733890	
0.2671632600856181	-0.1802817528457206	0.0007476637284308	0.0019438308125853	0.2983099727334362	-0.1563170173122205	0.0010199890573113	0.0018151285656937	0.2858845923457541	-0.1313561858965965	0.0012736541692019	0.0016461961370445	
0.3519693206280468	-0.1279093580241599	-0.0007662789125408	-0.0019365316468413	0.3864339498668314	-0.1051219014673198	-0.0008193217197598	-0.0019145832604916	0.3747449096152649	-0.0787624876212796	-0.0009773375326214	-0.0018385611798128	
0.1903870848638518	0.0297207865769320	-0.0018867845011801	-0.0008732124571897	0.2242991942628311	0.0575703383298373	-0.0018811927706261	-0.0008852541941621	0.2078609602878133	0.0832386351321941	-0.0019840848640501	-0.0006196591503250	
0.3615365934423866	-0.3264826484990408	-0.0020255436511075	0.0004657369613354	0.3917275858539235	-0.3041764765314032	-0.0020163726077809	0.0005041478760355	0.3812749330199683	-0.2733793811255416	-0.0020215737671155	0.0004827607452513	
0.5673316751491755	-0.3041604189218622	-0.0019887961656546	0.0006042899284484	0.6047337590546515	-0.2865624208505381	-0.0019761486501164	0.0006446425875728	0.5912319540111732	-0.2507666334238992	-0.0019663689582551	0.0006740279646242	
0.3481396451338672	-0.3477894665331395	0.0020303998278918	-0.0004439774021250	0.3781348146445558	-0.3252063313056687	0.0020217939992038	-0.0004818329584687	0.3679188672115352	-0.2945759883280275	0.0020260531909832	-0.0004635041875206	
0.5542320465738626	-0.1775500783592801	0.0016545301205075	0.0012605964458643	0.5940590761808908	-0.1590231196311641	0.0016868815159007	0.0012167427411080	0.5807616736015788	-0.1290819152012697	0.0016117744900745	0.0013150876204772	
0.5870798422922923	-0.3542059561293771	-0.0020540184005831	-0.0003164883271099	0.6234547376509569	-0.3376036674362755	-0.0020624242154228	-0.0002557138639835	0.6099422312570764	-0.3031856499897115	-0.0020361975221600	-0.0004164384872389	
0.3065304398563427	-0.2582750783420745	-0.0020770435507578	-0.0000676043880785	0.3366556111614714	-0.2344013095066795	-0.0020780861824537	-0.0000147103671070	0.3252094867681156	-0.2055087356634445	-0.0020780904965415	-0.0000140845669816	
0.3803842468341987	-0.0495209901807003	0.0020396254743610	-0.0003992234227682	0.4177219075618199	-0.0249112356335981	0.0020359423802186	-0.0004176903023725	0.4021439005070118	0.0059587667336281	0.0020644998175440	-0.0002382873164030	
0.0602014019378966	-0.1499163201183231	-0.0011441668842623	-0.0017391394847606	0.0892859043092289	-0.1217757473482851	-0.0010728032821348	-0.0017842671235103	0.0769696635821636	-0.1011659059328918	-0.0009036884196100	-0.0018760428167188	
0.3875640207330346	-0.4893297634218163	-0.0020771357172844	0.0000646959058911	0.4145747130271003	-0.4723430337420748	-0.0020733759732749	0.0001409558212413	0.4063006332181978	-0.4444835274495357	-0.0020742820195855	0.0001268533010269	
0.3813536596682976	0.0335004800878265	-0.0020745381959048	0.0001225708354332	0.4198231393879313	0.0596004166122917	-0.0020778966933573	0.0000317466664334	0.4029372442144126	0.0891700442989199	-0.0019667804924198	-0.0006728201605766	
0.4104438327484210	0.0344905325746501	-0.0020780505607996	0.0000191098020369	0.4498904972544553	0.0601599852472381	-0.0020779126244529	0.0000306808211661	0.4333194802541736	0.0910999248839163	-0.0020778113328456	-0.0000369372451201	
0.1724797189480599	-0.2614722786025775	-0.0020747604207102	0.0001187304361691	0.2004690340429066	-0.2345421847561471	-0.0020714115232085	0.0001674859207330	0.1891860120938638	-0.2081407426923215	-0.0020717920734393	0.0001626866411816	
0.0644223551048494	-0.2616687676325722	-0.0020780305597746	0.0000211831670197	0.0914361018905484	-0.2324806595448859	-0.0020771662280874	0.0000637038036810	0.0800131189335672	-0.2084935306799344	-0.0020780826007795	0.0000152103736370	
0.4644897081204173	-0.2741967044141257	-0.0020532708465192	-0.0003213263967664	0.4977021398222110	-0.2540447712510164	-0.0020570198014505	-0.0002962502592153	0.4852830685926253	-0.2222197231525606	-0.0020582167087713	-0.0002877742184614	
0.2015883976242702	-0.2096138562227004	0.0020781058072193	-0.0000115940620930	0.2306707673920079	-0.1831746621328299	0.0020772204582803	-0.0000619011594220	0.2182028905537088	-0.1562059961284346	0.0020781340881117	-0.0000040362924701	
0.2130169192765579	-0.2094853470754973	0.0020770939399468	0.0000660301578210	0.2421049276296626	-0.1833751727300538	0.0020781195752652	0.0000087699886318	0.2296355458605756	-0.1562721767079924	0.0020779657686517	0.0000268206315255	
0.5838303588138176	-0.3877037227852000	-0.0018653318398231	0.0009183658552635	0.6194682150006536	-0.3715685777771474	-0.0018700942827994	0.0009085796774401	0.6089743500950471	-0.3353088148854391	-0.0018116649931790	0.0010206451717993	
0.3541800567918423	-0.3973726215398404	-0.0020081370963187	0.0005361668614689	0.3833387806670161	-0.3752589432995757	-0.0019989826752138	0.0005695097968607	0.3741937873731309	-0.3443721482101320	-0.0019994813936273	0.0005677475830526	
0.4602875702841760	-0.3531979399055137	-0.0020086763814468	0.0005341328027642	0.4925087952692355	-0.3333663209940056	-0.0019987469343660	0.0005703407358053	0.4820411434955143	-0.3003357218524319	-0.0020151679437993	0.0005089656631014	
0.6129176808816947	-0.2071537952514285	0.0012778683396872	0.0016429106308054	0.6545434475253629	-0.1905177414689308	0.0014119095361383	0.0015286625976798	0.6413737817675118	-0.1597072915299502	0.0013932533511650	0.0015457700251086	
0.4561454685361488	-0.3760659500787800	0.0020122418851850	-0.0005204704403505	0.4883383313361735	-0.3563453802869639	0.0019998329496025	-0.0005665018062693	0.4778982539159560	-0.3232070233534444	0.0020102631532920	-0.0005280992192096	
0.5570093755662240	-0.4006444763530541	0.0018539137429098	-0.0009413156482133	0.5911864320264653	-0.3835650686699811	0.0018410296168957	-0.0009663951539361	0.5808134472613340	-0.3480854268760092	0.0019265153785362	-0.0007811758892133	
0.4849892776694251	-0.3076505619364251	0.0020601707961964	-0.0002733606095099	0.5187913441247558	-0.2880749482913641	0.0020266757746199	-0.0004607606076125	0.5068656746469087	-0.2546285656040070	0.0020055518745462	-0.0005458050253387	
-0.1705273393427224	-0.2041693849417445	0.0001145341881513	0.0020801668262745	-0.1416609640910645	-0.1718816908030026	0.0001298122988243	0.0020792648179986	-0.1525136228601481	-0.1562389897090096	0.0000818827800727	0.0020817154998347	
-0.0561397445483979	-0.2135425057424927	-0.0000247517532073	0.0020831855561652	-0.0279341866799885	-0.1833318936899636	0.0000039358028440	0.0020833295969875	-0.0374365841167726	-0.1645839801397573	-0.0000258194520190	0.0020831725315701	
0.2597898298107104	-0.3011738953743574	-0.0020742605502087	0.0001272056307511	0.2878497279076400	-0.2762256771078446	-0.0020705148206224	0.0001782812477544	0.2774379336895039	-0.2479611920321788	-0.0020719854075300	0.0001601930057565	
0.5010037019497600	-0.3880928957324907	0.0020098874282013	-0.0005295345301010	0.5341530680841871	-0.3696120688403152	0.0020004692361351	-0.0005642395018952	0.5226997127616424	-0.3352674943682430	0.0020088102666144	-0.0005336265326464	
0.3718233302147542	-0.0019221203677098	0.0002278972984927	-0.0020707681156075	0.4101578725174500	0.0221990091155796	0.0016199561885871	-0.0013049452222061	0.3925705138148066	0.0511470462385359	0.0008050789170299	0.0019206459600530	
0.5434165809797893	-0.3687129865117255	-0.0014681026020934	-0.0014745041303673	0.5776093480697735	-0.3518310695913517	-0.0015529562309130	-0.0013843884152990	0.5653922187070011	-0.3200529814021518	-0.0017971481867187	-0.0010461201072732	
0.0006743614855925	0.0316306270901145	-0.0018028738205390	-0.0010361716461168	0.0311235790620781	0.0615013305195904	-0.0016194840772166	-0.0013055340156364	0.0151453398909163	0.0825206264605962	-0.0009402962845145	-0.0018578736134653	
0.3106781996708368	-0.2802807411616833	0.0020778983797679	-0.0000316355396202	0.3408000794550210	-0.2564677633135401	0.0020769250975085	-0.0000711678839235	0.3293707364460504	-0.2273252417755653	0.0020772295186523	-0.0000615948393611	
0.6171664105426813	-0.4751575274814201	-0.0020410226995472	0.0003919811389918	0.6515470455022134	-0.4612088967113502	-0.0020146756235759	0.0005109206904881	0.6410902754800354	-0.4240255569597148	-0.0020399584148330	0.0003975101041722	
-0.1699354603630148	-0.0374842453061983	0.0000533359238020	0.0020826470693871	-0.1397054935699301	-0.0062624586738979	0.0000772175617091	0.0020818946601393	-0.1539082891804647	0.0114530618088284	0.0000351517615071	0.0020830352722617	
0.3719873381554286	-0.1175946029447292	-0.0019469739442726	-0.0007284181549639	0.4073134902441222	-0.0937815905044766	-0.0019597289084223	-0.0006931909498404	0.3929371655956000	-0.0649915256731963	-0.0020686944911013	0.0001983851025704	
0.1879285186998496	0.0283948939565177	-0.0018782823714794	-0.0008914434013320	0.2213118563171557	0.0562698108053578	-0.0019342883836451	-0.0007616268671212	0.2055424560546897	0.0827336670836372	-0.0020779401906485	-0.0000287433159931	
0.0931634386317084	0.3802262895012483	-0.0000173973124728	-0.0020832603284449	0.1323674666994573	0.4249732821357042	-0.0000516965474113	-0.0020826886146026	0.1148229053780688	0.4635692427461882	-0.0000191182552869	-0.0020832451704660	
0.5713993282206287	-0.3283196404425596	0.0020043441073124	-0.0005502457560368	0.6076791141030258	-0.3107879371623321	0.0019941649257065	-0.0005862386065156	0.5952418970509927	-0.2753185904507536	0.0020078119193700	-0.0005373893700255	
0.5350851404944070	-0.1645263931265050	-0.0016571143497474	-0.0012571803797083	0.5745488203423135	-0.1457379372537308	-0.0016868981734864	-0.0012167195312266	0.5612869385107768	-0.1159100899772035	-0.0016153700619873	-0.0013106463785283	
0.5860655898645368	-0.3322159088328283	0.0020228277693575	-0.0004774524671841	0.6235623953431297	-0.3153395250611138	0.0020145357463161	-0.0005114746997772	0.6098771583688087	-0.2792984115859031	0.0020129298420169	-0.0005177899881808	
-0.0934800737770172	-0.2374942100386321	-0.0000075556982899	0.0020833195634375	-0.0654882191763583	-0.2072962940571227	-0.0000014311107161	0.0020833328393338	-0.0747394555058054	-0.1885257400503584	-0.0000468465552303	0.0020828039253194	
0.4895236701505901	-0.3850196108522700	0.0020012197321580	-0.0005615584820968	0.5215121273972974	-0.3659374613373963	0.0019900827305848	-0.0006000180031885	0.5112760813170225	-0.3321086072924198	0.0019998958836795	-0.0005662784801619	
0.0913577157257756	-0.0864576200919345	-0.0000873853256049	-0.0020814906567037	0.1221735043173923	-0.0593581697446049	-0.0001567079227818	-0.0020774016136429	0.1111167222117113	-0.0374947855285891	-0.0001944178700553	-0.0020741962881561	
0.0915042046357369	-0.0479193924628606	-0.0001817551048690	-0.0020753499653246	0.1228663617661794	-0.0208549827166831	-0.0002378542527081	-0.0020696424583554	0.1113088155872202	0.0020719737380686	-0.0001972003535666	-0.0020739322832204	
0.4343163598757778	-0.3705282285874240	0.0019896442533745	-0.0006014776469164	0.4655032386608526	-0.3500727956888689	0.0019856941666408	-0.0006144565925238	0.4561519397892124	-0.3177224831326295	0.0019842333646191	-0.0006191810840909	
0.5233470988429469	-0.1745511358225596	-0.0014919579414212	-0.0014502398678141	0.5624476435618722	-0.1556246905306165	-0.0015099471796776	-0.0014314060710736	0.5500013498129341	-0.1264362055474385	-0.0014121502395583	-0.0015284391298465	
0.3158197741288847	0.0318205624239558	-0.0020439172314546	-0.0003765183003657	0.3523215006897844	0.0587584099434504	-0.0020479454916273	-0.0003538367199902	0.3367317309893414	0.0877765133287245	-0.0020698057786365	-0.0001863721038531	
0.3803329503644746	0.0335476920486485	-0.0020781072469424	0.0000113317484778	0.4187962759143009	0.0595845972187982	-0.0020750523630794	-0.0001134872027772	0.4023710175910111	0.0889424534767130	-0.0019591963650968	-0.0006947021940869	
-0.0584868146215236	-0.0312595148160189	0.0000350974080064	0.0020830361933701	-0.0282070978265148	-0.0010435321342737	0.0000657043901779	0.0020822917899692	-0.0411944988138946	0.0187606249467087	0.0000220672954067	0.0020832158732066	
-0.0027710194563756	-0.0291331275105983	-0.0000631259221515	-0.0020823719519852	0.0279934509305175	-0.0000051492525526	-0.0000810986939529	-0.0020817463470653	0.0155109528488220	0.0208276566083769	-0.0000363659874979	-0.0020830143235322	
0.5071175715305816	-0.2673548917376419	-0.0020549640939630	0.0003102572645069	0.5434256530209365	-0.2479623646468808	-0.0020554234352899	0.0003071840607236	0.5309508109613248	-0.2154926124607586	-0.0020532891063576	-0.0003212091106172	
0.5088854024706841	-0.3899452615075511	0.0020410981942905	-0.0003915858677694	0.5415956707632705	-0.3715294223870909	0.0020299253674574	-0.0004461524869506	0.5310513941119230	-0.3373497686170675	0.0020306557298225	-0.0004427996149328	
0.1984625138771391	-0.0945613863848546	-0.0019843065121641	-0.0006189454521100	0.2296009632370392	-0.0682403574614363	-0.0019525671732287	-0.0007132130051651	0.2149521773334492	-0.0433339563469754	-0.0017245010679809	-0.0011625341877741	
0.2711973451321735	-0.1146149784373572	0.0020773643284935	0.0000568422395605	0.3034159240394353	-0.0890329885376559	0.0020779678519071	0.0000266579267862	0.2899056746805659	-0.0608369019826514	0.0020778650923879	-0.0000337614333511	
0.3533551821985341	-0.3245624544505901	-0.0020174456349713	0.0004998149809877	0.3834276326618415	-0.3020247674773237	-0.0020060104072760	0.0005441088902249	0.3731175855433850	-0.2713545311219636	-0.0020098616310032	0.0005296329256867	
-0.1332509051835410	-0.1406417962330251	-0.0000133303227401	0.0020832904719878	-0.1040551714522781	-0.1093830972915632	0.0000144459425928	0.0020832829975281	-0.1155819129014294	-0.0927256506026349	-0.0000236144445932	0.0020831988249058	
0.4245425844285453	-0.2543185945051969	0.0005129194406349	0.0020188794786079	0.4581478099142664	-0.2344072494184186	0.0002430970893242	0.0020690301429932	0.4485033224546346	-0.2043324363319028	-0.0000437348028004	0.0020828719281757	
0.0903294015120050	-0.1083447338240478	-0.0001748220919089	-0.0020759484601314	0.1207228513970320	-0.0812089700555703	-0.0002387424917575	-0.0020695396720728	0.1099946149560340	-0.0594203000529197	-0.0000275269185268	-0.0020831505594033	
0.4145918333815084	0.0344016428779328	-0.0020767449539995	0.0000762684099777	0.4550636106874140	0.0600127577314959	-0.0020764722642365	0.0000833971219946	0.4374946573341163	0.0911289487160424	-0.0020781341305077	0.0000040142951839	
0.2618721106409118	-0.2592088419677579	-0.0020780622478429	0.0000177867562064	0.2909569636618429	-0.2342780396576831	-0.0020763175040394	0.0000871836221406	0.2795267494009599	-0.2061356574025028	-0.0020764130096264	0.0000848668927231	
-0.0005944372845704	-0.0645663781004441	0.0001052978795055	-0.0020806572583764	0.0296397356313861	-0.0354222971794573	0.0000445971833872	-0.0020828535503096	0.0179981856950926	-0.0145756156445864	0.0000613902044489	-0.0020824241050359	
0.0383615809460803	-0.0747061510062526	-0.0020295306318515	-0.0004479536533057	0.0684406213277973	-0.0453947020523697	-0.0020233215364196	-0.0004753451392430	0.0521654694700376	-0.0231953874969182	-0.0018274144722274	-0.0009920262268117	
0.3761354745658860	-0.0488789955117507	0.0020661292677921	-0.0002236436791664	0.4125344989714876	-0.0241350507063856	0.0020668588702289	-0.0002167624528757	0.3969144226711361	0.0062746769483942	0.0020780638789078	0.0000175941992760	
0.0893838737675036	-0.2825584321027984	0.0020746544495673	0.0001205770958705	0.1163524610634761	-0.2538854797848677	0.0020767511738622	0.0000760980082032	0.1050071752074140	-0.2295402926960988	0.0020749393093907	0.0001155459469331	
0.4977873893508811	-0.3872750179446457	0.0020074197328184	-0.0005388598503445	0.5309755810714281	-0.3687165312971726	0.0019978653016665	-0.0005734367782900	0.5195246811435987	-0.3344089872035026	0.0020066320861996	-0.0005418001667480	
-0.0579919047617562	-0.1020722786898431	-0.0000350383313172	0.0020830371929037	-0.0284116509303721	-0.0729319663801449	-0.0000143881564054	0.0020832833994308	-0.0399811933266584	-0.0531494569726420	-0.0000373578665029	0.0020829966828621	
0.0006178150213291	-0.1260178237399486	0.0000083010395937	-0.0020833167127330	0.0300346072104536	-0.0968685361657719	-0.0000076038160780	-0.0020833193874938	0.0193309645983401	-0.0770687008276228	0.0000873438308454	-0.0020814924070450	
0.3162495700128831	-0.2241783618983643	0.0005068771706285	0.0020204126023080	0.3476850496356714	-0.2018141335496631	0.0006067442075652	0.0019925602251453	0.3373498466362359	-0.1757809112294239	0.0007571434095716	0.0019401396139179	
-0.0578588866458442	-0.1145713446118637	-0.0000146408082408	0.0020832816303625	-0.0284150267487976	-0.0854244689801197	0.0000094817830524	0.0020833116481902	-0.0397903316527155	-0.0656381426996447	-0.0000387804248855	0.0020829705536606	
0.2577424069129608	-0.0940115131519915	-0.0020687242041717	-0.0001980734663283	0.2897926254610529	-0.0683245769537710	-0.0020665970858117	-0.0002192565904820	0.2763564623666890	-0.0404939326869100	-0.0020768343963698	0.0000737801092873	
0.0009668063603985	-0.1062505819743454	0.0000350991320667	-0.0020830361641750	0.0306433319513831	-0.0770858545918925	-0.0000039738263326	-0.0020833295244456	0.0195342108860680	-0.0572929625961977	-0.0000277476359641	-0.0020831476164707	
0.1795292725388382	-0.0516841806160159	0.0019741264119620	0.0006508398071534	0.2107378046823783	-0.0247177340024914	0.0017899995208882	0.0010583661823583	0.1966372369961351	-0.0012455567664187	0.0007582754443297	0.0019396952406040	
0.0351528128528427	-0.0757129749503790	-0.0019368100241901	-0.0007551589881732	0.0643872639230535	-0.0468225542375360	-0.0018751870187045	-0.0008979687154042	0.0492564888690030	-0.0253178219772229	-0.0014230228261043	-0.0015182707888033	
-0.0022044810988340	-0.2842002552150830	-0.0015715648904078	-0.0013631203379159	0.0239163697077827	-0.2541985067721085	-0.0017245349979173	-0.0011624836025983	0.0124757303562433	-0.2333595531271686	-0.0019505819523001	-0.0007186516510547	
0.5374988761323685	-0.2743588345602628	-0.0004455957448034	-0.0020348779302896	0.5755927368576139	-0.2572017141099552	0.0001726601572470	-0.0020761302955031	0.5620660010523633	-0.2295367965997500	-0.0019787555451166	0.0006365551281719	
0.3002107927828879	0.0329536424268322	-0.0020524651826225	0.0003264583532971	0.3366158349956374	0.0602166559261957	-0.0020533112844406	0.0003210665978691	0.3210908935726066	0.0897144312941270	-0.0020684740441145	0.0002006819401217	
-0.1701636453990109	-0.1958273394802483	0.0000536911069035	0.0020826378972652	-0.1412351457170923	-0.1635406053134242	0.0000888153207777	0.0020814298274181	-0.1521848635506995	-0.1479360862293259	0.0000607645616792	0.0020824425468869	
0.2733127133438671	-0.3019252179398851	-0.0020721656883320	0.0001578320245903	0.3022985885286562	-0.2773663908840099	-0.0020691275950240	0.0001937925958574	0.2909498540977085	-0.2488030979744192	-0.0020753975731570	0.0001069551083834	
0.5085354872169077	-0.1920288165060491	-0.0012165357701400	-0.0016890557870011	0.5469759395519451	-0.1732836206793150	-0.0012581737400877	-0.0016581169192711	0.5352111823991901	-0.1448519616684042	-0.0011195675394082	-0.0017551556373035	
0.2753355947127627	-0.3021359860490045	-0.0020615583339697	0.0002626372725908	0.3046151273498700	-0.2776497993054839	-0.0020548726293379	0.0003108654961995	0.2930258189460890	-0.2489060410404325	-0.0020747099523915	0.0001196134677150	
0.4197269325943436	-0.2915844341905567	0.0019273623895646	0.0007790732642891	0.4519444970790687	-0.2707494886837130	0.0020579533264017	0.0002896611034253	0.4403834417452408	-0.2392233365725719	0.0020627125109823	-0.0002533660748933	
0.3605561073005537	-0.0562494857472791	0.0006396423420046	0.0019821925192384	0.3971446116882602	-0.0324212361667911	0.0005769053599619	0.0020014474273209	0.3849083398945712	-0.0064280421889624	0.0002090381840386	0.0020727667638868	
0.5807242685921001	-0.2555809077229793	-0.0019575677955367	0.0006993009329586	0.6214347971712728	-0.2383263341168473	-0.0019467566267232	0.0007290016602416	0.6098529379839994	-0.2033906647830659	-0.0019656809558603	0.0006760417886933	
0.2649910278414721	-0.2591728946683547	-0.0020766102244956	-0.0000798702149624	0.2940611658255751	-0.2343472764003917	-0.0020781375394407	-0.0000013693732486	0.2826289555680972	-0.2062361407340981	-0.0020778828362587	0.0000326454617298	
0.5039281731968059	-0.2672745140626635	-0.0020684387049967	-0.0002010476755047	0.5392870756157098	-0.2480245791708498	-0.0020525794256842	-0.0003257356839182	0.5267831643153582	-0.2165995023374832	-0.0019455291436937	-0.0007322875485754	
0.0572643857037393	-0.1554111909902484	-0.0009475706657057	-0.0018541554812436	0.0860772468112007	-0.1277603278589816	-0.0012344742415887	-0.0016759242127329	0.0726607976253979	-0.1058829139776954	-0.0019000076070608	-0.0008439053049209	
0.1974725219645440	-0.2600109482988650	-0.0020635042262391	-0.0002468019951342	0.2264577904711428	-0.2337545256452964	-0.0020691144418639	-0.0001939336836763	0.2140142825066031	-0.2074670818632758	-0.0020617408442236	-0.0002611934630662	
0.5879975553069829	-0.4117396588774569	0.0019805778977485	-0.0006308335817612	0.6234763284842242	-0.3957495538042632	0.0019663541538073	-0.0006740713688939	0.6120284884017468	-0.3593302955075300	0.0019895630961505	-0.0006017473871051	
0.0540498756342823	-0.0729665409173892	-0.0019765534001578	-0.0006433942804481	0.0842061516225836	-0.0438793306398725	-0.0020151455961596	-0.0005090545797005	0.0686658375746106	-0.0203124757186018	-0.0020702721459879	-0.0001810914074847	
0.2432308921171857	0.0316872160893868	-0.0020781051870077	-0.0000117052514173	0.2784983201632782	0.0595000535266698	-0.0020772885864782	0.0000595591920579	0.2629531239738333	0.0878012421040954	-0.0020676723190211	0.0002088202442465	
0.2171614287607906	-0.2093221453557613	0.0020764832627160	0.0000831214478600	0.2462593359346696	-0.1833330284145192	0.0020778678041397	0.0000335932827886	0.2337867126222209	-0.1561935833201311	0.0020773812142225	0.0000562186185597	
0.0896874979710501	0.0468110302672909	-0.0001616170126129	-0.0020770235808646	0.1227994025721726	0.0759985351346394	-0.0002098633799963	-0.0020726829596097	0.1098501163539899	0.0990480407512365	-0.0002908883584338	-0.0020628228551356	
0.2319484782361571	-0.0637288016717917	0.0010175954224215	0.0018164782850197	0.2649173595981446	-0.0385092124245497	0.0010388675222666	0.0018043361868088	0.2531334346067783	-0.0122527933770607	0.0009339054244003	0.0018611104449290	
0.3938684589128627	-0.2569419297285719	-0.0020613751217005	0.0002640785688558	0.4259471539396480	-0.2347740010505976	-0.0020578527455402	0.0002903783714430	0.4136046406347027	-0.2037084131368090	-0.0020679013041007	0.0002065288573304	
-0.1332221432413087	-0.1489709133854368	-0.0000053498242439	0.0020833264299856	-0.1041315734127694	-0.1177182144889468	0.0000218808478565	0.0020832178497279	-0.1155008920568122	-0.1010516839314959	-0.0000176571415959	0.0020832581314630	
0.3137593895498962	-0.0051370859415502	0.0020259076246521	0.0004641432039256	0.3491352547265181	0.0208189687396965	0.0020082569141885	0.0005357156506729	0.3329136640771998	0.0474862400661614	0.0013293664560914	0.0016013167963364	
0.5672142031242045	-0.1445992305162694	-0.0018420697424827	-0.0009644011246862	0.6087387331925855	-0.1257652130724498	-0.0018680518118404	-0.0009127925876611	0.5935165336917980	-0.0951714750804686	-0.0018472017327136	-0.0009544849078256	
0.4194936193498180	-0.4139852038659768	-0.0020532133860172	0.0003216951898649	0.4490416729008353	-0.3935045702506676	-0.0020565043796838	0.0002998249993523	0.4384309510437310	-0.3625888901354637	-0.0020305726617414	-0.0004431822946994	
-0.0004108271860394	-0.0801954949539770	0.0000112426881101	-0.0020833028457144	0.0295305245002661	-0.0510551445278820	0.0000011281044713	-0.0020833330263755	0.0182112798459581	-0.0302114835053597	0.0000627025604150	-0.0020823848069142	
0.2815431855657543	-0.2579479747170991	-0.0020776787462443	-0.0000437958975076	0.3117363730555848	-0.2334898376783739	-0.0020781348635324	-0.0000036128472947	0.2992491651192350	-0.2051799868685698	-0.0020748672113018	-0.0001168398767866	
-0.0564393672012533	-0.1875057357048536	-0.0000312636438463	0.0020830975659256	-0.0279092403681270	-0.1583329706610709	-0.0000020775542794	0.0020833322922515	-0.0378773821620061	-0.1385491064261276	-0.0000291525226106	0.0020831283334312	
-0.1699923148693737	-0.0395699872122913	0.0000562787596691	0.0020825692359915	-0.1397865246460170	-0.0083223389459490	0.0000768246349821	0.0020819092694513	-0.1539423634808863	0.0093684314278527	0.0000344772761408	0.0020830466015828	
-0.0575346895161768	-0.1354329527225609	-0.0000303949089522	0.0020831104872908	-0.0283921034835428	-0.1062599748328009	0.0000013987564981	0.0020833328614178	-0.0393349082848840	-0.0864503989081096	-0.0000375502671977	0.0020829932060104	
0.4082808503370048	-0.0279338535801111	0.0019926500292797	0.0005913928908138	0.4455730895849794	-0.0037955234682008	0.0016713147882913	0.0012381440677590	0.4314937379420722	0.0236922190936288	0.0006448955306442	0.0019804811238160	
-0.0037134406088575	0.0258706922912237	-0.0006764151167234	-0.0019698857380534	0.0274010950073185	0.0550870204789949	-0.0005321568598687	-0.0020138691937938	0.0133825362058833	0.0760617078968339	-0.0002280922661716	-0.0020707465417858	
0.5714812917295611	-0.3054055100835992	-0.0019858274907460	0.0006140234146331	0.6088641509911037	-0.2879182801228530	-0.0019736512562741	0.0006522864818145	0.5953865328150885	-0.2520833735693077	-0.0019844502137632	0.0006184822558908	
-0.0426402313514528	-0.2827472275934090	-0.0020761565776593	-0.0000909536804191	-0.0156102891305416	-0.2512526264346798	-0.0020775933776129	-0.0000476926241612	-0.0279759002447030	-0.2297852346247819	-0.0020615691361846	-0.0002625520425974	
0.0918453797124845	-0.0427025772705209	-0.0000721004401202	-0.0020820790761771	0.1234500279303342	-0.0145807605644711	-0.0001306473935577	-0.0020792122512980	0.1117763961720970	0.0073019104561584	-0.0001573638160444	-0.0020773517842565	
0.2452271828234238	-0.2083797093886734	0.0020751515963732	-0.0001116487573582	0.2753020470584373	-0.1828952409722912	0.0020734423229642	-0.0001399715185891	0.2628539549245262	-0.1549990010442764	0.0020778974613903	-0.0000316961048665	
0.2367158536790750	-0.0548082865706416	0.0011190494129317	0.0017554876828262	0.2700366823728778	-0.0289488153871026	0.0010066922841877	0.0018225737137427	0.2566213220163041	-0.0051780045363216	0.0009154004909442	0.0018703274289345	
-0.1336252742003269	-0.0968625900487882	0.0000247663650787	0.0020831853816309	-0.1040170743744978	-0.0656274065618391	0.0000333241474631	0.0020830654621348	-0.1164880298817081	-0.0479208916098753	-0.0000069246012877	0.0020833217676645	
0.1120076521896517	-0.1322112913135411	0.0001430332610235	0.0020783928511194	0.1420757174967010	-0.1050856022619089	0.0003343821753520	0.0020561873899446	0.1310977494448449	-0.0834082292012083	0.0005113366344440	0.0020192829579154	
0.0829936604458108	-0.1403873152389400	-0.0020720785712801	0.0001589773246628	0.1123265810234806	-0.1116988506731378	-0.0020770835383489	0.0000663581807046	0.0976665665216733	-0.0881320310018858	-0.0020129289252563	-0.0005177935699539	
0.1485342288930616	-0.0956672188333357	-0.0020516877715532	-0.0003313331305274	0.1788172654454064	-0.0681254707560929	-0.0020676610712466	-0.0002089321434387	0.1651810624863331	-0.0424700310677564	-0.0020746548199799	-0.0001205706904589	
0.2234112423541297	0.0335558166490346	-0.0020741915781722	0.0001283309475946	0.2576946253308501	0.0615773888309614	-0.0020743494050397	0.0001257410157189	0.2421018189526818	0.0895125466784480	-0.0020770218734132	0.0000682704416543	
0.4394109298975415	-0.3482793251322755	-0.0020378489718293	0.0004082392049454	0.4708089287978223	-0.3278036663896456	-0.0020271351350814	0.0004587252496173	0.4601558953211522	-0.2951950290064188	-0.0020433275048832	0.0003797215482217	
0.0920524626269579	0.0031413358926279	-0.0000385060783416	-0.0020829756688092	0.1244200576475016	0.0312668919652338	-0.0001092726494976	-0.0020804512704367	0.1121366897405000	0.0541735255257011	-0.0001677684052537	-0.0020765333209158	
0.1786646369561875	-0.2616019933574195	-0.0020779135015100	-0.0000306210653478	0.2065967676417981	-0.2348150927044091	-0.0020779987579372	0.0000241155055250	0.1952817955170572	-0.2084912238004235	-0.0020775832741141	0.0000481329242093	
0.5922729851992925	-0.3906116828106694	-0.0020086109938814	0.0005343798711351	0.6277502571975044	-0.3744950186105750	-0.0019965790554436	0.0005779215335746	0.6162725935857032	-0.3382394562771626	-0.0019918640817005	0.0005940478500875	
0.6048392098246858	-0.4174594329175111	0.0019718162202266	-0.0006578403871967	0.6401697906317698	-0.4018346646415973	0.0019572898469328	-0.0007000824033640	0.6298041465004898	-0.3652972727345543	0.0019671847890013	-0.0006716312361552	
0.6223545936927199	-0.4230248383825886	0.0019783785628254	-0.0006377316589722	0.6587045849444322	-0.4075312417441174	0.0020333536190583	-0.0004301771288042	0.6473609894801873	-0.3707833974693837	0.0019940474647372	-0.0005866400159268	
0.2327732424910527	-0.2084896895255916	0.0020753534184194	0.0001078127453132	0.2628234365132119	-0.1828212812656464	0.0020768388794519	0.0000736531740356	0.2494118707684670	-0.1554993831625683	0.0020749939815571	0.0001145549831391	
0.4252267728323129	-0.2520194404626110	0.0006306064229041	0.0019851001258032	0.4586424557363502	-0.2321626078615178	0.0006121720273171	0.0019908910245357	0.4485544279670621	-0.2032556519726300	0.0002472754291236	0.0020685324585520	
0.0035685693430858	-0.2134715869265666	0.0000225451630378	-0.0020832107307718	0.0317525463806428	-0.1844450561497165	-0.0000024513489663	-0.0020833318839261	0.0224587156304870	-0.1646382932242292	0.0000009833454941	-0.0020833331000991	
0.3696904463951494	-0.1538140733020003	0.0020715654029822	0.0001655621385030	0.4028799071519054	-0.1308141675865012	0.0019401948070703	0.0007463756304462	0.3885043987204138	-0.1029895691461392	0.0017084459012566	0.0011861189657233	
0.4063781072218073	-0.1380718359142345	-0.0020502119605626	0.0003403903319295	0.4417077976064234	-0.1151618789666953	-0.0020445362815208	0.0003731251833992	0.4281945335500745	-0.0840365787670315	-0.0020239470076851	0.0004726614836768	
0.3147096007085780	-0.0049524164220284	0.0020453423282625	0.0003686587383865	0.3500751379520661	0.0210130703064382	0.0020366135030652	0.0004143890929908	0.3334671448862826	0.0480018376587953	0.0015113118334812	0.0014299579459099	
0.0928526071965567	-0.1781396230532132	-0.0002374146943675	-0.0020696931800885	0.1220070103515966	-0.1510669817568852	-0.0002973061910558	-0.0020619030770717	0.1120748576563895	-0.1291578639717973	-0.0002966849369647	-0.0020619930082471	
-0.1332227553527551	-0.2166830355062918	-0.0000219769519322	0.0020832168330279	-0.1047186143199914	-0.1854006449084873	-0.0000084165873999	0.0020833162468038	-0.1146740673586604	-0.1677439080438257	-0.0000503069318714	0.0020827228141616	
0.2016184861052821	0.0331212825522140	-0.0020536265086646	-0.0003190339682009	0.2359141058959183	0.0612112178375295	-0.0020548450016303	-0.0003110489788187	0.2191512095524979	0.0877851710079151	-0.0020062068439586	-0.0005433805223927	
0.4769363541678600	-0.2731243825939689	-0.0020775661692207	-0.0000488692908953	0.5112225982018266	-0.2531090483334277	-0.0020765603197334	0.0000811637347379	0.4977150353738242	-0.2207534933470547	-0.0020770781994164	-0.0000665259195190	
0.3189890439332796	-0.2577514072522835	-0.0020753941062413	-0.0001070226971076	0.3491385520260546	-0.2341649616588284	-0.0020776807891840	-0.0000436983865921	0.3377074181422508	-0.2050725496097185	-0.0020766715644980	-0.0000782509649737	
0.6079145347585555	-0.3346241933394604	0.0020716078414613	0.0001650276082536	0.6452298712763520	-0.3185275290010350	0.0020780924857209	-0.0000137864514858	0.6317302535153859	-0.2828835559589964	0.0020770197203325	-0.0000683362419676	
0.2514543374526318	0.0322984754840563	-0.0020749738777911	-0.0001149203716318	0.2867927774044968	0.0599736884276715	-0.0020760151142526	-0.0000941429387005	0.2701985587298260	0.0878430866770318	-0.0020662141056090	-0.0002228545740041	
0.1465291129113957	-0.0959262397541792	-0.0020669880852741	-0.0002155206060705	0.1776002064981900	-0.0682452688574076	-0.0020729989090953	-0.0001464234271015	0.1631220175146542	-0.0425518213469080	-0.0020770419579381	-0.0000676535521725	
0.0913697614278670	0.2114571768828238	0.0000067253104598	-0.0020833224238090	0.1274672545037643	0.2458346292254723	-0.0000340939178054	-0.0020830529429914	0.1123208735931184	0.2750010016294002	-0.0000047724454720	-0.0020833278396639	
0.5568569352332786	-0.2463211219533067	-0.0019342051978813	0.0007618391558219	0.5964205761422690	-0.2281502732887720	-0.0019097524014428	0.0008215016598115	0.5849912669132564	-0.1937932966201726	-0.0019685697947432	0.0006675403998258	
0.5201589504335433	-0.2183536553753678	0.0013342111825147	0.0015972622123765	0.5578804649872828	-0.1998871451738248	0.0014385784773346	0.0015034657520958	0.5465191705703552	-0.1697384821466254	0.0016586051947330	0.0012552029860753	
-0.0930391044692058	-0.2529311420143196	-0.0001157143783994	0.0020801011820669	-0.0651417040039638	-0.2217361957006325	-0.0000468382682667	0.0020828041126268	-0.0741939986424374	-0.2044092515718058	0.0001187442524014	0.0020799295639963	
0.5172389889717945	-0.1810015588188128	-0.0013552607767975	-0.0015793514068164	0.5558867743044573	-0.1624822052063880	-0.0013762059532033	-0.0015610424084165	0.5442721469224119	-0.1331079314841926	-0.0013201310541738	-0.0016089770524840	
-0.1333438679502205	-0.1916850900342617	-0.0000098831670706	0.0020833097733633	-0.1046614647540625	-0.1604027667223033	0.0000077648313085	0.0020833187906158	-0.1150836820720952	-0.1437308337618941	-0.0000368819418265	0.0020830052064877	
0.0280559338750582	-0.2625242355317156	-0.0020760798569174	-0.0000926969764651	0.0550824941699568	-0.2326166835893278	-0.0020776951001715	-0.0000430091123933	0.0436679772905059	-0.2095196250816169	-0.0020775218777925	-0.0000507263610013	
0.0830387852993257	-0.2829175100539252	0.0020752854416116	0.0001091198778024	0.1101262001911991	-0.2540857577168117	0.0020771820974398	0.0000631816250155	0.0986268629226895	-0.2298549779984277	0.0020763668466049	0.0000859945002235	
-0.0584346271654036	-0.0281348331230813	0.0000305394242872	0.0020831083630552	-0.0281019203128577	0.0020824434727969	0.0000642328239923	0.0020823379329578	-0.0411736867104384	0.0218890342220736	0.0000213035222301	0.0020832238635542	
-0.4707463975947186	-0.2604038596348904	-0.0002797324281517	-0.0020643729813668	-0.4382559143361015	-0.2219523114582065	-0.0003591602903380	-0.0020519834007188	-0.4537612658908876	-0.2147553603198681	-0.0005472212710737	-0.0020098078343700	
0.0913733645723979	0.2187496781557071	-0.0000085757614866	-0.0020833155944107	0.1276288208586753	0.2541699220918354	-0.0000497542512517	-0.0020827361569245	0.1123654240283318	0.2822913082997821	-0.0000192784183790	-0.0020832436870786	
0.2285143423097843	-0.0940362786154793	-0.0020770105875796	0.0000686146458447	0.2608021470147162	-0.0677228464503477	-0.0020751599633629	0.0001114923565109	0.2463266989036560	-0.0402539902004105	-0.0020779079431234	0.0000309978216640	
0.0913708178177624	0.1593757973709322	-0.0000282988766951	-0.0020831401638436	0.1265752764818501	0.1927138986511714	-0.0000649214425072	-0.0020823164706090	0.1122051556897338	0.2197918171079673	-0.0000290221632915	-0.0020831301627891	
0.5485133707547492	-0.1821693571471220	0.0016011208534553	0.0013281023409536	0.5880919782104819	-0.1635180272910327	0.0016379222870065	0.0012822081129754	0.5751229625560548	-0.1338463611707227	0.0015518992184140	0.0013855791515819	
0.5954429760783782	-0.3914173938380446	-0.0020177455378447	0.0004985968224942	0.6318501269089145	-0.3756579207880001	-0.0020058680053266	0.0005446362490650	0.6194226930883382	-0.3390983268385045	-0.0020085980147172	0.0005344288986534	
0.5662900390209937	-0.3038318200171767	-0.0019876404463135	0.0006080994731714	0.6037060161928478	-0.2862496165107491	-0.0019755150257951	0.0006465914250337	0.5901848528684477	-0.2503981404373923	-0.0019560260221894	0.0007036233911418	
-0.1810300190708434	-0.2786104132640344	-0.0017430809837381	-0.0011343437819983	-0.1536544329346383	-0.2444842791076815	-0.0018607236966673	-0.0009277133176433	-0.1661870709054207	-0.2267902650929524	-0.0020189962493563	-0.0004934822351685	
0.2254392301884784	-0.0939438552611316	-0.0020778121601628	0.0000368904438391	0.2577143826738483	-0.0675875256498943	-0.0020765858758039	0.0000805039277675	0.2432031405749733	-0.0402427903973886	-0.0020781297796006	-0.0000058556480812	
0.3622183063959199	-0.0527648059492208	0.0011731708939404	0.0017196097172309	0.3982968980657908	-0.0294328350036423	0.0009421152551965	0.0018569472718823	0.3857766234170157	-0.0022571870305084	0.0005894015088972	0.0019977848976255	
-0.1700559680529766	-0.2644305323001594	0.0003228661684061	0.0020580362850900	-0.1421573103387324	-0.2321942881257391	0.0005920983290247	0.0019969832881775	-0.1533218845681276	-0.2173510958019723	0.0008381544234261	0.0019063730053268	
-0.0405473858664439	-0.2827141177550992	-0.0020779892528789	0.0000249250531895	-0.0135261166977039	-0.2512577806607448	-0.0020772120155896	0.0000621852371406	-0.0249745669382054	-0.2294918731488245	-0.0020730977733164	-0.0001450098869724	
0.5662879736798792	-0.3598689146960050	-0.0020128690999796	-0.0005180272495673	0.6016095690275722	-0.3430180739333583	-0.0020250025666914	-0.0004680956918452	0.5891639795114130	-0.3090068979632907	-0.0020563767944918	-0.0003007031758470	
0.3969118305587072	-0.2573469889667996	-0.0020546638878732	0.0003122490703168	0.4291647261022231	-0.2352864449484969	-0.0020496928121273	0.0003435181113378	0.4166843366811190	-0.2040567524186233	-0.0020627013897373	0.0002534570522418	
0.2082033460676692	-0.0337456467873495	0.0002443687285509	0.0020688795877676	0.2414190088238983	-0.0085961154746602	0.0005450585282028	0.0020103983878352	0.2290886373055868	0.0164057289781167	0.0006579720124885	0.0019761536546834	
0.3382814369019453	-0.1539585085286622	-0.0005677545700631	-0.0020040755437441	0.3720577641106579	-0.1312801393858483	-0.0006989125544076	-0.0019619769550847	0.3611130385810037	-0.1051010756521208	-0.0006883815407231	-0.0019657152196489	
0.1098933829280118	-0.1426603260890777	0.0003340549607307	0.0020562408419129	0.1397015328416592	-0.1156969003375629	0.0003118747716178	0.0020597390532125	0.1293426177143777	-0.0937555793978116	0.0001239516155432	0.0020796242109434	
0.2774129511482165	-0.2581176784255990	-0.0020742847000466	-0.0001268092435107	0.3065431592797859	-0.2336262706677157	-0.0020754848487933	-0.0001052393020021	0.2951041949296841	-0.2054793742637180	-0.0020686949141309	-0.0001983806692226	
0.6026247324448424	-0.2636637976043274	-0.0019574682538277	0.0006995809139753	0.6432295003964943	-0.2467233071313463	-0.0019505037760518	0.0007188648653101	0.6327206823427023	-0.2117035746338848	-0.0019547910513021	0.0007070642125757	
-0.1335336071159504	-0.0874733042378597	0.0000172020759983	0.0020832619578326	-0.1038501583055664	-0.0562477253443056	0.0000371453766806	0.0020830005019803	-0.1164836030298728	-0.0385471856037375	0.0000021928511100	0.0020833321734924	
-0.4732326209963157	-0.2704828212159274	-0.0007162754316024	-0.0019556734964777	-0.4414396255672571	-0.2324589335321427	-0.0008505589974894	-0.0019008433378267	-0.4579545010173259	-0.2243813203876291	-0.0011997540582907	-0.0017010766978827	
-0.4669038845863057	-0.1603419683658663	-0.0004822665015949	-0.0020264581023780	-0.4343774598587106	-0.1239490987464207	-0.0004731295508853	-0.0020286215884006	-0.4517123864267989	-0.1135821170699328	-0.0003881893435715	-0.0020466637277932	
-0.0567673548208337	-0.1739399407474394	-0.0000575305419676	0.0020825348604565	-0.0280472991081162	-0.1447914272526782	-0.0000313541733659	0.0020830961984568	-0.0382215152775537	-0.1249891643154631	-0.0000667256856804	0.0020822591508349	
0.0933524102678496	0.4031342218353343	-0.0000158619252956	-0.0020832726459894	0.1329231607827344	0.4468805958610989	-0.0000483084613910	-0.0020827703635334	0.1149814781449584	0.4833509976774494	-0.0000121694585783	-0.0020832976121168	
0.3928431372624253	-0.2568226112467022	-0.0020634776736856	0.0002470250094707	0.4249350803968373	-0.2346432738927253	-0.0020600817852238	0.0002740339514584	0.4124583957730963	-0.2035912789369484	-0.0020693727715814	0.0001911434730208	
0.4821214155588820	-0.4363212470813544	-0.0019517052425131	0.0007155800794794	0.5132971198458411	-0.4175918787916222	-0.0019426742088341	0.0007398656589583	0.5049761955206209	-0.3840609172327780	-0.0019554097614943	0.0007053427592900	
0.3599363445206065	-0.1598400742766105	0.0014378302457102	0.0015041849162411	0.3934827883219021	-0.1371629770429295	0.0013514373293130	0.0015826407026072	0.3816217942719056	-0.1105951270476209	0.0008573807284648	0.0018977607755672	
0.0405816182410647	-0.0742987447471056	-0.0020615615269734	-0.0002626120825642	0.0706898379179414	-0.0449706309330574	-0.0020582098152432	-0.0002878237647827	0.0550920644145962	-0.0219229042656908	-0.0019709065348693	-0.0006605744225959	
0.0007022243244112	-0.1197749597975616	-0.0000579805367521	-0.0020825223181065	0.0301771539861130	-0.0906281035293242	-0.0000816959441705	-0.0020817228772422	0.0192275789308531	-0.0708033931374126	-0.0000115041378488	-0.0020833014112310	
0.1117519843682534	-0.0427038752490137	0.0001941911536479	0.0020742176324854	0.1432963437343899	-0.0156151169061867	0.0002733670183351	0.0020652298023153	0.1315460062119552	0.0073605069909864	0.0003001853720155	0.0020614837861896	
0.3803498476467597	-0.3310376378320772	-0.0019985885571322	0.0005708982494703	0.4114925749657206	-0.3092945157015597	-0.0019878281703006	0.0006074824625728	0.4001285509340233	-0.2776987166998920	-0.0020117447248675	0.0005223983739208	
0.2431371536832081	-0.2082989042654232	0.0020770040587040	-0.0000688129816532	0.2733341689713306	-0.1827732682606142	0.0020758292846215	-0.0000981747988090	0.2607742196159202	-0.1549901525957694	0.0020780994903987	0.0000126809981049	
0.5973764129215602	-0.2617466844978637	-0.0019483923324095	0.0007245965821934	0.6380044633752213	-0.2447420411364049	-0.0019379260005510	0.0007522761035788	0.6265373197247912	-0.2094429106088037	-0.0019458739889346	0.0007313661216529	
0.5683240313995248	-0.4637249423891575	-0.0019453770748760	0.0007326934566603	0.6016888391676187	-0.4476848297550276	-0.0019262980740650	0.0007817142667745	0.5922589096005177	-0.4114948759307950	-0.0019220870404589	0.0007920631310735	
0.0913124248084883	0.1552100375871029	-0.0000290795736043	-0.0020831293581493	0.1264432948713492	0.1885516221560424	-0.0000663611026372	-0.0020822708602223	0.1121439704832045	0.2156259548357859	-0.0000310030604728	-0.0020831014800203	
0.2421491614924569	-0.0042519746448145	0.0019298844388434	0.0007727731121837	0.2752975475695995	0.0219618027991197	0.0016254280437600	0.0012980889253464	0.2615438213345993	0.0471627498261973	0.0003797940275640	0.0020482461168926	
0.5266200958085527	-0.3951158407846710	0.0019586722241923	-0.0006961859910006	0.5599453978466711	-0.3772684306941302	0.0019401092127026	-0.0007465992074934	0.5497966019048468	-0.3425181795094349	0.0019598730480492	-0.0006927812747152	
0.2192318697121725	-0.2092262289731432	0.0020761353984438	0.0000914382552847	0.2483354023717292	-0.1832953954312183	0.0020776720162111	0.0000441156014355	0.2358606359423091	-0.1561356325608501	0.0020770889975788	0.0000661862223471	
0.3854891000547895	-0.4892606147473278	-0.0020770946776693	0.0000660068311708	0.4124962849546492	-0.4722091585927997	-0.0020734349686303	0.0001400809630706	0.4042337485349004	-0.4443704224302120	-0.0020748265325267	0.0001175636267875	
0.3689739536764201	-0.0332703763723569	0.0020701501959462	-0.0001824871237137	0.4043246949961410	-0.0093284802654997	0.0020082207638563	0.0005358518286529	0.3899770523703583	0.0187638651194910	0.0011962458003450	0.0017035579823081	
0.0902332466734725	-0.1094096532082005	-0.0002039613302704	-0.0020732750161060	0.1205954731357568	-0.0822757013333148	-0.0002063718850929	-0.0020730352649829	0.1099946149560340	-0.0594203000529197	-0.0000275269185268	-0.0020831505594033	
0.3608366273736041	-0.0553986154675634	0.0007438385903692	0.0019453051153774	0.3973846011625748	-0.0315499988469795	0.0006649909953152	0.0019737910033681	0.3851997840722061	-0.0050816159550049	0.0003199061651772	0.0020585007854898	
0.4542092166759664	-0.3755296232662571	0.0020108836441084	-0.0005257197063577	0.4864013307911395	-0.3558289725573408	0.0019994956411918	-0.0005676971526653	0.4759461222341628	-0.3227295896111832	0.0020086483167007	-0.0005342388610135	
0.2046751603429572	0.0335154685220759	-0.0020682689283949	-0.0002027954633638	0.2389721880917230	0.0615753468010061	-0.0020688829266316	-0.0001964003032612	0.2223639831877550	0.0885275345336118	-0.0020425919589463	-0.0003836780959804	
0.2940631450073178	-0.2791018441968275	0.0020646309714134	-0.0002371425363284	0.3242212571034372	-0.2549570299287687	0.0020580048189776	-0.0002892931947333	0.3127802258479163	-0.2258336421050010	0.0020663338120635	-0.0002217363117307	
0.3906483124153117	-0.2565648373334757	-0.0020672853355002	0.0002126359933849	0.4228975543194193	-0.2344004700945816	-0.0020638936412244	0.0002435075108163	0.4104061572050255	-0.2034215268980481	-0.0020713121154120	0.0001687169651844	
0.2805484097038272	0.0343709735857160	-0.0020777598506004	0.0000397412787864	0.3169371336295210	0.0617606897899318	-0.0020771485939988	0.0000642790705026	0.3002890453290572	0.0905346505919455	-0.0020779963207288	-0.0000243256519179	
0.5464958669659774	-0.3654383716125406	-0.0014766067360300	-0.0014659450400092	0.5807501513849191	-0.3486594936307559	-0.0014298119371470	-0.0015118468884209	0.5694891002135005	-0.3168545418450540	-0.0014603054658198	-0.0014822651368537	
0.4644732223064281	-0.3039998450876040	0.0020674390957329	-0.0002111282234511	0.4976880946505027	-0.2837082233529953	0.0020625094662657	-0.0002550218925739	0.4852471406318717	-0.2510108298214147	0.0020663000573153	-0.0002220522152727	
0.0778837080536831	-0.2831425983079384	0.0020766871595943	0.0000778339079381	0.1049528403622362	-0.2541986488089841	0.0020779287908313	0.0000295599651181	0.0934713737342905	-0.2300073038998092	0.0020779390677429	0.0000288247851157	
0.3949003022655597	0.0338995965167701	-0.0020667351018962	-0.0002179452459868	0.4342997913137792	0.0596472981266993	-0.0020685417961482	-0.0001999788654999	0.4176546791492219	0.0898726708348911	-0.0020661107423359	-0.0002238156162982	
0.0056879879480933	-0.2616076918904565	0.0000243483243209	-0.0020831903343120	0.0332934073427146	-0.2323067604384982	-0.0001474849183352	-0.0020780801432300	0.0242884003840105	-0.2136659804213809	-0.0003346449959545	-0.0020561444181218	
0.0906685060490696	-0.0948298236140399	-0.0002189653023133	-0.0020717364565700	0.1213038946406774	-0.0676628013397841	-0.0002340078776890	-0.0020700830781095	0.1103368384512339	-0.0458693916643468	-0.0000888670350804	-0.0020814276090572	
0.2013212709843949	-0.1194034593823214	0.0008694666017144	0.0018922264718044	0.2320456065676424	-0.0942411694031760	0.0000675009693783	0.0020822340374053	0.2215627556942592	-0.0690168341350791	-0.0000375241668374	0.0020829936787146	
-0.0004174134077140	-0.0749828649939963	-0.0000040304345607	-0.0020833294151553	0.0295987222884649	-0.0458612538953280	-0.0000317687045058	-0.0020830898863542	0.0181182238073915	-0.0250142255949828	0.0000136860500058	-0.0020832881538814	
0.4810873194514256	-0.2728991051455433	-0.0020693412702054	-0.0001914859137284	0.5153785867754532	-0.2532223828730614	-0.0020781210765070	-0.0000084048760865	0.5018718228090624	-0.2208015177826049	-0.0020760302895433	0.0000938060177979	
-0.0935019548994309	-0.2322900618722357	0.0000012382795631	0.0020833329634903	-0.0654747739285202	-0.2020849429882305	0.0000138350631863	0.0020832871646903	-0.0748245908794380	-0.1833351906695654	-0.0000222124625584	0.0020832143226835	
0.0030575658423200	-0.2010493312252336	0.0001193721087805	-0.0020798934443525	0.0313429352736975	-0.1718533149210702	0.0001027180176532	-0.0020807868621576	0.0221299160958638	-0.1520343848222797	0.0001124710639185	-0.0020802799594759	
-0.4613388878156196	-0.1395849859767640	-0.0005442087501846	-0.0020106297389528	-0.4286613185701208	-0.1032344488889251	-0.0005863849168495	-0.0019986768427313	-0.4467367184670344	-0.0937633794372050	-0.0005771914822409	-0.0020013645191176	
0.3728598590083394	-0.1547374563380031	0.0017741279748192	-0.0010848918767894	0.4073410581586545	-0.1313189433149155	0.0017223537411687	-0.0011657290917581	0.3904516690901274	-0.1017631391489277	0.0017879577424175	0.0010618290562554	
0.0029696035117076	-0.1822781998621424	-0.0000821746882109	-0.0020817039397556	0.0314068811338684	-0.1531499974337119	-0.0001143205119836	-0.0020801786391409	0.0216783427858838	-0.1333242139127647	-0.0000623412812504	-0.0020823957083040	
0.0897661522914719	0.0478507512908697	-0.0001290765875352	-0.0020793108484233	0.1229004674736206	0.0770269340615289	-0.0001765703308576	-0.0020757997532935	0.1099753474321573	0.1000437660874729	-0.0002426514839315	-0.0020690827118344	
0.3149014112406584	0.0316128287687462	-0.0020477532370591	-0.0003549532127045	0.3512567941505205	0.0585700194021523	-0.0020523638287660	-0.0003270981190552	0.3356807379725691	0.0877135853953749	-0.0020775849732953	-0.0000480591579543	
0.0908123493291486	-0.0552596194787113	-0.0001546489094563	-0.0020775566807380	0.1221203821419629	-0.0280587246882723	-0.0001381125035192	-0.0020787273076602	0.1108786159537498	-0.0051773303401406	-0.0000244854743777	-0.0020831887187393	
0.0915814022609629	0.1781253948317245	-0.0000122371903930	-0.0020832972133781	0.1270811942885004	0.2104122874003780	-0.0000467013098409	-0.0020828072034502	0.1124256688691145	0.2374995841556024	-0.0000182177660022	-0.0020832532801535	
0.2774323879179539	0.0344005369896025	-0.0020781340790880	0.0000040409589955	0.3127765333048667	0.0618396860525968	-0.0020780820008589	0.0000152925248875	0.2971761688946131	0.0904651462014085	-0.0020767482762749	-0.0000761774391178	
0.5224998047270535	-0.3746664888250126	-0.0019739308043816	0.0006514357916720	0.5567345397991927	-0.3568121715949110	-0.0019786765068753	0.0006368019987160	0.5454234878363238	-0.3216429180541220	-0.0018793204804690	0.0008892418164324	
-0.0582016221940906	-0.0864589843803672	-0.0000094815857751	0.0020833116490926	-0.0285067797609747	-0.0573071201024710	0.0000116325484316	0.0020833006946113	-0.0402990984151994	-0.0374885316275733	-0.0000240061853811	0.0020831943250102	
0.2472963845381505	-0.2586515135078983	-0.0020773397286194	0.0000577386963790	0.2763916396393135	-0.2333832430146277	-0.0020760090817521	0.0000942765367812	0.2649783327467556	-0.2055961385507857	-0.0020780096093599	0.0000231567102166	
-0.1334873377356633	-0.0844052864572233	0.0000086969674658	0.0020833150894370	-0.1038028311672178	-0.0531199147974543	0.0000322329866123	0.0020830827182402	-0.1164872732668114	-0.0354232016008314	-0.0000002891710680	0.0020833333131641	
0.6172198773966684	-0.3010044129389181	0.0019557317143371	-0.0007044451015377	0.6576820407413753	-0.2846098568572099	0.0020116831805668	-0.0005226365082685	0.6461956492496623	-0.2492741545269664	0.0019608373226084	-0.0006900335691082	
-0.0560865869635073	-0.2239581862210863	-0.0000070606470249	0.0020833213087438	-0.0279947773886284	-0.1937501451011756	0.0000114967675558	0.0020833014521209	-0.0373359597788318	-0.1749986229025622	-0.0000271287475849	0.0020831558089561	
0.5349816591019001	-0.4493590300682971	-0.0019730340620517	0.0006541603169828	0.5673825455311543	-0.4321474791107703	-0.0019674244712856	0.0006709252865029	0.5579349262827951	-0.3970106899264331	-0.0019984348248524	0.0005714388497145	
0.4868907228357697	0.4979700222470425	-0.0001599716205731	0.0020771515938537	-0.6639650342298300	-0.2692053280775945	-0.0020781379883068	0.0000000152420827	-0.6639649242326913	-0.1141704047961205	0.0020781365084011	0.0000024863466540	
0.1744510469352613	-0.0593348204975840	0.0003871750648546	0.0020468568067589	0.2067000274792230	-0.0333153624797656	0.0002497273677858	0.0020682364011379	0.1952187855117103	-0.0083196595172736	-0.0000183577267495	0.0020832520453631	
0.3636792007540253	-0.2549902631347056	-0.0020772905415904	0.0000594906213264	0.3948479976524693	-0.2322578514657528	-0.0020763364998266	0.0000867277702373	0.3823756714414526	-0.2021256398206799	-0.0020781367881680	-0.0000022390423515	
0.0914349131575337	-0.0833333795707900	-0.0000153173360749	-0.0020832767416796	0.1223526407572206	-0.0562474770007201	-0.0000837856904459	-0.0020816394000329	0.1114128637699032	-0.0333392018030605	-0.0001083746924288	-0.0020804984751358	
-0.1327348275759477	-0.2395427939479617	-0.0000604371460777	0.0020824521226380	-0.1044088382690211	-0.2084135388713066	-0.0000527078023754	0.0020826631406498	-0.1139615018427440	-0.1905616065245514	-0.0000950585927199	0.0020811526624858	
0.5151051846242347	-0.4461708929872033	-0.0019686461183353	0.0006673141528155	0.5472054073049368	-0.4285834450925364	-0.0019837520017712	0.0006207292628626	0.5381057438302601	-0.3939114550846713	-0.0019484268006056	0.0007245034286872	
0.0239276878445193	0.0336883811547006	-0.0020736494064396	0.0001368536901573	0.0550336224231164	0.0641580352260944	-0.0020729408921432	0.0001472465923961	0.0384538567815056	0.0888106296174710	-0.0020772698711100	0.0000602116326460	
0.0914273815496127	0.1635417709351835	-0.0000269870176620	-0.0020831576590858	0.1267044481678440	0.1968766592060321	-0.0000623518787332	-0.0020823953894287	0.1122488904172037	0.2229163906455495	-0.0000278596603414	-0.0020831461138022	
0.2661118503418678	-0.1823666900428288	0.0010887394197711	0.0017745393986987	0.2970795459872048	-0.1582627310839915	0.0012149872888628	0.0016901755733964	0.2845134272966341	-0.1331861622472716	0.0012407837988527	0.0016712348721686	
0.3232253470115889	0.0329507677980660	-0.0020520473170872	-0.0003290877954914	0.3604949310549408	0.0598314507598763	-0.0020615392456232	-0.0002627878118874	0.3439344409327683	0.0888492360840419	-0.0020620763329853	-0.0002585180935871	
0.4044118997986033	-0.3381075864526862	-0.0020155452930356	0.0005074617672453	0.4353192525620397	-0.3167668259378747	-0.0020045818426198	0.0005493746968334	0.4247611000101696	-0.2848601509712433	-0.0020085025519560	0.0005347893520279	
0.5548807773518392	-0.1771043788776340	0.0016642211890301	0.0012477099585760	0.5945729487614675	-0.1586064372773113	0.0016902370208381	0.0012120537238921	0.5813021981223736	-0.1286251514397598	0.0016175688496656	0.0013079181152297	
0.2676494268811920	-0.1789327503508767	0.0004578488216294	0.0020321424153915	0.2989881425923356	-0.1550396608349825	0.0008019405670907	0.0019219650209713	0.2867846086446236	-0.1302094726097816	0.0012316666875058	0.0016779989431621	
0.1797105578598035	-0.2615871912501403	-0.0020775389609415	-0.0000500182649228	0.2076373744560993	-0.2348196621144809	-0.0020781378161017	0.0000008482614049	0.1963111341587327	-0.2085176025509215	-0.0020779070879069	0.0000310553837905	
0.0488506753284467	-0.2616741063090081	-0.0020779926412059	-0.0000246395201552	0.0758483740878626	-0.2322081285047561	-0.0020781059235804	0.0000115730822754	0.0644350115047976	-0.2086131424787479	-0.0020776462586087	-0.0000453183533474	
-0.0561664275246679	-0.2114602935191578	-0.0000309315226689	0.0020831025488218	-0.0279326930050869	-0.1812477796462557	-0.0000006845834265	0.0020833332202932	-0.0374651144140122	-0.1625016872541534	-0.0000329454619638	0.0020830715159381	
0.5828759950453053	-0.2563827961810385	-0.0019553379518878	0.0007055428004302	0.6232992279167291	-0.2389658406208313	-0.0019444481101131	0.0007351675333559	0.6120156875925129	-0.2041535165000927	-0.0019643372368127	0.0006799557173591	
-0.0563787856591695	-0.1927110075639502	-0.0000160522513654	0.0020832711808643	-0.0279154954773293	-0.1624997792490107	0.0000068137818097	0.0020833221348910	-0.0378232401053950	-0.1437589254365946	-0.0000268880019652	0.0020831589458767	
0.5350924181200665	-0.2817295729004444	-0.0020709980698896	0.0001725479666864	0.5715399338391209	-0.2632322107510902	-0.0019986815207289	0.0005705710738543	0.5589331636879755	-0.2283877863368576	-0.0019474711598272	0.0007270811067569	
-0.0558044758009564	-0.2541386129014097	0.0000163520059909	0.0020832688379242	-0.0280798505746087	-0.2239607229625700	0.0000521412328501	0.0020826774736099	-0.0369899580814225	-0.2051401999185226	0.0000321280163931	0.0020830843479902	
0.4635330187225220	-0.4297674448943695	-0.0019857148898651	0.0006143892834995	0.4945616322528825	-0.4105536320809749	-0.0019781905586829	0.0006383175104495	0.4852229888911033	-0.3771789848151724	-0.0019884269171450	0.0006055099119064	
0.1102416127573195	-0.1406534712378311	0.0003986883446653	0.0020446343502378	0.1400992574641958	-0.1134967200274935	0.0003940954390643	0.0020455290357059	0.1295386452729417	-0.0916326080377838	0.0002371018348127	0.0020697292238232	
0.2254282530232045	-0.2088791261679121	0.0020748206743430	0.0001176674867495	0.2545557865241899	-0.1831227280491627	0.0020768241065081	0.0000740706356649	0.2420755324117235	-0.1559093160491909	0.0020761329884097	0.0000914932332788	
0.0928742147779237	0.3489437545095583	-0.0000189199483031	-0.0020832469899833	0.1317692915704517	0.4010531196452817	-0.0000538439032234	-0.0020826339327674	0.1146606759320743	0.4478997074590599	-0.0000210300790381	-0.0020832266558078	
0.5735781100519657	-0.3575393693664732	-0.0019616642156419	-0.0006876675065630	0.6089005510856418	-0.3408262601987150	-0.0019732150269640	-0.0006536115150214	0.5964267362715636	-0.3072343894915909	-0.0019675368316837	-0.0006705940596355	
