-0.2121220001027521	-0.1147459486255417	-0.0016025629405483	0.0013263531611781	-0.2182969095416623	-0.0834622666879237	-0.0019944654762806	0.0005852101478902	-0.1878153542551027	-0.0568545464521602	-0.0020748104208106	0.0001178490510051	
0.2300112570228514	-0.2099646449879654	-0.0007941319773756	0.0019252207693574	0.2262230232913407	-0.1765107410847432	-0.0016723291813033	0.0012367667457551	0.2567052813499933	-0.1561580860801459	-0.0017541562870260	0.0011170536895856	
0.5650420087372223	-0.4428902773814989	0.0014667015000905	-0.0014759047990555	0.5625249092249096	-0.4059075515888740	0.0014706922018903	-0.0014719082950259	0.6009732105547148	-0.3965414205739853	0.0014215190741829	-0.0015196858516294	
-0.5226221076729292	-0.3943184549580886	-0.0020774221435885	-0.0000546774933149	-0.5361739269786652	-0.3659548103258471	-0.0020742756748621	-0.0001269575251968	-0.5049959560590334	-0.3356262470619912	-0.0020736454464693	-0.0001369139799023	
0.1059827148745979	0.1560838360677079	0.0020778660078290	-0.0000337047624176	0.1036252263673031	0.1934618246867822	0.0001645993876937	-0.0020767881897838	0.1376467119264674	0.2166893727991337	0.0009115149751697	-0.0018722336224940	
0.4674894528928513	-0.4000842627198224	-0.0013527826574301	0.0015814851619007	0.4644424151327227	-0.3666866448756262	-0.0012779656546324	0.0016428345549109	0.5012343403475870	-0.3579673616676344	-0.0012680443555665	0.0016505428070948	
0.4795886686284119	-0.4150085956291656	-0.0012629761557252	0.0016544435604057	0.4759549622810051	-0.3811940182020928	-0.0013411291743124	0.0015914288978315	0.5124359072618676	-0.3717221707741267	-0.0013400190797700	0.0015923684137598	
-0.2182117271996042	-0.3719969797010688	-0.0020744378485201	-0.0001242659763998	-0.2254845766345381	-0.3387852869432419	-0.0020752160011710	-0.0001104391381929	-0.1963807655875990	-0.3134131147725379	-0.0020775010204549	-0.0000515777109920	
0.5205582353604365	-0.1746117311588624	-0.0020610763946973	-0.0002664116049485	0.5189220272590309	-0.1391854355946128	0.0001880372250126	0.0020747874032801	0.5592830844887107	-0.1249350504595877	-0.0011582734392721	0.0017297294718743	
0.4123421501179458	-0.3348602196991996	-0.0017624985069521	0.0011037777723927	0.4103666901173133	-0.3011141566876492	-0.0014107356007407	0.0015297514599801	0.4470202485389669	-0.2904557493103506	-0.0013104178928126	0.0016169372332395	
0.4764177515381514	-0.4108954486017124	-0.0012818317635302	0.0016398046759001	0.4731246258983668	-0.3778025258481897	-0.0013141399381384	0.0016138985062137	0.5105352751934586	-0.3694816800231439	-0.0013395090136485	0.0015927996559099	
0.4208781526675129	0.2219408871554450	-0.0020530592892998	-0.0003226820820762	0.4227824084345426	0.2593752907251571	0.0003630525508178	0.0020512948992172	0.4637578449424038	0.2864191623396968	0.0006053691230795	0.0019929805200441	
0.4126221378326289	-0.3351092496021337	-0.0017438370630176	0.0011331752869103	0.4108464417283473	-0.3016350704730862	-0.0014038940665598	0.0015360639038349	0.4470202485389669	-0.2904557493103506	-0.0013104178928126	0.0016169372332395	
0.5309696480555925	-0.4781207859589638	-0.0012668453361604	0.0016514678791580	0.5289090133668033	-0.4458143676989739	-0.0012957821014263	0.0016287482227339	0.5684307946756619	-0.4416178868822694	-0.0013025952011065	0.0016232772849480	
0.4548614133137201	-0.1243091975457585	0.0020196546255076	-0.0004907672092061	0.4548176094805492	-0.0896986569065513	0.0003312618024819	-0.0020566949307677	0.4914278076007574	-0.0729321169552988	0.0002942554559180	-0.0020623428502335	
0.6093377973918137	0.4979137141461637	-0.0000131551388040	-0.0020832915911439	-0.6639650709883691	-0.3750900056816768	-0.0020781379883351	0.0000000106797232	-0.6639650658624840	0.2281861477230174	0.0020781379883360	-0.0000000105022787	
0.4694023038777833	-0.4023218594692153	-0.0013466332294554	0.0015867508575543	0.4662505603824085	-0.3690214945676510	-0.0012697501411664	0.0016492243489052	0.5021280092857541	-0.3591411638336543	-0.0012746401386338	0.0016454290026995	
0.5254787036588822	-0.4710675306723213	-0.0012935988921167	0.0016304914090193	0.5215606429173962	-0.4364999015445114	-0.0012853596840573	0.0016370269352874	0.5583386289941623	-0.4288816624768392	-0.0012838156008167	0.0016382442025694	
0.4698853404373173	-0.4029138152568818	-0.0013438903715644	0.0015890862004882	0.4662505603824085	-0.3690214945676510	-0.0012697501411664	0.0016492243489052	0.5016651503794196	-0.3585194059847551	-0.0012709776696418	0.0016482738011977	
0.5393927673151748	-0.4144989275336754	0.0013570814176800	-0.0015777794342863	0.5360826859099690	-0.3781855540717938	0.0013954128064072	-0.0015438111358374	0.5740409058567968	-0.3683667481385715	0.0013656554997605	-0.0015703267502937	
0.1369307022514857	0.1603286600970700	-0.0007924456258236	0.0019259189839473	0.1318398720516328	0.1933506518544542	-0.0020731322832247	0.0001445132000075	0.1672901920466343	0.2215363292796124	-0.0020433414434181	-0.0003796461600479	
0.5022273952934362	-0.4423851187415644	-0.0013381679978225	0.0015939320962935	0.4997281221037311	-0.4094294301939991	-0.0013139802065803	0.0016140292078140	0.5362772328377456	-0.4009452404373881	-0.0013146203447394	0.0016135052501633	
0.4518400105615552	-0.3813575076688434	-0.0013151796859107	0.0016130470770887	0.4483375704389552	-0.3474857680783529	-0.0013451093433075	0.0015880493469514	0.4846257885039862	-0.3371232568215239	-0.0013367313534774	0.0015951431424905	
-0.3429197140711874	-0.3819204979929338	-0.0020730691674987	-0.0001454203066261	-0.3501440967465002	-0.3503398504085500	-0.0020707367012118	-0.0001756722514033	-0.3200405548404592	-0.3227332120319104	-0.0020724361175284	-0.0001542222926134	
-0.2175492323210625	-0.1087160454090445	-0.0007098551690497	0.0019580247178231	-0.2250857713066509	-0.0797713463660940	-0.0016519201193547	0.0012640318197715	-0.1946702290754427	-0.0545931002325016	-0.0017808949843983	0.0010736913314249	
0.3779947843958256	0.1895084451926967	-0.0008276874145787	0.0019109635547491	0.3761167640267880	0.2259647486674708	-0.0020421569248535	0.0003859984229130	0.4186544925089164	0.2537413766254638	-0.0020526359034138	0.0003253778139655	
-0.2577081962636046	-0.3757836216129862	-0.0020687252752170	-0.0001980622237653	-0.2649404882666646	-0.3429278402862898	-0.0020656221667711	-0.0002283028685187	-0.2358690047391120	-0.3166628726986948	-0.0020704764722828	-0.0001787282810156	
-0.5060614547834847	-0.3932850170220493	-0.0020648392896883	-0.0002353126257089	-0.5163703220924185	-0.3639301384869620	-0.0020600368218595	-0.0002743734469214	-0.4831492310585974	-0.3334805306266370	-0.0020679070339926	-0.0002064711905778	
0.5997676128885490	-0.4800192137442521	0.0014316978891945	-0.0015100520940124	0.5965834370186467	-0.4425649664505856	0.0014085972983153	-0.0015317304907515	0.6359919113738726	-0.4353408442766324	0.0013569981155881	-0.0015778514390193	
-0.5457170559508310	-0.0293545902925704	0.0019736177024514	-0.0006523885064731	-0.5613162555647884	-0.0014506663373864	0.0018583697038761	-0.0009324433211191	-0.5259701047954841	0.0257658443598549	0.0017748696167838	-0.0010836720545900	
-0.4873608932911831	-0.3912909436876459	-0.0020739946168374	-0.0001314912722139	-0.4977440507029101	-0.3622241839360550	-0.0020740806030641	-0.0001301210656126	-0.4644619416698830	-0.3323111488794305	-0.0020746243902802	-0.0001210957671174	
0.4768901015269424	-0.4114978639690753	-0.0012764397189555	0.0016440263826214	0.4740684318699375	-0.3789334869654360	-0.0013244971220424	0.0016053668502927	0.5119435088608775	-0.3711104365763921	-0.0013409838293933	0.0015915519846819	
0.4745870255522036	-0.4085830436305172	-0.0013012787806883	0.0016243380488963	0.4712510469405025	-0.3754518535412298	-0.0012952438435454	0.0016291784417646	0.5076793622652287	-0.3660033267398123	-0.0013266095220194	0.0016036129490670	
0.2303549822188750	-0.2108009114560118	-0.0010300752250518	0.0018093951757624	0.2266019430349572	-0.1769470927604466	-0.0016953819994269	0.0012048103953221	0.2567052813499933	-0.1561580860801459	-0.0017541562870260	0.0011170536895856	
0.5432890535512005	-0.4188578471073037	0.0013965507314996	-0.0015427766762190	0.5399879085459387	-0.3825562892478937	0.0013821766735442	-0.0015557317953383	0.5778990557783759	-0.3727713782287842	0.0013822058844920	-0.0015557057127028	
0.3503163414085133	0.1849402680211386	0.0018605092275150	-0.0009281455084413	0.3480479611355149	0.2218613912899128	0.0009307110098233	-0.0018627179778911	0.3861197327227204	0.2468479760586443	0.0001168700651890	-0.0020800362466105	
0.4466705419608683	-0.3750824851118409	-0.0013182532630485	0.0016105236082449	0.4435615735283467	-0.3417600279799543	-0.0013285100508037	0.0016020309288673	0.4803614057016625	-0.3320277823978454	-0.0013247470560405	0.0016051595786743	
-0.2232650864640329	-0.1101851132938392	-0.0010883485056213	-0.0017747803786950	-0.2278684546035251	-0.0774236333353349	-0.0015489507631110	0.0013888909509389	-0.1977496080184331	-0.0524384824685432	-0.0016288858623927	0.0012937255104462	
0.4509117492979797	-0.3802385833620670	-0.0013186386991972	0.0016102064622626	0.4473369523162298	-0.3462494193925511	-0.0013395395793255	0.0015927738216665	0.4831895982753371	-0.3353968859836596	-0.0013329577236516	0.0015983136420673	
0.4760475771735462	-0.0312439410603813	-0.0001127352236990	-0.0020802655891807	0.4729267243995272	0.0015461940860027	0.0018935710269084	-0.0008583216632421	0.5163726602308059	0.0232538913325421	0.0020309929034922	0.0004412427473011	
0.1360965202921588	0.1624947921780266	-0.0006608364506315	0.0019751928285150	0.1308222917563178	0.1934854113546846	-0.0020493817566383	0.0003453782211266	0.1672901920466343	0.2215363292796124	-0.0020433414434181	-0.0003796461600479	
-0.3065250902595012	-0.3791428485400877	-0.0020722383974851	-0.0001568697016990	-0.3137929588633714	-0.3470816361553060	-0.0020682444385486	-0.0002030463239847	-0.2846913321866155	-0.3202399302015308	-0.0020714510368684	-0.0001669940551640	
0.4583887158444264	-0.1248442197150073	0.0020730541168506	-0.0001456357779565	0.4549697551885341	-0.0906783325679539	0.0003149105019642	-0.0020592747972540	0.4915634386158898	-0.0739339715646424	0.0003131940016010	-0.0020595378679840	
0.1372831245856486	0.1594340174707339	-0.0007595962819831	0.0019391757855985	0.1318398720516328	0.1933506518544542	-0.0020731322832247	0.0001445132000075	0.1672901920466343	0.2215363292796124	-0.0020433414434181	-0.0003796461600479	
-0.3272874603645080	-0.3806678097488210	-0.0020717176475735	-0.0001636363998815	-0.3356175974106007	-0.3490435502120908	-0.0020702469194494	-0.0001813810126123	-0.3065233783771993	-0.3217769412036351	-0.0020735579999202	-0.0001382386056143	
0.5681820659498709	-0.4459982098805008	0.0014811566842252	-0.0014613246790257	0.5656383602103725	-0.4090435578841150	0.0014432672946150	-0.0014989426849536	0.6039353140905042	-0.3998042355174155	0.0013911753581921	-0.0015476498183036	
-0.0259383134353354	0.1533540079610252	0.0020479615297460	-0.0003537434167675	-0.0300988594399915	0.1875369838668701	0.0007578998281086	-0.0019398427713368	0.0001752331561319	0.2126282680244576	0.0008697834041382	-0.0018920801419452	
0.4222142866000114	-0.3444146906467568	-0.0013605058892971	0.0015748127040985	0.4184936174766296	-0.3105863672610369	-0.0012889831038136	0.0016341611194791	0.4529424945296134	-0.2979744784366110	-0.0012505250573603	0.0016639218792556	
0.4579356314695446	-0.3887749111064110	-0.0013237823832432	0.0016059592236738	0.4555370494716240	-0.3558537807893158	-0.0013550566396344	0.0015795274333046	0.4930822303163651	-0.3473114294549032	-0.0012933144163363	0.0016307181955317	
0.5106529111686293	-0.4527260421559765	-0.0012970292672545	0.0016277502630261	0.5076864874184122	-0.4190961837178648	-0.0013208490166086	0.0016083847607041	0.5446422239336344	-0.4113217105202979	-0.0012878956287913	0.0016350225945366	
0.3405439000591026	0.1917419054876703	-0.0008394546640420	0.0019057979483290	0.3387198116768333	0.2302447507170898	0.0018660931857714	-0.0009168100765735	0.3814996009910530	0.2566951306475574	0.0016937791765500	-0.0012070739450503	
-0.4249807601442738	-0.3866119763427558	-0.0020747333258755	-0.0001192053235891	-0.4332890208374315	-0.3564428249693738	-0.0020751072347687	-0.0001124743476167	-0.4010880979499750	-0.3276327270254983	-0.0020765563105448	-0.0000812667571768	
-0.4696925706105703	-0.3903708545868081	-0.0020742025882111	-0.0001281519780347	-0.4779192162355670	-0.3607557312921879	-0.0020698828668752	-0.0001855096821927	-0.4447729107446688	-0.3308703738596432	-0.0020717600815623	-0.0001630955758395	
-0.4031618575941838	-0.3853495007249612	-0.0020737584589342	-0.0001351827765773	-0.4125214113245199	-0.3549989206224851	-0.0020707516084201	-0.0001754955634996	-0.3813299761657831	-0.3264038496824014	-0.0020738224658800	-0.0001341923249174	
0.5057204654896086	-0.3773344976176610	0.0014555461381809	-0.0014869623072767	0.5031632477039101	-0.3414725066980690	0.0014977488436529	-0.0014442284794306	0.5407449476677613	-0.3298660449198157	0.0014733429669763	-0.0014692416461651	
0.5308384919830773	-0.1854910848174937	-0.0012878446197220	0.0016350629738666	0.5276161156305792	-0.1501183495771952	-0.0016857687406995	0.0012182917089397	0.5692764268300177	-0.1345295048653471	-0.0017901568679258	0.0010580986857575	
-0.3937967472787898	-0.3847475573571172	-0.0020749821781328	-0.0001147696532931	-0.4021183588317032	-0.3542167360341630	-0.0020741460145937	-0.0001290689407365	-0.3719861990792204	-0.3259504786239655	-0.0020766116151009	-0.0000798338702058	
0.1386293287088366	0.1167075833751943	-0.0005118189786919	0.0020191601422998	0.1325478249305341	0.1485096797151024	-0.0015998722275705	0.0013296137334049	0.1674088653820143	0.1730695909188238	-0.0018274487324125	0.0009919627974518	
-0.5049498600542975	-0.3931413054837917	-0.0020633493962381	-0.0002480995452434	-0.5143214548576314	-0.3636742937182625	-0.0020609674464590	-0.0002672573308998	-0.4810955551697749	-0.3332818425575507	-0.0020699833140360	-0.0001843798323982	
-0.0156203926456137	0.1458000267498640	0.0008336983172741	-0.0019083357369840	-0.0246648787280732	0.1773010246387395	0.0013580224486915	-0.0015769654895925	0.0101299629908939	0.2016436087279848	0.0019755348571306	-0.0006465305283347	
-0.4291440632472822	-0.3868643536761472	-0.0020732332576707	-0.0001430499633398	-0.4384941056379340	-0.3567575871888966	-0.0020744649461741	-0.0001238105186494	-0.4062725250617606	-0.3278009446392792	-0.0020768524027595	-0.0000732689374227	
-0.3813409608733119	-0.3841771351050069	-0.0020754446194585	-0.0001060336541220	-0.3896402682290276	-0.3533802258501174	-0.0020717669704375	-0.0001630076063195	-0.3584650170998180	-0.3253199676214477	-0.0020740983411704	-0.0001298365992827	
-0.2348310851485477	-0.3735640387468054	-0.0020682564229781	-0.0002029236011480	-0.2421038174652041	-0.3404194481265637	-0.0020623374594520	-0.0002564161059911	-0.2130087785137567	-0.3145670944251824	-0.0020649101129133	-0.0002346872075937	
0.5107605432916704	-0.3826335128237872	0.0014525630776991	-0.0014898910693362	0.5084266424834107	-0.3466140337684062	0.0014765377104222	-0.0014660149124088	0.5457993463711270	-0.3351865392695817	0.0014043478492515	-0.0015356469664173	
0.1090823341228944	0.1559917280543682	0.0020743737236165	-0.0001253371728830	0.1050055969387240	0.1906445764952610	0.0014918261372357	-0.0014503761299269	0.1380258404941923	0.2156335171413571	0.0003292215420180	-0.0020570241472848	
0.6042664157153159	-0.4847546481079424	0.0014118427019765	-0.0015287246336257	0.6010144476141424	-0.4475099500145199	0.0013718960178000	-0.0015648504201959	0.6403070464347689	-0.4403975325261458	0.0013502389206587	-0.0015836683726541	
0.5547076581827131	0.0172040791399047	0.0020444466279835	0.0003736185615289	0.5563157205324181	0.0520467970305126	-0.0006087162501755	-0.0019919556499423	0.5978241889568685	0.0728651348671540	-0.0006645098602977	-0.0019739538486852	
0.5835097846286157	-0.4618231839063769	0.0013831696216517	-0.0015548446312309	0.5799052615725542	-0.4249126565640257	0.0013958066978126	-0.0015434532327556	0.6190810931997242	-0.4168384878446356	0.0014156194010157	-0.0015252105011895	
0.1455030381037109	0.1805611522963518	0.0020739774341173	0.0001317633671552	0.1421180313213058	0.2165987847560218	0.0011410171660542	-0.0017412179262459	0.1754087401845227	0.2416623569114145	0.0003464557612543	-0.0020541775179136	
-0.4478302076816795	-0.3886693968492577	-0.0020684586372619	-0.0002008414730256	-0.4561406316349253	-0.3584857900181499	-0.0020631549969445	-0.0002497190218031	-0.4239454749366834	-0.3290255700651665	-0.0020678055012109	-0.0002074906386154	
-0.3511964320474396	-0.3823951991837174	-0.0020755269084861	-0.0001044023293042	-0.3584819775776829	-0.3510022916465375	-0.0020723290200545	-0.0001556619146055	-0.3283227533657354	-0.3233655055408830	-0.0020732023850288	-0.0001434989348092	
0.3802667681553453	0.1615712228702548	0.0020468431657759	0.0003601899678983	0.3807133984257640	0.1984008242576382	0.0006338851727150	-0.0019840503527415	0.4202756572109365	0.2222972314913417	0.0007951423602726	-0.0019248015991892	
0.4921377268266065	-0.4305497821335730	-0.0013541778107980	0.0015802847166157	0.4893854021201978	-0.3968896593729606	-0.0013399142193790	0.0015924570923087	0.5265141246107023	-0.3887970522638763	-0.0013012490472760	0.0016243619875259	
-0.2088475132581495	-0.3716075046190490	-0.0020772468955491	-0.0000610030402292	-0.2150884521343805	-0.3384218157008685	-0.0020777428281013	-0.0000406258588523	-0.1870304774766957	-0.3133251929856967	-0.0020781379201389	0.0000005338308993	
0.5228059554124747	-0.3946670200545472	0.0014393184658679	-0.0015027538040621	0.5197211658486680	-0.3592365355125974	0.0013101936385138	-0.0016171198600375	0.5565538836570645	-0.3481910193894336	0.0012960111811580	-0.0016285650350544	
0.3574517310369847	-0.2291356293558034	-0.0018258876519997	0.0009948476741710	0.3556352901598916	-0.1922562996629748	-0.0016583306894581	0.0012555674457877	0.3900716175986352	-0.1797323378391993	-0.0002746378849019	0.0020650603402087	
-0.3875713693296267	-0.3844549099208756	-0.0020761602262322	-0.0000908699406083	-0.3958943278485681	-0.3538245217425216	-0.0020739602664295	-0.0001320346618167	-0.3647166529029590	-0.3256649811031453	-0.0020759461653152	-0.0000956587653134	
0.5277208671144564	-0.4000968860327767	0.0013494758118918	-0.0015843219383324	0.5239084086269654	-0.3644249862997507	0.0013197718099376	-0.0016092732126911	0.5613233683032375	-0.3540013564075786	0.0013588380893983	-0.0015762592044318	
0.0926646183058220	0.1963313361664022	-0.0017439980780850	0.0011329262223877	0.0875245851003663	0.2315405981762770	-0.0007502382032799	0.0019428336551157	0.1192126865753642	0.2569560660408157	-0.0000699947588996	0.0020821512876236	
-0.2597722884291258	-0.3759679991603125	-0.0020693577728110	-0.0001913065966327	-0.2669990107466754	-0.3431458108451359	-0.0020661345244437	-0.0002235948671482	-0.2379308024196770	-0.3168460332510228	-0.0020701590605064	-0.0001823860317053	
-0.4561710661605484	-0.3894030078617254	-0.0020718086852396	-0.0001624738931559	-0.4665058334285922	-0.3596523090326547	-0.0020672251684849	-0.0002132230573835	-0.4353790645403019	-0.3301313529516799	-0.0020703330764653	-0.0001803899825096	
0.3310284667148525	0.1273184643044161	0.0004554049373142	0.0020326942358241	0.3262086020159096	0.1593160577583878	-0.0016602824524520	0.0012529724810971	0.3678200720127272	0.1826940872898220	-0.0020619395822856	0.0002596119991619	
0.5202270990203994	-0.3919429511897624	0.0014707157887962	-0.0014718846092427	0.5168989103745230	-0.3558786989324792	0.0013414189228814	-0.0015911834530313	0.5543215613907146	-0.3454759073356614	0.0012875240941131	-0.0016353166459900	
0.3439281146226336	0.1385533063730920	0.0020769798534673	-0.0000695433532198	0.3447192938823285	0.1737533478374636	-0.0007901038962401	-0.0019268856708270	0.3801264753473537	0.1978740327015152	-0.0000074743918386	-0.0020833198581981	
0.2088685970660400	0.1329694029120146	0.0020720163363417	0.0001597904515210	0.2072657657126937	0.1691401954442056	0.0008959724010790	-0.0018797585973401	0.2418841787074376	0.1915415961791287	0.0008495013721312	-0.0019013186012055	
-0.4676328514637674	-0.3902474098069164	-0.0020737722806404	-0.0001349695156098	-0.4758712252005343	-0.3605607895608712	-0.0020697609741188	-0.0001868715090702	-0.4425775092183440	-0.3306901543522011	-0.0020716588696921	-0.0001643825704772	
-0.2108579080966616	0.4968761692475167	-0.0000266352008507	0.0020831622097786	-0.6639650709883691	-0.3750900056816768	-0.0020781379883351	0.0000000106797232	-0.6639650658624840	0.2281861477230174	0.0020781379883360	-0.0000000105022787	
-0.4966092075141617	-0.3921402004264439	-0.0020641997162927	-0.0002408860227127	-0.5049567261343539	-0.3627230306775351	-0.0020724014871401	-0.0001546892738953	-0.4706600242314454	-0.3326268150066475	-0.0020757787468936	-0.0000992429057088	
0.6022645200177854	-0.4826200434707950	0.0014279196026147	-0.0015136432442369	0.5990466569691437	-0.4452499011289341	0.0013874169718370	-0.0015510368351465	0.6384027770921605	-0.4381509723522675	0.0013500909611228	-0.0015837951427807	
0.4929649975244694	-0.1488944678857407	-0.0006488725236712	0.0019791751859222	0.4873308470611450	-0.1156211388613720	-0.0012138456300237	0.0016909997780307	0.5275193900564137	-0.1003334325202337	-0.0014590634743390	0.0014834938217272	
0.2307314105720855	-0.2113867002202361	-0.0011353867986253	0.0017449128982496	0.2273204748889340	-0.1774775753178213	-0.0017225521118825	0.0011654344794218	0.2567052813499933	-0.1561580860801459	-0.0017541562870260	0.0011170536895856	
0.4964681774824946	-0.4356029173315168	-0.0013578147430312	0.0015771452292426	0.4936484764231173	-0.4020021599024389	-0.0013235693982095	0.0016061356409615	0.5302408069180446	-0.3934837652873422	-0.0013020170404586	0.0016237433808834	
-0.2587402440360321	-0.3758726386264640	-0.0020690332351313	-0.0001948024677551	-0.2659700918221670	-0.3430301218935624	-0.0020658277043671	-0.0002264261035098	-0.2368996010415471	-0.3167569459146358	-0.0020702668994084	-0.0001811516775699	
0.4961284238280019	-0.1560756943358811	-0.0009907818129786	0.0018313150462278	0.4926127470893975	-0.1217295491934283	-0.0011875861263772	0.0017096363213916	0.5300447663408325	-0.1038943943435907	-0.0007792428580988	0.0019313255690326	
0.5512001527371857	-0.4277302038026106	0.0013714604660211	-0.0015652340697866	0.5479375733130918	-0.3913694244192984	0.0014364807947759	-0.0015054801300307	0.5864895956784373	-0.3818967612288526	0.0014669834182896	-0.0014756231823340	
0.3594906130902054	-0.2302731684098229	-0.0018015944115870	0.0010384056798317	0.3577854073920468	-0.1942872807239447	-0.0013019326800199	0.0016238113612818	0.3904316049938814	-0.1804997553638021	-0.0003044796777435	0.0020608507429758	
-0.2514415023396455	-0.3751521039094407	-0.0020674689688029	-0.0002108340246628	-0.2587732248189635	-0.3422671552048722	-0.0020659501609965	-0.0002253004300483	-0.2295937377718120	-0.3161344930570104	-0.0020718254394974	-0.0001622590363937	
0.0751198550251434	0.2043839609866219	-0.0005834698823403	0.0019995340359518	0.0685533061059576	0.2405834627976783	-0.0020570856756178	-0.0002957902061467	0.1039308204700939	0.2698730619889694	-0.0020745643635964	0.0001221249103259	
0.3088345548138770	0.2256598590492393	-0.0018510455788768	0.0009469713719073	0.3087557094180736	0.2634749289331960	0.0001638749231586	-0.0020768457681161	0.3463976678619556	0.2904725422527241	0.0000572044559001	-0.0020825438880854	
-0.4800273521464578	-0.3908861658303643	-0.0020756041762032	-0.0001028469357577	-0.4893770648677812	-0.3616709906079240	-0.0020729208731993	-0.0001475295571875	-0.4562065863970390	-0.3317898391691229	-0.0020728380175133	-0.0001486949548106	
0.5036351466614555	-0.4440312923195525	-0.0013307600549588	0.0016001530470614	0.5006557592324252	-0.4105647573954860	-0.0013167468882781	0.0016117616020240	0.5376930780580036	-0.4027194564121957	-0.0013149007675351	0.0016132755880958	
0.4603115449132358	-0.3916633209226648	-0.0013363899659432	0.0015954305951326	0.4569661646583427	-0.3575006710050051	-0.0013481128479780	0.0015854876621527	0.4930822303163651	-0.3473114294549032	-0.0012933144163363	0.0016307181955317	
0.4255822488690466	-0.3482843990618195	-0.0013249286024455	0.0016050089799493	0.4217002944747743	-0.3146838291695980	-0.0012596346150705	0.0016570018408953	0.4565628144777423	-0.3028658523287343	-0.0012550818155190	0.0016604702397584	
0.4965374831081122	-0.3699992323953715	0.0018416254734768	-0.0009652534764992	0.4948622499475310	-0.3331179196159658	0.0014563025895584	-0.0014862177512578	0.5318092323023174	-0.3209774933016046	0.0014464193163155	-0.0014958860983273	
0.5017445044112880	-0.4417804488148027	-0.0013409705702571	0.0015915632121810	0.4983166454171446	-0.4076658692500389	-0.0013134053373266	0.0016144993800864	0.5353517702561177	-0.3998100033140882	-0.0013130524314347	0.0016147878439522	
-0.5206057696676722	-0.3942592191601257	-0.0020772931439214	-0.0000593992280968	-0.5340880468265545	-0.3658271730547526	-0.0020732632600988	-0.0001426122864461	-0.5018697311149961	-0.3353863301267279	-0.0020717496335092	-0.0001632289042927	
0.2192845699811754	0.1250285455446634	0.0008743216929315	-0.0018899768213376	0.2150970709346434	0.1593872235717536	0.0018927791222458	-0.0008600752971748	0.2525022338599193	0.1843970465110424	0.0019768676263838	-0.0006424233124951	
0.5301074609660175	-0.4029892980679481	0.0013127190612169	-0.0016150602209303	0.5267279168995951	-0.3677668474107020	0.0013588937218651	-0.0015762110038050	0.5642229702336401	-0.3572852962835552	0.0013913856165185	-0.0015474598458576	
0.5830576815884145	-0.4613433709007687	0.0013885845905124	-0.0015499863631334	0.5799052615725542	-0.4249126565640257	0.0013958066978126	-0.0015434532327556	0.6185968255485390	-0.4163721464971985	0.0014148489625801	-0.0015259287964038	
