-0.1194853156814091	-0.0778574610418062	-0.0020780805697933	-0.0000154867309279	-0.0976837863883874	-0.0325976581086586	-0.0020781163322081	-0.0000095109983591	-0.0540296838499174	0.0478543656310914	-0.0020749045328519	-0.0001161718793248	
0.2046515703863371	-0.2838112488300724	0.0020703216812812	-0.0001805213713824	0.2254985761192416	-0.2330781037717963	0.0020722014572694	-0.0001573593538772	0.2722482715836284	-0.1467199992371016	0.0020729168364052	-0.0001475865506107	
-0.6578052024877157	0.2872200833073080	-0.0020050084256139	0.0005478079697246	-0.6413056636576916	0.3286742576476646	-0.0019390192714580	0.0007494395007561	-0.6050261172570657	0.4005841649017282	-0.0017527155326705	0.0011193242517465	
-0.1780529755328221	-0.1291055547542697	-0.0001156933489614	-0.0020801023576673	-0.1524677470767565	-0.0833739588900882	-0.0000761568280212	-0.0020819339278090	-0.1125875378530629	-0.0062037849900560	-0.0000292386498026	-0.0020831271202928	
-0.1558934282714410	-0.0762892839601801	-0.0020644251576386	0.0002389365052876	-0.1340389665834454	-0.0312384937645412	-0.0020732514876764	0.0001427841838098	-0.0903625246675874	0.0481832414247752	-0.0020665449054580	0.0002197503150691	
-0.2241654673733045	-0.0416413479283737	0.0000749587743415	0.0020819776249326	-0.1996434659376802	0.0031096596040957	0.0000521182492647	0.0020826780517725	-0.1612935920645500	0.0791279860904470	-0.0000318285395624	0.0020830889683919	
-0.0925511394863070	-0.0125076801855370	0.0000439821593551	-0.0020828666935727	-0.0692290913848654	0.0333817486582716	0.0000784290285569	-0.0020818491470926	-0.0319417490015906	0.1114853400025956	0.0000589526149751	-0.0020824948903155	
-0.2111190885530564	0.0128367885696679	0.0018182381265559	0.0010088296590879	-0.1891255399760364	0.0562728379649775	0.0017186947226917	0.0011711439741865	-0.1494868477895048	0.1372253744542273	0.0018862623486997	0.0008743454488957	
-0.6597804402511691	0.2876612201107176	-0.0020464960086273	0.0003621670318673	-0.6431213714057887	0.3293315169667468	-0.0019561330412740	0.0007033243241103	-0.6070193927414465	0.4017017079923232	-0.0018405637666408	0.0009672865401952	
-0.2057835060371088	-0.0732721147006178	-0.0020714762667758	0.0001666792293791	-0.1838247794802568	-0.0287030898811891	-0.0020591755802085	0.0002807956303515	-0.1392621462646192	0.0496418573991548	-0.0020741243683641	0.0001294180644631	
-0.1916663455578541	-0.4106555539693853	0.0007969808485615	-0.0019240372768150	-0.1611585063085573	-0.3563182668505115	0.0010382504056294	-0.0018046931362949	-0.1113391533137245	-0.2709183888111549	0.0008164716184388	-0.0019158065085314	
-0.1792760705879599	-0.1511173615274070	-0.0001121243602664	-0.0020802987688497	-0.1532118672594539	-0.1051456255090794	-0.0000697653519162	-0.0020821590253888	-0.1128483114286994	-0.0281730664391716	-0.0000344038352498	-0.0020830478219140	
0.1558546885866431	-0.2804449078438284	0.0020744932637021	-0.0001233327536068	0.1766424561679479	-0.2301908966845541	0.0020738568535643	-0.0001336571619586	0.2233989290982852	-0.1440554727779125	0.0020761207173351	-0.0000917726507870	
-0.1838445422431020	-0.2281381775653005	-0.0001105513817506	-0.0020803833746081	-0.1563967586937199	-0.1813346562739294	-0.0000755155163720	-0.0020819574049335	-0.1136637353045664	-0.1020231256022018	-0.0000090139782553	-0.0020833137351842	
0.2223490410005784	-0.2855399865599268	0.0020669818220692	-0.0002155809666067	0.2441536735294627	-0.2346791009552713	0.0020691542311398	-0.0001935065648180	0.2909205715033645	-0.1481837957185806	0.0020709013503292	-0.0001737107049553	
-0.1236321014517617	-0.0778448248828144	-0.0020780424515091	0.0000199763916841	-0.1018462021252216	-0.0325979448859491	-0.0020781379753226	0.0000002333846240	-0.0581915063681722	0.0476877778853365	-0.0020776040439439	-0.0000472233396483	
-0.1516477285817305	0.2413691686612440	-0.0020683247655737	-0.0002022223229938	-0.1340124098242189	0.2884103292733661	-0.0020705868408398	-0.0001774386293335	-0.0997319507375924	0.3759682769545530	-0.0020208651762425	-0.0004857331701409	
-0.2137621909592188	0.0110845046789838	0.0016009813570398	0.0013282713375013	-0.1913916926852426	0.0543961198939835	0.0014848069919867	0.0014575969731837	-0.1526661436420428	0.1353107429699910	0.0016549717096767	0.0012600137470788	
-0.1132238899650763	0.0116270506831893	0.0020240772671094	-0.0004721005666993	-0.0924627646059406	0.0573796013415803	0.0020377863640656	-0.0004085531694839	-0.0509061730096676	0.1375375759660784	0.0020179294503657	-0.0004978482344509	
0.2660156260126069	-0.2904037221189597	0.0020607106987265	-0.0002692396891415	0.2878477522940640	-0.2391593425080270	0.0020636231794138	-0.0002458003908700	0.3345735768237162	-0.1522510084280320	0.0020644162028283	-0.0002390142498806	
-0.0978974333842165	-0.0665154637893715	-0.0009530049445737	-0.0018513542569991	-0.0743774306341046	-0.0222050942905439	-0.0010335082273478	-0.0018074266650771	-0.0358894689166664	0.0590462770038431	-0.0009553957771163	-0.0018501154224831	
-0.2243152301437455	-0.0468578602425891	0.0000348483449683	0.0020830403959129	-0.1997455808462442	-0.0021201691084470	0.0000145729682021	0.0020832821084028	-0.1611628521545008	0.0739357443042544	-0.0000870584010701	0.0020815044245413	
-0.2153125993460899	0.0096129211241232	0.0014255533763267	0.0015158831206964	-0.1928856869395419	0.0527828011679010	0.0012958974641985	0.0016286559774655	-0.1548244123072213	0.1333365436648316	0.0014069482749369	0.0015332528950867	
0.1308867655946470	-0.2783695106979676	0.0020709345827899	-0.0001733120784565	0.1537465531132425	-0.2283825058703796	0.0020725511379335	-0.0001526609663767	0.1984919410573109	-0.1424753836626622	0.0020728971019761	-0.0001478648530922	
-0.1214962970614132	0.2485006490938748	-0.0020181813943851	-0.0004968207924709	-0.1039537852339250	0.2960931208517104	-0.0020068855425608	-0.0005408558740539	-0.0695964754223317	0.3853217648375118	-0.0019920120999430	-0.0005935488267411	
0.1787508316629950	-0.2818302038085879	0.0020729907668112	-0.0001465392330742	0.2005311082772963	-0.2314392358073620	0.0020748903442056	-0.0001164262869177	0.2462395186162505	-0.1452018008717775	0.0020751578588255	-0.0001115317165047	
-0.1789447232312124	-0.1447564276912706	-0.0001018986126741	-0.0020808273520359	-0.1530285673924571	-0.0989181174437470	-0.0000674457640605	-0.0020822358352506	-0.1127854058401759	-0.0219282443710622	-0.0000178674736880	-0.0020832563291476	
-0.1839920229179535	-0.2312355324038609	-0.0001034732506998	-0.0020807492553603	-0.1564901567996640	-0.1844457930914004	-0.0000625417014669	-0.0020823896685267	-0.1136728337322207	-0.1051452965431209	-0.0000009440373679	-0.0020833331183730	
-0.2226524678856552	-0.0166400834847835	0.0001655627246222	0.0020767112306712	-0.1987089696936595	0.0281425117142921	0.0001105767226546	0.0020803820210977	-0.1611958562568484	0.1041697138817833	0.0000378721758520	0.0020829873488817	
-0.1771587182713366	-0.1082428914581773	-0.0000974767406370	-0.0020810402434485	-0.1519394950803570	-0.0624612576158081	-0.0000548314328381	-0.0020826080381411	-0.1125412722231116	0.0135784233571901	0.0000015982711456	-0.0020833327171911	
-0.6505015158784879	0.2832799179888416	-0.0015275055124998	0.0014125592867735	-0.6346168653948194	0.3253891031790657	-0.0017470114125575	0.0011282506736041	-0.5997224516004298	0.3956906335833868	-0.0012721413113770	0.0016473713696183	
-0.2238838491792859	-0.0354414505292212	0.0001040645901383	0.0020807196168582	-0.1994642172856310	0.0093773257898448	0.0000686675854184	0.0020821957004167	-0.1613374223551589	0.0853845014421579	-0.0000049188584801	0.0020833274974142	
-0.1959495233336292	-0.4037995696128041	0.0013827338631110	-0.0015552341068782	-0.1669197425791693	-0.3496108305415840	0.0016430824363215	-0.0012755557269353	-0.1147919440435446	-0.2649946915125470	0.0012813875850402	-0.0016401535299337	
-0.2233262784743743	-0.0260431972535891	0.0001326109267355	0.0020790873193996	-0.1991299629023792	0.0187495597879429	0.0000810839077921	0.0020817469259214	-0.1613154595922116	0.0947795840312269	0.0000142126810427	0.0020832846099876	
-0.2233956467717789	-0.0270833893626320	0.0001298277307580	0.0020792638496738	-0.1991780030173852	0.0177102863030178	0.0000799129898277	0.0020817924299727	-0.1613159630579137	0.0937360072859670	0.0000121190931137	0.0020832979071846	
-0.2229705842499386	-0.0208583392946369	0.0001482788751194	0.0020780233594526	-0.1989231129592471	0.0239757885233455	0.0000935381558142	0.0020812218982050	-0.1612593897803858	0.0999981787015494	0.0000251424623186	0.0020831808538143	
-0.1163793702001620	-0.0778132132115726	-0.0020766240313461	-0.0000795086226754	-0.0955999171258358	-0.0325824905634789	-0.0020779201847371	-0.0000301618337879	-0.0519598411022330	0.0480155495478063	-0.0020699690016636	-0.0001845412467915	
-0.0959849691023245	-0.0612958163911955	-0.0005051660421076	-0.0020208432618771	-0.0720641642275299	-0.0165113031002234	-0.0005262194118569	-0.0020154365887687	-0.0341609318237721	0.0634856420249933	-0.0005462625845053	-0.0020100699210410	
-0.2243269525109240	-0.0510209890370191	-0.0000374826943546	0.0020829944291473	-0.1997315322655807	-0.0062949490496992	-0.0000532651337453	0.0020826488901637	-0.1609068667728373	0.0698307430334516	-0.0001896014865519	0.0020746443275359	
-0.1831363140518272	-0.2145504297885037	-0.0000948354254355	-0.0020811628948402	-0.1558830121365029	-0.1677060499974908	-0.0000535380208890	-0.0020826418579737	-0.1136112699506737	-0.0895480407893054	0.0000059708494328	-0.0020833247342306	
-0.1184493947333490	-0.0778598494518102	-0.0020778915917857	-0.0000320804928066	-0.0976837863883874	-0.0325976581086586	-0.0020781163322081	-0.0000095109983591	-0.0540296838499174	0.0478543656310914	-0.0020749045328519	-0.0001161718793248	
-0.2306300195838933	-0.3883970739443893	0.0019698553594355	-0.0006637181163205	-0.1993883262740924	-0.3370983467541901	0.0019755386387283	-0.0006465189153442	-0.1485535762692515	-0.2498796421101659	0.0019747535115107	-0.0006489250469632	
-0.0948587183097347	-0.0551229134050451	-0.0002667312230774	-0.0020661016577185	-0.0710061222472951	-0.0103197844149714	-0.0002645609824254	-0.0020663820712384	-0.0330312220497821	0.0697310770078373	-0.0002385581660689	-0.0020695610340116	
-0.2237204655933205	-0.0323001303869920	0.0001153596829381	0.0020801209817878	-0.1993580544991370	0.0125058848583747	0.0000719243287730	0.0020820851977840	-0.1613432407637712	0.0885153631978975	0.0000030459156157	0.0020833310955606	
0.2181736623773030	0.3261960746351932	-0.0020347192431374	-0.0004236379254473	0.2421349816062247	0.3831926587078586	-0.0020245710433561	-0.0004699678825030	0.2898396657633996	0.4876610283671635	-0.0020428549721898	-0.0003822681981772	
-0.1796436743246982	-0.1573105461559336	-0.0001550238917121	-0.0020775285939160	-0.1534875760374654	-0.1115012709219376	-0.0001080065570300	-0.0020805177147589	-0.1129684032688518	-0.0333697140230235	-0.0000701258234008	-0.0020821468554786	
-0.0928657580468573	-0.0073735125286821	0.0002566191861524	-0.0020673883748486	-0.0696321621901704	0.0385381978144341	0.0003068246400023	-0.0020605011824513	-0.0322040155462739	0.1166679304422301	0.0001834976318888	-0.0020751958532915	
-0.1776639183330174	-0.0781904442964929	-0.0020747738237373	-0.0001184948172860	-0.1558270771780454	-0.0334733752933490	-0.0020562151658218	0.0003018119289416	-0.1123307854307709	0.0461955870920870	-0.0020362432356059	-0.0004162137868494	
-0.1038353944721545	0.0084844277011472	0.0018583361209874	-0.0009325105842221	-0.0832274138711033	0.0549153814790516	0.0019476435656214	-0.0007266168409527	-0.0413269440112367	0.1337185535924330	0.0017489049099789	-0.0011252985981646	
0.1548164185476582	-0.2803827474274124	0.0020742836935092	-0.0001268257893083	0.1756070994447879	-0.2301175369700886	0.0020735112635579	-0.0001389413592839	0.2223594679282437	-0.1440166640680303	0.0020760352972076	-0.0000936945715277	
-0.1268083611326417	0.0141423025688999	0.0020557124258933	-0.0003052343684872	-0.1059729390337867	0.0595315663793468	0.0020618777552740	-0.0002601050361324	-0.0643928525418511	0.1399346196674939	0.0020597280049011	-0.0002766937130408	
-0.2216047897552358	-0.0061900931118635	0.0002879554121801	0.0020632363772814	-0.1978576553600068	0.0386288246888851	0.0002529937321509	0.0020678374017536	-0.1608419466353518	0.1145576334518733	0.0001250293194654	0.0020795593734482	
-0.1770548416819737	-0.1061690636773771	-0.0000999069614468	-0.0020809244117564	-0.1519052771235473	-0.0614225797249983	-0.0000549428086617	-0.0020826050881351	-0.1125416190308010	0.0156660810120758	-0.0000018617268144	-0.0020833324973223	
-0.0972911888162475	0.0034661291980143	0.0013458975712752	-0.0015873780213137	-0.0755576773287323	0.0503355133176809	0.0015282317091710	-0.0014117696565840	-0.0350538388473696	0.1272534766457279	0.0010334221753634	-0.0018074761142332	
-0.0932456819795080	-0.0051299208257474	0.0004174592231522	-0.0020408657781850	-0.0699710162797094	0.0405179283252097	0.0004512499637221	-0.0020336252955508	-0.0324077116439734	0.1187063672381454	0.0002724420171395	-0.0020653526425062	
0.2680755003578134	-0.2906935882864611	0.0020597586149166	-0.0002764646125840	0.2899113556688639	-0.2393929048667733	0.0020630197750837	-0.0002508392555269	0.3366421704579197	-0.1524860552797196	0.0020635957099194	-0.0002460320555124	
0.1621047561717938	-0.2808120768406716	0.0020748290384643	-0.0001175191708052	0.1839106094372329	-0.2306344987498202	0.0020754398703955	-0.0001061270338127	0.2296380709858536	-0.1443166802861214	0.0020761636216741	-0.0000907919409917	
-0.1475858664071656	-0.0773219036792220	-0.0020695730042350	0.0001889521797770	-0.1257021967415723	-0.0321361238160252	-0.0020665575435693	0.0002196308376910	-0.0821435722088522	0.0474541848481166	-0.0020760720312892	0.0000928729525305	
-0.1020886085636546	-0.0725184010146040	-0.0013893259037688	-0.0015493185968822	-0.0789219886355617	-0.0282098011321045	-0.0014844553845016	-0.0014579568504281	-0.0392128487808866	0.0537980493526541	-0.0013043518654299	-0.0016218590218163	
0.1745454819122079	-0.2815445156712205	0.0020733871460139	-0.0001407905568452	0.1953474413121865	-0.2311767605495956	0.0020753956008645	-0.0001069935641601	0.2420954034490689	-0.1449629255512848	0.0020752447432736	-0.0001098950092870	
0.2773843218701640	-0.2920527573896755	0.0020464015716276	-0.0003627029293511	0.2992541500189387	-0.2405896971755193	0.0020589915890018	-0.0002821483401333	0.3470751610160210	-0.1539918366761626	0.0020408290421989	-0.0003929931949193	
-0.1835803368775754	-0.2229749379973878	-0.0001171676775322	-0.0020800194196196	-0.1561793038975524	-0.1759939637292774	-0.0000825705209088	-0.0020816881982632	-0.1136380859259792	-0.0968229426364227	-0.0000148935111070	-0.0020832798301320	
0.2400293929607871	-0.2874403514908085	0.0020669228284663	-0.0002161486710253	0.2618498979221064	-0.2363934994598667	0.0020685850461378	-0.0001995287452519	0.3086195845378970	-0.1496991195616340	0.0020710046235475	-0.0001724688947118	
0.2087958671136344	0.3242527318993754	-0.0020355019098320	-0.0004198422528741	0.2318014137539425	0.3808175947598560	-0.0020276073635368	-0.0004566229342227	0.2794245842145480	0.4856964570998437	-0.0020398630520549	-0.0003980016253426	
-0.1631356933657726	-0.0759334681111422	-0.0020773642234393	-0.0000568460979724	-0.1413037143241473	-0.0313519889176535	-0.0020665344328505	-0.0002198492705962	-0.0976771593523954	0.0486995846280879	-0.0020781293216373	0.0000060167730264	
-0.2296924153584303	-0.3887308491579747	0.0019683018649934	-0.0006683339517459	-0.1993883262740924	-0.3370983467541901	0.0019755386387283	-0.0006465189153442	-0.1475968771922762	-0.2501729954967347	0.0019739826728114	-0.0006512778158802	
-0.1806423067380800	-0.1677319451723114	-0.0002437539741511	-0.0020689524708204	-0.1543095972327747	-0.1219459565043456	-0.0001986604273528	-0.0020737922354692	-0.1134997137998414	-0.0437262144692904	-0.0001537725163358	-0.0020776220573714	
-0.1299640478137460	0.2463495484320320	-0.0020116972662024	-0.0005225820167119	-0.1122224218253521	0.2937664661674918	-0.0019991872975486	-0.0005687874806622	-0.0780115188129124	0.3826667378395830	-0.0019782682250101	-0.0006380755615016	
-0.1980606400189363	-0.4016930465295559	0.0015943444274892	-0.0013362702071274	-0.1701079426919899	-0.3475427391539167	0.0018653468517990	-0.0009183352105199	-0.1167076279721627	-0.2628169299588013	0.0014613761925038	-0.0014812042236820	
-0.1506454758719856	-0.0769673999730546	-0.0020634648626234	0.0002471325363136	-0.1287736314383637	-0.0318280450896074	-0.0020637384650544	0.0002448257023255	-0.0852423464822682	0.0476462095476824	-0.0020718146130590	0.0001623979074365	
0.2670457405270307	-0.2905454897528387	0.0020602560185678	-0.0002727143419952	0.2888798874440550	-0.2392663980793110	0.0020634382733183	-0.0002473555565065	0.3356083086195625	-0.1523586574879832	0.0020637925605935	-0.0002443669897974	
-0.1787838826100567	-0.1416563401110673	-0.0001076815099737	-0.0020805346479160	-0.1529283014531334	-0.0958058728376736	-0.0000755195423610	-0.0020819572581703	-0.1127653326961838	-0.0188069257723488	-0.0000206167920513	-0.0020832308076030	
0.2545383151692013	-0.2890299151604649	0.0020646633834032	-0.0002368587635275	0.2763723950204305	-0.2378149336657129	0.0020668604177784	-0.0002167476223995	0.3231523831214401	-0.1510051656469107	0.0020676375823417	-0.0002091656292843	
0.2389983231037389	-0.2873352948416107	0.0020668478207461	-0.0002168683124841	0.2608186135703729	-0.2362849245464573	0.0020685182537676	-0.0002002234513705	0.3075855115180623	-0.1496082317820728	0.0020710855156354	-0.0001714898828435	
-0.0926814753675850	-0.0094078392203004	0.0001508831555067	-0.0020778349501929	-0.0694040764418536	0.0364979501663165	0.0001931863167668	-0.0020743119309233	-0.0320673452235052	0.1146036850259841	0.0001196773192492	-0.0020798758170176	
-0.1672646305326800	-0.0762555986873484	-0.0020585458801812	-0.0002853981362821	-0.1455142915760284	-0.0320678757219269	-0.0020333635957098	-0.0004301297325355	-0.1017904758128272	0.0485107350712654	-0.0020668147417388	-0.0002171849141996	
-0.2236515441016347	-0.0312545489269774	0.0001180008561190	0.0020799720833935	-0.1993261640930614	0.0135476612548927	0.0000744900967914	0.0020819945304216	-0.1613347162238888	0.0895599730422838	0.0000045639789550	0.0020833283091232	
-0.0968609042799049	0.0029363183875366	0.0012883655469647	-0.0016346504800639	-0.0749841684878790	0.0498197588958228	0.0014692220925674	-0.0014733830667442	-0.0347616280205332	0.1268103541264601	0.0009777278993121	-0.0018383525773801	
-0.1257987694328702	0.2473293147596625	-0.0020143493032957	-0.0005122121498872	-0.1080847304071372	0.2949121166689050	-0.0020013324358156	-0.0005611546740562	-0.0737142094721793	0.3841048370662318	-0.0019839406605790	-0.0006201229960478	
-0.2170486492944029	-0.3934436648007132	0.0019415162644761	-0.0007429141176763	-0.1900565781379122	-0.3403429508906345	0.0019545458207524	-0.0007077452147287	-0.1351843735224948	-0.2544362899765267	0.0019795980844863	-0.0006339169237700	
0.1361605625525153	-0.2788525294174074	0.0020695053485456	-0.0001896954410446	0.1579978616421568	-0.2287236071894429	0.0020718569598930	-0.0001618540407709	0.2036380133829867	-0.1428797267361504	0.0020724096071985	-0.0001545799044478	
-0.1809043591086626	-0.1697768144007324	-0.0002528859392040	-0.0020678506530559	-0.1545038878423560	-0.1239984151324773	-0.0002101497959306	-0.0020726537941359	-0.1136450606027196	-0.0458013744386725	-0.0001605274061347	-0.0020771085006230	
0.2254384825338266	-0.2858430951674333	0.0020664451323300	-0.0002206912474501	0.2473351611707318	-0.2349839391602086	0.0020686364092572	-0.0001989928535176	0.2940223524488779	-0.1484228642377237	0.0020707745786433	-0.0001752229573250	
-0.1381064615864326	0.2442720074540155	-0.0020141997379065	-0.0005128029196687	-0.1204803298630985	0.2914058943722080	-0.0020025588259781	-0.0005567402024338	-0.0862075502365959	0.3800536129389066	-0.0019736889217013	-0.0006521719342194	
-0.0945247056135204	-0.0010267114009396	0.0008297725347489	-0.0019100545549255	-0.0718830608711131	0.0457226066418497	0.0009983676100041	-0.0018271699357304	-0.0332668684947033	0.1229106008015653	0.0005702407635172	-0.0020033660036095	
0.2025904360426944	-0.2836440480901133	0.0020706621451966	-0.0001765532550512	0.2234303441836618	-0.2329328372584538	0.0020726111354794	-0.0001518401331642	0.2701814694589487	-0.1465660475984312	0.0020731678157005	-0.0001439999968962	
-0.1968945610587788	-0.4025203719669438	0.0014670796845219	-0.0014755269943378	-0.1693436881123312	-0.3478879667463239	0.0018169929560927	-0.0010110818088209	-0.1162065928473923	-0.2633815598261004	0.0014188817375972	-0.0015221608597339	
-0.2204277994484141	-0.3920694288866273	0.0019448361657284	-0.0007341351972028	-0.1931613496949657	-0.3392445747609791	0.0019612180941884	-0.0006889451668228	-0.1392206909631833	-0.2530811982715200	0.0019664939498100	-0.0006736613848959	
-0.0932136715367006	-0.0343983889499153	-0.0001111855389120	-0.0020803494094335	-0.0695477262768953	0.0114541278251606	-0.0000751419866240	-0.0020819709874885	-0.0320087127479719	0.0895706075818112	-0.0000461943633858	-0.0020828185652226	
-0.1829017625874932	-0.2083312463334293	-0.0000524132770474	-0.0020826706108358	-0.1557811235014988	-0.1614626238371760	-0.0000107009167137	-0.0020833057132585	-0.1136827792226708	-0.0833099761399574	0.0000471692132317	-0.0020827966066137	
-0.2038420766129571	-0.3981578810616804	0.0019356265773703	-0.0007582023891788	-0.1767728606579709	-0.3450226676995582	0.0019888892387791	-0.0006039819936251	-0.1227064991930807	-0.2584603344282010	0.0018803907415560	-0.0008869650449483	
0.2088689165982620	-0.2842121074343637	0.0020697037594760	-0.0001875072920403	0.2296299078284917	-0.2333820006543191	0.0020714293663653	-0.0001672639895958	0.2763791853050412	-0.1470372813101093	0.0020724822342202	-0.0001535982053027	
0.1506708243375237	-0.2800913497958791	0.0020729700074505	-0.0001468340737031	0.1714780778338775	-0.2297998052716970	0.0020720255146131	-0.0001596707952106	0.2182028060932222	-0.1438266425207427	0.0020754612685464	-0.0001057056338775	
-0.1797496175536574	-0.0781645349690562	-0.0020658557118672	0.0002261691466876	-0.1580081094108210	-0.0329852906418480	-0.0019986358076055	0.0005707319817313	-0.1143095874271177	0.0458731801214093	-0.0020688359941372	-0.0001968965331640	
-0.1973684229569814	0.0162394636647937	0.0020674659238162	0.0002108640315699	-0.1766059228306617	0.0602160462401519	0.0020585745828472	0.0002851899932662	-0.1350583057273750	0.1404586738490234	0.0020624730151703	0.0002553179949832	
-0.0929916162214136	-0.0301853775715530	-0.0000963276729852	-0.0020810940161603	-0.0694174854058653	0.0156186176812131	-0.0000629356561902	-0.0020823777399209	-0.0319388266983236	0.0937410693384076	-0.0000315820230702	-0.0020830927392322	
-0.1784222780546286	-0.1354670763103926	-0.0001194876117651	-0.0020798867788254	-0.1527001134021060	-0.0895901309401745	-0.0000874643948335	-0.0020814873190821	-0.1126877082021753	-0.0124418883649386	-0.0000322791244022	-0.0020830820002305	
-0.1932613299386821	0.0165913855110792	0.0020718416239743	0.0001620512143517	-0.1725176947993508	0.0606970628376623	0.0020664594268550	0.0002205566889365	-0.1309468164740490	0.1409520563947284	0.0020660397645873	0.0002244731367575	
-0.0941935496521982	-0.0019242933071829	0.0007309671287895	-0.0019502025356958	-0.0714960427732857	0.0448986005895319	0.0009061061643643	-0.0018748704284152	-0.0330064295796934	0.1219547888101618	0.0004872318818962	-0.0020252640353272	
0.1808188051339891	-0.2819852761042276	0.0020728932814525	-0.0001479186707768	0.2026027994114462	-0.2315499020567542	0.0020747020161501	-0.0001197517317348	0.2483625990080522	-0.1453241903190659	0.0020751758803714	-0.0001111942170786	
-0.1775403370326155	-0.0948801478001173	0.0007415678362673	-0.0019461762177909	-0.1527100425458835	-0.0500204360239971	0.0008219563378327	-0.0019134480062943	-0.1128237855995365	0.0268974576930597	0.0003307610097315	-0.0020567759319439	
-0.1922278169532287	0.0166675388082637	0.0020725189488642	0.0001530995250390	-0.1714841893188008	0.0607899698972517	0.0020676160677028	0.0002093792596258	-0.1299120280933451	0.1410857740844536	0.0020665045189618	0.0002201316787694	
-0.1003322743645677	-0.0702922205820914	-0.0012422275015648	-0.0016701566758087	-0.0769402677831037	-0.0259804451747895	-0.0012739431717821	-0.0016459713768784	-0.0378540938348186	0.0556720161054063	-0.0011863499982600	-0.0017104986206951	
-0.2220207284502516	-0.0633375441320608	-0.0009220760428473	0.0018670289536961	-0.1979987321106125	-0.0174756869846964	-0.0007684057704113	0.0019356844841916	-0.1568871012004365	0.0573025441746836	-0.0011710851049318	0.0017210379663644	
-0.2048396020972363	0.0150800904981073	0.0020293028740078	0.0004489894593537	-0.1840339053463436	0.0586488236718469	0.0019821787408387	0.0006257599363081	-0.1422999251009197	0.1393748587029188	0.0020400333948791	0.0003971231968084	
-0.1790020151963658	-0.1457896014953974	-0.0001022896652619	-0.0020808080692090	-0.1530568513151281	-0.0999566237689517	-0.0000660229107910	-0.0020822816645835	-0.1127971275624612	-0.0229682916756029	-0.0000191861108509	-0.0020832445435170	
-0.6543770969461540	0.2859210146941056	-0.0018655149388501	0.0009179919987980	-0.6387830715143777	0.3275976801067931	-0.0018990904666548	0.0008459774898495	-0.6027409848667403	0.3988585460005344	-0.0015883173337750	0.0013434642898284	
0.2286173090916245	-0.2862068662093259	0.0020662845466321	-0.0002221972241389	0.2504269265043026	-0.2352789848737409	0.0020681879703163	-0.0002036235645857	0.2961566425393649	-0.1486184351103095	0.0020708327413790	-0.0001745307755677	
-0.2231618919127222	-0.0603166887847957	-0.0006084371664039	0.0019920413398485	-0.1988643070435383	-0.0147403246414560	-0.0004943455410547	0.0020235307877292	-0.1587318615699538	0.0605600741135796	-0.0008727151521079	0.0018907229099414	
-0.1226564259945936	0.2482054608858995	-0.0020170959854697	-0.0005012312369362	-0.1049383364581981	0.2957912311493140	-0.0020059993046149	-0.0005441500265589	-0.0705596447449612	0.3849802866610373	-0.0019899633330218	-0.0006004158483581	
-0.1870317129217240	-0.0760578357940776	-0.0019740578230439	0.0006510488552800	-0.1652170828404102	-0.0308871964030551	-0.0020289176648058	0.0004507356482419	-0.1205003914629342	0.0466935026584508	-0.0019850585910382	0.0006165170330280	
-0.2237709829155081	-0.0333461098887939	0.0001114165757125	0.0020803369867842	-0.1993965219901520	0.0114634062368473	0.0000718124268885	0.0020820890796908	-0.1613383357380029	0.0874720596179239	0.0000002547745516	0.0020833333176769	
-0.2078326489586316	-0.0730228137177388	-0.0020665360611122	0.0002198338881305	-0.1860468000148787	-0.0283283274526876	-0.0020308154271963	0.0004420629430543	-0.1413320937621707	0.0498220350492878	-0.0020737852281171	0.0001347694360821	
-0.1781609696216572	-0.1311697388783944	-0.0001191912997684	-0.0020799038656189	-0.1525415089570810	-0.0854475556037170	-0.0000823805697182	-0.0020816957617057	-0.1126195547931627	-0.0082824895923008	-0.0000328587858973	-0.0020830728918403	
-0.2098685696171749	0.0134934483087489	0.0018932430860735	0.0008590483953708	-0.1879191705444835	0.0570234162561946	0.0018127410621057	0.0010187231866674	-0.1477192830651255	0.1379028610517857	0.0019544583441789	0.0007079879569104	
-0.1824233278459596	-0.1843817123169403	-0.0001324718505842	-0.0020790962298423	-0.1557590293964333	-0.1385415199759407	-0.0000947040174520	-0.0020811689087016	-0.1144530634817755	-0.0604231305004260	-0.0000053281556479	-0.0020833264857942	
-0.1774195544576630	-0.1146218501306120	-0.0000886782369980	-0.0020814357015683	-0.1521111610900774	-0.0697414444556491	-0.0000441213719586	-0.0020828637345420	-0.1125245113281490	0.0073222778475083	0.0000061320800829	-0.0020833242635568	
-0.2242359481429830	-0.0437276792942650	0.0000607097538209	0.0020824441534318	-0.1996900854310724	0.0010182224784430	0.0000418797698165	0.0020829102434143	-0.1612564792943685	0.0770471053059042	-0.0000482984884058	0.0020827705959841	
-0.1775836674580785	-0.1187641486120045	-0.0000901821625629	-0.0020813707599539	-0.1521901611037396	-0.0728583187580190	-0.0000453389386373	-0.0020828374558464	-0.1125225204122879	0.0041977062878267	0.0000020573654200	-0.0020833323123868	
0.2753464982093566	-0.2917399862332481	0.0020527310161735	-0.0003247742204044	0.2971918423999276	-0.2402947903476580	0.0020603366977067	-0.0002721010881096	0.3449191932748819	-0.1536221010703275	0.0020534981789638	-0.0003198630606566	
-0.1859900995780408	0.0170519139672324	0.0020741010714069	0.0001297927588472	-0.1652096948267109	0.0613633745631156	0.0020715190992755	0.0001661433786682	-0.1236482953878885	0.1417173438073408	0.0020653242625981	0.0002309956423317	
0.2514472882684448	-0.2886506032018839	0.0020657224118832	-0.0002273894882131	0.2732745653036254	-0.2375090477128217	0.0020676671721684	-0.0002088714555496	0.3200522447750624	-0.1506814060389954	0.0020685076237440	-0.0002003337897604	
-0.1402302317760200	-0.0777237984480182	-0.0020776656055625	0.0000444179925042	-0.1184902997351339	-0.0325968217480297	-0.0020771190204776	0.0000652324326970	-0.0747780893518829	0.0473491995994627	-0.0020779090252431	-0.0000309248337593	
-0.1814443702861220	-0.1739989451480290	-0.0002535756616573	-0.0020677657644504	-0.1549082760934670	-0.1281169504370767	-0.0002153068247125	-0.0020721217807201	-0.1139738687833257	-0.0500125051860638	-0.0001493719090119	-0.0020779446843672	
0.1901206810062916	-0.2827029287018669	0.0020725151401202	-0.0001531513335770	0.2109447861001528	-0.2320562888131645	0.0020742504188644	-0.0001273715545176	0.2576912124500064	-0.1457949871594706	0.0020749085002535	-0.0001161006423256	
-0.1142208262135627	0.0118568051756273	0.0020286294500946	-0.0004520375248789	-0.0934717580427902	0.0575804013203153	0.0020408677839570	-0.0003927909462970	-0.0518991130262748	0.1377704602816350	0.0020251661060872	-0.0004673841018223	
-0.2239543062857218	-0.0364331007830401	0.0001022940973041	0.0020808078502404	-0.1994971141711285	0.0083336219241161	0.0000650437475589	0.0020823126347391	-0.1613404861957164	0.0843402148397225	-0.0000072033457530	0.0020833208177865	
-0.6587788618655789	0.2874587337290604	-0.0020283198350664	0.0004534316979205	-0.6422088722835020	0.3290027239576969	-0.0019486794206147	0.0007238202833454	-0.6057952163565703	0.4010113381856210	-0.0017887998903560	0.0010604026150571	
-0.1026911092614509	-0.0732172386034138	-0.0014636889293385	-0.0014789074276615	-0.0800050339953140	-0.0291737955087839	-0.0016352172408214	-0.0012856733503804	-0.0396246350807936	0.0533313677327005	-0.0013427939843939	-0.0015900174041446	
-0.2220213820398052	-0.0094291617742574	0.0002254622940459	0.0020710359841884	-0.1982136505815653	0.0353807323859318	0.0001798898209492	0.0020755132922017	-0.1609939767376316	0.1114531388933548	0.0000833133864488	0.0020816584514354	
-0.1777566690639530	-0.1229051891705272	-0.0000987231921210	-0.0020809811908947	-0.1522863586804464	-0.0771414185940066	-0.0000543208837902	-0.0020826214843624	-0.1125270132424441	0.0000343987195159	-0.0000092745693516	-0.0020833125856470	
-0.0994289364247134	0.0056051980677189	0.0015784030590302	-0.0013551565256315	-0.0778652730009612	0.0521845882557346	0.0017188470429570	-0.0011709192882904	-0.0368112262228858	0.1298237939100867	0.0013355169473980	-0.0015961651186115	
-0.2047456929410582	-0.0733344213287417	-0.0020720751741613	0.0001590218174283	-0.1828148306893984	-0.0288056166374811	-0.0020654141053150	0.0002301869069146	-0.1382216513977772	0.0496002176438526	-0.0020736172638491	0.0001373422868480	
0.2109880029962717	0.3247112267175287	-0.0020360236525752	-0.0004172919765114	0.2347679375693337	0.3815319729064867	-0.0020280182615589	-0.0004547853481064	0.2826714164281096	0.4863230306818601	-0.0020410045981539	-0.0003920758518710	
-0.1079613988481590	-0.0764625630307235	-0.0019640919177119	-0.0006806675553410	-0.0862968069574735	-0.0319300398669058	-0.0020385544953423	-0.0004046836443354	-0.0436544601296680	0.0500400703809779	-0.0018389422671598	-0.0009703810781554	
-0.1828758198212280	-0.2072916906136767	-0.0000449852869670	-0.0020828451624415	-0.1557760713266692	-0.1604205502942358	-0.0000034921903943	-0.0020833303917840	-0.1137116080362023	-0.0822701699659081	0.0000544391111375	-0.0020826183818332	
-0.1825947360151277	-0.1875004818798058	-0.0000827285805205	-0.0020816818913747	-0.1558734234687855	-0.1416668730643785	-0.0000437388452863	-0.0020828718428653	-0.1144286237526791	-0.0635480443955916	0.0000360086255059	-0.0020830205628984	
-0.2005172563579342	-0.0736720236007467	-0.0020678345305105	0.0002071996847383	-0.1787286855877038	-0.0292584709860306	-0.0020718750795207	0.0001616207652147	-0.1340276830474486	0.0492859387158177	-0.0020693382773553	0.0001915184158602	
-0.1820985131249797	-0.1801954929514760	-0.0001976448264843	-0.0020738897605244	-0.1554798457616936	-0.1343858975488465	-0.0001610138010171	-0.0020770706642782	-0.1143621364050176	-0.0562511452229601	-0.0000721801530609	-0.0020820763004384	
-0.1288200308186348	-0.0778068815397460	-0.0020780702045695	0.0000168265841497	-0.1070459737926289	-0.0326241334634242	-0.0020780799955787	-0.0000155639747625	-0.0633959996417214	0.0476097579620892	-0.0020778958148200	-0.0000318044041981	
-0.2185951252216899	-0.0681908282263740	-0.0013865244762512	0.0015518387121749	-0.1954818012506973	-0.0220016444428954	-0.0012036318147777	0.0016983213859412	-0.1528283790067546	0.0529751132140696	-0.0016753440056042	0.0012326592435132	
-0.2238285723305536	-0.0574312855930767	-0.0003410783274381	0.0020550817387910	-0.1993120466093084	-0.0124429336076077	-0.0003142996670123	0.0020593685824273	-0.1596045706044017	0.0626889413639792	-0.0006541498527864	0.0019774285102824	
-0.2142274712844297	0.0106362818971639	0.0015479981092826	0.0013899579719690	-0.1919420706022732	0.0538683943040064	0.0014178010035097	0.0015231725871676	-0.1537807144237920	0.1343732212471488	0.0015406203049198	0.0013981718294915	
0.2026068807731295	0.3229830288394702	-0.0020327929034299	-0.0004328322169823	0.2254352464100844	0.3793958282700608	-0.0020240979108172	-0.0004720116072334	0.2732582923568208	0.4844403426117032	-0.0020330539774981	-0.0004315981079683	
-0.1954559296213062	-0.4042547195215218	0.0013240305852958	-0.0016057535755585	-0.1669197425791693	-0.3496108305415840	0.0016430824363215	-0.0012755557269353	-0.1147919440435446	-0.2649946915125470	0.0012813875850402	-0.0016401535299337	
0.2151724787718632	0.3256180465371056	-0.0020355199864930	-0.0004197541642474	0.2389504636626049	0.3824469185643596	-0.0020254004720977	-0.0004663623387432	0.2869228741087392	0.4871148511333138	-0.0020421300229577	-0.0003861414347299	
-0.1985693084309879	-0.4011454250427746	0.0016342801649900	-0.0012868702610837	-0.1706440486879594	-0.3471652133973932	0.0018851047342317	-0.0008768509618720	-0.1172539429728272	-0.2623373786785460	0.0015098050328257	-0.0014315567531540	
-0.2005836520861388	0.0158602279721080	0.0020597032806068	0.0002768786209777	-0.1798412031904632	0.0597080108757417	0.0020433188598918	0.0003797682978769	-0.1382695803218275	0.1400081602991945	0.0020566283943443	0.0002989688743670	
0.2057781298913269	-0.2839231109029143	0.0020701801504839	-0.0001821452929842	0.2265323313214596	-0.2331482476274099	0.0020720314842404	-0.0001595929212723	0.2732814120515228	-0.1467966427397789	0.0020728065176668	-0.0001491356111209	
0.1392409064048343	-0.2791211417021579	0.0020692225088905	-0.0001927714112904	0.1600541694820687	-0.2288819906567058	0.0020713889669536	-0.0001677660499682	0.2067330494103796	-0.1431297386469674	0.0020726662523956	-0.0001510821211470	
-0.2163647255551331	-0.0702121253370678	-0.0016930777170915	0.0012080625584731	-0.1935344371913095	-0.0243105412593118	-0.0014419080746258	0.0015002567757755	-0.1495704307093626	0.0511964884893217	-0.0019540769334280	0.0007090452507489	
-0.2242703368148437	-0.0447715527860355	0.0000558071908307	0.0020825819896348	-0.1997165292031588	-0.0000285119691504	0.0000327782548064	0.0020830741669476	-0.1612332829524156	0.0760078956794187	-0.0000582904218941	0.0020825136240588	
-0.1830852335988325	-0.2135166381393493	-0.0000883047151799	-0.0020814516611503	-0.1558567530000389	-0.1666670006143146	-0.0000474556387980	-0.0020827900676402	-0.1136192264445737	-0.0885079705733652	0.0000120200413063	-0.0020832984839131	
-0.1922154506275333	-0.0747252838415511	-0.0020422605202005	0.0003854471916761	-0.1704023400822145	-0.0300951416395559	-0.0020616917411671	0.0002615827057033	-0.1257396514411188	0.0481716253794744	-0.0020235116492583	0.0004745311316176	
-0.0938259566998120	-0.0437034342569138	-0.0001553806402709	-0.0020775018093362	-0.0699394213007710	0.0021259241884779	-0.0001176634930561	-0.0020799912908862	-0.0322858802364747	0.0802188471217921	-0.0000933947130717	-0.0020812283723729	
-0.0936713644203839	-0.0416460346304908	-0.0001444214533842	-0.0020782963704533	-0.0698371402978867	0.0041919164636389	-0.0001064181371551	-0.0020805999766852	-0.0322058739795711	0.0822910248802692	-0.0000804740442175	-0.0020817707090721	
-0.6608045908048584	0.2878287002263647	-0.0020605884628277	0.0002701782798789	-0.6443672102070419	0.3298041072565753	-0.0019655673002174	0.0006763738207848	-0.6078419413635539	0.4021099268527039	-0.0018660143628197	0.0009169712999637	
-0.1766439602389268	0.0176905475522621	0.0020742838240117	0.0001268236441872	-0.1558963841935662	0.0621409616090177	0.0020709632377087	0.0001729676172652	-0.1143024752257449	0.1426681242916913	0.0020739830626877	0.0001316742987641	
-0.2223092400146997	-0.0125065472849500	0.0001925280232116	0.0020743734406293	-0.1984511730136311	0.0322904660861811	0.0001405560921130	0.0020785626907066	-0.1611004928669089	0.1083358035263120	0.0000580247783289	0.0020825210797157	
0.2109270158793990	-0.2844147828667614	0.0020693771720492	-0.0001910955877743	0.2316932591905377	-0.2335401651571899	0.0020710917089790	-0.0001714146947052	0.2784440846463371	-0.1472005424893478	0.0020722728336795	-0.0001564118525524	
-0.0952063509920212	-0.0574203023856507	-0.0003282323413035	-0.0020571830137831	-0.0713417719949367	-0.0126168500446752	-0.0003348865971319	-0.0020561048851513	-0.0334645285397958	0.0667379427067718	-0.0003528029105787	-0.0020530915120032	
-0.0931457622800684	-0.0333591352178013	-0.0001075047269513	-0.0020805438358507	-0.0695153861816528	0.0124946072286905	-0.0000717814098914	-0.0020820901546077	-0.0319834892940976	0.0906124024462692	-0.0000419917890500	-0.0020829079768098	
-0.1361087626057077	0.2447356543751613	-0.0020126063214362	-0.0005190523437150	-0.1185196267301341	0.2920131560203213	-0.0019999197764255	-0.0005661936701206	-0.0842561451522178	0.3806237241808766	-0.0019744620830707	-0.0006498156600747	
-0.1838987293369807	0.0171766236838852	0.0020737846386111	0.0001347785522979	-0.1631337556580148	0.0615385474349117	0.0020717268295964	0.0001635195269695	-0.1215593890576671	0.1419375507735536	0.0020644823460501	0.0002384393964794	
0.2213198090776052	-0.2854362752833796	0.0020671075040261	-0.0002143664422821	0.2431242278928593	-0.2345715426332444	0.0020693384027857	-0.0001915170538075	0.2898874835073273	-0.1480953249297627	0.0020709118432884	-0.0001735849404998	
-0.1786684216224487	-0.1395918120434584	-0.0001122071927720	-0.0020802942803140	-0.1528564682780025	-0.0937326442579080	-0.0000811779265326	-0.0020817432434276	-0.1127461917604612	-0.0167276562381128	-0.0000243484719539	-0.0020831903325778	
-0.0988339371048921	0.0050688924623508	0.0015236358455933	-0.0014167532416365	-0.0771496874943870	0.0517118304289461	0.0016690577380245	-0.0012412001713233	-0.0363464523685987	0.1291833738830924	0.0012639168058225	-0.0016537214617315	
-0.1964205542293743	-0.4031561221099254	0.0014279490313669	-0.0015136153426234	-0.1680881826087884	-0.3486907280147289	0.0017323699544178	-0.0011507162263578	-0.1152414809801965	-0.2644995868018781	0.0013281121530176	-0.0016023624599534	
0.1828863866336768	-0.2821412584227527	0.0020728379918003	-0.0001486953150493	0.2036382066187574	-0.2316136574774918	0.0020746191528992	-0.0001211859099683	0.2504357848405863	-0.1454284175147513	0.0020751996468744	-0.0001107475515918	
-0.2206132437776909	-0.0009308794084630	0.0004941641415018	0.0020235753165620	-0.1970611929031048	0.0436355387783272	0.0004664638992066	0.0020301723832571	-0.1603447643295275	0.1198632763426486	0.0002736650830335	0.0020651901290533	
-0.1631571912830998	0.0175308911070147	0.0020742417002948	-0.0001275141674028	-0.1423730591771395	0.0623461949014759	0.0020756368631468	-0.0001021818061506	-0.1007979505419552	0.1425792719474229	0.0020772544572771	-0.0000607437110791	
-0.1475554037594982	0.0164801583399372	0.0020710578706718	-0.0001718250929969	-0.1267648787672635	0.0615118058449023	0.0020739878536005	-0.0001315984380635	-0.0852006974851229	0.1419260462107559	0.0020737712532754	-0.0001349853788992	
-0.0947423750348220	-0.0541165934716474	-0.0002489167930262	-0.0020683346012748	-0.0708713196873286	-0.0093185413386698	-0.0002375428441656	-0.0020696784023812	-0.0329034478445499	0.0707429892989146	-0.0002138365375111	-0.0020722747879785	
-0.1621241602790737	0.0174697891887455	0.0020741204085593	-0.0001294818283893	-0.1413399586572895	0.0622888971614489	0.0020754911910318	-0.0001051135215316	-0.0997592894857033	0.1425516917612029	0.0020772742068915	-0.0000600611133114	
0.1683330277128259	-0.2811603982026853	0.0020742539738733	-0.0001273133578943	0.1901549818629205	-0.2309359033199064	0.0020756828815724	-0.0001012379767144	0.2358735602203348	-0.1446228878361392	0.0020757310272191	-0.0001002409836848	
0.2701342368977447	-0.2909900439298658	0.0020587018438562	-0.0002842652641258	0.2919757468389128	-0.2396302085002209	0.0020623281457736	-0.0002564913790756	0.3387515963305920	-0.1527491787003016	0.0020626879903926	-0.0002535666215780	
-0.1818917960934582	-0.0778526427132780	-0.0020087276931662	0.0005339388345964	-0.1600058600998808	-0.0323736957960680	-0.0019733370979377	0.0006532410284877	-0.1163706063172446	0.0458149747617714	-0.0020734943848821	0.0001391942804183	
0.2628578741183848	-0.2899736876982840	0.0020618393806356	-0.0002604105761970	0.2846907627397655	-0.2387640197752736	0.0020644709030586	-0.0002385389483996	0.3314703050393356	-0.1519144394774922	0.0020653229921354	-0.0002310070580771	
-0.2217531275669858	-0.0072073296633738	0.0002642187178112	0.0020664260821427	-0.1980172053393506	0.0374229169157206	0.0002204099285530	0.0020715824953068	-0.1608963861077954	0.1135246018782520	0.0001088048933940	0.0020804759086412	
0.1423280041429382	-0.2793919533747709	0.0020694990677438	-0.0001897642926464	0.1641673721161546	-0.2292124169796245	0.0020707793095896	-0.0001751667583046	0.2099221266883181	-0.1433534183402599	0.0020733619703482	-0.0001411626746147	
-0.1412653861964509	-0.0777153304187868	-0.0020772826410126	0.0000597672308000	-0.1195286731219892	-0.0325719310385843	-0.0020763305743811	0.0000868702234273	-0.0758138745821449	0.0473561754954610	-0.0020780355496469	-0.0000206853693446	
0.1433589650677353	-0.2794869119118731	0.0020698806452923	-0.0001855345926139	0.1651970990447310	-0.2292938419549589	0.0020706585622389	-0.0001765954821893	0.2109535589420987	-0.1434261179759367	0.0020736041945297	-0.0001375404539178	
-0.1994874159044542	-0.0737775260508512	-0.0020658783244880	0.0002259614698294	-0.1776960044691713	-0.0293475730893196	-0.0020712398601317	0.0001696061144907	-0.1329935335563437	0.0491830410526752	-0.0020678878088900	0.0002066646115594	
0.1672959008662409	-0.2811033018499530	0.0020743943441691	-0.0001249937147703	0.1891157527201792	-0.2308816258995509	0.0020756896205632	-0.0001010990198422	0.2348350440566939	-0.1445738189818355	0.0020758190816799	-0.0000983913726228	
-0.1801540908198482	-0.1634764126810216	-0.0002124580724435	-0.0020724172772281	-0.1539161000107401	-0.1176880740079019	-0.0001641559165475	-0.0020768234659199	-0.1132396229760781	-0.0395856021026285	-0.0001250404205406	-0.0020795587026472	
-0.0948805252929187	-0.0001764229227936	0.0009223881445803	-0.0018668740106311	-0.0726348342837335	0.0469448282379935	0.0011445499025782	-0.0017388861775352	-0.0335583103532352	0.1238340022461475	0.0006583182938868	-0.0019760377471566	
-0.0993498917561951	-0.0691200138718285	-0.0011610318627167	-0.0017278699000893	-0.0760520401244099	-0.0247907137180859	-0.0012161793641934	-0.0016893137145989	-0.0370187254060923	0.0569506211263803	-0.0011122470130935	-0.0017598270257948	
-0.2181959656466756	-0.0687386830647146	-0.0014553412438443	0.0014871638488915	-0.1950484638745296	-0.0226204146115075	-0.0012618797652724	0.0016552841390333	-0.1516466739137582	0.0522029874784530	-0.0018104273832964	0.0010228498158292	
-0.1829672805167731	-0.0776179232680469	-0.0019822451914406	0.0006255483520027	-0.1610774912359872	-0.0320925332320903	-0.0019779409023484	0.0006390945641805	-0.1174359166562927	0.0459136675894586	-0.0020558536066708	0.0003042772413745	
-0.1392321304604048	0.0156879930180725	0.0020667496217871	-0.0002178068227520	-0.1184383096425291	0.0608615951836465	0.0020697614904096	-0.0001868657619930	-0.0769021640063684	0.1413014350758562	0.0020703695973145	-0.0001799682381897	
0.1402688508560525	-0.2792122275213126	0.0020691415603969	-0.0001936426823137	0.1610817559763303	-0.2289667956563647	0.0020710741333648	-0.0001716279788676	0.2077680312719136	-0.1432035810491151	0.0020728689912412	-0.0001482603748236	
-0.1672807601703305	0.0177680354326425	0.0020761431042506	-0.0000912622467945	-0.1465099361221018	0.0624921408596082	0.0020777758738212	-0.0000388902408248	-0.1049457799516822	0.1427102428259474	0.0020773070671645	-0.0000589078364960	
-0.2242704828772784	-0.0530889340813314	-0.0000996328562231	0.0020809376194799	-0.1996640231441791	-0.0083697463984481	-0.0001132308961318	0.0020802385333483	-0.1606885155017213	0.0678172713069348	-0.0002750949524736	0.0020649991975190	
-0.1735047348907963	0.0178397102467960	0.0020771698197466	0.0000635859964610	-0.1527604823213718	0.0623690409009559	0.0020740745963553	0.0001302172539113	-0.1111696310522898	0.1427922370398900	0.0020778051247361	0.0000372865626316	
-0.2209208711664877	-0.0022002503439151	0.0004270156338252	0.0020388777733963	-0.1974383225456864	0.0416706775934851	0.0003649093193622	0.0020509637588512	-0.1604738563539352	0.1188400448038561	0.0002349059842539	0.0020699808470979	
0.2369368932135300	-0.2871271040339333	0.0020666947299578	-0.0002183296595489	0.2587565193422315	-0.2360695714768755	0.0020683482574126	-0.0002019807004717	0.3054603502794387	-0.1494357499715688	0.0020711777946615	-0.0001703661418366	
0.1704056087711608	-0.2812838883240636	0.0020739679128704	-0.0001319138971099	0.1922328796166447	-0.2310313358728229	0.0020756124735437	-0.0001026785065198	0.2379489074686174	-0.1447325631646041	0.0020755448294827	-0.0001040436571819	
-0.1143168924679895	-0.0777166542126761	-0.0020727191547678	-0.0001503509518908	-0.0935149496010538	-0.0325428128120613	-0.0020771010614530	-0.0000658046313806	-0.0499124654588536	0.0482645402719688	-0.0020581983251754	-0.0002879063288068	
0.2046037266582108	0.3234298161266063	-0.0020339741023330	-0.0004272189356819	0.2276129477820436	0.3799110754651129	-0.0020255724770962	-0.0004656109482274	0.2752299481426027	0.4848301147342816	-0.0020358439273876	-0.0004181723023888	
-0.1773366293916446	-0.1125524012752406	-0.0000905560613274	-0.0020813544446540	-0.1520642567410415	-0.0676617101376245	-0.0000458808061726	-0.0020828255306204	-0.1125314979064154	0.0094067181260331	0.0000061652387664	-0.0020833241652034	
-0.1392694770082341	0.2439480856757117	-0.0020159464318948	-0.0005058578468076	-0.1216569535156929	0.2910551270674818	-0.0020041523046049	-0.0005509474398787	-0.0871808476452016	0.3797706387881285	-0.0019739861367825	-0.0006512672641431	
0.1953637318715098	-0.2830860879287727	0.0020719003373193	-0.0001612950251436	0.2171533000931527	-0.2324792931042428	0.0020736887753987	-0.0001362528484843	0.2628686456131375	-0.1460795703721197	0.0020742381618823	-0.0001275720008785	
-0.2212925509445631	-0.0041738955365810	0.0003469152118433	0.0020540995863297	-0.1975940607543681	0.0406661164659537	0.0003213071070634	0.0020582814880876	-0.1606981321679393	0.1166131615338656	0.0001677620493909	0.0020765338369830	
0.1579314183214954	-0.2805718860734600	0.0020747625308498	-0.0001186933720349	0.1787164187564343	-0.2303260537642822	0.0020744699612618	-0.0001237260404660	0.2254775679459301	-0.1441409699973998	0.0020762104753555	-0.0000897086871485	
-0.1839067757682164	-0.0771473414143585	-0.0019621630411551	0.0006862357435158	-0.1621341140870247	-0.0318414993504068	-0.0019905627497438	0.0005984156182633	-0.1174359166562927	0.0459136675894586	-0.0020558536066708	0.0003042772413745	
-0.1069952737567169	-0.0761444771849134	-0.0019144229942574	-0.0008105025561252	-0.0851218501748895	-0.0316674718226743	-0.0020126363926503	-0.0005189351458559	-0.0436544601296680	0.0500400703809779	-0.0018389422671598	-0.0009703810781554	
-0.2193445719079788	0.0031751937232541	0.0007785328211109	0.0019316133332670	-0.1961384089575771	0.0467666057260489	0.0006952551645823	0.0019632824845285	-0.1593092209484456	0.1251276182723177	0.0005825841539651	0.0019997935739889	
0.2649866284038143	-0.2902502406439745	0.0020610816647392	-0.0002663706262898	0.2867531382379326	-0.2390189059485703	0.0020639595321493	-0.0002429455867473	0.3335390914971257	-0.1521338457194495	0.0020645847471065	-0.0002375466442922	
-0.1768634181905952	-0.1020226218705816	-0.0000748329805776	-0.0020819821728153	-0.1518079953082947	-0.0572647805038465	-0.0000274631956243	-0.0020831514046786	-0.1125362612904772	0.0198482620861405	-0.0000025512173227	-0.0020833317634222	
-0.1790497632569874	-0.1468240659632773	-0.0001015686788980	-0.0020808435635063	-0.1530895555147342	-0.1009943027882731	-0.0000646954129096	-0.0020823235405874	-0.1128016504893240	-0.0240097120362024	-0.0000200199992427	-0.0020832366574399	
-0.1772511073485225	-0.1104857133480998	-0.0000936589383394	-0.0020812164390659	-0.1520147155097529	-0.0655816349522054	-0.0000490333437860	-0.0020827533393574	-0.1125375983141841	0.0114920616774301	0.0000044986305090	-0.0020833284519697	
-0.1953211630724982	0.0164261040926931	0.0020700831920381	0.0001832494227319	-0.1745712071684679	0.0604693614047873	0.0020633389084876	0.0002481871888237	-0.1330093328026208	0.1407116244455432	0.0020646513503612	0.0002369641551566	
-0.1880776862189101	-0.0757897429923034	-0.0019921614367260	0.0005930448949529	-0.1662561909802558	-0.0306087993062888	-0.0020384444948076	0.0004052401377267	-0.1215837556388736	0.0469586564667830	-0.0019807302940862	0.0006303525178814	
-0.2223591064787154	-0.0624990877998751	-0.0008563550609067	0.0018982261414504	-0.1983136360277126	-0.0165981913775983	-0.0006780196725332	0.0019693312760585	-0.1573673811351024	0.0579499334517164	-0.0011158331468886	0.0017575440154521	
-0.2243268013479506	-0.0478999990921805	0.0000168487087472	0.0020832648601707	-0.1997440762215397	-0.0031640940132973	0.0000050377521047	0.0020833272118844	-0.1611159552003379	0.0729032923290063	-0.0001064977019561	0.0020805958852135	
-0.1308963747853140	-0.0777943756481488	-0.0020781151469700	0.0000097677978711	-0.1091264175529257	-0.0326403648372646	-0.0020780426191855	-0.0000199588541465	-0.0654770525489116	0.0475738803868087	-0.0020778154941287	-0.0000367012365704	
-0.0940892974881625	-0.0469630064267915	-0.0001741596019422	-0.0020760044227848	-0.0701479821340657	-0.0011285182932281	-0.0001385237590135	-0.0020786998056182	-0.0324262837407376	0.0771200805872920	-0.0001176140501587	-0.0020799941012422	
-0.1797961587821517	-0.1593688223991952	-0.0001741491399190	-0.0020760053048292	-0.1536109903689322	-0.1135672326195382	-0.0001260233685741	-0.0020794990694016	-0.1130415801583576	-0.0354441327696656	-0.0000880132996564	-0.0020814640656860	
0.2743204465352818	-0.2915902356839432	0.0020549689420147	-0.0003102249913550	0.2961605326810519	-0.2401342102887764	0.0020606788215837	-0.0002694847788712	0.3428792361564290	-0.1533119521061444	0.0020589618568708	-0.0002823663122862	
0.2691047170897698	-0.2908472079537804	0.0020592416693839	-0.0002803081172735	0.2909435451863001	-0.2395090042660071	0.0020628660819141	-0.0002521063806290	0.3376760141746518	-0.1525891859731150	0.0020629709029144	-0.0002512428859076	
-0.1827033713941360	-0.1906245195857497	-0.0000450639188522	-0.0020828434541557	-0.1559089838672432	-0.1437509984013524	-0.0000162935878580	-0.0020832692979325	-0.1143487062173811	-0.0666690916905102	0.0000685803901045	-0.0020821985885419	
-0.1779005537691248	-0.1260068818731661	-0.0001073916827750	-0.0020805497031553	-0.1523661004168062	-0.0802601230584039	-0.0000646765518667	-0.0020823241294262	-0.1125436840184714	-0.0030860080123704	-0.0000196834783713	-0.0020832398802920	
-0.6500177960934204	0.2827752860325913	-0.0014620643151781	0.0014805215957735	-0.6338878459180657	0.3249196470567023	-0.0017039073352940	0.0011926621163793	-0.5997224516004298	0.3956906335833868	-0.0012721413113770	0.0016473713696183	
0.2067917707384198	0.3238669838337584	-0.0020348792039544	-0.0004228650572402	0.2306058977886160	0.3805409178449186	-0.0020270381139332	-0.0004591559259567	0.2774647232935941	0.4853014055574702	-0.0020384402282388	-0.0004052617063257	
0.2098979772878788	-0.2843140887021555	0.0020695362231647	-0.0001893566192821	0.2306615023444354	-0.2334637926814609	0.0020713112393922	-0.0001687277734376	0.2774111196269649	-0.1471238895942873	0.0020723802125656	-0.0001549754540851	
-0.1246430838487848	0.2476348555845542	-0.0020153975102153	-0.0005080513079949	-0.1070901517182015	0.2951617049365433	-0.0020029206380741	-0.0005554306139144	-0.0717551274846754	0.3846442366983475	-0.0019874861898184	-0.0006086059711767	
-0.2088446998629562	-0.0728765357318894	-0.0020605087396140	0.0002707886534188	-0.1870316392133997	-0.0281224021800686	-0.0020078485743867	0.0005372517138395	-0.1423616257212127	0.0499260674876673	-0.0020723912359406	0.0001548272368361	
-0.1319558598927553	0.2457962699384632	-0.0020122181588433	-0.0005205626216107	-0.1143684062004685	0.2931011814015111	-0.0019989699785413	-0.0005695545834567	-0.0799667256621509	0.3821027541599496	-0.0019752734825984	-0.0006473326304209	
-0.2201049456315538	-0.3922015404527631	0.0019442729556969	-0.0007356329510422	-0.1931613496949657	-0.3392445747609791	0.0019612180941884	-0.0006889451668228	-0.1382948843751383	-0.2534088254663742	0.0019683237321258	-0.0006682692252316	
-0.2090998185465829	-0.3962699563098683	0.0019678019204285	-0.0006698118812158	-0.1817123681166427	-0.3434563735952857	0.0019666361263327	-0.0006732441334712	-0.1275206229546747	-0.2567797658199252	0.0020006270733768	-0.0005636767974084	
-0.2139623558730409	-0.3945909339031116	0.0019472936184338	-0.0007275588495097	-0.1869753202585110	-0.3415055981677547	0.0019526979985140	-0.0007128529480728	-0.1320608821376679	-0.2554268601244371	0.0019961738832749	-0.0005793264625486	
-0.1641756712246625	-0.0759777245082825	-0.0020749681090664	-0.0001150250039676	-0.1423253929020706	-0.0314755328947789	-0.0020594642430116	-0.0002786598930362	-0.0987095053396315	0.0486750820363121	-0.0020775875457855	-0.0000479472628013	
0.1943295929189075	-0.2830162956418451	0.0020720359320060	-0.0001595348752010	0.2161192760408133	-0.2324043529932615	0.0020738176774840	-0.0001342666750794	0.2618335598439110	-0.1460247251606394	0.0020744064336692	-0.0001247919096203	
-0.0963688409369093	-0.0626252897758749	-0.0006023696687625	-0.0019938936897528	-0.0724801573169208	-0.0178315851118796	-0.0006276108032797	-0.0019860540070544	-0.0344024694758064	0.0625530561078252	-0.0006185156173025	-0.0019889195584731	
-0.1277812506291910	-0.0778026781622977	-0.0020780441062836	0.0000198026364136	-0.1060052647113358	-0.0326048941913256	-0.0020781005158547	-0.0000125109702364	-0.0623560985274867	0.0476089226647509	-0.0020779047669030	-0.0000312110686522	
0.2431246230711727	-0.2877474883293816	0.0020669985789597	-0.0002154194367032	0.2649456148966383	-0.2367113064660174	0.0020686688523259	-0.0001986536103340	0.3117237421201822	-0.1499410895082703	0.0020705805624353	-0.0001775122453969	
0.2785299418000664	-0.2922859424280032	0.0020405902635604	-0.0003942373471245	0.3002822980090684	-0.2407437828525270	0.0020579700617439	-0.0002895415835651	0.3480841159660304	-0.1541890391697192	0.0020305663460305	-0.0004432113758919	
0.2078388092037332	-0.2841170804408915	0.0020698621043346	-0.0001857423594801	0.2285977423371615	-0.2333038233872821	0.0020716577587698	-0.0001643966405458	0.2753464886296615	-0.1469586793666409	0.0020725934902375	-0.0001520820020593	
-0.1371093892269064	0.2445088561155983	-0.0020130844873335	-0.0005171854122916	-0.1195008502852399	0.2917073972372954	-0.0020015802954801	-0.0005602655090263	-0.0852324233273763	0.3803370744694652	-0.0019735816784377	-0.0006524980223735	
-0.1793324833706536	-0.1521503280411896	-0.0001176647976332	-0.0020799912167174	-0.1532411242772699	-0.1061832835550369	-0.0000741119950290	-0.0020820080914115	-0.1128685562895690	-0.0292129271348940	-0.0000405685873358	-0.0020829363235974	
-0.1829652828730397	-0.2104080296634727	-0.0000676723817655	-0.0020822284457152	-0.1558000477898969	-0.1635458782547559	-0.0000254499677211	-0.0020831771010570	-0.1136460414230369	-0.0853892552329700	0.0000324263280953	-0.0020830797025363	
-0.1246698355610775	-0.0778464363910784	-0.0020780149396651	0.0000226708942443	-0.1028867646946470	-0.0326106140257057	-0.0020781376016512	-0.0000012709542730	-0.0592324864397660	0.0476787389508995	-0.0020777731817260	-0.0000390345228048	
-0.1025833502168532	0.0078100109708535	0.0018009605324856	-0.0010395101598307	-0.0819935489298200	0.0543985397707518	0.0019138465135054	-0.0008118696727812	-0.0394321303333526	0.1323590160364931	0.0016133629920948	-0.0013131285787841	
-0.2030142127094076	-0.3983991817508550	0.0019070093237528	-0.0008278810692454	-0.1758839120851130	-0.3452541452101041	0.0019877310217844	-0.0006078018554780	-0.1214300596398267	-0.2591972116730731	0.0018150461808525	-0.0010145898609800	
-0.2287582718577031	-0.3890594460034857	0.0019661721347522	-0.0006746047646801	-0.1993883262740924	-0.3370983467541901	0.0019755386387283	-0.0006465189153442	-0.1466384705593780	-0.2504442071076337	0.0019706380766339	-0.0006613788666208	
-0.1768258244072352	-0.1009855128804301	-0.0000449834287457	-0.0020828452027755	-0.1518172674367405	-0.0551713523489382	0.0000468550849888	-0.0020828037324895	-0.1125473718518126	0.0208983737554286	0.0000017346556872	-0.0020833326075506	
-0.0978142247146405	0.0040286123875398	0.0014066104850301	-0.0015335643416373	-0.0760366256902109	0.0508145002059394	0.0015789586200219	-0.0013545059322417	-0.0355177456283398	0.1279964614274593	0.0011237339300574	-0.0017524776889095	
-0.2235073156609670	-0.3909412664760913	0.0019525956295255	-0.0007131347053241	-0.1962581953114694	-0.3381174565371677	0.0019676917952081	-0.0006701369434864	-0.1413850749050135	-0.2523087734164058	0.0019656725924815	-0.0006760662275701	
0.2795441119743700	-0.2924990130140999	0.0020329738334972	-0.0004319773442136	0.3013077170037909	-0.2408946865454671	0.0020564868949078	-0.0002999455033685	0.3490761285512758	-0.1544088329206257	0.0020173883334291	-0.0005000473726403	
-0.2130371812275983	-0.0719538055489123	-0.0019685330097895	0.0006676494114277	-0.1912893498185547	-0.0262292532308614	-0.0017317887195022	0.0011515951561255	-0.1464051365015091	0.0504479949621258	-0.0020461806709741	0.0003639532868001	
-0.1837403658789347	-0.2260736778992755	-0.0001141860130802	-0.0020801860634271	-0.1563126703203791	-0.1790942861590117	-0.0000813408893998	-0.0020817368504294	-0.1136541540576516	-0.0999425729345275	-0.0000130645711033	-0.0020832921639266	
-0.1995617522499551	0.0159910783923000	0.0020629100792757	0.0002517443050739	-0.1788344753194569	0.0598866340207817	0.0020496475113818	0.0003437896532274	-0.1370902365851929	0.1401885210429228	0.0020592648537794	0.0002801368906505	
0.1341080618384314	-0.2786777460089083	0.0020700726139576	-0.0001833694769623	0.1558011487986508	-0.2285478763431313	0.0020722857588945	-0.0001562396560629	0.2015783401406946	-0.1427169619667008	0.0020724914032983	-0.0001534738180274	
-0.1768956942286778	-0.1030617139880449	-0.0000872647100919	-0.0020814957422266	-0.1518298215842866	-0.0583041721774776	-0.0000451454630324	-0.0020828416794473	-0.1125450962920542	0.0188024616046675	-0.0000053433157139	-0.0020833264467724	
0.2732912092160917	-0.2914486385341411	0.0020560281712346	-0.0003030895203381	0.2950719748922793	-0.2400085100963228	0.0020613303141090	-0.0002644298467022	0.3418510899138794	-0.1531676865049211	0.0020604470494765	-0.0002712600041477	
-0.1778037231309211	-0.1239394304590001	-0.0001013951332740	-0.0020808520696111	-0.1523083076468131	-0.0781817626918355	-0.0000573828590827	-0.0020825389553904	-0.1125272370680147	-0.0010062634588238	-0.0000124917352254	-0.0020832956950794	
0.1454262783545640	-0.2796627064161460	0.0020706512501116	-0.0001766816281119	0.1662271266214134	-0.2293807933189193	0.0020708175820008	-0.0001747114500556	0.2130201861283458	-0.1435508926846876	0.0020741799581555	-0.0001285195610751	
-0.1810429912426962	-0.1708009557666921	-0.0002551168514355	-0.0020675752320226	-0.1546062716675853	-0.1250254625035990	-0.0002140676311767	-0.0020722508091205	-0.1137246430261690	-0.0468404645312796	-0.0001615550728118	-0.0020770284237086	
-0.0925384486305956	-0.0156288555828286	-0.0000166538195509	-0.0020832664350942	-0.0691600413341432	0.0302452511615856	0.0000123535566831	-0.0020832965231597	-0.0318913893055343	0.1083556680230550	0.0000256845490006	-0.0020831742075777	
-0.1786992342589926	-0.0782080896943528	-0.0020776228745614	0.0000463832577802	-0.1569106112766251	-0.0332824968989241	-0.0020296986167721	0.0004471880728492	-0.1133080430624319	0.0459948994523716	-0.0020510002160817	-0.0003355839547966	
-0.1226189406510578	0.0134676380907367	0.0020496489639423	-0.0003437809497058	-0.1018668814211665	0.0589729282338344	0.0020570605200164	-0.0002959659743793	-0.0602906787965771	0.1393503316982280	0.0020535761369058	-0.0003193596649784	
0.1443924657561211	-0.2795675528869269	0.0020701785591205	-0.0001821634693256	0.1651970990447310	-0.2292938419549589	0.0020706585622389	-0.0001765954821893	0.2119865809080965	-0.1434847150265957	0.0020739188183584	-0.0001326873550519	
-0.1985371985042798	0.0161342105851622	0.0020653391503841	0.0002308618255076	-0.1776158481632434	0.0600874237751113	0.0020551418646065	0.0003090716035982	-0.1360754873108219	0.1403167588505814	0.0020609822158539	0.0002671428408982	
-0.1911868541791582	-0.0749482196524600	-0.0020329747531891	0.0004319729942640	-0.1693681181283270	-0.0302049705670469	-0.0020585934869805	0.0002850528216339	-0.1246862681157102	0.0478863485025006	-0.0020084154222311	0.0005351181142070	
-0.1802509871762243	-0.1645031625729700	-0.0002214495881328	-0.0020714710598011	-0.1540087510767462	-0.1187161088546817	-0.0001736649121187	-0.0020760460712786	-0.1132998796146210	-0.0406201808142326	-0.0001333532777476	-0.0020790395990611	
-0.1184222940055324	0.0127121943903808	0.0020414559748127	-0.0003897069681864	-0.0976732611341099	0.0583268652405700	0.0020503192844451	-0.0003397400329110	-0.0560960516386113	0.1386376367221356	0.0020442998148845	-0.0003744250475257	
-0.0927446498614316	-0.0239571103037328	-0.0000765878210495	-0.0020819180383273	-0.0692580157274910	0.0218782689353136	-0.0000474664804439	-0.0020827898193521	-0.0318785502429638	0.1000031840558666	-0.0000127320537796	-0.0020832942329506	
-0.6556406763780660	0.2864891885463718	-0.0019292941934644	0.0007742528971966	-0.6391703857964937	0.3278116936496009	-0.0019077941048580	0.0008260619174883	-0.6038736746369754	0.3997545908302908	-0.0016772409140577	0.0012300639928325	
-0.6511305700346809	0.2838165619433551	-0.0015964988488404	0.0013336825823649	-0.6350666607152518	0.3257240477184629	-0.0017745155356748	0.0010842546674266	-0.6001424299176238	0.3962062469271026	-0.0013229094900885	0.0016066819452391	
0.2223616761641497	0.3270784812585490	-0.0020356704319110	-0.0004190202861095	0.2463006193594642	0.3841838624952275	-0.0020243454678147	-0.0004709434355731	0.2950504207490133	0.4886483860301136	-0.0020361665883966	-0.0004165904677939	
-0.0989980347182774	-0.0685074251361090	-0.0011229100768013	-0.0017530083346062	-0.0756469314317691	-0.0241565659245114	-0.0011795452232995	-0.0017152217097234	-0.0366357785199840	0.0575082352156518	-0.0010702915782807	-0.0017857824434687	
-0.1901547820412197	0.0168039645560035	0.0020734860006831	0.0001393197432980	-0.1693342444719099	0.0609917404817588	0.0020695171986925	0.0001895654683252	-0.1277936848732797	0.1413027674140448	0.0020667930790113	0.0002173919972335	
0.2129842044100290	-0.2846214264258839	0.0020690037259107	-0.0001951172032492	0.2347854770263959	-0.2337962162639944	0.0020706786478851	-0.0001763586302638	0.2805090511775984	-0.1473672155371819	0.0020720522279527	-0.0001593220213425	
0.1890881568322927	-0.2826146652469300	0.0020725960574568	-0.0001520468364195	0.2099090990140241	-0.2319940607828730	0.0020742975183733	-0.0001265983417569	0.2566549611243449	-0.1457419938229716	0.0020749965427966	-0.0001145083482989	
-0.1911922903826817	0.0167396645646891	0.0020730352367187	0.0001459056216110	-0.1704505324388217	0.0609046093658225	0.0020686397977818	0.0001989574484780	-0.1288228871566842	0.1411846976003940	0.0020666877618596	0.0002183959391637	
-0.1828993704524585	0.0172625404148114	0.0020735663809331	0.0001381122043000	-0.1620925945952308	0.0616195029398910	0.0020716292264328	0.0001647575943936	-0.1205102054345585	0.1420630133056865	0.0020644010714712	0.0002391455603150	
-0.2238394373293695	-0.0343938874663096	0.0001089261497120	0.0020804695318607	-0.1994290758462538	0.0104206620936158	0.0000688063760610	0.0020821910957486	-0.1613444301048651	0.0864275273423346	-0.0000015198834997	0.0020833327761467	
-0.1132928346191672	-0.0776211248009969	-0.0020687300039014	-0.0001980125799462	-0.0924726120801033	-0.0325190270155772	-0.0020761948424215	-0.0000900715704609	-0.0488999179060746	0.0484017721042834	-0.0020482290192837	-0.0003521835196334	
-0.0944383940340026	-0.0510686936448569	-0.0002078338101846	-0.0020728884776298	-0.0704665160742708	-0.0052488518743068	-0.0001752550094263	-0.0020759117745927	-0.0326772751050959	0.0730178499750191	-0.0001667628288461	-0.0020766147244196	
-0.1839444214869350	-0.2302028348235823	-0.0001058290857200	-0.0020806301721877	-0.1564626248049519	-0.1834082555946927	-0.0000676779013205	-0.0020822282654244	-0.1136688840888690	-0.1041047448212694	-0.0000039892339275	-0.0020833294948522	
-0.2069019406395494	-0.3970756994791912	0.0019722407519134	-0.0006565601385382	-0.1798782640853083	-0.3439990356966644	0.0019748422453210	-0.0006486536050866	-0.1248662335772057	-0.2575523335178624	0.0019572297194544	-0.0007002513263196	
-0.1204945660199594	0.2487286806468744	-0.0020191041117062	-0.0004930385146370	-0.1027843469076364	0.2964198957624568	-0.0020083033336011	-0.0005355407347824	-0.0686292393742972	0.3856445381177712	-0.0019933595083046	-0.0005889850622210	
-0.0983445918249071	0.0045527649277235	0.0014673015558222	-0.0014753052554283	-0.0766758421251621	0.0513291877608522	0.0016315230205283	-0.0012903815086092	-0.0358725026202708	0.1284862936925124	0.0011848189889001	-0.0017115647774513	
-0.1827693619982489	-0.1958339126409946	-0.0000087569659559	-0.0020833148368462	-0.1558946147201771	-0.1489589034120486	0.0000240694567790	-0.0020831935912712	-0.1141781049679870	-0.0708293828292241	0.0000902689078141	-0.0020813669807973	
0.2577033690418209	-0.2893767133792940	0.0020636137799903	-0.0002458796860470	0.2795355007538265	-0.2381403914526090	0.0020659406900447	-0.0002253876940477	0.3262522560054909	-0.1513441627654459	0.0020668265464346	-0.0002170719841225	
-0.6565729723020811	0.2868133227890897	-0.0019661572076420	0.0006746484867698	-0.6400529460578698	0.3281560089071823	-0.0019221054508147	0.0007920182298076	-0.6045819232885455	0.4002336668052388	-0.0017237572904923	0.0011636422622094	
-0.2024977833050511	-0.3988087326295129	0.0018962244860829	-0.0008524140230714	-0.1754166255629794	-0.3455193062575962	0.0019897142302698	-0.0006012449605043	-0.1206964073425257	-0.2595698540039239	0.0017634857766038	-0.0011021918373447	
0.1662584076932191	-0.2810411192086090	0.0020745038388303	-0.0001231538561355	0.1880765865519076	-0.2308410554493619	0.0020756867925307	-0.0001011573567020	0.2337964606238881	-0.1445172987335284	0.0020759069034511	-0.0000965112684542	
-0.1267444970948770	-0.0778252023914424	-0.0020780199688095	0.0000222027815651	-0.1049662584258615	-0.0326138169782396	-0.0020781222409247	-0.0000081103705483	-0.0613145699748253	0.0476425277089438	-0.0020778992682548	-0.0000315768350268	
0.1610660726411713	-0.2807656118824481	0.0020748597088286	-0.0001169736973996	0.1818321717633169	-0.2305174839502979	0.0020751506338289	-0.0001116667357288	0.2285978712181702	-0.1442785643181450	0.0020761910151693	-0.0000901601885193	
-0.2158070948021482	0.0090629888012575	0.0013649492017677	0.0015709437859023	-0.1928856869395419	0.0527828011679010	0.0012958974641985	0.0016286559774655	-0.1557761663955342	0.1322175379122628	0.0012818949981646	0.0016397549960846	
-0.0935956625219383	-0.0406150842639716	-0.0001378549510248	-0.0020787444892394	-0.0697933194988558	0.0052271025536735	-0.0001011913305336	-0.0020808620401117	-0.0321706310936912	0.0833287682056383	-0.0000747519522580	-0.0020819850982213	
-0.1579830007094232	0.0172080274525536	0.0020742030405520	-0.0001281446198100	-0.1382317328284117	0.0621407699407236	0.0020753444680135	-0.0001079857604837	-0.0966420128037684	0.1424502416448059	0.0020771917931130	-0.0000628604536977	
-0.1516977060870466	0.0167941915754583	0.0020730113496509	-0.0001462463097556	-0.1309105288400536	0.0617523486195265	0.0020753916697561	-0.0001070701716356	-0.0893552590254588	0.1421693589980413	0.0020754484090953	-0.0001059590802128	
-0.1794471150222359	-0.1542163401024230	-0.0001303533884364	-0.0020792307966341	-0.1533267316887866	-0.1083970001443869	-0.0000858031546756	-0.0020815568066966	-0.1129113783747586	-0.0312924863141600	-0.0000540737807700	-0.0020826279470581	
-0.2108253745099610	-0.0725190584830102	-0.0020360039086970	0.0004173887801170	-0.1889210738921229	-0.0276308997803034	-0.0019352369028755	0.0007592014166469	-0.1444068113344356	0.0501385927552843	-0.0020653845890806	0.0002304529195469	
-0.1832400510347943	-0.2166157601165908	-0.0001049402271708	-0.0020806754180830	-0.1559445789155456	-0.1697819680115805	-0.0000651056716376	-0.0020823106898501	-0.1136130746616439	-0.0905870743849815	0.0000008350947960	-0.0020833331651234	
0.2886595693948540	-0.2961561398817712	0.0017037376698024	-0.0011929056869776	0.3118100507899000	-0.2435270410732918	0.0018926655162713	-0.0008603265187536	0.3589272953201279	-0.1599422245087403	0.0014374918359003	-0.0015045099437073	
0.2827316832868342	-0.2933554098658094	0.0019851555059538	-0.0006162033372031	0.3044791416600212	-0.2414204287251072	0.0020456399508936	-0.0003669953692142	0.3534111857822828	-0.1559407251920078	0.0018856560552605	-0.0008756587817901	
-0.1816803136709244	-0.1760549650553844	-0.0002427113472603	-0.0020690756553395	-0.1551059085585954	-0.1301875225117954	-0.0002059915302658	-0.0020730732836735	-0.1141305993014778	-0.0520863865460500	-0.0001303848170194	-0.0020792288161756	
0.1329376988761583	-0.2785571995486807	0.0020704118787009	-0.0001794787237839	0.1547733311833943	-0.2284679926634202	0.0020724273521706	-0.0001543406253499	0.2005493797660158	-0.1426353256589423	0.0020726077048142	-0.0001518871886981	
-0.2117830509567976	-0.3954323125932364	0.0019583268674872	-0.0006971617231533	-0.1847970351448938	-0.3422884801073199	0.0019545588820108	-0.0007077089624531	-0.1298127249888774	-0.2561083500004944	0.0020043663551454	-0.0005501643031248	
-0.1465193408090301	0.0164028448612408	0.0020705076802277	-0.0001783645700903	-0.1257277776959149	0.0614428106319228	0.0020735014479676	-0.0001390884987291	-0.0841621664224882	0.1418507834868824	0.0020733446641431	-0.0001414179045501	
0.1922613718140492	-0.2828681057778134	0.0020723003948752	-0.0001560444371453	0.2140498375044845	-0.2322647875237590	0.0020740326048515	-0.0001308877018299	0.2597629377432399	-0.1459076522786545	0.0020746827612983	-0.0001200865230601	
-0.1714204040624578	0.0178712544014010	0.0020781300319435	0.0000057649424310	-0.1506701601022293	0.0624648418056944	0.0020766692937695	0.0000783115051773	-0.1090908909844985	0.1428001150984037	0.0020780995217387	-0.0000126758355067	
-0.1932976460359315	-0.0744647623084584	-0.0020480000510924	0.0003535192117209	-0.1714352196656344	-0.0299776056042648	-0.0020636797911205	0.0002453222549177	-0.1267579356207302	0.0484830713897459	-0.0020334603787787	0.0004296696599107	
-0.0925671136641462	-0.0177121213638036	-0.0000408294694173	-0.0020829312006300	-0.0691611413990807	0.0281516468892594	-0.0000131204017695	-0.0020832918113012	-0.0318743681185711	0.1062678564541062	0.0000118494735402	-0.0020832994659498	
-0.1548005243197192	0.0169901482164893	0.0020739077993894	-0.0001328603318257	-0.1340122729683262	0.0619241763788640	0.0020756908901023	-0.0001010728207226	-0.0924830826458317	0.1422992803025317	0.0020764743073618	-0.0000833459806405	
-0.1785476665171759	-0.1375288755584612	-0.0001164702743761	-0.0020800587831975	-0.1527798377680075	-0.0916609194414071	-0.0000855369403205	-0.0020815678180278	-0.1127185726072266	-0.0145232566583538	-0.0000288300705015	-0.0020831328435203	
-0.0926751428053667	-0.0218768670161540	-0.0000682045442357	-0.0020822109954445	-0.0692158353668346	0.0239678509506946	-0.0000401782111012	-0.0020829439280974	-0.0318700854144750	0.1020913529918346	-0.0000060314783388	-0.0020833245587104	
-0.2235263632821333	-0.0291669380861782	0.0001240548044031	0.0020796180272167	-0.1992533489204480	0.0156299910872647	0.0000770624680981	0.0020819004355521	-0.1613271165831880	0.0916480184564697	0.0000084080178864	0.0020833162815802	
0.2129805608652622	0.3251415404361118	-0.0020360087668776	-0.0004173649627824	0.2369661589142816	0.3820298730792540	-0.0020267162709438	-0.0004605815544364	0.2846313738638118	0.4866734734000031	-0.0020416406103548	-0.0003887336648222	
-0.1652118461889711	-0.0760434456552319	-0.0020709181538666	-0.0001735092602028	-0.1433336286828687	-0.0316543133103401	-0.0020516647030775	-0.0003314766588372	-0.0997406264357944	0.0486553003601142	-0.0020756030136202	-0.0001028705131639	
-0.1371244332499425	-0.0777751599801852	-0.0020780965602224	0.0000131547355798	-0.1153725143652214	-0.0326653130186819	-0.0020780859923264	0.0000147373355291	-0.0717232844364328	0.0474319592415126	-0.0020776097912413	-0.0000469685320440	
-0.1506333334589536	0.2415040440526239	-0.0020606206493017	-0.0002699314573432	-0.1329934763217945	0.2885076386604680	-0.0020613764951711	-0.0002640677937637	-0.0987474393105291	0.3761817882307188	-0.0020126930787052	-0.0005187141440432	
-0.1444961837712700	-0.0775584316643287	-0.0020746056344499	0.0001214182715486	-0.1226258195807330	-0.0323959260219330	-0.0020722656160335	0.0001565079269119	-0.0789221470860987	0.0473384157870218	-0.0020779837946092	0.0000253782635709	
-0.2017237951620030	-0.3991255294683428	0.0018573607870058	-0.0009344614374193	-0.1745113040461140	-0.3457509535170767	0.0019841407149038	-0.0006194793977740	-0.1201868830597848	-0.2600016986257340	0.0017364719591426	-0.0011444856454852	
-0.2191837389298943	-0.0676416490434870	-0.0013073429082772	0.0016194369047285	-0.1959087677562349	-0.0214752273374738	-0.0011521012390198	0.0017338672182852	-0.1528283790067546	0.0529751132140696	-0.0016753440056042	0.0012326592435132	
-0.2077223614723639	0.0143458443568433	0.0019740954621592	0.0006509341464473	-0.1858623671457195	0.0580435188737806	0.0019238034420227	0.0007878641154720	-0.1454979036967080	0.1386242831415159	0.0020061750144818	0.0005434986140640	
-0.1600124820618614	-0.0759705529259244	-0.0020756791594879	0.0001013146435854	-0.1381980534188325	-0.0311300482412606	-0.0020775556338039	-0.0000493173669810	-0.0945865802574783	0.0485827662675823	-0.0020735616621972	0.0001381833859292	
-0.0945348568560200	-0.0520882881119810	-0.0002197307297410	-0.0020716550085517	-0.0706551145587230	-0.0072920400070980	-0.0002016395117575	-0.0020735032525889	-0.0328158583471254	0.0717681231002139	-0.0001903107774506	-0.0020745790581321	
-0.2025987773461263	0.0155385295173279	0.0020499489193403	0.0003419787839874	-0.1818069020528429	0.0592743274936278	0.0020239590474684	0.0004726096679667	-0.1403006400289157	0.1397091537486881	0.0020502572295928	0.0003401161926842	
0.2202905332123738	-0.2853348025024453	0.0020674142831949	-0.0002113722700981	0.2420939432981318	-0.2344738976750680	0.0020695278979282	-0.0001894480415900	0.2888539466589134	-0.1480171455425963	0.0020710651671438	-0.0001717366833125	
0.1465442435399575	-0.2797537016938823	0.0020711154606145	-0.0001711260378497	0.1682909846531261	-0.2295479110009023	0.0020711306820980	-0.0001709407910627	0.2140550508620764	-0.1436074747162062	0.0020744907126918	-0.0001233758696017	
-0.1049214035949194	-0.0750618738365436	-0.0017386397504379	-0.0011411732393199	-0.0831999296956826	-0.0309700686824873	-0.0019302435469649	-0.0007718711938687	-0.0416761743861855	0.0512850615785780	-0.0016204882393819	-0.0013042811509580	
-0.1776681839615674	-0.1208351974066093	-0.0000937156818620	-0.0020812138719301	-0.1522387120145587	-0.0750618652696521	-0.0000489500736779	-0.0020827553078892	-0.1125217838230244	0.0021155510379504	-0.0000028531838959	-0.0020833313697934	
-0.1769381245006488	-0.0977881839915783	0.0001787255754755	-0.0020756143747453	-0.1522815422816474	-0.0512916124256723	0.0005253643218749	-0.0020156607709824	-0.1125988492422032	0.0240676174474055	0.0000783621496337	-0.0020818516781392	
-0.1769522249444475	-0.1040960481172393	-0.0000964894742170	-0.0020810864830326	-0.1518497462304874	-0.0593442878907784	-0.0000509000063790	-0.0020827083321681	-0.1125389132959972	0.0177556044170254	-0.0000045248312442	-0.0020833283949444	
-0.0929033155754962	-0.0281116867967199	-0.0000899290588353	-0.0020813817659025	-0.0693597568757554	0.0177036212794798	-0.0000579167383169	-0.0020825241022598	-0.0319130006167208	0.0958278444234352	-0.0000251203846320	-0.0020831811214921	
-0.1537665275920104	0.0169343219200266	0.0020736929336578	-0.0001361892304673	-0.1329798504342513	0.0618582348115929	0.0020756844344249	-0.0001012059741108	-0.0914432233845456	0.1422689627868752	0.0020761752327698	-0.0000905247036873	
-0.1974621042751681	-0.4021188718240808	0.0015319481293549	-0.0014077157786578	-0.1701079426919899	-0.3475427391539167	0.0018653468517990	-0.0009183352105199	-0.1162065928473923	-0.2633815598261004	0.0014188817375972	-0.0015221608597339	
-0.1454284843698646	0.2424941792243118	-0.0020301390655576	-0.0004451742018507	-0.1277893539730055	0.2895099322648672	-0.0020224526847904	-0.0004790467375768	-0.0934289244472256	0.3777694023373810	-0.0019859841879842	-0.0006135138678526	
-0.1799662670950876	-0.1614237766191605	-0.0001937234838652	-0.0020742615821253	-0.1537536767413928	-0.1156293239066760	-0.0001450892975303	-0.0020782496210587	-0.1131320125088338	-0.0375158213744929	-0.0001067469135165	-0.0020805830501320	
-0.1413007193216532	0.0159043097631981	0.0020678377768459	-0.0002071671218202	-0.1205440948476159	0.0610470285820390	0.0020708214684793	-0.0001746651476585	-0.0789739876077779	0.1414725021537507	0.0020712822989654	-0.0001690844467878	
-0.1412510820360412	0.2434051473171995	-0.0020192622568583	-0.0004923871765388	-0.1236389033342437	0.2905754845733945	-0.0020071728457434	-0.0005397833373512	-0.0893222484180553	0.3790056198922472	-0.0019778530069767	-0.0006393678898679	
0.1600075300431215	-0.2806956165766335	0.0020748609300360	-0.0001169519253532	0.1807933001553216	-0.2304516662346226	0.0020749592404675	-0.0001151856754512	0.2275549379346856	-0.1442255507159882	0.0020762201753387	-0.0000894827826912	
-0.1830439666990593	-0.2124812006980966	-0.0000821634992805	-0.0020817043836164	-0.1558342685979057	-0.1656272302262439	-0.0000400429729684	-0.0020829465453712	-0.1136225594026261	-0.0874687404117104	0.0000183561724222	-0.0020832520591279	
-0.2099949349563087	-0.3960279970889796	0.0019669117498624	-0.0006724344259747	-0.1829837403865279	-0.3429681844420846	0.0019605073858301	-0.0006909751076568	-0.1288885115392164	-0.2563320691805414	0.0020052675598583	-0.0005468538830091	
-0.1832884848377457	-0.2176479425430130	-0.0001081926925668	-0.0020805079950817	-0.1559812528212589	-0.1708186374561086	-0.0000707493237657	-0.0020821256571942	-0.1136102277592358	-0.0916269701740819	-0.0000039393581108	-0.0020833295902343	
-0.1922387313531465	-0.4093811687333282	0.0008980049885814	-0.0018787835727891	-0.1619324656738271	-0.3550898980856405	0.0011406433115403	-0.0017414640812045	-0.1116800961048922	-0.2700773887848382	0.0008761249255293	-0.0018891374012365	
-0.1714514321857298	-0.0770595043683621	-0.0020299555257758	-0.0004460145619489	-0.1497197163422873	-0.0329882881236519	-0.0020318767718367	-0.0004371340097709	-0.1059541242996737	0.0477571526819517	-0.0020321827488794	-0.0004357022013582	
-0.2151973414815885	-0.0710645678676937	-0.0018284770623864	0.0009900564996322	-0.1925030705467430	-0.0254316701921574	-0.0015904792274214	0.0013408913728946	-0.1486192883422908	0.0509386711657517	-0.0019927623128085	0.0005910125335945	
0.1984630740798707	-0.2833223696236634	0.0020713746786615	-0.0001679432549234	0.2202543731317277	-0.2326967166230661	0.0020732061550331	-0.0001434441844612	0.2659707212996689	-0.1462742275658604	0.0020737733252385	-0.0001349533843071	
-0.1037946687751954	-0.0741898515418615	-0.0015938105316697	-0.0013369101429835	-0.0820140883453355	-0.0304265250234390	-0.0018456268764929	-0.0009575417631062	-0.0406302447480087	0.0522721091940236	-0.0014763309999694	-0.0014662241192915	
-0.1402658835658174	0.0158027642224640	0.0020673088547283	-0.0002124060648820	-0.1195090501988136	0.0609415039276240	0.0020702792624346	-0.0001810096249850	-0.0779375850485438	0.1413970694390714	0.0020708526533594	-0.0001742931714109	
-0.2256437108127017	-0.3900837287265508	0.0019569057828359	-0.0007011606088589	-0.1984355863810985	-0.3374080985966738	0.0019721667745416	-0.0006567834294712	-0.1432735373443254	-0.2516858072640804	0.0019674560971394	-0.0006708320751978	
0.2504162896347486	-0.2885319885648298	0.0020660294973089	-0.0002245680890551	0.2712088681559958	-0.2373169265486942	0.0020680853803684	-0.0002046680739019	0.3190195373750480	-0.1505633133135677	0.0020688199356029	-0.0001970660348732	
-0.1780026719041218	-0.1280726471489174	-0.0001130119250632	-0.0020802505003658	-0.1524308835596548	-0.0823367941013578	-0.0000723023530711	-0.0020820720392662	-0.1125672837564413	-0.0051650423232928	-0.0000261492876036	-0.0020831683967783	
-0.2015955406236413	0.0157037063284538	0.0020555631075430	0.0003062433376703	-0.1808310088368108	0.0594960876683443	0.0020351014934546	0.0004217885885553	-0.1392900595785802	0.1398710754205296	0.0020538845064402	0.0003173604242716	
-0.2242116417955038	-0.0541141954939523	-0.0001471969852232	0.0020781006604922	-0.1996023929440621	-0.0093993288376378	-0.0001469293208550	0.0020781196973220	-0.1604652352415504	0.0665115906641018	-0.0003582237892863	0.0020521479164827	
-0.1402617020038152	0.2436788258802931	-0.0020176936995358	-0.0004988076072060	-0.1226480919827115	0.2908112346761261	-0.0020052750529649	-0.0005468262681089	-0.0883609030821279	0.3793405136386779	-0.0019766862839572	-0.0006429838634937	
-0.1590211355331895	0.0172614575034090	0.0020741848880800	-0.0001284395736145	-0.1392696638252683	0.0621817185785625	0.0020753658834893	-0.0001075713253043	-0.0976811914012472	0.1424899292499186	0.0020772525201404	-0.0000608102505615	
0.1693695556447424	-0.2812222127403110	0.0020741229572956	-0.0001294407902265	0.1911940427666318	-0.2309783450207042	0.0020756493409895	-0.0001019267535668	0.2369113397563785	-0.1446793220667880	0.0020756363131952	-0.0001021930327210	
-0.1827640908316954	-0.1947919525558975	-0.0000137899296888	-0.0020832874654300	-0.1559064401970174	-0.1479175587532187	0.0000202262907056	-0.0020832346547787	-0.1142259948969501	-0.0697889874322272	0.0000860401275081	-0.0020815469760374	
-0.1454840598059710	0.0163047659616642	0.0020699767318931	-0.0001844540832374	-0.1246906204009551	0.0613711331291442	0.0020729841868734	-0.0001466327509763	-0.0831237641553049	0.1417852707486396	0.0020729345897846	-0.0001473357342033	
-0.1547581685741071	0.2412786207878037	-0.0020747257671217	0.0001193374665865	-0.1360816894585548	0.2883485890615228	-0.0020770042053704	0.0000688085324683	-0.1029445500304195	0.3753044701712412	-0.0020546998952213	-0.0003120108553566	
-0.1081197122762920	0.0102319910017718	0.0019750378560525	-0.0006480547757961	-0.0872957123177375	0.0561919117259708	0.0020081696713951	-0.0005360442303227	-0.0455521021340258	0.1358596131116330	0.0019314401951920	-0.0007688568973832	
-0.1775411704928040	-0.1177286768928267	-0.0000889031063978	-0.0020814260609593	-0.1521901611037396	-0.0728583187580190	-0.0000453389386373	-0.0020828374558464	-0.1125225204122879	0.0041977062878267	0.0000020573654200	-0.0020833323123868	
-0.2241490350837949	-0.0551358209750462	-0.0001879676418735	0.0020747937399632	-0.1995320718503105	-0.0104246360630271	-0.0001988439001648	0.0020737745633371	-0.1602777524080663	0.0655283785953544	-0.0004205474588008	0.0020402284691849	
-0.2189826546173373	0.0040259281497579	0.0008517417856637	0.0019003109887159	-0.1956263949196139	0.0480618022828280	0.0008136903107991	0.0019169953725050	-0.1590166828968342	0.1260582174956772	0.0006595124344753	0.0019756375236402	
0.2139734232656977	0.3253682204824527	-0.0020359967448836	-0.0004174238982834	0.2379590112141361	0.3822376934775241	-0.0020260931405355	-0.0004633286522529	0.2856094782006058	0.4868458184535139	-0.0020421774282010	-0.0003858893892413	
-0.2242913765691287	-0.0458143813369591	0.0000422019265591	0.0020829037085348	-0.1997253721170515	-0.0010734141399066	0.0000270299350462	0.0020831570998693	-0.1612001238608876	0.0749711238808366	-0.0000719720553306	0.0020820835402958	
-0.0933913497955801	-0.0375125143697403	-0.0001246447033809	-0.0020795825776065	-0.0696605678990404	0.0083368795163665	-0.0000869658227577	-0.0020815083139178	-0.0320772817032152	0.0864466701029640	-0.0000591012800124	-0.0020824906554031	
-0.1527327394405831	0.0168589353564852	0.0020733588660489	-0.0001412084905770	-0.1319449904473079	0.0618174450967036	0.0020755539644962	-0.0001038603505555	-0.0904040560020727	0.1422047351340743	0.0020758254823717	-0.0000982555635903	
0.2878984361160882	-0.2956969347821825	0.0017588744498722	-0.0011095724020840	0.3105818251703703	-0.2430054715220635	0.0019435683319232	-0.0007375018769515	0.3584572188496213	-0.1593994622856825	0.0014944715832367	-0.0014476364457546	
-0.2231839841249491	-0.0239660697253226	0.0001385227224321	0.0020786998750412	-0.1990483754877647	0.0208263584816883	0.0000852313039521	0.0020815804176938	-0.1612985412984148	0.0968673260999756	0.0000181519068473	0.0020832538579198	
-0.1444274076027794	0.2426916105001249	-0.0020264656630098	-0.0004616884371348	-0.1268057864545516	0.2897641313906705	-0.0020181824675574	-0.0004968164111942	-0.0924556711345997	0.3780364641589878	-0.0019832527599785	-0.0006223304806883	
0.2337629979874392	-0.2867935990030622	0.0020664490033144	-0.0002206548169441	0.2555844459891181	-0.2357658632172975	0.0020681402030791	-0.0002041105733751	0.3023565781276466	-0.1491737290225217	0.0020711459908211	-0.0001707542784862	
-0.1821828554610467	-0.1812358940627679	-0.0001822315771767	-0.0020753079725108	-0.1555580764642213	-0.1354226128775066	-0.0001441013037825	-0.0020783187042210	-0.1143964507540357	-0.0572941064245472	-0.0000572467094922	-0.0020825427211990	
-0.0941766773342926	-0.0479919188837607	-0.0001823668775384	-0.0020752960279209	-0.0702988950764374	-0.0031934207959816	-0.0001549744329827	-0.0020775323023766	-0.0324859430387493	0.0760916340447244	-0.0001272788802974	-0.0020794222186924	
-0.1444482642837818	0.0162274024666029	0.0020694430636268	-0.0001903771125959	-0.1236537523625447	0.0612898379399400	0.0020724439936436	-0.0001541158867665	-0.0820857215518433	0.1417092976656137	0.0020725245877569	-0.0001530227894724	
-0.1776907413636667	0.0176217800820693	0.0020735570642097	0.0001382527106718	-0.1569369693795687	0.0620730736689187	0.0020708781246352	0.0001739887533671	-0.1153500773154204	0.1425926772467067	0.0020718428964667	0.0001620348631274	
-0.0926395266533805	-0.0208360976775633	-0.0000630664860335	-0.0020823737619242	-0.0692081761469738	0.0250129691424091	-0.0000351633599125	-0.0020830350755233	-0.0318595295074051	0.1031356965054468	-0.0000023279741071	-0.0020833320261502	
-0.1805095254491832	-0.1667116849644780	-0.0002377078839695	-0.0020696593587664	-0.1542031543687354	-0.1207726137843952	-0.0001903903120905	-0.0020745717239788	-0.1134316909835494	-0.0426900177677101	-0.0001480061372986	-0.0020780429002080	
-0.1771619666425709	-0.1084236705388288	-0.0000972379156822	-0.0020810514723032	-0.1519615653546096	-0.0635017545751105	-0.0000526828728528	-0.0020826637745718	-0.1125412722231116	0.0135784233571901	0.0000015982711456	-0.0020833327171911	
-0.1641881957216312	0.0175983916690877	0.0020744690757358	-0.0001237409611875	-0.1434072577931229	0.0623881850508554	0.0020761760295177	-0.0000905063370038	-0.1018355749071220	0.1426144506138359	0.0020772222188832	-0.0000618417544760	
-0.2222738117053363	-0.3914103243978371	0.0019496605939740	-0.0007211599729406	-0.1953207210000801	-0.3384620057995029	0.0019659501097368	-0.0006752547583208	-0.1404391312118939	-0.2525815858393345	0.0019639187638956	-0.0006811694913419	
-0.1836329480754690	-0.2240085096472091	-0.0001163350011409	-0.0020800663911372	-0.1562276563241661	-0.1770270205915663	-0.0000836357001827	-0.0020816454619033	-0.1136416776117244	-0.0978629907959452	-0.0000151582612707	-0.0020832779110317	
-0.6535390211446084	0.2854840355983485	-0.0018118629166466	0.0010202920146311	-0.6379216380638129	0.3272171602909230	-0.0018803546062502	0.0008870420322459	-0.6022344297335870	0.3984038571925452	-0.0015426680872577	0.0013959007673514	
-0.1819005356898961	-0.1781207854342640	-0.0002237657198043	-0.0020712208988872	-0.1552904535013483	-0.1322665331946655	-0.0001879703628196	-0.0020747934922209	-0.1142624083035633	-0.0541666365085666	-0.0001038676724347	-0.0020807295053672	
-0.1016818760951261	-0.0720828426820543	-0.0013464663029630	-0.0015868932176319	-0.0789219886355617	-0.0282098011321045	-0.0014844553845016	-0.0014579568504281	-0.0392128487808866	0.0537980493526541	-0.0013043518654299	-0.0016218590218163	
-0.1820007337803828	-0.1791573056155852	-0.0002115173621086	-0.0020725139820299	-0.1553799872616861	-0.1333512858849404	-0.0001743570607307	-0.0020759877651917	-0.1143158414675969	-0.0552085022588906	-0.0000904633770873	-0.0020813584952917	
-0.1682810664174343	-0.0763823409174890	-0.0020514333001943	-0.0003329128975272	-0.1465166908939336	-0.0322549884338539	-0.0020276327111507	-0.0004565098014313	-0.1029180722915854	0.0483279255385463	-0.0020587093178899	-0.0002842108595002	
-0.1891135841142539	-0.0755817642128512	-0.0020103118175307	0.0005279130113906	-0.1672962980271335	-0.0304796718634022	-0.0020479633842597	0.0003537326263300	-0.1226543783057695	0.0472197028333872	-0.0019874121520684	0.0006088489089942	
-0.0926188423151661	-0.0104364618560208	0.0001087005680393	-0.0020804813893350	-0.0693311751854979	0.0354633776191207	0.0001483402165025	-0.0020780189595662	-0.0320136424434290	0.1135665818299404	0.0000953599429553	-0.0020811388071508	
-0.0969217027419984	-0.0644273798095275	-0.0007438695614695	-0.0019452932131911	-0.0733564531756151	-0.0200426088125703	-0.0008389307469983	-0.0019060297890503	-0.0348632833100664	0.0612051568281780	-0.0007366700474647	-0.0019480447154480	
-0.1736450461780911	-0.0776541805425731	-0.0020264835890136	-0.0004616093544115	-0.1516925992925383	-0.0333749292694698	-0.0020558204373278	-0.0003045023873552	-0.1081402298228453	0.0471852035118774	-0.0020129634679289	-0.0005176585938707	
-0.1777121300893281	-0.1218703067002140	-0.0000958705612843	-0.0020811152298682	-0.1522569962719489	-0.0761024570376708	-0.0000511998520534	-0.0020827009457479	-0.1125181944339948	0.0010744153677548	-0.0000056147630814	-0.0020833257293060	
-0.0929970492547494	-0.0302331911866917	-0.0000965386153957	-0.0020810841926135	-0.0694174854058653	0.0156186176812131	-0.0000629356561902	-0.0020823777399209	-0.0319388266983236	0.0937410693384076	-0.0000315820230702	-0.0020830927392322	
-0.1776251268407628	-0.1197998463344515	-0.0000915426862230	-0.0020813110679772	-0.1522043266002459	-0.0738976492332411	-0.0000465341261285	-0.0020828109641119	-0.1125158196408548	0.0031560870107895	0.0000001157945322	-0.0020833333300992	
0.2846204947100639	-0.2939905725800047	0.0019302734408960	-0.0007717960586476	0.3065029698812779	-0.2417910409582385	0.0020293150754028	-0.0004489340329007	0.3550873868616662	-0.1567675930803531	0.0017898159322764	-0.0010586781755961	
-0.1770949528573795	-0.1072077990625027	-0.0000985397682784	-0.0020809899280697	-0.1519394950803570	-0.0624612576158081	-0.0000548314328381	-0.0020826080381411	-0.1125486062618288	0.0146226431370980	-0.0000004804791644	-0.0020833332776495	
0.1288352634543641	-0.2781886541948013	0.0020713641752386	-0.0001680733995881	0.1537465531132425	-0.2283825058703796	0.0020725511379335	-0.0001526609663767	0.1964341291916919	-0.1423203282779545	0.0020732181231667	-0.0001432702364797	
0.2306749843900134	-0.2864388773254352	0.0020662976183628	-0.0002220750233053	0.2514582035712046	-0.2353731585596460	0.0020681767455192	-0.0002037381121660	0.2982223994992375	-0.1488050295914541	0.0020709362607885	-0.0001732919262165	
-0.2119138282377901	0.0124077309991377	0.0017639252451361	0.0011014848612420	-0.1898380173767748	0.0558130335775013	0.0016563447379522	0.0012581992491828	-0.1507284745227749	0.1365676175804965	0.0018148363511535	0.0010149670222271	
-0.2198446692099385	0.0018950577724579	0.0006738484060767	0.0019707696230371	-0.1964452933067364	0.0458580724929420	0.0006193096736883	0.0019886712112215	-0.1596719618241279	0.1238457536935974	0.0004865597291931	0.0020254264307122	
-0.2090007691490462	0.0138761862708335	0.0019311794020339	0.0007695149877922	-0.1871129939415443	0.0574465166072051	0.0018636899900756	0.0009217098178911	-0.1473519143131303	0.1380614330880043	0.0019660531378627	0.0006749532232996	
-0.2171628790728771	0.0072896752935309	0.0011729883016465	0.0017197348966671	-0.1941604307773107	0.0509379251923991	0.0010970989299776	0.0017693575282136	-0.1570715388633852	0.1303281865872440	0.0010729979946938	0.0017841494505502	
0.2524776490387411	-0.2887773086131980	0.0020653925181314	-0.0002303814901764	0.2743072392171321	-0.2376097547804305	0.0020674045932619	-0.0002114674993116	0.3210861481313297	-0.1507809968092181	0.0020682150063887	-0.0002033473975862	
0.1870211929576473	-0.2824555323320223	0.0020727163863711	-0.0001503893028014	0.2078381998763702	-0.2318613840154044	0.0020743882890122	-0.0001250946682585	0.2545821120392542	-0.1456362994730180	0.0020751277731708	-0.0001120928764363	
-0.0961340030316530	-0.0616805372315227	-0.0005376183069744	-0.0020124108328333	-0.0720641642275299	-0.0165113031002234	-0.0005262194118569	-0.0020154365887687	-0.0341609318237721	0.0634856420249933	-0.0005462625845053	-0.0020100699210410	
-0.2253546285130474	-0.3902425604257810	0.0019571528981026	-0.0007004670824505	-0.1984355863810985	-0.3374080985966738	0.0019721667745416	-0.0006567834294712	-0.1432735373443254	-0.2516858072640804	0.0019674560971394	-0.0006708320751978	
-0.0929358490234417	-0.0291493595397777	-0.0000930453082184	-0.0020812441008062	-0.0693935248785805	0.0166610904173687	-0.0000604567017852	-0.0020824515521566	-0.0319179910093319	0.0947841226196011	-0.0000280519731858	-0.0020831435200422	
-0.1849935279903761	-0.0767237101596794	-0.0019534233789984	0.0007108528093278	-0.1631241847582396	-0.0314506060158354	-0.0020018444916841	0.0005593160608404	-0.1185267820166294	0.0461326427081611	-0.0020258654623371	0.0004643281179424	
-0.1937510833721350	-0.4065764820338764	0.0011194128358730	-0.0017552548029825	-0.1647252071617920	-0.3516324489291927	0.0014455513733802	-0.0014967290505344	-0.1130743421878226	-0.2675769824285637	0.0010804550369038	-0.0017796208808139	
-0.1813283963557008	-0.1729736708269455	-0.0002556612683450	-0.0020675076473156	-0.1548073051793311	-0.1270847507665721	-0.0002169367567162	-0.0020719509210998	-0.1138958670550116	-0.0489781343980871	-0.0001564467750846	-0.0020774213952407	
-0.1827421433406590	-0.1927081024006699	-0.0000263159272511	-0.0020831662878374	-0.1559177340653197	-0.1458345759961782	0.0000052299472166	-0.0020833267358955	-0.1143105962395022	-0.0677089144019303	0.0000750100778475	-0.0020819757679364	
-0.2045657556793176	0.0151547428109477	0.0020327418200936	0.0004330732603602	-0.1840339053463436	0.0586488236718469	0.0019821787408387	0.0006257599363081	-0.1422999251009197	0.1393748587029188	0.0020400333948791	0.0003971231968084	
-0.0925796773107782	-0.0114706925070474	0.0000736191762152	-0.0020820256631180	-0.0692642008471146	0.0344253894826980	0.0001096620405804	-0.0020804306791279	-0.0319789036122654	0.1125261760955307	0.0000755712404837	-0.0020819553728728	
-0.1768253520263531	-0.0999374736825383	-0.0000048941886083	-0.0020833275558060	-0.1518774833908507	-0.0541026168514816	0.0001151614784375	-0.0020801320193542	-0.1125449294828484	0.0219477903949390	0.0000153014884694	-0.0020832768587222	
-0.1350494041870619	-0.0777829141348050	-0.0020781325329987	0.0000047736232775	-0.1132901761350695	-0.0326693798773595	-0.0020781270057889	-0.0000067731088620	-0.0696400902290683	0.0474830418644492	-0.0020775950184183	-0.0000476207351055	
0.1880543445928159	-0.2825394058408487	0.0020726648114197	-0.0001511019872681	0.2088742380344203	-0.2319202932828332	0.0020743480836122	-0.0001257629225272	0.2556186989576190	-0.1456857946766620	0.0020750717763346	-0.0001131299007101	
-0.1121773147965639	-0.0774949866130297	-0.0020614774306311	-0.0002632747124849	-0.0903927208212160	-0.0324059719703426	-0.0020720750253413	-0.0001590237662687	-0.0477443538807861	0.0486533399641360	-0.0020287434732342	-0.0004515229489583	
-0.1969340137802046	-0.4026805636212995	0.0014819380967672	-0.0014605282697149	-0.1693436881123312	-0.3478879667463239	0.0018169929560927	-0.0010110818088209	-0.1157038928909859	-0.2638700536855372	0.0013710123398830	-0.0015656285701015	
-0.2217241922170367	-0.0638077300426633	-0.0009779689353065	0.0018382237202027	-0.1979987321106125	-0.0174756869846964	-0.0007684057704113	0.0019356844841916	-0.1564205424809370	0.0567051304211090	-0.0012346801255397	0.0016757717811785	
-0.1194379159729515	0.0128880439169329	0.0020436884795082	-0.0003777641583789	-0.0986941859669356	0.0584851677896544	0.0020521514278120	-0.0003284346920005	-0.0571104036179971	0.1388295949207863	0.0020470987067314	-0.0003587274812014	
-0.1017983892470955	0.0073426431151012	0.0017566754507270	-0.0011130679711796	-0.0811058197388037	0.0540326646973132	0.0018843380957585	-0.0008785054788062	-0.0388070219066784	0.1318642024068442	0.0015607745862497	-0.0013755235937785	
-0.2148261037309719	0.0101211100346312	0.0014819766933688	0.0014604889102276	-0.1924309026136006	0.0533220716099662	0.0013563530916648	0.0015784087245948	-0.1537807144237920	0.1343732212471488	0.0015406203049198	0.0013981718294915	
-0.1464292538037779	0.2422983482818150	-0.0020346656946689	-0.0004238963223679	-0.1287733744787842	0.2892595131959771	-0.0020278901125419	-0.0004553592818592	-0.0946260348508373	0.3773688169393375	-0.0019910636798904	-0.0005967384271363	
