0.1402086355954760	-0.3402134650719796	-0.0020759212979392	0.0000961995961849	0.2192406724370010	-0.3697417656361762	-0.0020734425661028	0.0001399678988224	0.2649596866398433	-0.4043774872183606	-0.0020665729070515	0.0002194855067999	
-0.1423436314398629	-0.2440201068040572	0.0020123152116370	0.0005201854432881	-0.0664850607382610	-0.2617898006367188	0.0020012559972415	0.0005614285814246	-0.0249403660288056	-0.2853749783517646	0.0020025671816336	0.0005567099963323	
-0.1163103919977467	-0.3783873847057831	-0.0019797293367603	-0.0006335048491626	-0.0436812881331600	-0.4018809124629441	-0.0019992748964608	-0.0005684779535968	-0.0041977567542175	-0.4331191957880544	-0.0020046027333701	-0.0005492980824189	
-0.0676655701666258	-0.3369048890101813	-0.0018947402230918	-0.0008557246195229	0.0050033254192355	-0.3577427761213013	-0.0017832043537579	-0.0010698322521869	0.0445287448935788	-0.3868169723868848	-0.0016626552850425	-0.0012498063011012	
-0.0027824874849555	-0.1025066009457287	-0.0014927710720907	-0.0014493986854743	0.0768195702042642	-0.1238610984539278	-0.0014973482020701	-0.0014446459318882	0.1228227264447593	-0.1502944797970312	-0.0015071483542323	-0.0014343674349528	
0.0394585854833296	-0.1763340887423440	-0.0020668411262965	0.0002169324232774	0.1163897789966098	-0.1978065038451616	-0.0020535858398568	0.0003192969535034	0.1611266075415444	-0.2245225153580954	-0.0020400558523396	0.0003970072370691	
-0.3775607191979126	-0.2766644017594884	-0.0020707721061196	-0.0001752523212702	-0.2956910246945237	-0.2869351653280820	-0.0019519080033956	-0.0007150240468922	-0.2545621503192299	-0.3062645897837139	-0.0019462227680238	-0.0007304328347258	
-0.2369930077046288	-0.4185429095876614	-0.0019356852798347	-0.0007580517592564	-0.1652470061108186	-0.4373883477475454	-0.0019983351706679	-0.0005717889888596	-0.1289043994311312	-0.4653806872425386	-0.0020218824496252	-0.0004814598056132	
0.0519393511081370	-0.3000558150967254	0.0020775633434349	-0.0000489898752760	0.1287255164005735	-0.3243875232350882	0.0020726391263481	-0.0001514556569184	0.1725222607182142	-0.3540384789826070	0.0020631527876184	-0.0002497373657437	
-0.3242287521692329	-0.2661803178445992	-0.0020481109528411	-0.0003528729134035	-0.2441994721057228	-0.2779236329973158	-0.0020563205867851	-0.0003010892268474	-0.2036325423084901	-0.2971266055305101	-0.0020632997995472	-0.0002485137362689	
-0.2618639875725458	-0.2082678772520414	0.0020030435614638	0.0005549849321953	-0.1827769022828826	-0.2222685579466370	0.0020256734142549	0.0004651694171994	-0.1401818525769476	-0.2420788776857060	0.0020396546379401	0.0003990736514765	
-0.2786017673393343	-0.1214461443094817	0.0020636290709914	0.0002457506752647	-0.1973666812565850	-0.1355414392825956	0.0020139611972494	0.0005137436374139	-0.1537301804917182	-0.1553050647443062	0.0019068373119627	0.0008282791652788	
-0.5174447375563734	-0.3334124130920331	-0.0020718445833804	0.0001620131841293	-0.4302459025436854	-0.3370767446154854	-0.0020772428544524	-0.0000611411781092	-0.3876170106145622	-0.3517839210188671	-0.0020507355206114	-0.0003372057783117	
0.0425525720253465	-0.2398079530061167	0.0020765601220741	0.0000811688169759	0.1195070078917286	-0.2624585567817543	0.0020766577525316	-0.0000786184860638	0.1642864686170936	-0.2903285450505722	0.0020727413734770	-0.0001500427967037	
-0.1112027463785105	-0.2399701545804750	0.0020766504197707	-0.0000788129052459	-0.0353303683977467	-0.2573125501395120	0.0020776803810960	-0.0000437178823040	0.0061787335266186	-0.2806762761534240	0.0020780709866381	0.0000167292341263	
-0.4031584152329328	-0.3323336863306428	-0.0020635486750040	-0.0002464282127508	-0.3220952533670157	-0.3410506646570189	-0.0020588716063375	-0.0002830269094735	-0.2815561158112363	-0.3588303216153025	-0.0020628890962703	-0.0002519170502425	
-0.2535266870112701	-0.2994968373797781	0.0020781218674241	0.0000082059881545	-0.1766785297002197	-0.3127709785786488	0.0020716829706211	-0.0001640770281699	-0.1361099873621850	-0.3332982573034151	0.0020558973076495	-0.0003039803489021	
-0.2347660685014714	-0.0939834493557123	-0.0020581489500716	-0.0002882608484287	-0.1539278581281801	-0.1089050409687315	-0.0020570413707230	-0.0002960997037108	-0.1100631189624360	-0.1283894442871568	-0.0020730232797283	-0.0001460762574183	
0.0404899459826068	-0.1764413188924608	-0.0020678049444245	0.0002074962151277	0.1174080673253841	-0.1979701434040113	-0.0020548904500542	0.0003107470855100	0.1621370102144869	-0.2247170219499569	-0.0020419596163401	0.0003870460536497	
-0.0967978116060791	0.4346602135170398	0.0015917268184999	0.0013394027425529	-0.0121762421926017	0.4130557565310999	0.0015339262261870	0.0014055492720806	0.0375361654874284	0.3882926880829618	0.0016748057641893	0.0012333941086237	
0.0201295643855570	-0.0846386844010047	-0.0016037171660488	-0.0013249503428149	0.0996655743848414	-0.1061810385188465	-0.0017105792441222	-0.0011830248233218	0.1455662238749913	-0.1323841263505949	-0.0017385915122566	-0.0011412470973355	
-0.4427319530264590	-0.2943014222476136	-0.0020005708570866	-0.0005638772832001	-0.3584223013659008	-0.3025247122405961	-0.0020150943967426	-0.0005092582292623	-0.3169532321681782	-0.3195714859841642	-0.0020352540398170	-0.0004210482003699	
-0.2452851370969917	0.0253191694789677	-0.0020364051483980	-0.0004154169005971	-0.1630119732571784	0.0088725209863783	-0.0020256196139579	-0.0004654048115692	-0.1174931947828705	-0.0111313816992096	-0.0020374646846771	-0.0004101623817164	
-0.3117218849267272	-0.1751276316812084	-0.0020601657609305	-0.0002733987448516	-0.2296366560593093	-0.1876469936523467	-0.0020102033426297	-0.0005283279814003	-0.1859998285110094	-0.2072482619213733	-0.0017186936540750	-0.0011711455502683	
0.4727522568194304	-0.1480581497694456	-0.0020402509927543	0.0003959981406207	0.5767454137801034	-0.1798777722936399	-0.0020321377951844	0.0004359128687794	0.6431770638800176	-0.2166992971847637	-0.0020243849046561	0.0004707730355789	
-0.2732598552538563	-0.1209114695500569	0.0020669448923627	0.0002159365234062	-0.1921352739124720	-0.1346948429591949	0.0020697826839723	0.0001866296924654	-0.1487220569216122	-0.1538151122642448	0.0020418150654835	0.0003878117017696	
0.0006383165215705	-0.2830812604338325	-0.0017203371362100	-0.0011687179381674	0.0765732327949588	-0.3059951259403822	-0.0015588509933365	0.0013777140808788	0.1211190554493173	-0.3328356327518113	-0.0018091781412418	0.0010250688495229	
-0.4933290231141010	-0.0409262000898186	-0.0020762150498917	0.0000896022211386	-0.3996387822891690	-0.0525062866777434	-0.0020422576005276	0.0003854627384451	-0.3496034025326231	-0.0682676528169063	-0.0016178010473210	0.0013076294543639	
-0.4696955050104205	-0.1082294707296920	-0.0019781627238674	-0.0006384041978405	-0.3784476642664362	-0.1194665187006482	-0.0019170521097864	-0.0008042329095965	-0.3318630476604186	-0.1372295254667626	-0.0017707722921431	-0.0010903877736324	
-0.3408075071514775	0.0118988392888737	-0.0020637745345554	0.0002445199416564	-0.2545697119794393	-0.0026408812653337	-0.0020617282029905	0.0002612937271280	-0.2088529203540347	-0.0202128278857176	-0.0020634905780866	0.0002469166511959	
0.1901526928644759	-0.2572028225807724	-0.0018439269088270	-0.0009608276380500	0.2732716275642091	-0.2872663460673638	-0.0019063012904776	-0.0008295182531125	0.3211002908019276	-0.3221023460371703	-0.0019647854919569	-0.0006786528647541	
-0.3553215025447614	-0.2719855872227513	-0.0020156055062250	-0.0005072213536611	-0.2743771905976642	-0.2831688213286030	-0.0020178208449707	-0.0004982904404677	-0.2336995331084719	-0.3023068821416617	-0.0020212512759869	-0.0004841159358990	
-0.4250335817478909	-0.1726416795790485	-0.0018867575545750	-0.0008732709708877	-0.3375184042176043	-0.1837030023314529	-0.0018579594107034	-0.0009332646811142	-0.2922902027803554	-0.2016964385135785	-0.0015937199048685	-0.0013370187180003	
0.1681772023150832	-0.3115202993030071	0.0020411120142564	-0.0003915134651556	0.2489192274782981	-0.3419302905319316	0.0020737560008889	0.0001352206674259	0.2960398646852569	-0.3771584297678517	0.0020611318864316	-0.0002659797916994	
0.1059661763226165	-0.2782127292129389	-0.0020780565460569	-0.0000184440947411	0.1848189938806958	-0.3046150860224473	-0.0020769148338105	0.0000714682789503	0.2298189359890047	-0.3359491008831496	-0.0020703317535742	0.0001804052406694	
-0.1308906781080377	0.4293498966962139	0.0020445686583273	-0.0003729468427796	-0.0457804829976196	0.4089608688211772	0.0020545437088181	-0.0003130428004125	0.0030709470520078	0.3871686998093588	0.0020571426650997	-0.0002953916121130	
0.3834341190093020	-0.1300063249551610	-0.0020465277055994	0.0003619869790752	0.4790090375323797	-0.1583498473297669	-0.0020400792612808	0.0003968863269088	0.5392452386532811	-0.1919197544544312	-0.0020333020265923	0.0004304221431275	
0.4581262561433221	0.2941450497097537	-0.0020295160707276	-0.0004480199500948	0.5610701738300414	0.2834329576642909	-0.0020276473229784	-0.0004564445717762	0.6244168428495933	0.2616599323953225	-0.0020131331394521	-0.0005169950541593	
0.3990510091834372	-0.1329693296880278	-0.0020370251567932	0.0004123505750277	0.4966023894095357	-0.1619685643565666	-0.0020304137878548	0.0004439132358822	0.5569412484713951	-0.1958316237858501	-0.0020242241344151	0.0004714672898796	
0.2972503633966134	-0.1295057484338037	-0.0020177135713771	-0.0004987268155788	0.3865246377822922	-0.1572475149804423	-0.0020260382728031	-0.0004635697189273	0.4404933842505780	-0.1902298692980186	-0.0020350352426274	-0.0004221097171303	
-0.2441604951382168	-0.2469369641168951	-0.0020171215762887	-0.0005011277253447	-0.1662384099540992	-0.2615013929390776	-0.0020274200767146	-0.0004574579316985	-0.1258378907272694	-0.2829012423536812	-0.0020364098375657	-0.0004153937981956	
0.0664113622080772	-0.3003879089836434	0.0020764572351779	-0.0000837723524849	0.1433090595478129	-0.3252820895570104	0.0020734788366135	-0.0001394268580609	0.1869400818138451	-0.3554913355906672	0.0020683200737294	-0.0002022705454935	
-0.4550789028999964	-0.0799866173098466	0.0020776674256669	0.0000443323477279	-0.3646913166088687	-0.0914139287445487	0.0020779077795500	0.0000310088395836	-0.3179562229551239	-0.1073031988520188	0.0020751446523915	-0.0001117783918234	
-0.3938065027165032	-0.3315804202685621	-0.0020727177980671	-0.0001503697476464	-0.3127440667742308	-0.3402402349770099	-0.0020755993022192	-0.0001029457448610	-0.2732620932964624	-0.3578732578372691	-0.0020724584499843	-0.0001539203899965	
-0.1745508452604297	-0.2313692582740745	-0.0020103995559968	-0.0005275771133087	-0.0976705914025376	-0.2479393447435365	-0.0020297632532600	-0.0004468931299024	-0.0571644635720552	-0.2706857861859960	-0.0020501840285078	-0.0003405593691774	
0.0955805660337473	-0.2781666191625911	-0.0020776054259251	0.0000471621950125	0.1735852510132545	-0.3039820821126168	-0.0020753235008034	0.0001083899814475	0.2183422569544332	-0.3349302800774652	-0.0020737986237659	0.0001345621164384	
-0.2951165577865703	0.0210709020468027	-0.0020709944101466	-0.0001725921067823	-0.2109647195498031	0.0054796622899144	-0.0020645478702164	-0.0002378685352954	-0.1651977704430529	-0.0136258827193671	-0.0020536781511196	-0.0003186997014237	
-0.2836608034007936	0.0215708792062115	-0.0020780547424033	-0.0000186472074053	-0.1994989104788410	0.0061771534591017	-0.0020778616198148	-0.0000339755455027	-0.1548107132480777	-0.0127128896084570	-0.0020767577717393	-0.0000759168315867	
-0.4800748878350170	0.0029476020624628	-0.0020732560606256	0.0001427174356926	-0.3875277727379754	-0.0100308474472612	-0.0020721370045051	0.0001582100425462	-0.3377258920298733	-0.0263633149214911	-0.0020738325208999	0.0001340360642834	
-0.2411858718538487	-0.1599175276954036	-0.0019210736233189	-0.0007945301922904	-0.1609771560397477	-0.1744162860234267	-0.0019884837286874	-0.0006053223834494	-0.1184609485415495	-0.1946452579978336	-0.0020598815113584	-0.0002755428429272	
0.0165522984503789	-0.0874420802870579	-0.0017001524801270	-0.0011980353350703	0.0959657011607352	-0.1086792987585675	-0.0017363953242223	-0.0011446024934479	0.1417742122841006	-0.1348654233856940	-0.0017341241833147	-0.0011480576493750	
0.0023009852299103	-0.4112506953889291	-0.0014638571116244	0.0014787401236603	0.0748361930573058	-0.4395673371826664	-0.0013522755295328	0.0015819209826691	0.1151160925948043	-0.4751362548237480	-0.0013734527021354	0.0015634774706796	
-0.4342052794322553	-0.2921093549925434	-0.0020228404211112	-0.0004773985938176	-0.3500780367718700	-0.3004447056623018	-0.0020251443476559	-0.0004674788425486	-0.3086051615378692	-0.3176953998363871	-0.0020249949488204	-0.0004681288108391	
-0.1755594531647305	-0.2973675432853024	0.0020779741067474	0.0000261633363944	-0.1007946167338173	-0.3134712031292513	0.0020755521953290	-0.0001038958766479	-0.0602709379821191	-0.3363233487563339	0.0020704732960403	-0.0001787652565259	
-0.2597172436785952	-0.4252405753627148	-0.0020139285038759	-0.0005138724253500	-0.1870234857458105	-0.4427627974014783	-0.0019987683391150	-0.0005702653424014	-0.1506418165674950	-0.4709674676341517	-0.0019793504669279	-0.0006346935316111	
-0.2826250940684354	0.0215837745736099	-0.0020781316119406	-0.0000051608918142	-0.1984607942608840	0.0061924210515985	-0.0020780399233468	-0.0000202389742211	-0.1537744278090957	-0.0126830752913100	-0.0020772991646049	-0.0000591872417782	
-0.2421105502120174	0.4530815537502519	0.0020395217290703	-0.0003997557406786	-0.1548454911912726	0.4290027837963272	0.0020477079333846	-0.0003552157816114	-0.1038633045889655	0.4055354881011172	0.0020525881927333	-0.0003256801581239	
-0.3449697870227341	-0.2947207861837697	0.0020716059152291	0.0001650519076871	-0.2649672857929941	-0.3053026253147519	0.0020733200866848	0.0001417795768670	-0.2244364493078909	-0.3239157306579836	0.0020729238706619	0.0001474872232316	
-0.1381074677204667	0.4307200476817555	0.0020446120199528	-0.0003727078565607	-0.0530345198716220	0.4101305896493280	0.0020535619535354	-0.0003194513113218	-0.0042055730744381	0.3881880811057156	0.0020565327198824	-0.0002996295753067	
-0.2419200617612154	-0.4202942508443452	-0.0019713968556372	-0.0006591023422162	-0.1693785232759227	-0.4385039381623196	-0.0020141878895547	-0.0005128496886238	-0.1330750137838016	-0.4663197932902287	-0.0020253232180449	-0.0004666994026671	
-0.3024373641296612	-0.1735886248133940	-0.0020457780522637	-0.0003662208922346	-0.2213206306155826	-0.1864751494783995	-0.0020548045318519	-0.0003113175492205	-0.1776780434647421	-0.2049283088443608	-0.0020674561402526	-0.0002109604147876	
-0.0602727843631030	-0.2197009382300465	-0.0020744955070250	-0.0001232948254998	0.0166178058178936	-0.2386148222409558	-0.0020753873574370	0.0001071541447962	0.0590772131188297	-0.2629855788185974	-0.0020695135785958	0.0001896051831700	
-0.6016506450618365	-0.3519764981500957	-0.0018515388447565	-0.0009460017322615	-0.5080897175215515	-0.3542475645570398	-0.0019190154568539	-0.0007995131869697	-0.4644347094344154	-0.3681664712513440	-0.0020059976440632	-0.0005441561787618	
0.0488471379302436	-0.3375426436678952	-0.0020695760999050	-0.0001889181003919	0.1247361151722278	-0.3637876087512226	-0.0020760816693847	-0.0000926561714815	0.1672678615379616	-0.3956281388095863	-0.0020773456393182	0.0000575245775892	
-0.0488245364270926	0.4333632948955845	0.0020473732462457	-0.0003571493860144	0.0344055339276454	0.4149624427308757	0.0020773058191546	-0.0000589520496336	0.0840456074345910	0.3932408331440784	0.0020773613171988	-0.0000569527342212	
-0.3459721124431960	-0.2699372991428500	-0.0020421059429568	-0.0003862693987074	-0.2659887898292602	-0.2812938024258553	-0.0020419361854820	-0.0003871702672896	-0.2243881959696915	-0.3001675885162438	-0.0020393742558027	-0.0004005111630466	
0.0290758550388310	-0.2967157893444363	0.0020748419643362	-0.0001172895940193	0.1049021651862976	-0.3204304033985676	0.0020700733566111	0.0001833610509205	0.1475450383142990	-0.3499713527425273	0.0020544419009217	0.0003137135896349	
-0.0082221448607730	-0.4009572472358513	-0.0016296951605382	0.0012927007892394	0.0635716001245078	-0.4300237736541468	-0.0018391797083131	0.0009699287227277	0.1025180251655982	-0.4649239008394769	-0.0016842183268829	0.0012204448859372	
-0.6088672507487747	-0.3553555678302567	-0.0019193152168056	-0.0007987897083969	-0.5154059283364876	-0.3568096331436425	-0.0020188954294005	-0.0004938966030781	-0.4706725377770959	-0.3692932733116602	-0.0020733888301784	-0.0001407656281949	
-0.0633734891223083	0.4344181735676170	0.0020657586910247	-0.0002270580154774	0.0207918792497447	0.4156728838341091	0.0020616067787604	-0.0002622548209376	0.0695511930321921	0.3945434004672480	0.0020083433259944	-0.0005353899878760	
0.2930855369821476	-0.1305140619219747	-0.0020159924898688	-0.0005056733417570	0.3813588132601884	-0.1584353420189915	-0.0020253308661833	-0.0004666660448261	0.4353020191016057	-0.1912908088876201	-0.0020341361511048	-0.0004264428290562	
0.0032515369778645	-0.0970277452390041	-0.0015954475338367	-0.0013349463552165	0.0828066383334372	-0.1183500460753825	-0.0015686286270107	-0.0013665151483717	0.1281706325935743	-0.1452825257938915	-0.0015449432886508	-0.0013933696013599	
0.1372149936154194	-0.3401010742475254	-0.0020764769472595	0.0000832798549290	0.2161187769201777	-0.3695358943836147	-0.0020726458661782	0.0001513629334710	0.2618502900388384	-0.4040117915964918	-0.0020645569496730	0.0002377893235010	
-0.2077696216680529	-0.3320158883142658	-0.0020758109547420	0.0000985635386799	-0.1330426712951189	-0.3471100678694864	-0.0020683218231412	0.0002022525664986	-0.0935129639546888	-0.3697738280364883	-0.0020665453763434	0.0002197458646210	
0.4810703744608451	0.2990361547310240	-0.0020325264917002	-0.0004340877778087	0.5859638748085085	0.2888353711735655	-0.0020307977441000	-0.0004421445771207	0.6515585612064574	0.2673913385423384	-0.0020473814839787	-0.0003571019232178	
-0.2088254497995136	0.0261869297374565	-0.0020668564778287	0.0002167853777069	-0.1267229882612605	0.0106620922991739	-0.0020604909983553	0.0002709242930381	-0.0820992114140382	-0.0084382213204713	-0.0020685890936465	0.0001994865687269	
-0.2659271522151060	0.4577513954356235	0.0020448759787013	-0.0003712496278527	-0.1776188832892416	0.4327698463586088	0.0020553399074946	-0.0003077452341188	-0.1268137428729569	0.4089836027736020	0.0020565260993012	-0.0002996752401560	
-0.1319025296854592	0.4295055609215397	0.0020447624614192	-0.0003718774730286	-0.0467975254543243	0.4091088605264620	0.0020545901889279	-0.0003127360640162	0.0020484679131449	0.3872864497818113	0.0020573415890496	-0.0002939959822590	
-0.1599321330463758	0.4348815945657666	0.0020327995348367	-0.0004328009155365	-0.0747860898511140	0.4137437463015127	0.0020367688919841	-0.0004136208325929	-0.0249401907265819	0.3916431518717898	0.0020322087436249	-0.0004355803330289	
-0.2462576368418471	-0.3336666323912035	-0.0020773181549512	-0.0000585135624154	-0.1703907647377176	-0.3475371540031337	-0.0020769083147977	0.0000716584208975	-0.1309581204365837	-0.3692072563666551	-0.0020714898238434	0.0001665098130793	
0.0011479012834463	-0.2823684900346888	-0.0018635808490251	-0.0009219315718563	0.0765732327949588	-0.3059951259403822	-0.0015588509933365	0.0013777140808788	0.1211190554493173	-0.3328356327518113	-0.0018091781412418	0.0010250688495229	
-0.3003582241539538	-0.2628236401252704	-0.0020498182266676	-0.0003427651975037	-0.2213899145712000	-0.2752964352973034	-0.0020693915226561	-0.0001909393424200	-0.1807953783821401	-0.2947787426579624	-0.0020728648967506	-0.0001483178963931	
-0.0219922109371984	-0.3380460381049721	-0.0020381803353520	-0.0004065732890215	0.0518223908749936	-0.3609700805040821	-0.0020504180718042	0.0003391403262833	0.0945176175966476	-0.3893769790792999	-0.0020125661409550	0.0005192088968425	
0.3906811255063198	-0.1313352432124846	-0.0020418595958814	0.0003875760028654	0.4873721194757619	-0.1600185365772070	-0.0020355872879258	0.0004194260308820	0.5475948664893453	-0.1937098408707894	-0.0020302202744378	0.0004448018457819	
-0.3792594184833080	-0.3302339587922100	-0.0020727630476102	-0.0001497415801140	-0.2992523776913776	-0.3395020986672524	-0.0020748652332829	-0.0001168751733666	-0.2587356392112283	-0.3574626074984964	-0.0020774495526231	-0.0000536206782553	
-0.2505302001286266	-0.2048743826723763	0.0019948690460701	0.0005838260720144	-0.1712975194032188	-0.2192340760871807	0.0020008862415831	0.0005627515216343	-0.1298232804288875	-0.2398112771110446	0.0020182888851379	0.0004963817527617	
0.1676959166331218	-0.1127539743894129	-0.0018506858835249	-0.0009476776564914	0.2499997558521866	-0.1383040921406295	-0.0020728065216437	-0.0001491355555702	0.2999970841610063	-0.1675597892073052	-0.0018083591154716	0.0010265202556692	
0.0716798865598515	-0.1789173583527316	-0.0020578959615772	0.0002900704083666	0.1496240261491613	-0.2019314964271381	-0.0020509666952013	0.0003357897863642	0.1943181509420860	-0.2298571140673629	-0.0020442468658744	0.0003747154713775	
-0.2857164473523467	-0.2136559590513047	0.0020375557029401	0.0004097077266460	-0.2058078919522828	-0.2268038950750361	0.0020354541721680	0.0004200747887412	-0.1641228868445715	-0.2460275237801453	0.0020477288239929	0.0003550947296497	
-0.3991272839322155	-0.3059998260423676	0.0020173318539801	0.0005002763181239	-0.3170661014843295	-0.3152679369158598	0.0020432860797490	0.0003799455095151	-0.2764709807902906	-0.3330804797166280	0.0020585359217803	0.0002854703154414	
-0.4828392257722606	-0.3263652943340852	-0.0013845610531939	-0.0015535995107807	-0.3959371631917014	-0.3342776048055573	-0.0018516339890602	-0.0009458145578071	-0.3542991488508005	-0.3511514244051469	-0.0019889944333667	-0.0006036337481588	
-0.3907328448492974	0.4777909032592046	0.0020560213331509	-0.0003031361355002	-0.2971207554781798	0.4484175934439029	0.0020625935885606	-0.0002543372078985	-0.2431357501588235	0.4229786543800328	0.0020649312494384	-0.0002345002300941	
-0.2234026553508190	-0.2988457329700019	0.0020757216174083	0.0001004366206146	-0.1475446865900459	-0.3134040581401816	0.0020780205869871	-0.0000221445586070	-0.1070073074132180	-0.3350676655950741	0.0020757074399846	-0.0001007306605734	
-0.0894625866053086	-0.2773552715271609	-0.0020780991891205	0.0000127305205631	-0.0144099442190133	-0.2963699264952851	-0.0020746732963877	0.0001202507501723	0.0271008326592487	-0.3214913766960036	-0.0020683902848119	0.0002015477031181	
0.1101230753297445	-0.2094170097517910	0.0020761138741484	-0.0000919281034231	0.1889219982173824	-0.2338502440347514	0.0020712944598083	-0.0001689346640550	0.2348879995885607	-0.2633207067936364	0.0020638647234749	-0.0002437537094683	
-0.0603215782481864	0.4341241265875737	0.0020709481925291	-0.0001731485616240	0.0238500389434102	0.4153751546952013	0.0020735646426325	-0.0001381384306648	0.0727627177145801	0.3938748523046423	0.0020566287713044	-0.0002989662682375	
0.2006165762095994	-0.2917458682325432	-0.0019763890161779	-0.0006439015868773	0.2827224586371518	-0.3230769110713740	-0.0019207135049236	-0.0007954047088211	0.3315380266862230	-0.3595740254090711	-0.0019139071254557	-0.0008117260599982	
0.0965789123666889	-0.3366735796973809	-0.0020537527094627	0.0003182164724180	0.1734526195791087	-0.3638145104394983	-0.0020493112112297	0.0003457986511337	0.2182539380506487	-0.3966769477068597	-0.0020486958038044	0.0003494442395484	
0.0426695138756014	-0.1428704063187915	0.0019963700316871	0.0005786467821644	0.1226102763140970	-0.1635423633463709	0.0019692729372672	-0.0006654528225902	0.1693688409885676	-0.1884906425531042	0.0010203114474090	-0.0018149464577072	
-0.4135823170601778	-0.3341216781042951	-0.0020417035353745	-0.0003884013791516	-0.3314773802744267	-0.3425324576485130	-0.0020549662236773	-0.0003102430875656	-0.2919573660266057	-0.3599251703391119	-0.0020719118500722	-0.0001611463298341	
-0.0030370250180516	-0.2977882993660535	0.0020780267855185	0.0000215520560075	0.0718132860989588	-0.3206339164479859	0.0020706086190157	0.0001771830352900	0.1141885083991918	-0.3491760332394746	0.0020773743525936	0.0000564728623660	
0.0029980287883763	-0.2981918895289612	0.0020616565687491	-0.0002618611580597	0.0781012345364099	-0.3205590412671358	0.0020732744910077	-0.0001424481018464	0.1205424093021320	-0.3489430269947210	0.0020781139193303	-0.0000100268524800	
-0.3168471589406943	0.0155040218761356	-0.0018195271287096	-0.0010064912911016	-0.2315735797937126	-0.0012826210723944	-0.0018305194271125	-0.0009862562828027	-0.1857600755739068	-0.0213280015408051	-0.0020180779175129	-0.0004972430494519	
-0.3595142470001290	0.0133671805461982	-0.0020779210575971	0.0000301013386676	-0.2732657335386896	-0.0013938279412425	-0.0020771520049539	-0.0000641681995427	-0.2265280178822782	-0.0195415787565035	-0.0020709197407676	-0.0001734902238876	
-0.3584697260570026	-0.0460249194210282	0.0020772350777855	0.0000614061348209	-0.2732540656681820	-0.0596305947393395	0.0020753443135157	0.0001079887445516	-0.2275560820628070	-0.0770795056634215	0.0020701947514225	-0.0001819784376020	
-0.1672516888794828	0.4367455944864420	0.0019945624714357	-0.0005848778195566	-0.0820920544086153	0.4155608126637271	0.0019956309915634	-0.0005812031633802	-0.0322172896250942	0.3936079823117157	0.0019814326820805	-0.0006281300731707	
-0.3242396504512622	0.4673667490467304	0.0020518257495872	-0.0003304733183552	-0.2338160827126207	0.4404187299501862	0.0020621435805419	-0.0002579784342688	-0.1818002352417994	0.4159476182238555	0.0020658473477945	-0.0002262459144017	
-0.1028716228023987	-0.2405084959351017	0.0020731288619608	-0.0001445625174310	-0.0269908313573423	-0.2579139208252165	0.0020669284949727	-0.0002160942068227	0.0145595119685796	-0.2811444112418817	0.0020657883028551	-0.0002267870967353	
-0.1817851399317980	-0.2973168322830534	0.0020774722977622	-0.0000527275994987	-0.1060109247976611	-0.3131419942255494	0.0020734499003089	-0.0001398586653586	-0.0664892645589643	-0.3357347965866819	0.0020687478313202	-0.0001978253067803	
-0.5059714344328694	0.0029122597526552	-0.0020630662322067	-0.0002504549588245	-0.4113592049076404	-0.0106829283297054	-0.0020493075091102	-0.0003458207001686	-0.3618255736519245	-0.0277871498763980	-0.0020095829847060	-0.0005306944943632	
-0.0353248161332304	-0.2781680508101307	-0.0020776093683403	0.0000469873285669	0.0405252383330861	-0.2991217172115843	-0.0020754893283987	0.0001051504772684	0.0820913516770571	-0.3259353765536101	-0.0020726122360203	0.0001518250348688	
-0.3012250984002118	-0.2169556887777673	0.0020053331467085	0.0005466121200972	-0.2201781924850097	-0.2304838975422506	0.0018477822398390	0.0009533549897672	-0.1746999673425505	-0.2485690331502837	0.0018880584935460	0.0008704405772773	
-0.3252574043781692	-0.2663555864113006	-0.0020478633244235	-0.0003543143383778	-0.2452261407914936	-0.2780661010368828	-0.0020563103333360	-0.0003011595960320	-0.2046571587565522	-0.2972436617095713	-0.0020633197215853	-0.0002483474478944	
-0.3160182998452500	-0.0641713434429523	0.0020660860182503	0.0002240448757454	-0.2324197172542303	-0.0785961004284692	0.0019507494677319	0.0007181945353423	-0.1865416631955942	-0.0983966957873211	0.0013751557663053	0.0015619722501323	
0.0841856319528158	-0.3352707517079651	-0.0020742176506675	0.0001279067287416	0.1610661031907223	-0.3624051673050631	-0.0020744096650799	0.0001247379134876	0.2046685085844072	-0.3950859410307230	-0.0020750563474991	0.0001134139613856	
-0.4805531993884640	-0.3226412665092588	-0.0008641862343797	-0.0018946559511522	-0.3918982332703907	-0.3310918746892705	-0.0012860999842311	-0.0016364424843724	-0.3511786033860227	-0.3500685226437562	-0.0019263622854059	-0.0007815552264061	
-0.1892970875906317	-0.2764439762119202	-0.0020540973578296	0.0003159728973082	-0.1131284110877918	-0.2913852464341218	-0.0020468824348917	0.0003599656250256	-0.0726638560209742	-0.3133589451276920	-0.0020699012867890	0.0001853030112297	
-0.2961097972360466	-0.2927948989417182	0.0020718386403013	-0.0001620895473311	-0.2181341977142102	-0.3044117360263792	0.0020762222015722	-0.0000894355212350	-0.1776629495547261	-0.3240307528747168	0.0020761176882110	-0.0000918414941333	
-0.3865550956437513	-0.3308906235320682	-0.0020680417377609	-0.0002051107884347	-0.3065347945790271	-0.3399491426786559	-0.0020755962052434	-0.0001030084797398	-0.2660239810526346	-0.3575872535242534	-0.0020779305730745	-0.0000294337851051	
-0.5455582609029642	-0.3408852510894032	-0.0019484218513357	-0.0007245168053871	-0.4561321937920314	-0.3447168326598147	-0.0020125764606897	-0.0005191686933982	-0.4135252983362386	-0.3592769112678320	-0.0020485672500694	-0.0003502008450974	
-0.4033142216941529	-0.3069497765321875	0.0020310255641549	0.0004410916340860	-0.3209627199506387	-0.3159477229649159	0.0020519128550824	0.0003299293355193	-0.2804958097433390	-0.3335807580737035	0.0020612386204163	0.0002651472229279	
0.1184434920698644	-0.2783087326323412	-0.0020769330969021	0.0000709328767656	0.1974544817687538	-0.3049375621914052	-0.0020766615121261	0.0000785186180669	0.2431063011866242	-0.3366557392092508	-0.0020757319281570	0.0001002222324408	
-0.3823623606581555	-0.3304775851497428	-0.0020689193844441	-0.0001960139502210	-0.3023690801768283	-0.3397046335515234	-0.0020744447962138	-0.0001241493593172	-0.2618595373504303	-0.3575263940870052	-0.0020777628479674	-0.0000395834720163	
0.0924826708563822	-0.2781077288219271	-0.0020777962385648	0.0000377809476592	0.1704950319074433	-0.3038563412407754	-0.0020769144254019	0.0000714802059904	0.2150067721783165	-0.3347424756065220	-0.0020758031184636	0.0000987292622804	
-0.3574348161138138	-0.2960898939920892	0.0020546820692742	0.0003121288102878	-0.2774221184560086	-0.3066288749830230	0.0020554799439582	0.0003068038176541	-0.2368935317473282	-0.3253133990561388	0.0020543664506680	0.0003142097690155	
0.2525459335649239	-0.1407952458865462	-0.0020156338299102	-0.0005071082236020	0.3388209627268055	-0.1680095354767001	-0.0020279376958147	-0.0004551462620525	0.3907662698263876	-0.2002968429473880	-0.0020355291806301	-0.0004197093532863	
-0.0913351043544723	0.4372296571860675	0.0020768488501964	-0.0000733700712185	-0.0073282014000581	0.4167707319678161	0.0018603860933179	0.0009283935307877	0.0415499945555533	0.3916879072916738	0.0015512860691645	0.0013862690310683	
-0.5911766203554694	-0.3463370243002535	-0.0018608841897858	-0.0009273897331120	-0.4976747567098693	-0.3492020332726501	-0.0018477930548734	-0.0009533339229521	-0.4541352903125729	-0.3642723140462106	-0.0018910045291531	-0.0008639894724420	
0.4800795670732552	0.2988338462294874	-0.0020326901982595	-0.0004333167023473	0.5849740990151573	0.2886313936686908	-0.0020307310555920	-0.0004424523029122	0.6505550882015572	0.2672270792941694	-0.0020452745037153	-0.0003690367171145	
0.3263184312195064	-0.1232744376318858	-0.0020637116101291	-0.0002450530999336	0.4166688947350923	-0.1510547066046480	-0.0020527559039421	-0.0003246160906520	0.4727235260923766	-0.1840702385951090	-0.0020504346559981	-0.0003390395420934	
-0.1309586753072849	-0.3832180986661480	-0.0019794641192694	-0.0006343372116363	-0.0583068772106482	-0.4059261920684403	-0.0020241576067354	-0.0004717542614551	-0.0206226960200666	-0.4368595233602506	-0.0020325945145350	-0.0004337675569410	
-0.2161085816222117	-0.2982831872209011	0.0020677648015465	0.0002078978693255	-0.1402756569461521	-0.3133177097533951	0.0020766210481927	0.0000795868888276	-0.1007842777394502	-0.3352911298425036	0.0020777967835525	-0.0000377508135168	
-0.2453774904760156	-0.0953704790774763	-0.0020766601019867	0.0000785560912090	-0.1641994926835110	-0.1091610739624354	-0.0020775349696778	0.0000501845976891	-0.1216656158003457	-0.1296849017735591	-0.0017495903899440	-0.0011242271927260	
-0.0743434269699391	-0.2961594525413045	0.0008696539686256	0.0018921399355341	0.0003481873019223	-0.3191337778505777	0.0020288408540186	0.0004510829907767	0.0412762508311025	-0.3453852636695798	0.0020746039490053	-0.0001214472105014	
0.0187056661488029	-0.1730521706531261	-0.0020472068879080	0.0003581064947334	0.0955995691499825	-0.1938192052281034	-0.0020623709013632	0.0002561456435863	0.1382777134310984	-0.2201891718203615	-0.0020647113107141	-0.0002364385189625	
-0.2232836833981036	-0.4127825617620995	-0.0019299760948115	-0.0007725430295802	-0.1497296899542184	-0.4320342219079951	-0.0019505174280745	-0.0007188276365934	-0.1121063395207963	-0.4607135554046674	-0.0019837980652258	-0.0006205812950564	
-0.2089480685951983	-0.4080255088177082	-0.0020035957593262	-0.0005529780657305	-0.1362349208600856	-0.4277007376600583	-0.0020092567805348	-0.0005319343678002	-0.0976221264757230	-0.4564417936402005	-0.0020099914556641	-0.0005291375504210	
0.0171489338822491	-0.0871039021116407	-0.0016933865712817	-0.0012076274199204	0.0965618574112392	-0.1082685425387217	-0.0017375807990681	-0.0011427930431195	0.1424119929969307	-0.1344370010221351	-0.0017380164466815	-0.0011421270610643	
-0.4509833485428343	-0.1041148941110199	-0.0018620451600639	-0.0009250447928038	-0.3615685478675971	-0.1157221625914529	-0.0020276625259605	-0.0004563766927131	-0.3148784567143413	-0.1320497789259302	-0.0020613606899566	-0.0002641917611502	
-0.0248641837616070	-0.3914554340293642	-0.0016565551764518	0.0012579207839889	0.0468401768236609	-0.4175382294187547	-0.0015820457267746	0.0013508808644121	0.0884572603328144	-0.4518635937104420	-0.0014874702342299	0.0014548654278046	
0.3304219289538078	-0.1228935397375173	-0.0020747504566040	-0.0001189052968927	0.4219092502865034	-0.1503910693606028	-0.0020683427225667	-0.0002020376547410	0.4769451501817272	-0.1834158943520681	-0.0020588638405309	-0.0002830836786377	
-0.2834248967912171	-0.1223642868181122	0.0019977125984902	0.0005739711932081	-0.2013255094298550	-0.1369105453069203	0.0018869052243656	0.0008729502522137	-0.1577398389090637	-0.1576039739731127	0.0015842421169773	0.0013482914709931	
0.0852159546171517	-0.3353393761019488	-0.0020725821294904	0.0001522375229633	0.1620981188652755	-0.3624729782821737	-0.0020727658644593	0.0001497023881778	0.2056984380945147	-0.3951359818605281	-0.0020736339317646	0.0001370891376510	
-0.3157518274401739	-0.4432087738762935	-0.0019320568733624	-0.0007672981602923	-0.2411112853658559	-0.4591769629834193	-0.0019823754019029	-0.0006251335227065	-0.2047428680573403	-0.4851999429785667	-0.0020370060541975	-0.0004124454035457	
0.1018317950909743	-0.3374868026047770	-0.0020560600101913	0.0003028723779086	0.1796449026878706	-0.3649775079088125	-0.0020404353531676	0.0003950423319930	0.2244623125689107	-0.3978400093976822	-0.0020327619661812	0.0004329782151696	
-0.2941097662587504	-0.4362703029604497	-0.0019982213182589	-0.0005721887304877	-0.2203582409484977	-0.4527429107976440	-0.0020197305133493	-0.0004904532381327	-0.1828229154079772	-0.4795634135622116	-0.0020283374171209	-0.0004533526477726	
-0.2607288623822158	0.4567194785911349	0.0020427834609963	-0.0003826520702785	-0.1725329138992075	0.4319348146374200	0.0020542909452354	-0.0003147055099101	-0.1226065476431545	0.4083624610749609	0.0020564832809700	-0.0002999704042438	
0.4082748634624611	-0.1348593340582908	-0.0020365638921900	0.0004146340626599	0.5061114860270801	-0.1640992343977074	-0.0020286557878811	0.0004519187194827	0.5672550677459425	-0.1983287390681988	-0.0020195955723820	0.0004910113828861	
-0.0149814627133252	-0.1578911601017279	0.0014285135489159	0.0015130799084899	0.0632146957225480	-0.1799121830516948	0.0015727884286099	0.0013617013472146	0.1060190296582401	-0.2077896837620472	0.0019666825378749	0.0006731078650339	
0.0007008311885525	0.4081783058285943	0.0013831398038686	-0.0015548712890216	0.0837956056429427	0.3914647221095157	0.0020757631378889	0.0000995704784683	0.1342959936353516	0.3699482678374632	0.0019669748970008	-0.0006722487634277	
-0.2670015298506833	-0.4272916811044524	-0.0019795620599461	-0.0006340299734175	-0.1932707519224022	-0.4447717148327897	-0.0019651632049080	-0.0006775528666302	-0.1559184876254898	-0.4726428624483720	-0.0019831934802347	-0.0006225203082869	
-0.1537514301704800	-0.0572962291799435	-0.0006927868667251	0.0019641592010698	-0.0754771227010567	-0.0752559478056501	0.0019825877501114	-0.0006244563662602	-0.0276603137762428	-0.0960816928635369	0.0019069712768807	-0.0008279691427246	
-0.5153424020656482	-0.3336055802850947	-0.0020700659246362	0.0001834453554748	-0.4281600450223211	-0.3370813883232225	-0.0020770833329641	0.0000663646413396	-0.3854292808600074	-0.3514738924708203	-0.0020691351478022	-0.0001937115338750	
-0.1267678494869314	-0.3358055400504590	-0.0020776507227572	0.0000451121981526	-0.0529997425746961	-0.3542655610466053	-0.0020697213392446	0.0001873121729299	-0.0125284694660948	-0.3796763207183482	-0.0020573074693846	0.0002942358422451	
-0.4501730016705966	-0.1037242704849033	-0.0017804494512455	-0.0010744336720308	-0.3605950107263317	-0.1155072910932665	-0.0020114472989354	-0.0005235481383786	-0.3148784567143413	-0.1320497789259302	-0.0020613606899566	-0.0002641917611502	
0.2474302767877110	-0.1420951613983860	-0.0020161912205788	-0.0005048764187701	0.3336597640564665	-0.1691769253377430	-0.0020283904972343	-0.0004531139080419	0.3845803348128320	-0.2015355179269415	-0.0020359658389603	-0.0004175753688220	
-0.0862354931105065	-0.2406336669744771	0.0020225735055609	0.0004785338096013	-0.0105471872600372	-0.2590499322992421	0.0020772965192872	-0.0000592804759999	0.0311143099566437	-0.2830931684819423	0.0020736916613516	-0.0001362086988963	
-0.3480243636470035	0.4712344230626873	0.0020521051030560	-0.0003287254590436	-0.2566876916876717	0.4434481786418343	0.0020610289179184	-0.0002667804851895	-0.2036801676478163	0.4185448066365357	0.0020633362794909	-0.0002482091537884	
-0.2577005358888383	0.4561814023144639	0.0020414594960616	-0.0003896884295397	-0.1693454850543390	0.4314165651757878	0.0020526174457280	-0.0003254948150714	-0.1195389985027776	0.4079630321186888	0.0020564992495680	-0.0002998603609256	
-0.2369420575631572	0.0265438977312001	-0.0020671991175505	-0.0002134767364769	-0.1548211479030508	0.0104155424041039	-0.0020586506231886	-0.0002846378220058	-0.1091037032978995	-0.0093662101488173	-0.0020470208766427	-0.0003591735606629	
-0.1565966301340728	-0.1212460480835042	-0.0013048361343247	-0.0016214674873144	-0.0768801991524615	-0.1395993835073721	-0.0014527805797374	-0.0014896779238413	-0.0361747224962687	-0.1640167292044050	-0.0006225210445822	0.0019876632618473	
-0.0259086332915273	-0.2784869295128669	-0.0020758924269467	0.0000968237025381	0.0498438512345435	-0.2997221633741321	-0.0020722284848446	0.0001570012471018	0.0914269352731184	-0.3267193271046862	-0.0020682516141216	0.0002029728537512	
-0.1590278654715247	-0.2971656091120091	0.0020746905047674	-0.0001199519971643	-0.0841958273708449	-0.3137752787649016	0.0020767083127901	-0.0000772646089766	-0.0436096439880299	-0.3371906855427975	0.0020767553573099	-0.0000759831816054	
0.0083122288769160	-0.2989605207255804	0.0020667991189977	-0.0002173342785448	0.0839997665567900	-0.3212540250138021	0.0020495363755136	-0.0003444548921204	0.1269966670013006	-0.3495735233867515	0.0020556092899925	-0.0003059316383588	
0.4470094625595642	0.2911727025247068	-0.0019447614222445	-0.0007343341645831	0.5485038404033098	0.2793815627662354	-0.0018103274705618	-0.0010230275247123	0.6125662529025684	0.2557123367516646	-0.0014366206614503	-0.0015053459931205	
0.4832847986531079	0.2995097469049796	-0.0020320882454047	-0.0004361449516376	0.5881765365020775	0.2893213394700187	-0.0020310559985528	-0.0004409507724748	0.6535726709198164	0.2677179379562833	-0.0020522861186827	-0.0003275877730258	
-0.1413099371977748	0.4312698167208092	0.0020445202595558	-0.0003732134043558	-0.0560865608149280	0.4105756051814790	0.0020536925737897	-0.0003186062834727	-0.0072563510165691	0.3886645971595065	0.0020560517104975	-0.0003029289973372	
-0.0623580139949993	0.4343120882474536	0.0020683845002693	-0.0002016073554668	0.0218056926628575	0.4155542964946253	0.0020677268473811	-0.0002082769045784	0.0707727555891431	0.3942125713475961	0.0020305468662307	-0.0004433010595916	
0.0038304663871477	-0.2810136325168205	-0.0017926027537415	-0.0010539288106835	0.0801091799740912	-0.3052877703991285	-0.0019527655705696	-0.0007126668956981	0.1227125903888269	-0.3334396899281706	-0.0018861826125201	0.0008745183075473	
0.0228625087739711	-0.3372642281441593	-0.0020678739122619	0.0002068043097682	0.0976657534875877	-0.3615128691910562	-0.0020564087838096	0.0003004832376541	0.1402852240970657	-0.3916142471673041	-0.0020522050209824	0.0003280979735269	
-0.2161041757258952	-0.2409548511607337	-0.0020050088940408	-0.0005478062466694	-0.1392327100897575	-0.2564088345208663	-0.0020448773863965	-0.0003712418352406	-0.0976743144364598	-0.2780083210724204	-0.0020585642230878	-0.0002852651369449	
-0.1801785002259924	0.0345387005769450	-0.0000049720299977	-0.0020833273705627	-0.0967127282466731	0.0167027087260873	-0.0001363490861450	-0.0020788443022325	-0.0559453713935117	-0.0075051587543229	-0.0019548730582424	0.0007068363148652	
0.1132064719153287	-0.1797377467769574	-0.0020294601173520	0.0004482746101315	0.1922493888653315	-0.2035404279800268	-0.0020595158977775	0.0002782759527481	0.2389836698140688	-0.2331030631514513	-0.0020704707601772	0.0001787947716736	
0.1142717197564930	-0.3388607453523749	-0.0020715078488902	0.0001662842935132	0.1921458439060816	-0.3671274494280637	-0.0020582184528208	0.0002877616819577	0.2370295234153108	-0.4005443453845773	-0.0020421848325657	0.0003858500061183	
-0.0613066494810341	-0.2197424559456793	-0.0020773965095997	-0.0000556476957158	0.0155834739997404	-0.2385581064430647	-0.0020741872523822	0.0001284011953356	0.0580446872583203	-0.2628819390946668	-0.0020701769361197	0.0001821820051434	
0.0083523417701575	-0.2417304500814221	0.0020421199419274	0.0003861950118627	0.0848144255040663	-0.2641912643440431	0.0020055468888503	0.0005458234365794	0.1278925808529338	-0.2927641828400873	0.0010161777765094	0.0018172756984236	
-0.1861015028111809	-0.4017292160015972	-0.0019762866286422	-0.0006442173424821	-0.1143733682321836	-0.4226066291151190	-0.0020200454654516	-0.0004891479052657	-0.0769061105929748	-0.4520076839536409	-0.0020379467210534	-0.0004077485108107	
0.2050262421393426	-0.2898177887817655	-0.0017706559848765	-0.0010905775776045	0.2873440177823606	-0.3213965433089903	-0.0019551510376520	-0.0007060631901598	0.3366906533128990	-0.3573394880344492	-0.0019149118702297	-0.0008093410601414	
-0.2409912191593033	-0.1596264938973515	-0.0018774867895713	-0.0008931261492974	-0.1609771560397477	-0.1744162860234267	-0.0019884837286874	-0.0006053223834494	-0.1184609485415495	-0.1946452579978336	-0.0020598815113584	-0.0002755428429272	
-0.1672425949818489	-0.2293450634305861	-0.0019884389518477	-0.0006054701920139	-0.0903434858376486	-0.2462567588215618	-0.0020218364783805	-0.0004816537862914	-0.0499082414823188	-0.2693248110114921	-0.0020354797347374	-0.0004199502871028	
-0.0932913710686903	0.4370442641193808	0.0019757150425029	0.0006459769364285	-0.0092926316143465	0.4155251087600607	0.0016367480742195	0.0012837141639098	0.0408211358108702	0.3911762180652186	0.0015339724699386	0.0014054985502869	
-0.3709952285718152	-0.2986390284987974	0.0020304453741919	0.0004437680150540	-0.2899790306114224	-0.3089211707510265	0.0020295705104742	0.0004477720332697	-0.2494796633005968	-0.3276630526684606	0.0020298361463573	0.0004465602661976	
-0.1059854383232216	-0.3364353084781251	-0.0020642951712801	0.0002400625285646	-0.0322098084229110	-0.3554815157787607	-0.0020682897137150	0.0002025823038415	0.0072697090192395	-0.3814418607889572	-0.0020692861396597	0.0001920837374531	
-0.1049730179765008	0.0353719885159444	-0.0020520109048613	0.0003293159017722	-0.0247196302303306	0.0192427062152986	-0.0020574142201235	0.0002934847224094	0.0207934303292928	-0.0009999201616577	-0.0020642080031278	0.0002408146449728	
-0.4177435946246174	-0.2883863312149453	-0.0020342941248310	-0.0004256848174654	-0.3345063627003450	-0.2971717299616254	-0.0020402021736048	-0.0003962508408752	-0.2930158007111162	-0.3145900015895102	-0.0020444602508948	-0.0003735436357922	
-0.3345807611307107	0.0114680472702099	-0.0020781328378434	-0.0000046383316487	-0.2493768570181439	-0.0032708147263499	-0.0020659184273891	0.0002255926844788	-0.2026241129408394	-0.0210920136577731	-0.0020564075389753	0.0003004917994169	
-0.5226744862003136	-0.3332168471794735	-0.0020774072023085	-0.0000552450678726	-0.4343288292566653	-0.3375110459248377	-0.0020490905480865	-0.0003471103582773	-0.3917697783214916	-0.3527230074835622	-0.0020085273473381	-0.0005346957533116	
-0.4727761550538370	0.0029372566047530	-0.0020746825464463	-0.0001200902534893	-0.3803076740051167	-0.0105058757029724	-0.0020780174087240	0.0000224422945781	-0.3314383976540908	-0.0269057159705263	-0.0020702573619129	0.0001812611878362	
-0.3356209464393172	-0.2941046047758568	0.0020751606748140	0.0001114790474833	-0.2566338570500062	-0.3048924797927998	0.0020770856084874	0.0000662930266952	-0.2160934025464890	-0.3235358060393708	0.0020776450919252	0.0000453720765433	
-0.2067357949836704	-0.4074189939895523	-0.0020073199794082	-0.0005392331844512	-0.1340336574819213	-0.4271070392509576	-0.0020172758879954	-0.0005005030726040	-0.0956786277226647	-0.4559055976328056	-0.0020167678951440	-0.0005025563154761	
-0.1298912760169185	-0.0384796453942203	0.0014806420333472	0.0014618487407487	-0.0498727982202366	-0.0561151503194811	0.0020710803986711	0.0001715519785417	-0.0062739691779194	-0.0767123164009401	0.0020744292943219	-0.0001244094079866	
0.2014207978898227	-0.2915171448216944	-0.0019725153548468	-0.0006557305475123	0.2835527318731279	-0.3227461765670759	-0.0019288145605620	-0.0007754529570913	0.3324347311706604	-0.3592155823625887	-0.0019034797978688	-0.0008360045543881	
-0.3543835862129089	-0.0217779275735354	-0.0003013565191733	-0.0020613120529830	-0.2680567580177817	-0.0386742236450672	-0.0019690015177960	-0.0006662595100754	-0.2234206781979107	-0.0564812789179377	-0.0020278167811221	0.0004556873656718	
-0.0321966355624336	-0.2782485240584200	-0.0020771430694320	0.0000644582381318	0.0436551548598655	-0.2992912905286974	-0.0020745024391418	0.0001231775493758	0.0851998054969599	-0.3261626906950221	-0.0020713154986265	0.0001686752168484	
0.1003703760529397	-0.2453599749486448	0.0019572192126981	0.0007002808394289	0.1793204379974086	-0.2714352355526498	0.0017733751905792	0.0010861281038675	0.2269524544232355	-0.3015209975696866	0.0017421650977930	0.0011357569652217	
-0.1878833396993966	-0.2766761932885806	-0.0020609331583111	0.0002675229350956	-0.1121699991153552	-0.2915637720717038	-0.0020416863460936	0.0003884921791412	-0.0716593349703257	-0.3134556937166481	-0.0020608126307512	0.0002684544501204	
0.0128961459352742	-0.0899717969263029	-0.0017205931642496	-0.0011683390920344	0.0922113038324586	-0.1111876626482759	-0.0017190610755136	-0.0011706034647594	0.1380878494750374	-0.1373769463607518	-0.0016999718689593	-0.0011982928852523	
-0.2048028828991634	-0.4069399076519349	-0.0020097893900785	-0.0005299083628416	-0.1318342431567479	-0.4265416533509997	-0.0020227089509333	-0.0004779581039633	-0.0944616068559389	-0.4556062190893063	-0.0020207995219398	-0.0004860076066012	
0.4457457066971204	0.2906562197063943	-0.0019051617117197	-0.0008321452631475	0.5472888526903390	0.2785735619774016	-0.0017154126866822	-0.0011759700239441	0.6115615119175637	0.2545606318745937	-0.0013137714757246	-0.0016141999635814	
0.1374233106204525	-0.1836453106006091	-0.0015046974124246	-0.0014369512004905	0.2173695431002994	-0.2107608498078676	-0.0020781116557265	0.0000104877508367	0.2638083752017234	-0.2403272976781100	-0.0019973734387984	0.0005751562275688	
-0.1641101345081931	0.4358298380740864	0.0020165096617719	-0.0005035966553040	-0.0789570981205072	0.4146926091205117	0.0020175619278623	-0.0004993429917188	-0.0290976546670522	0.3926582032989935	0.0020099481711004	-0.0005293027675087	
-0.3564381239021497	0.4726655210310743	0.0020507705286959	-0.0003369917391120	-0.2639737486328134	0.4443511309932994	0.0020624510758671	-0.0002554960461103	-0.2119972749027114	0.4195135606476228	0.0020655832249191	-0.0002286566901549	
0.0976464491960346	-0.2782053747341753	-0.0020778130743782	0.0000368386575571	0.1756270690527776	-0.3040963404108636	-0.0020743577830774	0.0001256020342260	0.2214123277138051	-0.3351455385714557	-0.0020713199546220	0.0001686202146857	
-0.4623839536465298	-0.0803124883953052	0.0020770480277681	0.0000674660082642	-0.3719464495063371	-0.0912680098618242	0.0020690533176250	-0.0001945879809024	-0.3242580365999408	-0.1064634871211088	0.0020372961274466	-0.0004110029783557	
-0.2182263174373056	-0.3315185348131143	-0.0020781167445246	0.0000094200226838	-0.1433758757224848	-0.3466449697099973	-0.0020778507524462	-0.0000346370530027	-0.1038809485710104	-0.3693764905702467	-0.0020777739692127	-0.0000389923729730	
-0.3418491431959799	-0.2944830154954463	0.0020732778611886	0.0001423987960891	-0.2618403103559384	-0.3051129182627664	0.0020753349067065	0.0001081702781025	-0.2213054853317399	-0.3237252041112444	0.0020755863674530	0.0001032075084957	
-0.3824896145503613	-0.2780046745254282	-0.0018928944820588	-0.0008598201067133	-0.3001285906366524	-0.2887693057964427	-0.0019219924815780	-0.0007922937051340	-0.2598604791888280	-0.3080916096895704	-0.0019802044865420	-0.0006320106111867	
0.2992138399238626	-0.1289997128677920	-0.0020186497576332	-0.0004949047697765	0.3885139446428820	-0.1568153892094322	-0.0020269367143255	-0.0004596055849582	0.4426767759129291	-0.1897663695600737	-0.0020358133015788	-0.0004183221205598	
0.0088346164260314	-0.2776161078396794	-0.0016109994843324	-0.0013160416489686	0.0856428365944896	-0.3024866813832190	-0.0017838275070388	-0.0010687876834440	0.1282623492206284	-0.3327133765886039	-0.0019348894398102	-0.0007600909478709	
0.0063157060398876	-0.1761296113402096	-0.0012592441308057	-0.0016573000957297	0.0845640352296556	-0.1992176051707611	-0.0013687666788053	-0.0015676020656248	0.1296451099573637	-0.2280377396544322	-0.0007450089366055	-0.0019448549564397	
-0.1568299304111282	-0.3908124240805532	-0.0019846327733513	-0.0006178932587407	-0.0841177723345115	-0.4126574543288741	-0.0019875306049803	-0.0006084601821639	-0.0446403730500960	-0.4428556322599576	-0.0019747231231610	-0.0006490179777895	
-0.3304812879837505	-0.2672816402899962	-0.0020483041212191	-0.0003517442731920	-0.2504650163974082	-0.2788175572698494	-0.0020570610788714	-0.0002959620706821	-0.2098948637565684	-0.2978977438804204	-0.0020621938819066	-0.0002575740168365	
-0.0297368671672684	-0.2411841459572975	0.0020058409192575	-0.0005447364952039	0.0459251804114280	-0.2611198158876010	0.0020164859548026	0.0005036920487605	0.0883439060504593	-0.2874422776428779	0.0020367824334197	0.0004135538118172	
-0.1912401376938048	-0.2761527843639259	-0.0020502936797157	0.0003398952936994	-0.1154981447015438	-0.2910191851045023	-0.0020656316708133	0.0002282164314854	-0.0747324207162753	-0.3132764660717511	-0.0020781366510323	-0.0000023635011725	
0.1471680253307368	-0.2739198963632727	0.0000410071160159	-0.0020829276933648	0.2311171412933229	-0.3021460263409030	-0.0000139611141357	-0.0020832863195653	0.2733636139037782	-0.3386609724119489	-0.0020685180706750	0.0002002253523689	
0.0003764030436327	0.4085135267024801	0.0015396815879905	-0.0013992106603537	0.0837956056429427	0.3914647221095157	0.0020757631378889	0.0000995704784683	0.1342959936353516	0.3699482678374632	0.0019669748970008	-0.0006722487634277	
-0.1059720251393050	-0.2767939712914662	-0.0020763496379351	0.0000864110788947	-0.0311784588455201	-0.2951124715320501	-0.0020743630957578	0.0001255138232694	0.0103905226090882	-0.3198080143378995	-0.0020720266313715	0.0001596562299745	
-0.3233550285324480	0.0118111812971503	-0.0019526958768806	-0.0007128587888713	-0.2378520888023657	-0.0033696597929375	-0.0020755809381783	-0.0001033171837962	-0.1922503541000832	-0.0217518496381146	-0.0020779518498232	-0.0000278833529021	
0.0663781294374680	-0.2796972145331343	-0.0020618742169003	-0.0002601332240311	0.1433215128941884	-0.3048456298534394	-0.0020726040259698	-0.0001519376320154	0.1880307052248760	-0.3351123897369807	-0.0020774129033882	-0.0000550291920771	
0.0448703154767756	-0.2789513111983251	-0.0020766964219336	0.0000775851441089	0.1217886913286522	-0.3029828087259063	-0.0020667929170634	0.0002173935446101	0.1664603529192283	-0.3321941106561437	-0.0018981763274130	0.0008480368634489	
-0.0914535270043975	-0.2999396766157374	0.0020745938596390	0.0001216202996653	-0.0166387194953000	-0.3193775524513973	0.0020745813064551	0.0001218353126235	0.0238807298488840	-0.3449854290884400	0.0020781019312691	0.0000122724152921	
-0.2098003645992281	-0.2389944392230511	-0.0019759338533808	-0.0006453039670655	-0.1330130754213492	-0.2550209981245854	-0.0020032329959887	-0.0005542973466367	-0.0914386466358755	-0.2770037351787961	-0.0020378296386183	-0.0004083361836543	
0.4707059630398804	0.2968427577981005	-0.0020334746736671	-0.0004296016634277	0.5746231522864620	0.2863845919853386	-0.0020312863237105	-0.0004398832117326	0.6389542199631491	0.2648916524668338	-0.0020342453474995	-0.0004259190179152	
0.1226932475609228	-0.1826416747113653	-0.0019626245555558	0.0006849080826155	0.2026793073395381	-0.2066630916940469	-0.0019588756984867	0.0006956103961147	0.2494097226137747	-0.2358052093994402	-0.0019602801694005	0.0006916226765047	
-0.2119496160513763	-0.2397255918696071	-0.0019753226992814	-0.0006471816791104	-0.1350663018328343	-0.2555200163843938	-0.0020188544293234	-0.0004940650072234	-0.0935159992563677	-0.2773991020853423	-0.0020492393251058	-0.0003462265313684	
0.1634281146195329	-0.3357782179849070	-0.0016104676850435	-0.0013166956263112	0.2433637770611429	-0.3691082073244837	-0.0018717709120033	-0.0009051032548728	0.2898870545581069	-0.4062229309001503	-0.0020503062031279	-0.0003398193639096	
-0.1765927456998632	-0.2973839238010154	0.0020781070053793	0.0000113761829074	-0.1018379421236645	-0.3134123155906647	0.0020750223474490	-0.0001140374320881	-0.0613127894815556	-0.3362303695591553	0.0020699597560159	-0.0001846454432447	
-0.1611795563365230	-0.1258219333955792	-0.0018062331161656	-0.0010302751705282	-0.0820908877656473	-0.1426981373819091	-0.0009590039387270	0.0018482383592107	-0.0373798402228267	-0.1656828936057755	0.0009518943790210	0.0018519283709903	
0.0612986755791134	-0.1779271842685012	-0.0020740541531799	0.0001305440870914	0.1392469041486420	-0.2006072658519180	-0.0020659034770134	0.0002257302390638	0.1839110469380015	-0.2281827326715476	-0.0020574013064145	0.0002935756901341	
-0.4396595738008824	-0.1914927528474014	-0.0011434583394819	-0.0017396077566280	-0.3512042435296302	-0.2020866998882081	-0.0018713123662191	-0.0009060556658622	-0.3075582194766580	-0.2186610132926838	-0.0020764398631202	-0.0000842039938587	
0.4623221409229374	0.2950484023312038	-0.0020319942973696	-0.0004365846342431	0.5652583565013949	0.2843559657109886	-0.0020308165925550	-0.0004420575626181	0.6295716513949661	0.2628949404566445	-0.0020296121337705	-0.0004475823850174	
0.1048598954399609	-0.3379278103652784	-0.0020606867976431	0.0002694234756277	0.1828871885173258	-0.3655848293252511	-0.0020421879568280	0.0003858333872108	0.2276773295012688	-0.3985684276926912	-0.0020287999968401	0.0004512676348680	
-0.1797185558775215	-0.2533841378392984	0.0020584340755751	0.0002862074385455	-0.1029300336757442	-0.2693256422600338	0.0020691742608839	0.0001932911948351	-0.0623436966098669	-0.2916703329491875	0.0020723052944800	0.0001559790299123	
-0.3210709183739419	-0.2656556661534926	-0.0020504759653005	-0.0003387883664743	-0.2410405952583542	-0.2774668277651007	-0.0020570431984015	-0.0002960869427559	-0.2005484143143937	-0.2967676100109616	-0.0020631416408660	-0.0002498298959137	
-0.2078455723554125	-0.2384109697137926	-0.0019866638893755	-0.0006112982362754	-0.1308942373849641	-0.2544096567572680	-0.0019921366509810	-0.0005931285658374	-0.0893407347572078	-0.2765311199289003	-0.0020225870459270	-0.0004784762896631	
-0.0088517322237369	-0.4005533221314443	-0.0016762622513627	0.0012314039975422	0.0628918487112304	-0.4296507334112228	-0.0018416111245686	0.0009652809896088	0.1019255599773957	-0.4644835343909458	-0.0016649599902889	0.0012467189836107	
-0.1433245539964502	0.4316366767837300	0.0020442673816484	-0.0003746029705376	-0.0581192947151085	0.4108879883285426	0.0020535702118414	-0.0003193979532643	-0.0092877221985643	0.3890012487613124	0.0020554697847047	-0.0003068722141046	
-0.1122227896051550	-0.3770714642424671	-0.0019690041019502	-0.0006662518348240	-0.0395398870933841	-0.4007712539042076	-0.0020045735458943	-0.0005494051209304	-0.0010406981246154	-0.4322823661422069	-0.0020091662395702	-0.0005322779583799	
-0.2171910116107525	-0.3315260250785065	-0.0020777940638317	0.0000379009570974	-0.1423328734299945	-0.3466317382456762	-0.0020781292235349	-0.0000060507303384	-0.1028362136856666	-0.3693554083230476	-0.0020780432846223	-0.0000198891025661	
0.0550704456925315	-0.1775785363844967	-0.0020746496333580	0.0001206603497836	0.1330064502721083	-0.1998989474049417	-0.0020669776170870	0.0002156214817998	0.1776589740963866	-0.2273003488302514	-0.0020563861187104	0.0003006390854208	
-0.4591573752199558	-0.1265574379799287	0.0020361536599382	0.0004166539694432	-0.3699353041719911	-0.1373303553874604	0.0020697936226137	0.0001865077319548	-0.3231750094053986	-0.1523789226227643	0.0020131784823251	-0.0005168175766411	
-0.3169226362158629	-0.2650245360737917	-0.0020553876024482	-0.0003074249284535	-0.2379480171618799	-0.2770233913422880	-0.0020591129086304	-0.0002812571381757	-0.1963671205339948	-0.2962783058254615	-0.0020636803929930	-0.0002453171664950	
-0.0696807594338498	-0.3617032222723512	-0.0020008077951739	0.0005630317621448	0.0030357788314254	-0.3846097499258191	-0.0019997261347590	0.0005668806289823	0.0434848772618146	-0.4160410546983866	-0.0020772414121040	-0.0000611904067078	
-0.1350884508624161	-0.2423788402553368	0.0020381841548957	0.0004065540450507	-0.0592331234927526	-0.2600240496496102	0.0020348400108692	0.0004230545591382	-0.0176637814710315	-0.2835397726932222	0.0020321464746747	0.0004358722022012	
-0.1475962926450026	0.0321824800515249	-0.0019104303490268	-0.0008199159272767	-0.0668059635849481	0.0151593013375518	-0.0020704983449751	-0.0001784734454452	-0.0204703545341196	-0.0048519756372787	-0.0018252232597977	0.0009960721903712	
-0.1797560770404210	-0.3324698175349466	-0.0020742560804953	0.0001272788592208	-0.1049337869946135	-0.3487456370526281	-0.0020677538349964	0.0002080074601728	-0.0654891939642709	-0.3721120468319245	-0.0020638451483385	0.0002439202243986	
-0.0166527829397159	-0.2012371474975551	-0.0018830678900374	0.0008812384545293	0.0592618240873866	-0.2211530857634034	-0.0020725073226448	-0.0001532576158245	0.1009041021109226	-0.2481516122527653	-0.0019025227238459	-0.0008381911935826	
-0.3469609740750101	-0.2701202954944587	-0.0020405515987918	-0.0003944384264266	-0.2669692075989185	-0.2814878177128630	-0.0020388597212246	-0.0004031353236826	-0.2253650562727566	-0.3003685359944681	-0.0020359956351254	-0.0004174293382216	
0.0457285983840909	-0.1769163853621329	-0.0020715977446582	0.0001651549395073	0.1226360858947572	-0.1987199052510526	-0.0020605139390412	0.0002707488884449	0.1673405398480816	-0.2256849214766540	-0.0020484185855453	0.0003510737209555	
-0.2525023816268968	0.4551576141399951	0.0020395807308716	-0.0003994530922857	-0.1652709810239326	0.4308325267103874	0.0020507891822225	-0.0003368776345436	-0.1143171781219579	0.4071363291529596	0.0020559252663652	-0.0003037902495392	
-0.3802951592916158	-0.3303084156188538	-0.0020712555216764	-0.0001694137875172	-0.3002910198874046	-0.3395705636798897	-0.0020744870628663	-0.0001234375309807	-0.2597766603489618	-0.3574836995549502	-0.0020775340217838	-0.0000502240194316	
-0.2535060002001056	0.4553669644972413	0.0020398491204254	-0.0003980733793591	-0.1652709810239326	0.4308325267103874	0.0020507891822225	-0.0003368776345436	-0.1153368129322685	0.4072904390633162	0.0020561839799661	-0.0003020253816861	
0.3938455601864690	-0.1319564791229135	-0.0020392287306600	0.0004012551587364	0.4904079940153223	-0.1606738960141337	-0.0020338036354798	0.0004280337740365	0.5507579824857907	-0.1944362913455094	-0.0020279722544637	0.0004549914849557	
-0.3480566396759224	-0.3329405207870734	-0.0020775954481893	-0.0000476018874762	-0.2691333620319059	-0.3427988580674888	-0.0020682775751449	0.0002027068159075	-0.2285314330705672	-0.3611724650563227	-0.0020391218220835	0.0004018008161300	
0.0963549887168051	0.0193307449867194	-0.0019224974885470	0.0007910613764824	0.1780717028500973	0.0014081721955622	-0.0019867213643609	0.0006111104811208	0.2259337267427322	-0.0216354755571973	-0.0019513730003051	0.0007164901321183	
-0.2451914395085883	-0.2992744825479151	0.0020770646159860	0.0000669507876588	-0.1683410141515680	-0.3130501638778412	0.0020780882220634	-0.0000144178878202	-0.1288143111074794	-0.3340202021034482	0.0020740639806337	-0.0001303870743338	
-0.1817642736040984	-0.4002376572093053	-0.0019505775764287	-0.0007186635874993	-0.1089934221645733	-0.4212524842816991	-0.0020038015056420	-0.0005522283099104	-0.0707196233637566	-0.4507453455130122	-0.0020304131356499	-0.0004439162339244	
-0.0831143488548596	-0.3000148531021652	0.0020781148469069	0.0000098317470470	-0.0081237765950630	-0.3191907675997986	0.0020760097757162	-0.0000942611776427	0.0322182608675665	-0.3448337652029126	0.0020781322928119	-0.0000048775769339	
-0.3479343507202721	-0.0914025819442908	0.0017980863184144	-0.0010444987268069	-0.2627727030735292	-0.1027268303830829	0.0020322365090959	-0.0004354501238065	-0.2182003524284863	-0.1197267560521861	0.0020763914970484	-0.0000853942284794	
0.0633462627447942	-0.2800465693542096	-0.0020644982706955	-0.0002383007848660	0.1402475553734904	-0.3050233052238918	-0.0020761040083166	-0.0000921517572471	0.1849356092045350	-0.3351402662996039	-0.0020778700049786	0.0000334561915311	
-0.1662889373550555	-0.2290435106799635	-0.0019806835165531	-0.0006305002217674	-0.0893333407748870	-0.2460011852215133	-0.0020196474386227	-0.0004907969325110	-0.0488147756124333	-0.2690784180547328	-0.0020350984867160	-0.0004218031682306	
0.1238347146130281	-0.2101634344239419	0.0020779586847360	-0.0000273666563328	0.2027278412967474	-0.2352414889423017	0.0020690624051381	-0.0001944908452081	0.2496373812161077	-0.2651646486393760	0.0020535362536117	-0.0003196173037184	
-0.4518425881098890	-0.1044851608691224	-0.0019256567181323	-0.0007833007319977	-0.3625642837882423	-0.1159127148326901	-0.0020399770356482	-0.0003974140546857	-0.3158963494653420	-0.1321662082190345	-0.0020633144945287	-0.0002483910888337	
0.3043646782355177	-0.1277675954248885	-0.0020209587986650	-0.0004853415424537	0.3938828838835668	-0.1555774679353062	-0.0020300678816407	-0.0004455003236144	0.4488706492670691	-0.1885024976415500	-0.0020381401049494	-0.0004067759239966	
0.0438513531889292	-0.2789614005551822	-0.0020779873012992	0.0000250880369890	0.1208574472034419	-0.3029370920431585	-0.0020306881041821	0.0004426503782219	0.1664603529192283	-0.3321941106561437	-0.0018981763274130	0.0008480368634489	
-0.4093950259344316	-0.3333122428922389	-0.0020453624276313	-0.0003685466499489	-0.3283074560788305	-0.3420759207049106	-0.0020542607988630	-0.0003149032168184	-0.2878150951017541	-0.3595488890491029	-0.0020641271454584	-0.0002415101900876	
0.0924767023374417	-0.2082836048447997	0.0020736077095477	-0.0001374871847154	0.1704024833885800	-0.2320569464096972	0.0020683083732977	-0.0002023907513127	0.2161342150862879	-0.2609851978592480	0.0020605431146730	-0.0002705256443061	
0.0768679540255282	-0.1797740245765890	-0.0020557379293662	0.0003050616962300	0.1548173452194194	-0.2029000174267726	-0.0020431158175548	0.0003808645863052	0.2005437069204266	-0.2310660789543215	-0.0020341485317446	0.0004263834733330	
0.1610677371640221	-0.3375168927666473	-0.0017509712686110	-0.0011220644947960	0.2411841282115249	-0.3700051393129100	-0.0019651719807234	-0.0006775272854340	0.2868610429981823	-0.4064467416579066	-0.0020778399400993	0.0000352829017360	
-0.1582761695890749	-0.1234704354912784	-0.0014354207891514	-0.0015064958990766	-0.0798135370820887	-0.1420240861990489	-0.0017737916468643	-0.0010854444355447	-0.0361747224962687	-0.1640167292044050	-0.0006225210445822	0.0019876632618473	
0.3543246948269640	-0.1249759511124864	-0.0020500938709321	0.0003411043912294	0.4478092799453546	-0.1523369266830890	-0.0020445407309154	0.0003731006800938	0.5059714679590668	-0.1847736604633860	-0.0020388261121471	0.0004033061151935	
-0.2805221556103841	-0.1007500344938573	-0.0020611930558674	-0.0002655029697084	-0.1984302468285804	-0.1143687497377139	-0.0020729292621236	-0.0001474110474400	-0.1547852465136486	-0.1331018865825100	-0.0020748136609107	-0.0001177917073283	
-0.1475681730927125	-0.2455508413760236	0.0019833604342668	0.0006219855197354	-0.0717209114492137	-0.2633045153878740	0.0019913541419236	0.0005957635590636	-0.0300917842293792	-0.2867958801211050	0.0020096888564989	0.0005302914184996	
0.0436076932070754	-0.2397606518370800	0.0020752722468601	0.0001093717855700	0.1215663007490263	-0.2625155877189050	0.0020776565044845	-0.0000448437876925	0.1652950638185993	-0.2904045976410793	0.0020732902051805	-0.0001422180567979	
0.3844577851020807	-0.1301828774689288	-0.0020459601950037	0.0003651968379292	0.4800254311826624	-0.1585602594072683	-0.0020398445439919	0.0003980969470742	0.5402549421044116	-0.1921556698631409	-0.0020331667193803	0.0004310640305047	
-0.1508692187627629	-0.2216694869995199	-0.0020163621973175	-0.0005041897199712	-0.0736212379938845	-0.2397470369186307	-0.0017985506259090	-0.0010436950151495	-0.0324437071345893	-0.2642478670827590	-0.0018782970558924	-0.0008914123055320	
-0.1787142199759231	-0.3325195362179638	-0.0020748845203726	0.0001165305490872	-0.1039014711700154	-0.3488439017956564	-0.0020676700619116	0.0002088427041006	-0.0644595849176587	-0.3722203488636086	-0.0020622726813235	0.0002569391786589	
-0.2514389896647462	-0.2994694713083021	0.0020777398267540	0.0000407798343843	-0.1745998786270859	-0.3128978591749583	0.0020752083205390	-0.0001105840888897	-0.1351000319902295	-0.3334327470446455	0.0020592835930343	-0.0002799984153507	
-0.3428960666130692	0.0121502255942251	-0.0020651353676478	0.0002326867330418	-0.2566489992170566	-0.0023842280946818	-0.0020646056521192	0.0002373639721890	-0.2109295400975442	-0.0199894045783860	-0.0020658479213082	0.0002262406513802	
-0.4447265488968941	0.0073311477683026	-0.0020634070165505	-0.0002476174649434	-0.3533548237131189	-0.0069229783840779	-0.0020509126153944	-0.0003361215851416	-0.3055392738878386	-0.0248093637451258	-0.0020282871040122	-0.0004535788205103	
0.0508753247043102	-0.3373483078162894	-0.0020690012025735	-0.0001951440925534	0.1267991509503302	-0.3636976181741566	-0.0020747529986003	-0.0001188607117624	0.1693461390424682	-0.3956665770508331	-0.0020781190191753	0.0000089014332469	
-0.1392869549235934	-0.0622836932309719	-0.0020603165338407	-0.0002722544883214	-0.0592276786862456	-0.0781332008295190	-0.0020046744826024	0.0005490348628968	-0.0143240900892772	-0.0975346918638063	-0.0018690359881237	0.0009107655802427	
-0.1278302280806400	-0.3821993947996262	-0.0019687416903371	-0.0006670307269092	-0.0550812189627748	-0.4051754886138901	-0.0020140021937582	-0.0005135820926128	-0.0157609106958649	-0.4359517711898276	-0.0020387338925381	-0.0004037743627906	
-0.1060553517141624	-0.3747821510189102	-0.0019323883367884	-0.0007664588259795	-0.0332471682253599	-0.3989706621769730	-0.0019917521260550	-0.0005944249904291	0.0062783545168114	-0.4304406650450770	-0.0020210707226326	-0.0004848729194572	
-0.4560365624046017	-0.1056629831136046	-0.0020343268897947	-0.0004255274235890	-0.3668055728452519	-0.1165690719192207	-0.0020616978652380	-0.0002615341919812	-0.3199659848534014	-0.1326713793981546	-0.0020512682435033	-0.0003339334751190	
-0.1610826736444925	-0.2970725171425456	0.0020772380871356	-0.0000613037400162	-0.0862593199306676	-0.3137174925622614	0.0020778866492729	-0.0000324006301536	-0.0456948876366267	-0.3371207086672067	0.0020774818850618	-0.0000523465904868	
-0.1143190618372264	-0.2399003483222089	0.0020781311552448	-0.0000053425138931	-0.0384472207221187	-0.2573103284582667	0.0020775006626426	0.0000515921934452	0.0031593601653989	-0.2807648297085010	0.0020752760429712	0.0001092993717205	
-0.2836030600570816	0.4608575201356295	0.0020477881280194	-0.0003547508568813	-0.1943234209709670	0.4352587503959308	0.0020558035448134	-0.0003046169845641	-0.1434018396038450	0.4113506710754168	0.0020597481877977	-0.0002765426759831	
-0.1432790736820537	-0.3866997947082346	-0.0019970358704081	-0.0005763330832001	-0.0707926753083737	-0.4090324584183451	-0.0020095448941251	-0.0005308394330439	-0.0322293241332318	-0.4395276383798108	-0.0020247499586098	-0.0004691926026009	
-0.1392961475578157	-0.2767433966143103	-0.0020780111526794	0.0000230171034170	-0.0643895045069561	-0.2939664100607518	-0.0020760299956174	0.0000938125550378	-0.0228537263911605	-0.3177559352596989	-0.0020725625886822	0.0001525046503536	
-0.3054542512164128	0.0196496172413558	-0.0020340503526041	-0.0004268539307061	-0.2204496877383145	0.0036454658402688	-0.0019966138858355	-0.0005778005868831	-0.1747862999754798	-0.0161554002963570	-0.0019310441922057	-0.0007698559224571	
0.2235787530136615	-0.1034175857844296	0.0020447425347286	0.0003719875713080	0.3083409444518184	-0.1287467575419448	0.0018333907167205	0.0009808815635745	0.3596768456418864	-0.1595989784554455	0.0015792329965739	0.0013541844219557	
-0.2867859598155250	0.4614369322868090	0.0020490879701140	-0.0003471256526189	-0.1973933145060423	0.4356947635418313	0.0020568354221235	-0.0002975340707091	-0.1464770859180260	0.4117967701331306	0.0020606682127645	-0.0002695662952871	
-0.1507660750975477	-0.0593982316247896	-0.0020308011966540	0.0004421286396351	-0.0693244153978206	-0.0749965435314604	-0.0018201228173494	0.0010054082588165	-0.0272768994760999	-0.0967457691129347	0.0018607797491596	-0.0009276003211988	
-0.4396017062529017	-0.2934148336691086	-0.0020111007682097	-0.0005248843378263	-0.3554103304103844	-0.3017259535503746	-0.0020127927331310	-0.0005183253779808	-0.3137819122802022	-0.3188887243984098	-0.0020287980882337	-0.0004512762584133	
0.4707003401442456	-0.0041525701549405	0.0020688479705510	-0.0001967700233116	0.5746126448669762	-0.0280777394926111	0.0020665357799439	-0.0002198365444533	0.6400240426008683	-0.0585734012305145	0.0020628873726941	-0.0002519312344532	
-0.4602906795348071	-0.1063813519442623	-0.0020598225295753	-0.0002759856196160	-0.3698583560392639	-0.1169949803603349	-0.0020544762999686	-0.0003134871063601	-0.3240673417547813	-0.1336713254578504	-0.0019865118830564	-0.0006117944957352	
-0.1942901272231605	0.4490674987529700	0.0020293167788380	-0.0004489262942496	-0.1080126761628528	0.4264018876832296	0.0020596094023218	-0.0002775795755306	-0.0591792301825085	0.4033787143616900	0.0020775088092660	0.0000512614442738	
-0.3626788557780028	-0.0904156167566728	0.0020581203440707	0.0002884660399872	-0.2774438986139607	-0.1030438879477085	0.0020636801126352	0.0002453195367426	-0.2296056448469356	-0.1201319827714752	0.0020704052162801	0.0001795559474615	
