-0.2147858208867391	0.3968845446936830	-0.0000813914272722	0.0020817348652311	-0.2409795855095936	0.4385467261425046	-0.0001646102216207	0.0020767873267952	-0.2745905781037974	0.4885267473263515	-0.0000940479113695	0.0020811988102570	
-0.0863146032486858	0.1104128304989593	-0.0000139442030916	0.0020832864333928	-0.1045402968917603	0.1437813074948824	-0.0000429301388938	0.0020828887522980	-0.1271943014792661	0.1833025861907875	-0.0000735613520746	0.0020820277171728	
0.6114896595186659	0.3355391975459583	-0.0001331968810563	-0.0020790496749056	0.5997904047941209	0.3791969082694726	-0.0000548651052703	-0.0020826071468928	0.5874542754036136	0.4334159143742124	-0.0001645680869617	-0.0020767906827576	
-0.1640349357328654	0.0479271564251958	-0.0000419051600547	0.0020829097301974	-0.1826333899421165	0.0791927982188043	-0.0000864490046083	0.0020815299501855	-0.2051644913404460	0.1166158799235320	-0.0001223279626254	0.0020797208305827	
0.4789946966298888	-0.4364718080102256	-0.0013269238858904	0.0016033515332867	0.4620800717516609	-0.4033658990670174	-0.0013164309509824	0.0016120209507446	0.4540453079057061	-0.3594011822487148	-0.0013545961446558	0.0015799243465334	
0.4951566784049886	-0.0816679142676944	0.0014207166045519	-0.0015204398422013	0.4794611613190778	-0.0437446450379727	-0.0001658986385524	-0.0020766842888841	0.4686759926830482	-0.0009152607142604	0.0017586389635654	-0.0011099474710624	
-0.0170756320839083	-0.1332017176114470	-0.0003362631069517	-0.0020558790892438	-0.0303331565665855	-0.1020212521752714	-0.0000206204938724	-0.0020832307707810	-0.0485184304012261	-0.0646636971867714	-0.0002900540459657	-0.0020629409215069	
0.3273963809280472	0.0008106130294466	-0.0017267664965699	-0.0011591496864802	0.3106688283304910	0.0385051563712424	-0.0004046058256705	0.0020434657694903	0.2991376443737488	0.0815022170618125	-0.0016022050929557	-0.0013267875745397	
0.6178145041535530	0.3071153678163123	0.0020781037368698	-0.0000119611939111	0.6014014107217236	0.3499085715376784	0.0005863652390885	-0.0019986826447181	0.5935920093535259	0.4021806553171418	0.0018800595255198	-0.0008876704049272	
0.0725150207884604	-0.0406089160028972	-0.0002432627530516	-0.0020690105744209	0.0588293218049882	-0.0083110885272936	-0.0000571352822053	-0.0020825457965433	0.0405504076279952	0.0312489369985591	-0.0002402496253377	-0.0020693643794995	
0.3206894627362522	0.0121408347353121	-0.0020758280008321	-0.0000982020756258	0.3041351322256920	0.0478522935859292	0.0001785073880746	0.0020756332447200	0.2942285470053900	0.0910369265369482	-0.0007033165103563	0.0019603946801298	
0.5169145638019035	-0.4829138408983205	-0.0013476943992816	0.0015858451472960	0.4986112228062933	-0.4480433220825079	-0.0013550854031901	0.0015795026334218	0.4897778728104150	-0.4027865557065668	-0.0013246680040644	0.0016052251440289	
0.4974693351122974	-0.0837524269747392	0.0016728584170006	-0.0012360472190357	0.4794367677564568	-0.0457803652751806	0.0001140960867107	-0.0020801910224371	0.4707319650020365	-0.0019022110811420	0.0019971593038865	-0.0005759030623455	
0.0133525928469399	0.0956182649673442	0.0019190342317333	-0.0007994678958365	-0.0084959182876027	0.1269537317287939	0.0010951784653087	-0.0017705528320833	-0.0186964746215379	0.1698078003349719	0.0020066181737141	-0.0005418519488705	
-0.1963224917117398	-0.1270600580445736	-0.0000142310126287	0.0020832844842179	-0.2129010762938615	-0.0978844225392637	-0.0001959731559061	0.0020740491875842	-0.2312729888054349	-0.0633430022158407	-0.0000128868360790	0.0020832932764839	
0.4879630919268902	-0.4472353072231355	-0.0013233086600609	0.0016063515475372	0.4701654916781541	-0.4130824367536245	-0.0013481168138538	0.0015854842731466	0.4611014763704002	-0.3679372513471612	-0.0012862005130574	0.0016363630769916	
-0.6629260976952982	-0.1895770831655388	-0.0020779767602248	-0.0000259506693935	-0.6639650504843547	-0.1701752479594261	-0.0020781379883162	0.0000000138991365	-0.6639650348975096	0.1970332625227459	0.0020781379883439	0.0000000087987603	
-0.0807888656599915	-0.0572845593808756	-0.0000551632513624	0.0020825992316182	-0.0968237114988620	-0.0270943602706519	-0.0001093667007754	0.0020804463036585	-0.1155186361969721	0.0104053356022693	-0.0001240531685728	0.0020796181252863	
-0.1671510950702211	0.1739703134722123	-0.0000743262450128	0.0020820004156097	-0.1881103090950175	0.2083285363706327	-0.0001289823456356	0.0020793167257748	-0.2138702899223696	0.2489795686871997	-0.0001543261871981	0.0020775807984309	
0.4093062250762831	-0.1041609715159096	0.0002092106432871	0.0020727492770449	0.3966839648465759	-0.0676532486658039	0.0002750791235562	0.0020650013167095	0.3790173821195091	-0.0239513914671005	0.0002628234823130	0.0020666048926397	
0.3964520998518599	0.1422907799437880	-0.0007710239332574	0.0019346378904350	0.3799665417279499	0.1801619888535889	-0.0002757227523314	0.0020649150469934	0.3687720827985399	0.2238022404093412	-0.0017708431257166	0.0010902721567192	
0.5058714124491328	-0.4699314949688317	-0.0013175276843774	0.0016111202107343	0.4891362359192353	-0.4367013383902942	-0.0012954065146317	0.0016290484527628	0.4807052344962170	-0.3920102488717441	-0.0013553541260412	0.0015792708968416	
0.3455412493891643	0.3177432580061015	-0.0001703657355415	-0.0020763207820828	0.3324324903130335	0.3593799300886920	-0.0001656224592386	-0.0020767064437074	0.3158504242704029	0.4104186152338450	-0.0001674693707436	-0.0020765575798428	
-0.1941697770653382	-0.1467344025231944	-0.0015483781796272	0.0013895324506746	-0.2145309316676305	-0.1170777095225333	0.0005485525825685	0.0020094430600465	-0.2257987392233062	-0.0836972764591244	-0.0017054625409302	0.0011904260195844	
0.0907908431605935	0.0468394443188576	0.0002739460476543	0.0020651526915768	0.0767020150700067	0.0802265023594662	0.0001962818449507	0.0020740198508009	0.0572596066418699	0.1208269011510658	0.0001952904444959	0.0020741139047586	
0.5238497174489001	-0.4926297335069124	-0.0008952779119701	0.0018800911190424	0.5076655685881908	-0.4587243920609231	-0.0013255812446250	0.0016044673045003	0.4986593804640842	-0.4136205922506678	-0.0013176336178411	0.0016110331418592	
-0.0551984183446392	-0.0416688234044231	0.0000802140259250	-0.0020817807944543	-0.0712767666762946	-0.0103995164600647	0.0001104196515456	-0.0020803904055802	-0.0899445359318994	0.0271065756533585	0.0001436403044490	-0.0020783507762351	
-0.0166933670371461	-0.1208177579693796	0.0004294556521576	-0.0020383626534846	-0.0321284995051230	-0.0895818505215445	0.0001398845410981	-0.0020786082199918	-0.0480374357479070	-0.0520274789176610	0.0004362224367668	-0.0020369180454929	
0.3486649697069564	0.3927370800635500	-0.0001327661206515	-0.0020790773652280	0.3354644544150548	0.4364703641451378	-0.0001554974972765	-0.0020774930222840	0.3190540136100551	0.4906236636106238	-0.0000690450310435	-0.0020821831561103	
0.6144695393043318	0.3780862526945432	-0.0002364051674800	-0.0020698093120513	0.6038426057879631	0.4229042215461259	-0.0002229602980671	-0.0020713081895497	0.5913977132928745	0.4781063509978338	-0.0002430217317220	-0.0020690390399304	
-0.1653003664169665	0.0979099018791429	-0.0000301145155790	0.0020831145800558	-0.1846923129983812	0.1302361825470637	-0.0000741439819543	0.0020820069468446	-0.2086026312321181	0.1687783747488886	-0.0001169481686263	0.0020800318348000	
0.5012761246142803	-0.4641741169730620	-0.0012757058109632	0.0016445987850122	0.4827826517868690	-0.4284801842115849	-0.0012651984086093	0.0016527362539198	0.4725693045792962	-0.3824805888824211	-0.0013305735953857	0.0016003088731283	
-0.0839394626314957	0.0270961917371562	-0.0000561642193296	0.0020825723436251	-0.1011523285404061	0.0583018953384084	-0.0001147167830525	0.0020801567141715	-0.1216844720250736	0.0968648404118917	-0.0001268027106252	0.0020794514553664	
-0.1912697574342300	-0.1490450974899611	-0.0016886993978981	0.0012142058185800	-0.2121286608230697	-0.1230838103549877	-0.0014634109766774	0.0014791838451868	-0.2225141014048355	-0.0856092241660268	-0.0018855647195445	0.0008758564229739	
-0.2099137423846439	0.2729160979800729	-0.0000543682355121	0.0020826202425660	-0.2335349714860344	0.3093872945044592	-0.0001045317329346	0.0020806960834967	-0.2635946795550366	0.3531485086016097	-0.0001481566381988	0.0020780321217917	
-0.0849622503060875	0.0573062793014768	-0.0000412246052071	0.0020829233787495	-0.1025033007094032	0.0896162281115434	-0.0000967335675982	0.0020810750945793	-0.1238147738602221	0.1281105504522643	-0.0001066919496723	0.0020805858835067	
0.6055982711840489	0.1312768775756880	-0.0002962846493999	-0.0020620508511399	0.5934028876901256	0.1708210882171891	-0.0002615757095312	-0.0020667639896866	0.5773639497139469	0.2198516463187960	-0.0003276282402744	-0.0020572797918020	
0.3955094664618226	0.1445860557051991	-0.0007843612266975	0.0019292421532873	0.3797744889631742	0.1823455907730958	-0.0000386089357686	0.0020829737553052	0.3666061559538834	0.2269306692103484	-0.0006007220989768	0.0019943931776254	
-0.1668067836562854	0.1635720172498967	-0.0000569256279554	0.0020825515666535	-0.1874458235610921	0.1968363025557483	-0.0001038675065284	0.0020807295136906	-0.2130310755760755	0.2374977818354778	-0.0001425167561918	0.0020784285096942	
0.5595702191536771	-0.2410147486908273	-0.0017146025663369	0.0011771568006638	0.5383946682851342	-0.2030915767376669	-0.0009715003790653	0.0018416676756380	0.5306302317543234	-0.1567018286625115	-0.0018512606435772	0.0009465487613854	
0.2491151279565811	-0.2534662836873530	-0.0014272004153604	0.0015143247724361	0.2330930702368581	-0.2194069934874256	0.0010848193870715	0.0017769505211153	0.2223258088800427	-0.1781768353677227	-0.0015869003764845	0.0013451460774900	
-0.1747129801786622	0.3093638701559425	-0.0000772253062673	0.0020818943714407	-0.1978999089706551	0.3478850567436301	-0.0000909636369316	0.0020813365828003	-0.2274960269402198	0.3937570747792520	-0.0001633801171570	0.0020768849469700	
-0.1991550740834453	-0.0697728685069799	0.0000404773823812	0.0020829381068483	-0.2162418096271737	-0.0406340906461357	-0.0000519035187850	0.0020826834410927	-0.2367920451607489	-0.0051972143462559	-0.0000414053098324	0.0020829197765113	
-0.0925148269150738	0.2656246010523265	-0.0000166102968907	0.0020832667843031	-0.1130661678006165	0.3031306189149072	-0.0000743553356234	0.0020819993716877	-0.1393311125306148	0.3479131264598234	-0.0000780722436632	0.0020818626246887	
0.5283137230033981	-0.4277837777658904	0.0014473616292850	-0.0014949698059070	0.5083383218695159	-0.3904179919971777	0.0014913854800069	-0.0014508315109312	0.4989827976756769	-0.3425356633547020	0.0014929973112243	-0.0014491644730989	
-0.1746390031835303	0.3072859393618034	-0.0000795816098265	0.0020818051876699	-0.1978074774042335	0.3458052068240526	-0.0000948948583770	0.0020811601721586	-0.2272366023221360	0.3906623300539522	-0.0001644761224853	0.0020767980045874	
-0.1998619611767162	-0.0396132984561922	-0.0000921038083192	0.0020812861883206	-0.2178517597066453	-0.0103782833544236	-0.0001298536179201	0.0020792622250436	-0.2388222862329578	0.0260620440131438	-0.0001835147889129	0.0020751943285278	
0.3953343871361399	0.1450288217869415	-0.0008160813588053	0.0019159736133980	0.3797636845970047	0.1833811944422353	0.0000673427308699	0.0020822391867448	0.3666061559538834	0.2269306692103484	-0.0006007220989768	0.0019943931776254	
-0.0819095978876808	-0.0301967159964150	-0.0000921971419704	0.0020812820352125	-0.0984163655663268	0.0010654647731150	-0.0001185906075064	0.0020799383738538	-0.1176103850136004	0.0385234206190275	-0.0001549005245722	0.0020775378418789	
-0.1741814581465548	0.2948108977146896	-0.0000767913054571	0.0020819105052344	-0.1971403257500014	0.3323157070017455	-0.0001099852067344	0.0020804135340706	-0.2263025136243103	0.3781424944194569	-0.0001505357049393	0.0020778602774712	
-0.1991733940352717	-0.0884932357781508	-0.0000979383154938	0.0020810184633055	-0.2161317662341022	-0.0593756282614418	-0.0000464804041021	0.0020828121696806	-0.2358669294145753	-0.0239579792430837	-0.0002067618511392	0.0020729962120528	
-0.2033628359315399	0.0302283198584209	-0.0000855302536137	0.0020815680941664	-0.2225646596209379	0.0603991945133630	-0.0001107083831488	0.0020803749838300	-0.2456055657454775	0.0978769494271978	-0.0001762171122766	0.0020758299185356	
0.3419719302042343	0.2749895845632810	-0.0001746765897473	-0.0020759607695035	0.3288791865362557	0.3146237547820517	-0.0001651616818484	-0.0020767433241090	0.3122353187308882	0.3645386903321132	-0.0001705058672257	-0.0020763092216874	
-0.1652229811639226	0.0927074545369894	-0.0000346892695348	0.0020830430643914	-0.1845062192246783	0.1239992768029081	-0.0000587247283294	0.0020825013612332	-0.2082704816098900	0.1634863275653453	-0.0001255698875255	0.0020795266393082	
-0.2071965019632815	0.1999812346921031	-0.0000777340528074	0.0020818753430816	-0.2293567712249834	0.2343861029249634	-0.0000736074354466	0.0020820260803096	-0.2572298981972738	0.2750439929266842	-0.0001788717537975	0.0020756017194973	
0.5790579121476411	-0.0776072199833330	0.0001175543592949	-0.0020799974925184	0.5606860453149749	-0.0385762755251968	-0.0002387127585104	-0.0020695431190599	0.5477346970661914	0.0055801815083861	0.0004239056575716	-0.0020395298889999	
-0.1617272041596148	-0.0197637789591009	-0.0000604151260426	0.0020824527647880	-0.1792639282683386	0.0104651161754836	-0.0000904609713738	0.0020813586003748	-0.1999920409990407	0.0468193015190082	-0.0001440941341126	0.0020783192038099	
-0.1995335202756449	-0.0468772388023116	-0.0000918009017718	0.0020812996378495	-0.2174132515382448	-0.0177326598153896	-0.0001243422119341	0.0020796007767237	-0.2380730856085616	0.0176946475556205	-0.0001796110414889	0.0020755375567058	
-0.0924032017668542	0.2552123974427742	-0.0000323360766025	0.0020830811125070	-0.1127861667773872	0.2916772861317974	-0.0000300407105371	0.0020831156510445	-0.1388969761552259	0.3364917469047209	-0.0001087526736610	0.0020804786526445	
0.6597335807693783	-0.0459234515009262	0.0015044331509245	-0.0014372292548181	0.6419598191504892	-0.0063135650028442	0.0009330720477681	-0.0018615304920477	0.6288370522268321	0.0385950897866012	0.0006927788133707	-0.0019641620558041	
-0.5121532138806069	0.0698033372939404	0.0002737800424772	-0.0020651748158664	-0.5403136055030042	0.0979169780808851	0.0003237483012770	-0.0020578970079438	-0.5728499816180345	0.1311936790007392	0.0004050553117590	-0.0020433762741427	
0.5174304661842357	-0.2052254853905144	-0.0013728959660271	0.0015639688127664	0.4985702536547509	-0.1667165705645594	-0.0008736154741910	0.0018903049994705	0.4883547025722568	-0.1229251875648661	-0.0014188804169349	0.0015221620969507	
-0.0553511353595472	-0.0375064372494002	0.0000835193725083	-0.0020816501558064	-0.0714825287059070	-0.0062413793466666	0.0001134829122724	-0.0020802247316223	-0.0902153232719828	0.0312607023374726	0.0001495031733061	-0.0020779351970791	
0.6359487664941830	0.3083486739532120	-0.0001262457283981	-0.0020794855143297	0.6239964538755096	0.3518781597023350	0.0000889754579045	-0.0020814229539017	0.6115082483158052	0.4039956142743870	-0.0002891410974343	-0.0020630697196569	
-0.2058242103184707	0.1562462122698426	-0.0000534170601298	0.0020826449795200	-0.2271908570727912	0.1896034565427067	-0.0000862539102091	0.0020815380841022	-0.2537694768330447	0.2291463472787745	-0.0001367715049557	0.0020788164142299	
-0.2004610112997919	-0.0260342966429059	-0.0000940630262647	0.0020811981237509	-0.2186350081208416	0.0030798016802078	-0.0001213460815596	0.0020797786396345	-0.2400132106888830	0.0395849247298012	-0.0001839264863577	0.0020751576974295	
0.3196360438099067	0.0459399035651679	-0.0001436978813145	0.0020783467762193	0.3045491345559943	0.0822501637182947	-0.0004745860529358	0.0020282796377297	0.2897833178845356	0.1250260827914893	-0.0000661488078591	0.0020822776489519	
-0.0831296826237579	0.0020830917216059	-0.0000710364045065	0.0020821158336222	-0.0999849764121603	0.0333170282309186	-0.0001060270906009	0.0020806200409628	-0.1199776884946836	0.0707884330147128	-0.0001383677416239	0.0020787102486965	
-0.0859467689261642	0.0843939625282540	-0.0000727783429434	0.0020820553724711	-0.1039905370680172	0.1166625361620254	-0.0000689457047424	0.0020821864638679	-0.1259233837030210	0.1562279639877932	-0.0001648620391015	0.0020767672518868	
-0.1557149163948733	-0.1404620118715024	-0.0004509898793473	0.0020336832781799	-0.1713062386953728	-0.1113619191709341	-0.0000918196614597	0.0020812988061793	-0.1882273614548060	-0.0762479511645145	-0.0011116503632520	0.0017602058662180	
-0.1988259826112166	-0.0938141075190157	-0.0001487385985458	0.0020779903399576	-0.2159440160948692	-0.0645550670757006	-0.0001123116979074	0.0020802886126368	-0.2351166247212564	-0.0302752336078799	-0.0002527281699773	0.0020678700377541	
-0.0300339357850988	0.1500036871291743	0.0000940590018865	-0.0020811983065456	-0.0478711706230920	0.1843739959590285	0.0000455144910441	-0.0020828336078744	-0.0696322424371824	0.2260407953239311	0.0001560186231808	-0.0020774537553958	
-0.1168637492646583	-0.1200286057044241	-0.0001050398586526	0.0020806703655442	-0.1326525708896028	-0.0905084307091327	-0.0001453903108844	0.0020782284791263	-0.1499451144237036	-0.0543558312699596	-0.0001288086078842	0.0020793275495524	
0.4183165267083637	-0.0094142635491255	-0.0000027352495708	0.0020833315287618	0.4052978244429255	0.0270845934781896	0.0002896637283521	0.0020629960379193	0.3884825295831162	0.0708192139797691	-0.0000454831218150	0.0020828342965552	
-0.0545852205043922	-0.0624862416459925	0.0000491057901025	-0.0020827516239802	-0.0702025135624641	-0.0312333465707116	0.0000874844954324	-0.0020814864701260	-0.0886171768529439	0.0062342306588605	0.0001091847581123	-0.0020804559080424	
0.3437167704176849	0.2958508700835412	-0.0001722973910459	-0.0020761605837030	0.3305671555098498	0.3364472617405130	-0.0001671696375766	-0.0020765818517340	0.3139812900249737	0.3864446010071758	-0.0001620737100578	-0.0020769878157260	
-0.1996752074095788	-0.0437629954500513	-0.0000930170417180	0.0020812453706379	-0.2175937830063122	-0.0146280235508838	-0.0001271852218005	0.0020794279779857	-0.2383514108991787	0.0207872945284747	-0.0001830423887791	0.0020752362587677	
-0.0915843143749075	0.2364428399884947	-0.0001305510751072	0.0020792183315197	-0.1122436569560982	0.2729138708723681	-0.0001273719350612	0.0020794164923097	-0.1371999505046371	0.3166607321871551	-0.0002031205566838	0.0020733579694701	
-0.1603035243498030	-0.0666957359564507	-0.0000758899796339	0.0020819437207399	-0.1771357177451650	-0.0375517809707452	-0.0001085897577343	0.0020804872049396	-0.1966914320222454	-0.0010846544802914	-0.0001560064866549	0.0020774546713869	
0.4020950053214256	0.1384774608795152	-0.0020285334279047	0.0004524703878554	0.3815727797660096	0.1751066045885438	-0.0008360524541073	0.0019073003918053	0.3761508261634769	0.2219055371160785	-0.0020494723517528	0.0003448375276416	
0.0704894461772410	0.0052492959023402	-0.0004753451026543	-0.0020281009920912	0.0568115739744363	0.0385362328265777	-0.0000293667889163	-0.0020831253087741	0.0377667766122155	0.0790761507905151	-0.0004490823571688	-0.0020341074649515	
-0.2078403254294350	0.2260401974328401	-0.0001042984336146	0.0020807078496797	-0.2307970717312779	0.2614467111493459	-0.0001973273997211	0.0020739201385831	-0.2591881749353837	0.3030836313546549	-0.0001730593188153	0.0020760968944453	
0.4234465744922866	0.0280889927204840	0.0000818345397294	0.0020817174062706	0.4105386008395953	0.0645798654859601	0.0001510114227818	0.0020778255853633	0.3938780857346194	0.1083384538039493	0.0000717597368114	0.0020820909054283	
-0.0189226368444646	-0.0802381073861951	0.0000132692648214	-0.0020832908637349	-0.0339143418792152	-0.0488901653780483	0.0000948509014949	-0.0020811621860313	-0.0516304980763239	-0.0114063047129291	0.0001008536402474	-0.0020808785164375	
0.6151222014192781	0.3833339801028341	-0.0002306531050988	-0.0020704614427963	0.6044045073961255	0.4281490505057532	-0.0002294183871868	-0.0020705993065925	0.5920948488418141	0.4843934090186411	-0.0002029818690434	-0.0020733716195876	
0.3961593241090247	0.1429255871467837	-0.0007017246354816	0.0019609679112129	0.3798540363605960	0.1811989241543063	-0.0001510692558443	0.0020778213603385	0.3687720827985399	0.2238022404093412	-0.0017708431257166	0.0010902721567192	
-0.2126396378877827	0.3416926293032859	-0.0001317140192690	0.0020791446182415	-0.2378386880566538	0.3812595514227005	-0.0001739766347695	0.0020760198409000	-0.2697104914790291	0.4281762558779658	-0.0002202302891373	0.0020716016961495	
0.0720069050133281	0.2312439346316041	-0.0000373281891043	-0.0020829972175687	0.0553556255503642	0.2687475408052631	-0.0000155555758022	-0.0020832749675564	0.0342923448761092	0.3135416739339725	0.0000071264802515	-0.0020833210834641	
-0.0864005485534191	0.1187391008374964	-0.0000269324986148	0.0020831583681913	-0.1047749816311823	0.1520976519713164	-0.0000670870064037	0.0020822474828628	-0.1275715448779975	0.1927301876762283	-0.0000898480127024	0.0020813852835576	
-0.1667466220297714	0.1614274603747212	-0.0000543065861936	0.0020826218591033	-0.1873501359098838	0.1947633264013564	-0.0001005179051592	0.0020808948426398	-0.2128881214886693	0.2354287658411683	-0.0001394222798837	0.0020786394327295	
0.1906877017118938	0.1065150077460701	0.0006412833875893	0.0019816595576401	0.1767761965196569	0.1414576410252095	0.0002102410791018	0.0020726444904086	0.1586805825298696	0.1855388322251099	0.0006047657054484	0.0019931646258185	
0.3500731009776672	0.0760169678505523	-0.0018322640679882	0.0009829950266483	0.3336418715582183	0.1124562947080313	0.0002569626496970	0.0020673454991209	0.3230770568399954	0.1561841213005185	-0.0017088884655351	0.0011854780636212	
-0.0812729690980234	-0.0437643248956471	-0.0000991603264140	0.0020809603028738	-0.0976734124317852	-0.0125000733633645	-0.0001174762084206	0.0020800019299705	-0.1164560363734565	0.0239508123134090	-0.0001669018610466	0.0020766034988171	
0.3971264655413063	0.1408656943393309	-0.0012400691231827	0.0016717678903735	0.3803505869939678	0.1781357613252726	-0.0005808563396901	0.0020002986305224	0.3700451552036179	0.2231871137502032	-0.0019524032347909	0.0007136639057425	
0.5638766669903881	-0.4679632264132500	0.0013897129136573	-0.0015489697268967	0.5439789835287354	-0.4295202515470487	0.0013437789126661	-0.0015891809264319	0.5334585912571568	-0.3809155229827125	0.0014025359851166	-0.0015373102347487	
0.4355211815806035	0.1104135630552362	-0.0000855339792070	0.0020815679403146	0.4212745939495803	0.1489984264237772	-0.0002737471400750	0.0020651791993035	0.4065369415916669	0.1926895162591479	0.0000596800010307	0.0020824740681414	
-0.1562872747286496	-0.1283217377307950	-0.0002456605017285	0.0020687258332307	-0.1727836238808512	-0.0990582886004023	-0.0002628951786176	0.0020665957276403	-0.1900759947232358	-0.0635008173402083	-0.0002921012314613	0.0020626506004265	
-0.5205978399909705	-0.0531321022889337	0.0005990115717410	-0.0019949101728624	-0.5472876264895841	-0.0281076104063527	-0.0000560067164180	-0.0020825766065448	-0.5749025057516001	0.0008518044261798	0.0019422490967961	-0.0007409864971310	
0.5552279752080482	-0.4580757675950174	0.0013146530887993	-0.0016134784374804	0.5356613200391320	-0.4191135989976957	0.0012967190116795	-0.0016279986708530	0.5250539248193866	-0.3716352792474145	0.0013731413841052	-0.0015637522649860	
0.5818364574931703	-0.4885686188658546	0.0013108257447687	-0.0016166049563245	0.5616076714793659	-0.4495744050549140	0.0013910092965657	-0.0015477998214117	0.5515418655021991	-0.4001787144088462	0.0014805601284086	-0.0014619321092687	
0.3360538279811529	0.1696245857402826	0.0000421418391280	-0.0020829049311959	0.3219071046001868	0.2073853027559723	0.0001442254725496	-0.0020783100480691	0.3062053444029642	0.2532296676110471	-0.0000033352438154	-0.0020833306502420	
0.4232194698627025	0.0218853312124931	0.0001073710597216	0.0020805507728811	0.4101724064054426	0.0593596019587976	0.0001190153471103	0.0020799139917642	0.3935613865553738	0.1020877667670301	0.0001873745951060	0.0020748476506142	
0.4986715636493408	-0.0845821806549538	0.0018206794241473	-0.0010043949056407	0.4796037524673569	-0.0469738723257478	0.0003314278262719	-0.0020566680493465	0.4727758158233544	-0.0021762127526458	0.0020781071501604	0.0000113495719790	
0.0910025675202343	0.0022711349814357	0.0005165761943023	0.0020179422416454	0.0778228943169239	0.0354498437737885	-0.0000865456875468	0.0020815259124381	0.0584050064400561	0.0759628063243036	0.0004327986949265	0.0020376519141353	
-0.0543124324009570	-0.0750020372670931	0.0000373222747502	-0.0020829973240785	-0.0697493629232613	-0.0437545300237718	0.0000711374594295	-0.0020821123661620	-0.0879917228995771	-0.0072832926590655	0.0000999523535052	-0.0020809222210360	
0.0907599705498632	0.0739386211690000	-0.0001497954821866	0.0020779140399978	0.0752261873715312	0.1082741552914946	0.0000653956774168	0.0020823015567999	0.0567021116317614	0.1479066580675450	-0.0002391734809300	0.0020694896584673	
0.5789733286802767	-0.4852615781958451	0.0013786101551948	-0.0015589089484105	0.5586213921549299	-0.4461535298016214	0.0013696017951676	-0.0015668688302657	0.5484055656524274	-0.3970676262117185	0.0014635542194478	-0.0014790414065551	
-0.1642301504848742	0.0562444079371970	-0.0000582376237801	0.0020825151086253	-0.1830082798943316	0.0874843330662821	-0.0000994095260309	0.0020809483537269	-0.2056826101064879	0.1250069697333229	-0.0001381089914807	0.0020787275421683	
0.1361369893442188	0.0989539049930905	-0.0008234466526501	-0.0019128039178562	0.1215287719622609	0.1354091728156870	0.0013451720205207	-0.0015879959901912	0.1036260217598793	0.1771354576694670	-0.0006933335201903	-0.0019639653373370	
-0.0552406787116292	-0.0406279763215467	0.0000810145295634	-0.0020817496405635	-0.0713201758666087	-0.0093596833623407	0.0001113700817568	-0.0020803394888025	-0.0900036861173903	0.0281455304190590	0.0001451680522019	-0.0020782440939095	
-0.0548803469734312	-0.0510383149608537	0.0000692875199301	-0.0020821750607365	-0.0707689763961832	-0.0197947938380856	0.0001022119622355	-0.0020808119066442	-0.0892857836938393	0.0177120243982440	0.0001280335088558	-0.0020793756594318	
-0.2123805151577302	0.3374738757269131	-0.0001210161789552	0.0020797979579998	-0.2373704609189590	0.3759996083549706	-0.0001697733222685	0.0020763695484608	-0.2691355372860536	0.4229149521337490	-0.0002062306551565	0.0020730493900090	
-0.0561677698219675	-0.0166654052550941	0.0000534309010149	-0.0020826446226963	-0.0723741424302701	0.0145747502098947	0.0000592084431870	-0.0020824875961033	-0.0917882212129291	0.0520747980595557	0.0001391231620210	-0.0020786595744195	
0.1205572047431984	0.1375988178072902	-0.0018792945341657	0.0008892969236860	0.1042333918477991	0.1744014982919840	-0.0003339298140877	0.0020562612709735	0.0894394030633548	0.2150460831132369	-0.0020452422912406	0.0003692160937702	
-0.2146157210458892	0.3895990018301616	-0.0000315782294080	0.0020830927970328	-0.2404010125839584	0.4301884758447281	-0.0001227338635411	0.0020796967962576	-0.2742187435635556	0.4802157219644491	-0.0000987129912577	0.0020809816772283	
-0.1647281854172383	0.0729656520602708	-0.0000596104275562	0.0020824760708061	-0.1837747892054395	0.1041832109080320	-0.0000907757831041	0.0020813448254108	-0.2069329306584876	0.1426862504946336	-0.0001406207532791	0.0020785582952987	
-0.1627151737246416	0.0083730476021990	-0.0001029244599270	0.0020807766098011	-0.1808297522864145	0.0385387619313596	-0.0001263073173878	0.0020794817556185	-0.2021586271679899	0.0761040469194637	-0.0001768529929828	0.0020757755698206	
-0.2049073274451632	0.1031108925144795	-0.0000182813867022	0.0020832527200375	-0.2252553203606549	0.1343943781865538	-0.0000604682139888	0.0020824512162348	-0.2505570524321723	0.1739434501893972	-0.0000995411083171	0.0020809420322161	
0.3449114100987118	0.3104212487190235	-0.0001716095507840	-0.0020762178369830	0.3317486218687945	0.3510196920102807	-0.0001713031722885	-0.0020762432645653	0.3151781408256208	0.4020589495018373	-0.0001637642704154	-0.0020768545399750	
0.3356535762252402	0.1562406222237113	-0.0000992742462709	-0.0020809548441351	0.3223355779087078	0.1936797591724166	-0.0000879044883663	-0.0020814686868681	0.3056677415148435	0.2395352161398667	-0.0000986709528305	-0.0020809836809093	
0.6009283728333557	0.0978934788737705	-0.0001547476760298	-0.0020775492895855	0.5881740743561017	0.1374948909561564	-0.0002060617461947	-0.0020730662705116	0.5719806925937376	0.1843298705596643	-0.0002011968268158	-0.0020735464694191	
0.0913751536979059	0.0510485925991517	0.0002792960413282	0.0020644323626952	0.0769280945881348	0.0843734085596868	0.0000216084339116	0.0020832207074195	0.0577096591859827	0.1250456911192071	0.0002263220877766	0.0020709417330745	
-0.1963798169563883	-0.1291648634391059	0.0001217373720758	0.0020797556581133	-0.2126049306053131	-0.1009106280337780	-0.0001711922658827	0.0020762524578559	-0.2313514524946180	-0.0654395969422822	0.0001583623127132	0.0020772755247771	
0.0913728182613106	0.0677083124957147	-0.0002311891041345	0.0020704013620179	0.0753212283867603	0.1020549125595164	-0.0001263729829446	0.0020794777460920	0.0575623510410027	0.1416994234963875	-0.0002920603766334	0.0020626564146120	
0.0720947387911191	0.1384617456361094	-0.0002953936137361	-0.0020621793225731	0.0570127722160325	0.1729229325872767	-0.0001139951787007	-0.0020801965823664	0.0365356082391776	0.2166357632018283	-0.0002595222048210	-0.0020670241467288	
-0.0794906476176898	-0.1020551111238215	-0.0000659540223187	0.0020822838586190	-0.0948838759983035	-0.0718901599689285	-0.0000812855491416	0.0020817390228557	-0.1127227067354485	-0.0344220100433455	-0.0001458036530608	0.0020781993759355	
0.0910953812376415	0.0489928484599180	0.0002871855078382	0.0020633442196623	0.0768581885892999	0.0822940699086381	0.0001187422389261	0.0020799296795211	0.0574686964484765	0.1228891496999824	0.0002183049420865	0.0020718064936048	
-0.2044708031036178	0.0646002892283808	-0.0000438162950449	0.0020828702068849	-0.2242505443070825	0.0958471740913072	-0.0000671266321651	0.0020822461994072	-0.2483604125335006	0.1333305528578088	-0.0001365382609611	0.0020788318236623	
0.3392199492041224	0.2416222351612531	-0.0001745380989510	-0.0020759724761314	0.3261271299115112	0.2812620992997140	-0.0001669935383796	-0.0020765960915438	0.3093310660979448	0.3291934951373349	-0.0001660197980445	-0.0020766745578694	
0.3417507560475990	0.0406048921020680	0.0002295867692324	-0.0020705805498242	0.3278294135452862	0.0767365893043588	0.0000373680812924	-0.0020829964987209	0.3121437759392235	0.1198551319404059	0.0002415755285378	-0.0020692092410792	
0.4186619196039967	-0.0187541893075474	-0.0000692143163690	0.0020821775075958	0.4048896252687757	0.0187135350370617	-0.0000377632866356	0.0020829893357188	0.3888760746690016	0.0614656325266620	-0.0000399629202006	0.0020829480904791	
0.4230761179260967	0.0197903529585089	0.0001742605598128	0.0020759959083692	0.4100669410075399	0.0572653053374931	0.0000878287744744	0.0020814718990349	0.3934452777695228	0.1010560067617090	0.0002268525744283	0.0020708833997022	
-0.2093993323963537	0.2500224371572074	-0.0000832663574359	0.0020816603425470	-0.2325296477422631	0.2854271565133636	-0.0000814112729122	0.0020817340853289	-0.2619096595364857	0.3291609712223796	-0.0001772374138474	0.0020757426177333	
0.0739450143073886	0.3406250375767025	-0.0000209294564339	-0.0020832276742312	0.0562314907200897	0.3812525838974027	0.0000117389399855	-0.0020833000948473	0.0339245646289872	0.4302030784074157	0.0000155720810247	-0.0020832748436311	
0.3482614740392205	0.3854118310769844	-0.0000952435074939	-0.0020811441657736	0.3349643503087205	0.4291426221440843	-0.0001377106264360	-0.0020787541031913	0.3187549950060109	0.4822948047892176	-0.0000787057653577	-0.0020818386509462	
0.2664544584092359	0.0614499719601207	0.0001587583149505	-0.0020772451460222	0.2480803594689047	0.0956913768934992	0.0016733556177438	-0.0012353706563141	0.2360338530043897	0.1395775592841825	-0.0000294146114442	-0.0020831246306707	
0.6572549418430422	-0.0420575093723464	0.0008889251557820	-0.0018831181499997	0.6397731125821076	-0.0022236452500490	0.0011633264252776	-0.0017263181357640	0.6273931343228494	0.0426495133535506	0.0007265134014337	-0.0019518743934529	
-0.0845520352807334	0.0426781291176096	-0.0000840044879751	0.0020816305378004	-0.1019896008285400	0.0749879808021325	-0.0000760886243558	0.0020819364340545	-0.1228791477611328	0.1135125156034383	-0.0001576822467970	0.0020773275170204	
-0.1173687480906359	-0.1135266336235907	-0.0001177573749844	0.0020799859513348	-0.1330282380575440	-0.0833395868566761	-0.0000957670802754	0.0020811200181931	-0.1506142127200090	-0.0478963543502071	-0.0002267282680079	0.0020708970810836	
0.3635759253207265	0.1790879374212819	-0.0017304532871294	0.0011536109138342	0.3461346995568695	0.2167274033634430	-0.0004547805669273	0.0020328347188702	0.3348750632515797	0.2637936593294269	-0.0018228007509920	-0.0010005205749036	
-0.1977065924523771	-0.1429918761831426	-0.0012420721096537	0.0016702728203577	-0.2142013312988905	-0.1157470343524784	0.0007051915101157	0.0019597176144574	-0.2298363997668166	-0.0804282817977747	-0.0015313550626752	0.0014083641402723	
-0.0860194959767634	0.0864704644341831	-0.0000623060326177	0.0020823967685352	-0.1040520897341353	0.1187436894843850	-0.0000601913321687	0.0020824592777972	-0.1260907627869731	0.1582961425457129	-0.0001526239067269	0.0020777071749890	
0.0898485024496617	-0.0032190730658148	0.0003141710418289	0.0020593883072747	0.0768183305359712	0.0291983065348180	0.0005305328145507	0.0020142997855258	0.0574515360904608	0.0697638312558454	0.0002081810570704	0.0020728534578260	
0.3310947729922039	0.1062268210688160	-0.0000612095452770	-0.0020824294496780	0.3176539157282530	0.1427128180131345	-0.0000353950100472	-0.0020830311325513	0.3010929957933177	0.1874827110458370	-0.0000804673615733	-0.0020817709686825	
-0.1752756429446057	0.3573023118260998	-0.0000599133263453	0.0020824673348304	-0.1992795209573487	0.3968897967576988	-0.0001085858014848	0.0020804874124636	-0.2302302616241664	0.4458650429247479	-0.0001415878979764	0.0020784923102974	
0.0730307151589977	0.1520829985009656	0.0000210806463554	-0.0020832261421606	0.0568687003127101	0.1875070006636763	0.0000147720231955	-0.0020832806994453	0.0371518770564001	0.2302031239569034	0.0000746702784750	-0.0020819880437193	
0.3727279361003835	0.0892658089934844	-0.0011095516756635	-0.0017615361585274	0.3563235791650063	0.1245978743019421	0.0020500190418267	-0.0003415560707317	0.3424882563736338	0.1714494496009038	-0.0010663390816828	-0.0017881572186819	
-0.0896888345358251	0.2041419217354596	-0.0001273474320846	0.0020794180005757	-0.1098164482235623	0.2396099852358080	-0.0001485246416325	0.0020780057201287	-0.1340267058988484	0.2822932332204954	-0.0002024441870115	0.0020734244511269	
0.6286980124421393	0.2697957138886234	0.0003780752258212	-0.0020485656698372	0.6147947215295388	0.3124855143832739	0.0001294732320728	-0.0020792860646372	0.6037167331624329	0.3625008755968175	0.0003953654721147	-0.0020452827127302	
0.1339783703803719	0.1397048261543727	0.0001293039318102	-0.0020792966524682	0.1199796708152018	0.1735758633220381	-0.0009040155961799	-0.0018758843916602	0.1016710545695295	0.2170396862185018	0.0001553341799107	-0.0020775053010733	
-0.0269818618638042	0.0989628291300076	0.0001891070449221	-0.0020746896810022	-0.0443259027931433	0.1323162757604344	0.0000665405656894	-0.0020822651043967	-0.0647003325339467	0.1718224312322471	0.0002894905111005	-0.0020630204735292	
-0.1740313163669752	0.2906025802692105	-0.0000736657282582	0.0020820240083015	-0.1969274373524973	0.3281617393864598	-0.0001093851375258	0.0020804453295251	-0.2259128957256649	0.3728828838457629	-0.0001454342720817	0.0020782253877888	
-0.1667510932089320	0.1603858817514781	-0.0000529518411310	0.0020826569192469	-0.1873194939108287	0.1937250320545876	-0.0000990042503123	0.0020809677714295	-0.2128106722873484	0.2343948436780064	-0.0001376977098195	0.0020787549631180	
-0.0935273222159572	0.2958330147126377	-0.0000826108723115	0.0020816865893114	-0.1146097719458016	0.3343823688306883	-0.0000096354901554	0.0020833109394216	-0.1414641538887175	0.3801960031216984	-0.0001716555470230	0.0020762140156207	
0.2644024362322162	0.0657407503186246	0.0015603936053116	-0.0013759579265321	0.2448682288987239	0.0984765270564142	0.0015905327914223	-0.0013408275180534	0.2353950823683256	0.1437128699047255	0.0009296862666141	-0.0018632322020341	
0.0739911565353194	0.3479190798194667	-0.0000058267709357	-0.0020833251442225	0.0561612088759147	0.3885432915945367	0.0000261801311911	-0.0020831680074417	0.0338385506093587	0.4385288126982492	0.0000311249556080	-0.0020830996531724	
-0.0557445615798438	-0.0281173193499167	0.0000863150528943	-0.0020815355369091	-0.0719455501480126	0.0031220702159665	0.0001027318820717	-0.0020807861742679	-0.0908773422133772	0.0405947691545671	0.0001618072114525	-0.0020770086982477	
0.4475652849323213	0.1697794295975779	0.0002784959941065	0.0020645409838995	0.4327662722266341	0.2106830741804268	-0.0015957335410105	0.0013346027504159	0.4194148285050863	0.2552146755023808	0.0004056613271269	0.0020432554493707	
0.6119747893256182	0.3208178591187854	0.0004291313303541	-0.0020384312987276	0.5992095436165044	0.3644748923968115	-0.0000272802100362	-0.0020831538210650	0.5881931248844301	0.4166987407572224	0.0004286834081753	-0.0020385260158879	
-0.0821053111695440	-0.0260429334595729	-0.0000929367873923	0.0020812489738405	-0.0986665149742807	0.0052121094422990	-0.0001166701432680	0.0020800475260824	-0.1179479062181279	0.0427575651315251	-0.0001595854098120	0.0020771814504433	
-0.0910036278502767	0.2260774185323624	-0.0001174497805594	0.0020800034298900	-0.1114631967739539	0.2624667249520758	-0.0001694976495145	0.0020763921830333	-0.1361473698372574	0.3052052115343663	-0.0001755913890725	0.0020758832066086	
0.6285549925400902	0.2708279486306625	0.0003644115896947	-0.0020510526960726	0.6148006440621696	0.3135286495878412	0.0000787121697369	-0.0020818384076009	0.6034328487386209	0.3645697265810570	0.0003799725091943	-0.0020482128483452	
0.6393326399935899	0.3541464912664937	-0.0003952592007259	-0.0020453033555940	0.6289757901629696	0.3978989420015185	-0.0002839560009471	-0.0020637933782983	0.6164814274198713	0.4541382537623348	-0.0004314930443192	-0.0020379301841774	
0.0721588901158554	0.2395732163146013	-0.0000382532356175	-0.0020829803508547	0.0554215772885086	0.2770799139253281	-0.0000176019883899	-0.0020832586005333	0.0342630825534190	0.3218749653562553	0.0000081759866583	-0.0020833172097327	
0.1569328053032285	0.0750085899210977	-0.0007678971847223	0.0019358873096409	0.1415454261212654	0.1093256049771353	0.0002635499154181	0.0020665119145447	0.1262011078907272	0.1502217296896170	-0.0009947713608491	0.0018291401483477	
0.3756149159494688	0.1323808971018138	0.0004790011138596	-0.0020272363124093	0.3584705698115220	0.1687365904192431	0.0012550478042423	-0.0016604960756453	0.3460839002923339	0.2145899745898774	0.0001654871852291	-0.0020767172816967	
-0.1964448194079195	-0.1239783171657315	-0.0001241577807397	0.0020796118510776	-0.2132085448458509	-0.0948477190261892	-0.0001989855354672	0.0020737609097400	-0.2314358621875016	-0.0603093242731096	-0.0001710556418970	0.0020762637746959	
0.4714872903009670	-0.4272619467223318	-0.0012982241468641	0.0016267926662415	0.4536594498653861	-0.3929784579194700	-0.0013130059947053	0.0016148257915424	0.4448897814944877	-0.3488156874386253	-0.0013450960050957	0.0015880607011441	
-0.0190495115829966	-0.0729763926225960	0.0000606318204834	-0.0020824464353395	-0.0343513093958515	-0.0416773681739480	0.0001596049232430	-0.0020771799436703	-0.0520337334429770	-0.0041831498558758	0.0001304164989541	-0.0020792268192671	
0.3541392494379507	0.1281239647735041	0.0000728225639489	0.0020820538185129	0.3414521363230469	0.1647100443359775	0.0005035232125018	0.0020212552756949	0.3242219231951182	0.2093778362458343	-0.0000450501050370	0.0020828437544784	
0.3406840593109075	0.0509252798182579	0.0005829905495378	-0.0019996745442161	0.3232103165305336	0.0845227223604724	0.0018053743092774	-0.0010317868617566	0.3113160920888530	0.1309251312722219	0.0001462538821850	-0.0020781675810782	
0.3575217718390862	0.1146322199417977	-0.0013052040089472	0.0016211698979585	0.3407374514813408	0.1520646770371384	-0.0002904864468668	0.0020628797741739	0.3307301350211341	0.1960872804925262	-0.0020155560735639	-0.0005074187326604	
-0.1752621333510430	0.3333311740175888	0.0000005884662639	0.0020833332498071	-0.1985158445996792	0.3718748855167985	-0.0000101342237695	0.0020833085611911	-0.2291752082149620	0.4198089722926817	-0.0000921341302275	0.0020812848395356	
-0.0825324814608253	-0.0166994246444332	-0.0000853078021180	0.0020815772683439	-0.0991599546129044	0.0145486800030871	-0.0000914534328805	0.0020813150113491	-0.1186527552663856	0.0520615263266496	-0.0001635787422797	0.0020768692341093	
-0.5181289106648058	-0.1418264243771720	-0.0004131716907423	-0.0020417424692096	-0.5415007926994626	-0.1187271423722208	-0.0000977267042091	-0.0020810284613210	-0.5698023586998355	-0.0863252891331550	-0.0002732419907073	-0.0020652464307516	
0.3603808264840762	0.1133939646558168	-0.0020319645904100	-0.0004367235683059	0.3410736510946402	0.1500853489852151	-0.0004570799298709	0.0020323163630234	0.3325336197604504	0.1969129984655942	-0.0019796146762700	-0.0006338648491417	
0.3435556137580835	0.2937809174515111	-0.0001720322602066	-0.0020761826795260	0.3303951228029375	0.3343772126798974	-0.0001658410065290	-0.0020766889151336	0.3138125270879673	0.3843739534060505	-0.0001632669150502	-0.0020768938935823	
-0.2050183740977076	0.1124752152376852	-0.0000324458736468	0.0020830793966644	-0.2255562818396920	0.1447853218384743	-0.0000518314241831	0.0020826852455356	-0.2510450863348888	0.1833786234685412	-0.0001150228452143	0.0020801397282137	
0.0735987317287098	0.3177107108678346	-0.0000361920293455	-0.0020830173684557	0.0561564818580834	0.3572914237101952	-0.0000181911702116	-0.0020832535137238	0.0340319139734074	0.4062482557258508	0.0000087253966610	-0.0020833149699679	
0.3911790572903733	-0.2964802684630046	-0.0008950547070354	0.0018801979224354	0.3748312702405689	-0.2596583703621255	-0.0005505413296528	0.0020088963758729	0.3626986297871619	-0.2176563542743986	-0.0008567902754141	0.0018980287578942	
-0.0804120588961534	-0.0708560198634241	-0.0000697108191603	0.0020821608610061	-0.0961835738068452	-0.0405986432040851	-0.0000915173738574	0.0020813121867142	-0.1146442839032835	-0.0031574509748177	-0.0001424513864596	0.0020784330134643	
-0.2086343265862876	0.2375167821061344	-0.0001577056279677	0.0020773257332242	-0.2318455643938762	0.2729060053840946	-0.0001559705090618	0.0020774573863355	-0.2604713615509539	0.3156648531919135	-0.0002418568041796	0.0020691762189067	
0.4064823360651035	0.1139078588730362	0.0006036627246414	-0.0019935006324746	0.3886222381660744	0.1480268295538916	0.0019704189541522	-0.0006620346687887	0.3778793232052218	0.1943998237276899	0.0006655587813393	-0.0019735986611644	
-0.5185411562091030	-0.1437249556612636	-0.0005002981136073	-0.0020220599694180	-0.5416372204412526	-0.1207689579696081	-0.0001879406838795	-0.0020747961942940	-0.5701790221210906	-0.0886642771432091	-0.0003805341160551	-0.0020481080606720	
0.2398772399752501	0.0790562548170113	0.0015093852277606	-0.0014320015901329	0.2218242671689346	0.1139408631512351	0.0009205339253823	-0.0018677935807571	0.2121059249002634	0.1564093624006304	0.0018747586455979	-0.0008988671935483	
0.2949187570866947	0.1145157995520192	-0.0011035308259396	0.0017653331077825	0.2775567205256262	0.1510428407144065	-0.0003798169191172	0.0020482418508661	0.2665458224845921	0.1934481223779372	-0.0013888002674606	0.0015497921503143	
0.5350180116002916	-0.4344534459784938	0.0014827248947010	-0.0014597255078910	0.5149424278395947	-0.3971982857145003	0.0014556717160740	-0.0014868387567081	0.5053261786426397	-0.3486861251767242	0.0014764011546618	-0.0014661531239749	
0.0039570247440452	0.1071061496106500	0.0008752844361478	-0.0018895289177800	-0.0156610136619975	0.1394033281353365	0.0017555656395437	-0.0011148263303720	-0.0303412547983442	0.1800664237828983	0.0009171178704448	-0.0018694816946522	
0.3192302905359706	0.0488816171537240	-0.0004097311920970	0.0020424391497677	0.3041044992776377	0.0855612779160142	-0.0001537438585008	0.0020776241888630	0.2894586819786652	0.1282579614863370	-0.0003397823107598	0.0020552974912172	
-0.2145618586019095	0.3833097655920178	-0.0000117292850308	0.0020833001495008	-0.2400830813719340	0.4239554203471719	-0.0000762832988659	0.0020819292744985	-0.2738633081676821	0.4729580086627340	-0.0001091464055453	0.0020804579305502	
-0.0863413228221561	0.1135356294349409	-0.0000175399738367	0.0020832591262057	-0.1046091054596905	0.1469024997469246	-0.0000505704882980	0.0020827163994735	-0.1273012985440075	0.1864997880762116	-0.0000774083128710	0.0020818875409569	
0.1192383373209388	0.1422385838824823	0.0003699702614794	0.0020500523256589	0.1029046907538356	0.1781742201034696	-0.0011184106810226	0.0017558967214303	0.0850186780238794	0.2204831462946948	0.0008241804994520	0.0019124862533266	
-0.1670508127735626	0.1708516443347264	-0.0000677840264269	0.0020822247960898	-0.1878621899848406	0.2041901158990111	-0.0001185048642399	0.0020799432853190	-0.2136321879165213	0.2458798643250941	-0.0001517410504064	0.0020777721628607	
0.3883713047859296	-0.2898164445217613	-0.0007046258772113	0.0019599220800066	0.3737552302562586	-0.2524922225869058	-0.0004987002677513	0.0020224566142565	0.3593023865157858	-0.2106227764879936	-0.0008922544961307	0.0018815350450483	
-0.5192493808834470	-0.1207486761402097	0.0006987307489889	-0.0019620420340791	-0.5466986460890969	-0.0969597956754776	0.0008518276386867	-0.0019002723133942	-0.5718466685977280	-0.0667797377383763	0.0007856024184555	-0.0019287345345525	
0.3562937916509528	0.1166099531251474	-0.0010072207390494	0.0018222802616326	0.3405307031416922	0.1541236595464044	-0.0001446029780720	0.0020782836850913	0.3292196146856943	0.1967476958359678	-0.0019509037917671	0.0007177731238788	
-0.1597669866862736	-0.0822660250698715	-0.0000833083160947	0.0020816586553739	-0.1763421025049393	-0.0530912384447493	-0.0001050140710663	0.0020806716737524	-0.1954759150919849	-0.0166859101416303	-0.0001751633818040	0.0020759195467641	
0.5035340644820425	-0.4670439429265967	-0.0012949651722371	0.0016294010634714	0.4854913487745998	-0.4320649362096143	-0.0012660111957659	0.0016521106170084	0.4764102449722256	-0.3870342836755684	-0.0013543467389009	0.0015801392182545	
-0.2090747255366961	0.2437357252431994	-0.0001293636475196	0.0020792929195085	-0.2322501329733132	0.2791973581315190	-0.0001100019576836	0.0020804126439970	-0.2612209989763157	0.3218298571812952	-0.0002232008763092	0.0020712821493148	
-0.5096279542001838	0.0489245006464680	0.0002264597356600	-0.0020709266103168	-0.5369663158775930	0.0760670807039933	0.0002961748422548	-0.0020620667047067	-0.5687655132090121	0.1093209342485274	0.0003653825011052	-0.0020508790918533	
-0.0189393718580734	-0.0781603922636306	0.0000194188301273	-0.0020832423764417	-0.0340162101172123	-0.0468243315107605	0.0001183857520698	-0.0020799501022761	-0.0517352546633012	-0.0093363920172567	0.0001035605087527	-0.0020807448925517	
-0.0863075142874801	0.1093716894120406	-0.0000130488538798	0.0020832922629250	-0.1045081956115098	0.1427415768514894	-0.0000410339373952	0.0020829271625085	-0.1271512197409435	0.1822647125188113	-0.0000731042483223	0.0020820438977356	
-0.1622797464886595	-0.0010606032104837	-0.0000820358697345	0.0020817094423510	-0.1802359848999435	0.0291120335106073	-0.0001305465249449	0.0020792186186430	-0.2013466575061172	0.0656577990049277	-0.0001550873340440	0.0020775238352100	
0.3432444964687034	0.0248395681527666	-0.0002687260173102	-0.0020658418588316	0.3293787654831132	0.0614591513065315	0.0002928016760519	-0.0020625507887908	0.3134246884154739	0.1043522019386335	-0.0004528496377466	-0.0020332678961941	
0.5619153930398304	-0.4657889780608642	0.0013909549693293	-0.0015478488880440	0.5421134777566647	-0.4272831230728589	0.0013157215889676	-0.0016126028779843	0.5314770190051723	-0.3787611030674066	0.0014091700708917	-0.0015312009262783	
0.6001851167583188	0.0906627113209947	-0.0002278745805171	-0.0020707706282124	0.5875118775476531	0.1301781304798348	-0.0001556176555224	-0.0020774839800679	0.5710158522673843	0.1771405930667493	-0.0002860282176294	-0.0020635057703979	
0.6359015780535753	0.3354153420418072	-0.0002240246425500	-0.0020711927695019	0.6253566796190144	0.3791687413567060	-0.0004081739508918	-0.0020427524892734	0.6123825963305554	0.4333872002729603	-0.0002278740380525	-0.0020707706882058	
0.4229728383044189	0.0187479078119155	0.0002131013412890	0.0020723508996751	0.4099906984146076	0.0551777556149455	0.0000660290345876	0.0020822814694352	0.3933344345530361	0.1000291557002146	0.0002693771223311	0.0020657566337899	
-0.2109693962089526	0.3020805483778711	-0.0000849913545344	0.0020815902778005	-0.2351297405208815	0.3395537595679177	-0.0001083007616320	0.0020805023442011	-0.2661010769884858	0.3854059903935654	-0.0001693659740951	0.0020764029813961	
0.3475424478463800	0.3458264342065701	-0.0000906775929503	-0.0020813491269835	0.3339553273335767	0.3885509468286620	-0.0000243603938192	-0.0020831901925023	0.3179662610901514	0.4395830690119785	-0.0000993258413929	-0.0020809523697662	
0.2915966144718984	0.1218653306468188	-0.0004343623287440	0.0020373175041685	0.2775031750089971	0.1583247545682377	0.0003795291165149	0.0020482954658640	0.2617589918990059	0.2010319154554845	-0.0008040741527672	0.0019210689257724	
-0.0559185249500918	-0.0239569408865150	0.0000793789545310	-0.0020818129634724	-0.0721278568599255	0.0072938672041881	0.0000876605211513	-0.0020814790272657	-0.0912182543441353	0.0448036933571946	0.0001604659789721	-0.0020771132708124	
-0.0798233524897111	-0.0906197912182133	-0.0000486363478834	0.0020827626944005	-0.0952804841016399	-0.0604026942572940	-0.0000760452868475	0.0020819380253876	-0.1134875701113490	-0.0229303105747804	-0.0001139908995933	0.0020801968180318	
0.6292898065070756	0.4968807606961447	-0.0000438127259434	-0.0020828702823391	-0.6639650504843547	-0.1701752479594261	-0.0020781379883162	0.0000000138991365	-0.6639650348975096	0.1970332625227459	0.0020781379883439	0.0000000087987603	
0.1368496614995311	0.1010891988280361	-0.0004990666016694	-0.0020223657955078	0.1205541156300921	0.1364663525858386	0.0014154681374513	-0.0015253515847861	0.1039134109276101	0.1781239128784045	-0.0005571096628210	-0.0020070756850870	
-0.0187947797561434	-0.0895900931495777	0.0000517752474642	-0.0020826866498329	-0.0336488406381283	-0.0583864985404124	0.0000441619100496	-0.0020828628711266	-0.0511233939096125	-0.0208537143796509	0.0001241481930947	-0.0020796124263261	
0.3387606820681459	0.2364561395587924	-0.0001727477157130	-0.0020761229754319	0.3257038004386447	0.2760011793335700	-0.0001660127970479	-0.0020766751203543	0.3089111230254887	0.3239318703997203	-0.0001655534324723	-0.0020767119751616	
0.0718171899520887	0.1229331143935304	-0.0002788859844573	-0.0020644880751365	0.0557329590732374	0.1584294907158755	0.0001453820486046	-0.0020782290600224	0.0365169520138046	0.2000269395676274	-0.0002854645192714	-0.0020635842184761	
0.3358903068998661	0.1727993318987358	0.0001461721353785	-0.0020781733612987	0.3217625507908671	0.2105748443679247	0.0000381736210512	-0.0020829818187395	0.3061311655996170	0.2563951531314130	0.0001045257061936	-0.0020806963877801	
-0.0806372510972566	-0.0635259024862659	-0.0000537709529173	0.0020826358269636	-0.0965159615808142	-0.0333280880978225	-0.0000910049784988	0.0020813347665317	-0.1151352949316684	0.0041820526317440	-0.0001262159041069	0.0020794873338135	
0.6413478288716494	0.3676972400082454	-0.0002361546808394	-0.0020698380494069	0.6308332188689421	0.4124879849355484	-0.0003034131529954	-0.0020610088217395	0.6186792718161522	0.4676839674274357	-0.0002537019656590	-0.0020677501939747	
-0.5231128181987756	0.1225531220317615	0.0012353646251377	-0.0016752647115202	-0.5571245709357500	0.1496830956252149	0.0017699064177093	-0.0010917997197918	-0.5869296470592611	0.1865535753532245	0.0010633187854187	-0.0017899638648905	
0.0712017946622067	-0.0837787120240079	0.0002137877931504	-0.0020722798424724	0.0565439086373359	-0.0517606449009244	0.0000722115530358	-0.0020820752061953	0.0401426476806453	-0.0128635436012108	0.0002752369364562	-0.0020649801830190	
-0.1968567390560882	-0.1188850220053048	-0.0001790504378922	0.0020755862359350	-0.2136545012798592	-0.0905230748317373	-0.0001925479263108	0.0020743715840260	-0.2320282323624108	-0.0553145259196546	-0.0002619022878452	0.0020667224237067	
-0.0793263574369927	-0.1073126524954727	-0.0000600566204627	0.0020824631866099	-0.0946514825162393	-0.0770893141169205	-0.0000939534646780	0.0020812030974450	-0.1123108152262855	-0.0406342170228829	-0.0001381609124514	0.0020787240746566	
0.4403953589298386	-0.3876574525687365	-0.0012976004922898	0.0016272926539056	0.4216471850765409	-0.3534462733883605	-0.0014521897161444	0.0014902568070304	0.4127308442503670	-0.3091971255964158	-0.0013275235589311	0.0016028525726874	
-0.0187329321867269	-0.0916686844641370	0.0000628358716152	-0.0020823807684007	-0.0335954653465436	-0.0604572339131168	0.0000523449031931	-0.0020826723390438	-0.0510045558495895	-0.0229249046250115	0.0001276192661305	-0.0020794012516859	
0.5352913734911955	-0.1250022116472804	0.0007818687563133	-0.0019302586902216	0.5198389050180396	-0.0865090758202039	0.0001752179371560	-0.0020759149196838	0.5067370656924235	-0.0437488298929681	0.0007168702529602	-0.0019554544462879	
0.6356583683924757	0.3196861000133823	0.0001112236120350	-0.0020803473640543	0.6235582489920606	0.3635753929361720	-0.0000423039005636	-0.0020829016295759	0.6119241503136319	0.4166330415809574	0.0000020197293059	-0.0020833323493983	
-0.2149440813442681	0.4000048566774480	-0.0001013655584297	0.0020808535177281	-0.2412266245891501	0.4416567053599739	-0.0001699454127208	0.0020763553999129	-0.2747379252533638	0.4916493037867087	-0.0000781578156577	0.0020818593978052	
0.6116868588218898	0.3395269753155240	-0.0001077765116218	-0.0020805297041474	0.5998701248964684	0.3833641705369094	-0.0000535257960613	-0.0020826421737719	0.5877807064097762	0.4374486361932820	-0.0001379108696009	-0.0020787407615941	
0.6551705215283912	-0.0367651412583010	0.0006904225545124	-0.0019649956941960	0.6370720693034895	0.0001107234423036	0.0019489118690553	-0.0007231910383552	0.6254262706294409	0.0478844900601819	0.0007652380767469	-0.0019369452385575	
-0.0224075730325946	0.0041549938273619	0.0001731048619249	-0.0020760930785508	-0.0386452395987237	0.0364621343753102	0.0000771683704585	-0.0020818964931939	-0.0574977861693127	0.0739583811211055	0.0002354634240821	-0.0020699171944931	
0.1370616364812949	0.1062486122470251	0.0006311538008945	-0.0019849252862697	0.1187285647473931	0.1410583649201153	0.0007675229642328	-0.0019360364505422	0.1047158446344749	0.1833487889921603	0.0000782191745863	-0.0020818570818069	
0.0917378698668502	0.0541368479245962	0.0002134334082529	0.0020723165550198	0.0768499950256331	0.0874999676172835	-0.0001253127097504	0.0020795422304034	0.0580281042992209	0.1281398906953921	0.0001902619708791	0.0020745835572181	
0.3178706661739895	0.0218658487123597	0.0002003010582233	0.0020736336249515	0.3050813794844388	0.0573281640556974	0.0002259069218040	0.0020709872891474	0.2879660938002029	0.1010615932916250	0.0002081894543884	0.0020728526102263	
-0.1755011196569184	0.3635466889155176	-0.0000768393391647	0.0020819087240829	-0.1996556438205333	0.4041532760836000	-0.0001141654755977	0.0020801871963165	-0.2306947571525823	0.4520814924482992	-0.0001624589693541	0.0020769575661324	
0.3369010703159310	0.2135215247568869	-0.0001668469821060	-0.0020766079309238	0.3237843157904791	0.2521191529665309	-0.0001685030496288	-0.0020764735385256	0.3070043867811619	0.2999615410952968	-0.0001611350966592	-0.0020770612108282	
0.4545203742446289	-0.4059726483674741	-0.0012550022350910	0.0016605306894793	0.4371459385651912	-0.3720622717815423	-0.0012475793923021	0.0016661426824077	0.4278355364521398	-0.3282864842979064	-0.0012976966578640	0.0016272155830631	
0.3709218111905903	0.0781431810229663	-0.0001919438789816	-0.0020744278446286	0.3574834473499597	0.1145984689005046	-0.0002734225460585	-0.0020652224147515	0.3408563869996319	0.1593409190923025	-0.0002518665295933	-0.0020679756886446	
0.6000174219991383	0.0895349613184543	-0.0002458340116903	-0.0020687051184141	0.5874233868399552	0.1291419984870916	-0.0001582987183341	-0.0020772803962188	0.5708801770288068	0.1759862514385301	-0.0002996443897073	-0.0020615628834760	
0.0740043632071290	0.3927053714961941	-0.0000345336856705	-0.0020830456624858	0.0559153362160584	0.4354178042058245	-0.0000167741005955	-0.0020832654652531	0.0328239099397020	0.4864546960633754	0.0000103471524014	-0.0020833075092813	
-0.1768766313032247	0.3937302323999657	-0.0001189382334790	0.0020799184249541	-0.2018107444921172	0.4353988525230283	-0.0001557423201417	0.0020774745913116	-0.2334114622633379	0.4854614424814096	-0.0001641849450194	0.0020768211597647	
0.0724449796483563	0.1062312851289493	0.0000984849753745	-0.0020809925349051	0.0561229956827524	0.1406282319415341	0.0002858059878547	-0.0020635367162324	0.0376421125882866	0.1823085277306665	0.0001098917645515	-0.0020804184966938	
0.0720442942325417	0.2333263438353337	-0.0000376343618704	-0.0020829916807338	0.0553712934534677	0.2708306913380506	-0.0000159671343407	-0.0020832718382531	0.0342854009454847	0.3156249928577991	0.0000072762246438	-0.0020833205632558	
-0.1605551456814402	-0.0593290768646373	-0.0000754173673912	0.0020819609804289	-0.1775052247095618	-0.0301925636436691	-0.0001007036577323	0.0020808858165649	-0.1972437103319968	0.0062739006154865	-0.0001572252218102	0.0020773623309510	
-0.0273290094588948	0.1041431080310670	0.0000755256601443	-0.0020819570351379	-0.0443900507317663	0.1375294154462852	-0.0000116574850396	-0.0020833005545255	-0.0654068678612520	0.1781303861927853	0.0001721004667618	-0.0020761769985116	
0.0901149608716529	0.0301632612283164	-0.0002173233507752	0.0020719102047646	0.0750550271905643	0.0635536117924187	0.0000506927177873	0.0020827134131517	0.0574722227085898	0.1031908540716841	-0.0003369929363820	0.0020557589857846	
0.3194356100829538	0.0477859432547969	-0.0003057907798359	0.0020606556365184	0.3041780870456954	0.0844886526203781	-0.0002340981850434	0.0020700728164062	0.2896283577866317	0.1271574989403124	-0.0002295992929390	0.0020705791542004	
0.3285155034817981	0.0016553777326881	-0.0016856402150996	-0.0012184704221686	0.3106688283304910	0.0385051563712424	-0.0004046058256705	0.0020434657694903	0.3002246061719925	0.0824353365318029	-0.0015940439759883	-0.0013366303970451	
0.6291322268664103	0.2666974618990789	0.0003797462867635	-0.0020482550129220	0.6152600791913299	0.3093820268714913	0.0002718389328786	-0.0020654325039733	0.6042416719555570	0.3593541246317580	0.0003724651795210	-0.0020495982409262	
-0.1639056739635014	0.0406409200609896	-0.0000430162838863	0.0020828869660954	-0.1823813115363934	0.0719184394978121	-0.0000718428519975	0.0020820880248344	-0.2047305951873889	0.1093717404847593	-0.0001273791118782	0.0020794160504899	
-0.2116408254880955	0.3208532290706542	-0.0000653784560971	0.0020823021002796	-0.2361884513380950	0.3593525918705250	-0.0001283608471896	0.0020793553773160	-0.2676756304894864	0.4052519835360638	-0.0001486429973929	0.0020779972149424	
0.0919320579599631	0.0614514968243307	-0.0001095023828507	0.0020804391308390	0.0759366745920010	0.0958347983905229	-0.0002481802228793	0.0020684235549508	0.0582277287788232	0.1354172522011480	-0.0001043249429374	0.0020807065140397	
0.0716703566383997	0.1218703877196775	-0.0002979985049271	-0.0020618026332011	0.0558394304908801	0.1573538452711861	0.0002458162943392	-0.0020687072343137	0.0363688745419855	0.1989586663950059	-0.0002881314700436	-0.0020632116750723	
0.3314373837472582	0.1208344185015316	-0.0000994489862789	-0.0020809464588471	0.3183355151897854	0.1572610873832543	-0.0001763966866011	-0.0020758145903006	0.3015103071176015	0.2031177356558309	-0.0000943729209710	-0.0020811840242180	
0.5604707264504336	-0.4642796437567161	0.0013833505647322	-0.0015546828417851	0.5408056473785967	-0.4256916196632259	0.0013011935849854	-0.0016244066382953	0.5304576026298198	-0.3774748143000143	0.0014083628201044	-0.0015319471657905	
-0.1706612133541015	0.2187215976952969	-0.0001929331316253	0.0020743356131272	-0.1925815086108381	0.2541344883597497	-0.0001578155295146	0.0020773173450521	-0.2191794308370950	0.2958435959398988	-0.0002884264932929	0.0020631702466345	
0.0914726437677297	0.0041504850544591	0.0005544426255203	0.0020078177702091	0.0776363972002567	0.0375481125164820	-0.0001788333606620	0.0020756050443555	0.0589447232180025	0.0782470820501621	0.0005002333311381	0.0020220760770331	
-0.2051426098947852	0.1197600675079306	-0.0000243285465495	0.0020831905665374	-0.2257384249194466	0.1520664851991995	-0.0000548088296827	0.0020826086360986	-0.2514391381481726	0.1906267345600601	-0.0001155703366649	0.0020801092300812	
-0.0862141866366660	0.0958340993314870	-0.0000215628223334	0.0020832211823972	-0.1042493953202552	0.1281106972378959	-0.0000385515125472	0.0020829748242054	-0.1266809104715079	0.1687551308904714	-0.0000906862450018	0.0020813487481367	
-0.0813163939728091	-0.0427260423424915	-0.0001004251686712	0.0020808993426329	-0.0977291658814156	-0.0114627788477534	-0.0001163421298202	0.0020800659904325	-0.1165379264263673	0.0249845340809876	-0.0001679210126532	0.0020765209239785	
0.0714490557868939	0.0135341259782875	-0.0000081102420729	-0.0020833174679967	0.0561479762865661	0.0468846349702314	0.0002906784358803	-0.0020628525945494	0.0386034306726352	0.0864614201278644	-0.0000289695838192	-0.0020831308983264	
-0.0893941348679450	0.1989552481213469	-0.0001178858008856	0.0020799786401693	-0.1094331357401869	0.2343456520212571	-0.0001555533304742	0.0020774888215663	-0.1334947067250376	0.2770214314728163	-0.0001861750741319	0.0020749561675193	
0.5256371409838876	-0.4989751059335950	-0.0002022442046359	0.0020734440648919	0.5114261446775514	-0.4633639058862506	-0.0013039265395426	0.0016222027027314	0.5028896063360486	-0.4187665000215676	-0.0013251268356608	0.0016048444992520	
-0.0841480572636616	0.0333344690365141	-0.0000767235939774	0.0020819130141687	-0.1015126866991316	0.0646129329773282	-0.0001180003564727	0.0020799721118813	-0.1221264337077862	0.1031743680841706	-0.0001496397021062	0.0020779253204047	
-0.0823017862870949	-0.0218903298920185	-0.0000928740268554	0.0020812517894477	-0.0989038835734479	0.0093589719133853	-0.0001073787574028	0.0020805503736235	-0.1182582565971104	0.0468952703814243	-0.0001650229748995	0.0020767544058984	
-0.2056170500047182	0.1479219245795174	-0.0000525404447174	0.0020826673905600	-0.2268426697428898	0.1812301615555365	-0.0000863045509438	0.0020815359745471	-0.2532384553738392	0.2208579198164938	-0.0001331592322787	0.0020790520986521	
0.2660128518165602	0.0635422499611115	0.0007357613088545	-0.0019483898396492	0.2469253515588615	0.0965861315583100	0.0015619775551675	-0.0013741505655967	0.2359102622660963	0.1416674026027848	0.0003244049835910	-0.0020577930735842	
-0.0849228821911510	0.0552252988655410	-0.0000418053340550	0.0020829117462028	-0.1024064447442649	0.0875383969502996	-0.0000851391742687	0.0020815842068202	-0.1237004722364673	0.1260371621628963	-0.0001088620803635	0.0020804729021080	
0.3395581355576622	0.2458535488989461	-0.0001744629925824	-0.0020759788209625	0.3264738344105294	0.2853987525506665	-0.0001681462321881	-0.0020765026077264	0.3096697364105956	0.3333310024141800	-0.0001667024776927	-0.0020766195943029	
0.3477602089658283	0.3531191431451044	-0.0000418930038140	-0.0020829099759523	0.3339961076771119	0.3958493777474817	-0.0000035790930107	-0.0020833302435623	0.3182670552091695	0.4479207613022396	-0.0000439828694775	-0.0020828666785024	
-0.5163114596177805	0.1010612804520151	0.0003250871781893	-0.0020576848727337	-0.5458258827160488	0.1301196732551406	0.0004858000212935	-0.0020256096943328	-0.5797288065262620	0.1646007137042275	0.0004593087070214	-0.0020318112974542	
0.0908717146089824	0.0018861473164284	0.0004991163774269	0.0020223534500153	0.0778228943169239	0.0354498437737885	-0.0000865456875468	0.0020815259124381	0.0584050064400561	0.0759628063243036	0.0004327986949265	0.0020376519141353	
0.5336859635779299	-0.1208128579703741	0.0006740561433074	-0.0019706982253322	0.5202573729496074	-0.0832154718142139	-0.0007391441209161	-0.0019471026325153	0.5051423502264638	-0.0395851031964586	0.0007418438176905	-0.0019460705092844	
-0.1178474123406394	-0.1021568664506057	-0.0000556848608600	0.0020825852805228	-0.1334901103716886	-0.0729817877980103	-0.0000898010603651	0.0020813873199819	-0.1516257511523685	-0.0364400923121078	-0.0001349400595189	0.0020789366994239	
0.3324063272054514	0.1323013475476152	-0.0002599371772768	-0.0020669717421074	0.3198531401208821	0.1687675416479936	-0.0003680619890586	-0.0020503975114996	0.3023716688372331	0.2145830752764661	-0.0002288719314542	-0.0020706600825764	
0.6301887879127526	0.2625226147346008	0.0003095803099899	-0.0020600868939447	0.6159822805469932	0.3051959721183519	0.0003960628847389	-0.0020451470997597	0.6050538945251442	0.3552134859652767	0.0002769021622401	-0.0020647564304464	
-0.2131951656895006	0.3499871124161177	-0.0001415313616799	0.0020784961800813	-0.2385397829872907	0.3896178227883526	-0.0001652691348807	0.0020767347328648	-0.2705630777025588	0.4364102021825110	-0.0002298856322981	0.0020705472239301	
0.5267539131237418	-0.2227199401784295	-0.0013532787716347	-0.0015810585317534	0.5090636420108887	-0.1836382632529341	0.0001767483282602	0.0020757845290703	0.4944428519111546	-0.1380540940159836	-0.0012515368891810	-0.0016631571423706	
-0.2058930335017288	0.1593684303392044	-0.0000538307660219	0.0020826342740720	-0.2273030686576339	0.1927225462252684	-0.0000860786318269	0.0020815453761465	-0.2539521530547244	0.2322558990046966	-0.0001387362648826	0.0020786855624480	
0.3308593677588287	0.0979976898910380	-0.0000055913722546	-0.0020833257925302	0.3174795509433095	0.1343357176933900	-0.0000621814516617	-0.0020824005109528	0.3009097732588213	0.1790608479374420	0.0000174811699563	-0.0020832596229487	
0.4509005195311147	-0.4010758731794361	-0.0012444231904556	0.0016685131335316	0.4326451974882197	-0.3663767069581638	-0.0012940249969317	0.0016301515622791	0.4228123043054191	-0.3219290979918121	-0.0012617609273143	0.0016553751800236	
-0.0926636429255409	0.2749957653383175	-0.0000503433263626	0.0020827219303536	-0.1135510423898134	0.3124814957835043	-0.0001178850163608	0.0020799786848558	-0.1396985929206992	0.3572716984222869	-0.0001091531949326	0.0020804575725664	
0.5519756402714786	-0.4540046551176091	0.0012812096905518	-0.0016402931920525	0.5324805763339104	-0.4152556826433998	0.0013447131518436	-0.0015883865235354	0.5217063523301890	-0.3676405361997915	0.0013243917217102	-0.0016054542396147	
-0.5235516406612921	0.1230358861792460	0.0012914664489711	-0.0016321894304065	-0.5579240775676605	0.1501088038507639	0.0018205892673081	-0.0010045591347607	-0.5873412142102206	0.1873140725124793	0.0011127561758006	-0.0017595035096717	
0.0939499945405411	0.1679715481816683	-0.0002988431608226	0.0020616797638487	0.0773389004013215	0.2033149747014025	-0.0000473493933952	0.0020827924977984	0.0583906162556033	0.2449216139287407	-0.0004662766070882	0.0020302156228469	
-0.1947185799363110	-0.1462529146278145	-0.0015273005873460	0.0014127819644962	-0.2145309316676305	-0.1170777095225333	0.0005485525825685	0.0020094430600465	-0.2269607599138126	-0.0827840081580851	-0.0016516145536770	0.0012644330515092	
-0.1574515545199174	-0.1186110021655832	-0.0002108187010539	0.0020725855236062	-0.1738138776473915	-0.0896544134847925	-0.0001879941588574	0.0020747913254369	-0.1916558542284104	-0.0532854874194080	-0.0002971091215575	0.0020619316251523	
0.6122323727168424	0.3562625388966063	-0.0001495203704890	-0.0020779339535109	0.6013286913504881	0.4000042182946605	-0.0002473854844246	-0.0020685192335308	0.5888549138491137	0.4551950832649807	-0.0001619479333533	-0.0020769976757510	
-0.2114510438444157	0.3135817296229853	-0.0000692816610825	0.0020821752566662	-0.2357590125369730	0.3520917955127233	-0.0001068132307049	0.0020805796295471	-0.2671117722480464	0.3979078480793406	-0.0001572494214930	0.0020773604900857	
0.0724094234801921	0.0979145081198175	-0.0000928250402454	-0.0020812539857950	0.0569597664138850	0.1322796785251514	0.0000903748398434	-0.0020813623608096	0.0376480167721377	0.1739607904690806	-0.0000897322993084	-0.0020813903003730	
-0.2047767087162321	0.0843704514256883	-0.0000249671103719	0.0020831829733604	-0.2247930878772223	0.1155965602773537	-0.0000495584544249	0.0020827408484544	-0.2495774642236214	0.1541465231681821	-0.0001192825499044	0.0020798986082272	
0.5565533380334824	-0.4596488518053631	0.0013358071380272	-0.0015959210543896	0.5370816036634376	-0.4209178973529499	0.0012868606487588	-0.0016358413880149	0.5264929793199720	-0.3731515148287952	0.0013883982988649	-0.0015501540712116	
0.5360575152625657	-0.4354958977835734	0.0014716377323026	-0.0014709582043111	0.5160132064375862	-0.3982154982286761	0.0014660876109234	-0.0014765176587598	0.5063378093539921	-0.3497482670053693	0.0014646375769017	-0.0014779632345484	
0.3359175837482501	0.1624073851876793	-0.0000898426384023	-0.0020813855167066	0.3223819071957871	0.2009356198485265	0.0000841682467216	-0.0020816238897255	0.3059598280920107	0.2456955721010545	-0.0000993896252711	-0.0020809493090748	
0.0929893785646460	0.1404370069317650	0.0004925079797579	0.0020239810599599	0.0782425828828937	0.1739614164098082	0.0004810007910484	0.0020267604105993	0.0578598863055484	0.2188762955576422	0.0004649656552053	0.0020305177666664	
0.3925761388624520	-0.2991092310904067	-0.0008452607012249	0.0019032171003506	0.3756492217838288	-0.2619457261819427	-0.0007593448736718	0.0019392747390819	0.3636290026136559	-0.2198270903268615	-0.0007356145306370	0.0019484455379483	
0.0738901259207703	0.3666699292675905	0.0000187221314112	-0.0020832487861010	0.0558623740920784	0.4083269418887521	0.0000219252093663	-0.0020832173809743	0.0333394538632544	0.4583377355587062	0.0000619047635452	-0.0020824087958607	
-0.2126852247833723	0.3427314581120525	-0.0001338506159413	0.0020790074791780	-0.2379230165464570	0.3822937428745313	-0.0001740569376978	0.0020760130760138	-0.2697955182915632	0.4292087239316699	-0.0002218060479291	0.0020714327306911	
-0.1990931412160048	-0.0895205540222296	-0.0001110454253458	0.0020803569306217	-0.2161073908659089	-0.0604143289053280	-0.0000597965713743	0.0020824707074368	-0.2357611285913602	-0.0249774174144542	-0.0002183871615772	0.0020717977851599	
0.0722191510261884	0.2427201648978747	-0.0000383614972697	-0.0020829783498839	0.0554495942088078	0.2802044492708557	-0.0000181267617839	-0.0020832540779593	0.0342471903197729	0.3260416039498578	0.0000081728445607	-0.0020833172221232	
0.4917135484910644	-0.4518676490076023	-0.0013031327905099	0.0016228435905095	0.4744538085364718	-0.4180778761119322	-0.0013359238592576	0.0015958228607608	0.4651784869646058	-0.3732177554834410	-0.0012702749073984	0.0016488181709092	
-0.2036891725483364	0.0395810164500561	-0.0000774249450329	0.0020818869193805	-0.2230532878640770	0.0698257950981911	-0.0001159391253137	0.0020800886047435	-0.2463680041857388	0.1072792844166073	-0.0001598344277744	0.0020771622080582	
-0.1580048269115961	-0.1125156337071625	-0.0001692388116464	0.0020764134016429	-0.1743465297519600	-0.0832894455899804	-0.0001627982048216	0.0020769308703859	-0.1923974413661790	-0.0479658070645121	-0.0002542089570808	0.0020676876139929	
-0.0837135583682662	0.0187740835701551	-0.0000576250261927	0.0020825322350835	-0.1007308465283864	0.0500041265512908	-0.0000868041013003	0.0020815150981729	-0.1211605454938423	0.0885771036324025	-0.0001270684134567	0.0020794351548572	
0.2659937303791526	0.0572929055708647	-0.0006504608792593	-0.0019786511266979	0.2505702066792395	0.0937864105669534	0.0015698742332845	-0.0013650768259511	0.2356448690658112	0.1364863574120878	-0.0006175006613767	-0.0019892364848036	
0.2527147614997369	-0.2569613774156562	-0.0016301982955329	0.0012920630607443	0.2338390265706215	-0.2238993580056541	-0.0010841335474178	0.0017773711361132	0.2257755501752152	-0.1807498248077609	-0.0017624977314265	0.0011037790169407	
-0.0837360197797999	0.0198145814385502	-0.0000551820143768	0.0020825987320562	-0.1007762868596118	0.0510426342004043	-0.0000896305030227	0.0020813947084492	-0.1212322990630453	0.0896123546819364	-0.0001247382070329	0.0020795769430668	
-0.1598433100610239	-0.0801912008593086	-0.0000775931494695	0.0020818806257371	-0.1764419151644217	-0.0510190156840838	-0.0001050527392920	0.0020806697119868	-0.1956445554363138	-0.0146258639559686	-0.0001686735440477	0.0020764596267870	
-0.2012066024008666	-0.0093425634292554	-0.0000784007374678	0.0020818502180386	-0.2197158101235205	0.0207861281368553	-0.0001331221792038	0.0020790544833768	-0.2414724202592308	0.0572401904687994	-0.0001663654880685	0.0020766467542158	
-0.5076500972708649	0.0207373681348279	-0.0000572335533675	-0.0020825430846145	-0.5334333882201103	0.0469022068409407	0.0001245489790196	-0.0020795883415737	-0.5650802472400855	0.0812181892159280	0.0000231885152620	-0.0020832036335032	
0.3571884091792392	0.1407748423071751	0.0009314402350764	0.0018623516153832	0.3433464121063885	0.1790703316277504	-0.0007242355554447	0.0019527249611956	0.3271470799434782	0.2240538112933499	0.0009554796411809	0.0018500718960245	
0.5835819885772595	-0.4908309033879047	0.0012032616888830	-0.0016985849532457	0.5635790906581735	-0.4517432612198433	0.0014106260206104	-0.0015298530132805	0.5531294893447223	-0.4017782703535959	0.0014840119684150	-0.0014584104475232	
-0.0262659657939135	0.0926543042169543	0.0002477892787305	-0.0020684706596284	-0.0439352355655412	0.1260043645180683	0.0001929395674630	-0.0020743350115256	-0.0637618812295384	0.1655380366832040	0.0002813394090485	-0.0020641534973639	
-0.2013762201904404	-0.0041492908679338	-0.0000888006765709	0.0020814304553678	-0.2200884243192961	0.0260601443518059	-0.0001533511160036	0.0020776533597296	-0.2418412258869031	0.0614918334649903	-0.0001757101644490	0.0020758731060965	
0.3949741422319542	0.1458835836679457	-0.0008422442349560	0.0019045606097231	0.3797636845970047	0.1833811944422353	0.0000673427308699	0.0020822391867448	0.3663228049159408	0.2278036407136338	-0.0006455330175066	0.0019802723883970	
-0.0259242177836339	0.0895923524074813	0.0002307806603849	-0.0020704471577731	-0.0435950350225195	0.1229244585466753	0.0002502832550559	-0.0020681688688226	-0.0633918465794953	0.1624982716524427	0.0002449957458026	-0.0020688050591092	
0.4691680084809517	-0.4242845038027632	-0.0012887178709303	0.0016343713403653	0.4517955371046214	-0.3907532033354136	-0.0013179142446646	0.0016108024323592	0.4425027367974865	-0.3459455488937234	-0.0013335326502318	0.0015978315892058	
-0.1579218316684140	-0.1135376111660448	-0.0001739587149825	0.0020760213500712	-0.1742813722496757	-0.0843162023221205	-0.0001647467303435	0.0020767764481424	-0.1922708945642236	-0.0489712010656905	-0.0002605516848133	0.0020668939830387	
0.0739710308770883	0.3906227690571252	-0.0000329619271587	-0.0020830712541586	0.0558984544465952	0.4333343982134631	-0.0000165676833535	-0.0020832671253322	0.0328355330035445	0.4843705301911480	0.0000130229411406	-0.0020832924258819	
-0.2048910342566524	0.1010290587484525	-0.0000144168308326	0.0020832832002017	-0.2251936776841461	0.1323158820024253	-0.0000589939912319	0.0020824937127323	-0.2504059406683650	0.1708343439137428	-0.0000958673340514	0.0020811153792786	
-0.1636492701694893	0.0301790294251200	-0.0000629451907338	0.0020823774502940	-0.1819853975168340	0.0614475033795701	-0.0000835402910423	0.0020816493122115	-0.2039543952323484	0.0978875883875571	-0.0001505983530984	0.0020778557150950	
