-0.0147583600565833	-0.2051758808690308	-0.0002084643370373	-0.0020728248453388	0.0912189185289262	-0.1645519724024129	-0.0001918932352351	-0.0020744325534556	0.2041029703666147	-0.1375513034778826	-0.0001556643323650	-0.0020774804656215	
-0.0563914713272855	0.0019978981306740	0.0005844727042933	-0.0019992396702125	0.0478347306763651	0.0427203819428907	0.0006172592717747	-0.0019893117761770	0.1575516618577077	0.0738247684434644	0.0006709752436510	-0.0019717545860220	
0.3138249923746205	0.2529144020163124	0.0020010361501380	0.0005622155719451	0.4385319899738693	0.3185012902393770	0.0019690358854522	0.0006661574259128	0.5735383593225740	0.3896822972685829	0.0018840426974819	0.0008791419807446	
-0.0105708979286442	0.0707730650905671	0.0004337348737808	-0.0020374518476650	0.0922860887332732	0.1145190484690647	0.0005290539259053	-0.0020146906664837	0.2013206386908231	0.1488746118934811	0.0006958091739837	-0.0019630852231130	
0.0156031641476824	0.1874527948379376	-0.0019181379617919	-0.0008016266436287	0.1193169778589467	0.2358694614080373	-0.0019007865010911	-0.0008421406813893	0.2222896726669542	0.2793149832762953	-0.0018474134014235	-0.0009540731050544	
0.2163105103586254	-0.2156127667232765	0.0000227834462061	0.0020832081253887	0.3302311358976259	-0.1770976857775216	-0.0000116826244737	0.0020833004129965	0.4596939004814724	-0.1519926945877306	-0.0003574812636640	0.0020522780418190	
-0.0785666930429697	0.1980351087481085	-0.0005927769372581	0.0019967809498773	0.0218902442305912	0.2427300338988068	-0.0006215002810124	0.0019879842683838	0.1259374631648542	0.2781971517462516	-0.0006741398776995	0.0019706694395043	
-0.0642860350091176	0.0292073164435782	0.0005799929699602	-0.0020005503919920	0.0392596906618063	0.0707621860158131	0.0006116699264656	-0.0019910461169860	0.1480026904021935	0.1022413537987549	0.0006596233361127	-0.0019756003133509	
0.1642206515462101	0.2305082968654004	-0.0019279771145855	-0.0007775431260014	0.2753744378570960	0.2867450695404138	-0.0016305851038159	-0.0012915724294591	0.3907333300014244	0.3430738339842678	-0.0020607892313402	-0.0002686349151982	
0.0063626348816124	0.0114998803147490	0.0006044818859582	-0.0019932511512186	0.1108719524030655	0.0540606608536808	0.0006304846074668	-0.0019851390124828	0.2223906694271514	0.0875114414857489	0.0006660515658254	-0.0019734315780749	
-0.0896193068735125	0.2353418750391276	-0.0005932769392318	0.0019966317045617	0.0101843593883194	0.2801443914650829	-0.0006308290402827	0.0019850290391240	0.1127166563530402	0.3168378059996746	-0.0006853100262966	0.0019667935227580	
-0.0831199848761839	0.2135433359884963	-0.0005882363941942	0.0019981299881159	0.0170059810060774	0.2584543169246011	-0.0006152745939103	0.0019899295896385	0.1203367027214245	0.2947243291062510	-0.0006671100487602	0.0019730722237316	
0.2342445262817024	-0.3686752686533117	-0.0003014097569525	0.0020613042301380	0.3500122709300799	-0.3344008919312773	-0.0002918167114304	0.0020626910741823	0.4841909798344819	-0.3166692068652289	-0.0002912754459460	0.0020627679596069	
0.1391450356984920	0.2284295477527449	-0.0020023724179458	-0.0005574136182239	0.2493968611609824	0.2822343415718644	-0.0019652247332429	-0.0006773734909123	0.3625131599307287	0.3356149867292583	-0.0019269516989856	-0.0007800935880779	
-0.5446811937319361	-0.0823091404946395	0.0005378305948943	-0.0020123538238450	-0.4160554306353424	-0.0469106365235998	0.0005856366347926	-0.0019988973247424	-0.2940254871650574	-0.0270817708657931	0.0006026877655800	-0.0019937970814706	
0.2186010095173528	-0.2582840991065843	-0.0001949463395816	0.0020741464375881	0.3330744688592773	-0.2219448375645395	-0.0002471438739598	0.0020685482593160	0.4640536628244420	-0.1979995298183656	-0.0003887396029820	0.0020465587609365	
-0.0057164685432683	-0.4124207224087796	0.0003636776126854	-0.0020511836188273	0.1032775697675310	-0.3718063056872673	0.0003961779184777	-0.0020451247074426	0.2222954009356249	-0.3489702957437658	0.0004525370274700	-0.0020333378439906	
0.2389415346157918	-0.3906443777769169	-0.0007149338099579	0.0019561668075164	0.3556579822821917	-0.3581842748628256	-0.0008147304229658	0.0019165513399596	0.4916130578534719	-0.3395028347156738	-0.0009619460006821	0.0018467011630561	
-0.1453323734012185	0.3052494732653477	0.0005864455763893	-0.0019986589559379	-0.0470655873313001	0.3488605361928901	0.0006224977655695	-0.0019876705890065	0.0520078465786025	0.3843937140692090	0.0006763061594338	-0.0019699233354868	
-0.0628479071029586	0.2457117569146350	0.0004748501027507	-0.0020282175266299	0.0368085502433537	0.2917971356388473	0.0005505097628684	-0.0020089050698423	0.1395359823595951	0.3303312349859822	0.0006954109016608	-0.0019632270504303	
-0.0192092620354876	0.1050232973914087	0.0007149469774853	-0.0019561619709464	0.0834358697907905	0.1490828578648141	0.0007623376684624	-0.0019380943297929	0.1914206079132769	0.1855313480531199	0.0008347204121649	-0.0019078866490759	
-0.0181333667108983	-0.3417451086136113	0.0003674044516731	-0.0020505160259921	0.0897513554965712	-0.3020123032575014	0.0004011221247594	-0.0020441558938576	0.2063253846298060	-0.2771763111463051	0.0004477303928881	-0.0020344069670663	
-0.1352824220972292	-0.3918267622813051	-0.0010065807236254	0.0018226356378355	-0.0239427431202716	-0.3479486887605447	-0.0009425570619068	0.0018567219342611	0.0933430162273250	-0.3209429737823167	-0.0008687566957865	0.0018925541400995	
-0.0434908904805354	0.0792108039118782	-0.0005778823951453	0.0020011641331161	0.0595389017685288	0.1219720962459764	-0.0006053172336424	0.0019929963596582	0.1676222299284383	0.1563637001522021	-0.0006587022898108	0.0019759091365340	
0.2660165590719040	0.2780610494537363	-0.0019199175474786	-0.0007973336401374	0.3866050573089770	0.3414321323233167	-0.0018199421008426	-0.0010057369834721	0.5144557862365375	0.4080591786915428	-0.0017636880302741	-0.0011018665486725	
-0.0769607452222253	0.1926876547167935	-0.0005962897268429	0.0019957295182436	0.0238645595106747	0.2364476122298919	-0.0006254087734593	0.0019867520022860	0.1277606862782255	0.2729009638112807	-0.0006783172284034	0.0019692282926068	
-0.1164860929897230	-0.4552285164559921	0.0000145989135234	0.0020832819258392	-0.0054158871707181	-0.4094031834357237	0.0002082543334849	0.0020728460603633	0.1104401605257762	-0.3844692719269731	0.0003922013044121	0.0020458948760610	
-0.0411248542620699	0.0709628786173189	-0.0005749564925922	0.0020020109561310	0.0621259951005613	0.1134737319897182	-0.0006038752739000	0.0019934359346263	0.1707402806705575	0.1469883389816874	-0.0006594683646359	0.0019756523082483	
-0.1098149096038895	0.1844704779384931	0.0005918173122211	-0.0019970670041412	-0.0092674777830785	0.2271095960158399	0.0006240875716594	-0.0019871694995419	0.0943062541080630	0.2603303645633828	0.0006795323748417	-0.0019688072079437	
0.2183833644630990	-0.2406225141259014	0.0000186059567624	0.0020832498321322	0.3327053906985016	-0.2031251053252724	0.0000384098539171	0.0020829774542934	0.4623650405712150	-0.1781248317593463	0.0000516407006519	0.0020826900070190	
-0.0937053641182596	0.1291141363597230	0.0005867576313822	-0.0019985669079178	0.0081274627763617	0.1707784918867954	0.0006166335708947	-0.0019895067870552	0.1132160580363700	0.2041524268854298	0.0006762819166190	-0.0019699316999316	
-0.0189322783536559	-0.2541603201584956	-0.0001544797271054	-0.0020775693303981	0.0874568573308840	-0.2135457023148098	-0.0001392241648923	-0.0020786527780515	0.2009024604746398	-0.1885579847251647	-0.0001288953149542	-0.0020793221495747	
-0.0731495573020077	0.0592554869692359	0.0005974528008901	-0.0019953799007466	0.0297921809445686	0.1009368648279498	0.0006326143394767	-0.0019844579535727	0.1373954319342008	0.1334144197058120	0.0006895342041183	-0.0019653091615384	
0.0479251891081662	0.1561517326102732	0.0013925561580132	0.0015464012872511	0.1540639940796681	0.2039816038877896	0.0012566873085019	0.0016592494089429	0.2634006099133333	0.2445959241390695	0.0008716945945630	0.0018911959986170	
-0.1234681289399430	-0.4249242167999671	-0.0005751189274625	0.0020019640658332	-0.0122231705426094	-0.3801001600675020	-0.0006140948284517	0.0019902958072111	0.1057197719871484	-0.3542918373751003	-0.0006461231391761	0.0019800789585329	
-0.0180075095482967	0.1019407298399341	0.0007794432712451	-0.0019312442902308	0.0848570527047621	0.1456757883353346	0.0008095655796210	-0.0019187496636363	0.1928987596745994	0.1820981386230694	0.0007726102224231	-0.0019340017731158	
0.2223077935000847	0.2584043692483602	-0.0020173654144814	-0.0005001402904527	0.3385217730442589	0.3179735843709340	-0.0020486275244309	-0.0003498463088066	0.4600865894132862	0.3805759274880959	-0.0020204590475002	-0.0004874281765007	
0.1554211654661646	0.3216190995102959	0.0010289068890627	-0.0018100631281606	0.2635433925729336	0.3841600023143322	0.0010134973865349	-0.0018187794040637	0.3810664821717189	0.4446633039460552	0.0008244579388742	-0.0019123660690417	
-0.0401947727879094	-0.0530286812341396	0.0005724853294391	-0.0020027225418717	0.0650865044394729	-0.0126181821321122	0.0006110722645497	-0.0019912305453928	0.1763676002146854	0.0186556545858052	0.0006669261117291	-0.0019731347159125	
0.3627979241711781	0.1938245508008383	0.0001843415218773	-0.0020751206855795	0.4925973785738977	0.2583704653165020	-0.0000950006209500	-0.0020811553228435	0.6407669747575830	0.3237214161825308	0.0003695067480975	-0.0020501363397000	
-0.0237573487396417	0.0115012631556374	-0.0005932271893588	0.0019966465605113	0.0807486058753777	0.0530282095245243	-0.0006261237399166	0.0019865256694060	0.1912584463971538	0.0864829610709529	-0.0006737258028308	0.0019708117492991	
-0.1137463033429935	0.1977766561951116	0.0005971519555768	-0.0019954704053802	-0.0135150478169843	0.2406228154208056	0.0006287513553802	-0.0019856914157918	0.0895677365198517	0.2740286087537713	0.0006791877765099	-0.0019689267073048	
0.1790727359060689	0.2016441935294491	0.0020102065641608	0.0005283156624731	0.2913528892478927	0.2567883454132578	0.0019971465165433	0.0005759476273761	0.4092683330431042	0.3126282570977439	0.0019695717439496	0.0006645634761706	
0.3064612075018088	0.2504388433930869	0.0019513307971266	0.0007166056380531	0.4312043437544142	0.3156708136401821	0.0019252456792830	0.0007843155178138	0.5642212700398144	0.3853923643994475	0.0018924753575480	0.0008607468267807	
-0.1173723486272906	-0.4625130317524379	0.0002711656847029	0.0020655214439717	-0.0065261688695557	-0.4155271882066874	0.0003221765808400	0.0020581448906853	0.1092629855759820	-0.3907792171735130	0.0007222059474962	0.0019534802738041	
-0.5437783750003249	-0.0854403629440043	0.0005500431628813	-0.0020090335160018	-0.4150599005275786	-0.0500286638280544	0.0005796773238539	-0.0020006423340585	-0.2931163409187618	-0.0302098752953875	0.0005347342343599	-0.0020131829489008	
-0.1321430475137533	0.2603609398321611	0.0005818406949764	-0.0020000110936215	-0.0328817317782540	0.3032448076137951	0.0006089564776011	-0.0019918818560679	0.0675664061667078	0.3385512040463252	0.0006603347586842	-0.0019753614476903	
0.2282787991781572	-0.3281957773754680	-0.0003837878324001	0.0020474978123056	0.3438361256851621	-0.2937698070561555	-0.0003500849513308	0.0020535590425569	0.4768581246854389	-0.2729273395274779	-0.0002351716401982	0.0020699505315978	
-0.0821912951576276	0.2103852711031572	-0.0005858429099698	0.0019988365761026	0.0179852097950751	0.2553097491398419	-0.0006136327603776	0.0019904390304500	0.1216981056855554	0.2906684256697193	-0.0006669241638587	0.0019731353775941	
0.2366874226793505	-0.3833954313640092	-0.0005081728659750	0.0020200854694191	0.3527695435490308	-0.3501674942301458	-0.0005771525932557	0.0020013757903976	0.4882652602318993	-0.3323382705462285	-0.0007891509716451	0.0019272780892242	
0.1588993044041511	0.2308775349869733	-0.0020374549762450	0.0004102108464055	0.2690469521149154	0.2860391138730315	-0.0020667751503632	0.0002175632339371	0.3855274031402791	0.3429986639244048	-0.0020774860324356	-0.0000521809070598	
0.1899412103653255	0.2450792145745315	-0.0020523470459605	-0.0003272039317111	0.3026104484838124	0.3007004115950450	-0.0020633967933803	-0.0002477030665359	0.4215561323086146	0.3598102667250791	-0.0020364910841523	-0.0004149933031597	
0.2451657024625082	-0.4052346001092633	-0.0008117335665954	0.0019178289077830	0.3625368311758634	-0.3729633928132373	-0.0008065115459896	0.0019200418053297	0.4999162359661438	-0.3561935355421867	-0.0007542737828376	0.0019412626400872	
-0.0508002902320180	0.2052553845576437	0.0005397269059719	-0.0020118435074393	0.0497187754310174	0.2509767428916862	0.0005705491451252	-0.0020032777602220	0.1538733436532908	0.2885740708403325	0.0006645345187193	-0.0019739455059695	
-0.0427313265047508	0.2958055169375651	0.0004822680600464	-0.0020264577296326	0.0567143792165349	0.3447113353856661	0.0004389949148602	-0.0020363193402190	0.1582718791732962	0.3864357761874249	-0.0000702001019747	-0.0020821443399507	
-0.1091296975818242	0.3020751488934086	-0.0006193141398010	0.0019886698134215	-0.0106414609979371	0.3478380972816980	-0.0006415227062462	0.0019815817081410	0.0895329976215136	0.3854760939423026	-0.0006779410955485	0.0019693584629451	
-0.0386856178886765	0.1729428633726488	0.0006382518324781	-0.0019826429338320	0.0624418807232757	0.2177031163469409	0.0005715100626329	-0.0020030024627869	0.1673214358814709	0.2552097865593059	0.0005194769415165	-0.0020171937232068	
0.2503477373169471	0.2710052048207733	-0.0019019554797588	-0.0008394839775670	0.3698247039282181	0.3324915252350850	-0.0018765419401465	-0.0008951195828341	0.4957043277473969	0.3977864804569176	-0.0018508256030865	-0.0009474033871327	
-0.0393035016061676	0.0646365105399818	-0.0005755244755191	0.0020018469331018	0.0640402988318253	0.1071737991886023	-0.0006040181792207	0.0019933924217041	0.1728285362575742	0.1407406046464311	-0.0006618765738005	0.0019748427881311	
0.2181988675372331	-0.2343754339093952	-0.0001580107538083	0.0020773024301774	0.3325721735699243	-0.1968704033908523	-0.0001482571874729	0.0020780249146235	0.4625296916915573	-0.1718745215770737	0.0000195980623926	0.0020832406896246	
0.2879965206599437	0.2413771316743085	0.0018893733138464	0.0008675686084024	0.4104598956155721	0.3041250774933792	0.0018366274983259	0.0009747769615811	0.5414513747372767	0.3696705371167317	0.0017276163440806	0.0011578763319835	
0.2348369191069184	-0.3729154956987540	-0.0002772784300493	0.0020647056818945	0.3506787005353358	-0.3395021450780978	-0.0002737355346859	0.0020651807453087	0.4850636477192733	-0.3219161334303934	-0.0004144333259295	0.0020414854757651	
0.1570042746543208	-0.4892114739386199	0.0020723623404077	-0.0001552154557469	0.2722537223383644	-0.4571855462279997	0.0020314602031097	-0.0004390754781175	0.3989904136787605	-0.4354750571728269	0.0020134777052749	-0.0005156447495248	
0.1102853586490111	0.2173768192494308	-0.0019575981766510	-0.0006992154548155	0.2182805974668710	0.2696223014670128	-0.0019408556365853	-0.0007446469159599	0.3295019411398745	0.3205980881741870	-0.0018981741586964	-0.0008480417420116	
-0.0468106036058356	-0.0302234613921318	0.0005935488228695	-0.0019965504926613	0.0579564901292409	0.0103465795461579	0.0006211080189664	-0.0019881074718441	0.1685803522580317	0.0417501698891438	0.0006756065383014	-0.0019701645894272	
-0.0331082620214460	0.1469072910875401	0.0005071373869314	-0.0020203469750221	0.0685582383036361	0.1916614038952811	0.0005490972751320	-0.0020092935416979	0.1748913668777413	0.2282475461593190	0.0006886479885911	-0.0019656214237108	
-0.1182612705546354	-0.4447154855556051	-0.0005115201759049	0.0020192362386897	-0.0064720321925872	-0.4000957401278830	-0.0005284801483412	0.0020148420058855	0.1114627753395179	-0.3738670582772413	-0.0003352333543335	0.0020560480944100	
-0.0947887957111573	0.2530582415392192	-0.0005800363483302	0.0020005377524064	0.0046021875687566	0.2980502034622971	-0.0006093312135610	0.0019917666798073	0.1062956955779795	0.3355187686064794	-0.0006693706002700	0.0019723026369990	
0.2482355922359354	0.2700199671882378	-0.0018939466259284	-0.0008574884068263	0.3677043383594971	0.3315286159224801	-0.0018792489700947	-0.0008893936869370	0.4923626382400517	0.3960981788670703	-0.0018559075901994	-0.0009373586837733	
0.1050025525251176	0.2154875755279933	-0.0019555746042831	-0.0007048833116168	0.2130565422828126	0.2675998359133808	-0.0019336235994967	-0.0007633214814205	0.3231611892939540	0.3176840242519439	-0.0018805050923955	-0.0008867213634330	
-0.0462501908638091	0.0886896901121957	-0.0005907507204476	0.0019973843523055	0.0567409733748060	0.1311241590931407	-0.0006173381852765	0.0019892871659685	0.1644848941375966	0.1657309145752375	-0.0006630559822090	0.0019744451317488	
0.1461227477873586	0.1890073102943142	0.0016529903720316	0.0012626249025507	0.2568313341995631	0.2425003129012284	0.0016195945489487	0.0013053962800575	0.3717312085509146	0.2917999148259507	0.0008588593961774	0.0018970886926596	
-0.1168639146692126	-0.4593519512021942	0.0003083234522470	0.0020602763202227	-0.0059586877859391	-0.4125254515869061	0.0004078207844513	0.0020428233788314	0.1098416253854257	-0.3883329334766509	0.0003348520979870	0.0020561105320062	
-0.0943545567692115	0.1313052248661147	0.0005865822709087	-0.0019986186411966	0.0074434042303038	0.1729665422102799	0.0006168550927802	-0.0019894377705957	0.1124677063192868	0.2063324998800090	0.0006752774396298	-0.0019702779776480	
0.2284513031174377	-0.3291966308340981	-0.0003549950114537	0.0020527117246939	0.3440006702491085	-0.2947785424250781	-0.0003207977201741	0.0020583613388877	0.4769701663136994	-0.2739534071142153	-0.0002165411336193	0.0020719925124993	
0.1420145173701619	0.1846044277517975	0.0009497002992652	0.0018530601255746	0.2528057799893557	0.2383381410676520	0.0010746093776368	0.0017831745061244	0.3709596915063726	0.2864549457958784	-0.0002206620453083	0.0020715555209850	
-0.0599904936656943	0.2355217191074103	0.0006225898947108	-0.0019876415892417	0.0401817664361689	0.2811092096459930	0.0006657063452887	-0.0019735486427115	0.1434310465587786	0.3198094713974465	0.0007281475341744	-0.0019512623192060	
0.0044116829038452	0.0177862914721038	0.0006279684428095	-0.0019859403883639	0.1088393812625210	0.0603305317254294	0.0006549542071127	-0.0019771609085415	0.2202605265699360	0.0937418172346602	0.0006859305984599	-0.0019665760975143	
-0.1325074933584415	0.2616099221438209	0.0005818800038198	-0.0019999996002715	-0.0334639043065265	0.3051389843735448	0.0006102545146758	-0.0019914825695110	0.0672706820371661	0.3394880969001038	0.0006599187771435	-0.0019755011514953	
-0.1056833009920941	0.2907136136547989	-0.0005873012316965	0.0019984064330297	-0.0070967366751357	0.3365123531218421	-0.0006040643095741	0.0019933783731747	0.0934020577482334	0.3739204194046504	-0.0006455564181748	0.0019802647218596	
-0.0306842939897449	-0.0841606857531431	0.0007738033288724	-0.0019335223261505	0.0754683704222013	-0.0439528051821846	0.0009115038511820	-0.0018722390653864	0.1881752979729332	-0.0124264953621836	0.0011894162791724	-0.0017083571919383	
-0.0570366507217808	0.0042007896051827	0.0005838180478123	-0.0019994318985626	0.0471412590631601	0.0449148854867911	0.0006161142201563	-0.0019896684873008	0.1565150525875375	0.0769504070754702	0.0006680484001066	-0.0019727531219755	
-0.0499434430764459	0.2020579548835802	0.0005419485743848	-0.0020112431835900	0.0506315369134448	0.2478119361970065	0.0005863434598458	-0.0019986890660800	0.1549402040370423	0.2854538140518922	0.0006916100124702	-0.0019645759738057	
-0.0906347294348591	0.1186820096115880	0.0005870975783434	-0.0019984665719437	0.0113391020814811	0.1603890236811903	0.0006135356858872	-0.0019904691047762	0.1167320390148602	0.1938717220354965	0.0006750483321173	-0.0019703568782751	
-0.1165243210422438	-0.4562698006755155	0.0001086554653888	0.0020804837571537	-0.0055514031481668	-0.4104414886041163	0.0003039736317308	0.0020609258190547	0.1102597119910499	-0.3854648485803435	0.0003311759328442	0.0020567088287615	
0.2024876079035336	0.2502952000523581	-0.0016875844111560	-0.0012157627760567	0.3191949900695926	0.3089789690989526	-0.0014570228945459	-0.0014855080665373	0.4385388086421893	0.3655587999215322	-0.0016046804793805	-0.0013237776421748	
0.0613526994530621	0.1644254424117388	0.0019519353898009	0.0007149489073823	0.1673304051440763	0.2134076022614825	0.0019098284595621	0.0008213239388754	0.2742453591247271	0.2573929178462711	0.0016766029404388	0.0012309377734299	
-0.1254943113822248	0.2375714088384117	0.0005879230337013	-0.0019982226743832	-0.0258456995434639	0.2802505904161853	0.0006175505988242	-0.0019892209048782	0.0753869196426447	0.3154603370216638	0.0006756370306635	-0.0019701540804095	
-0.1190746528301707	-0.4414987855736609	-0.0005192211405122	0.0020172599106506	-0.0073475030077202	-0.3969063473033714	-0.0005587974480883	0.0020066040878202	0.1108732464909824	-0.3709572878592280	-0.0005265099069598	0.0020153603399048	
-0.6639650219056099	-0.1440246126074523	-0.0020781379605983	0.0000003405482729	-0.6167368836558358	-0.0115263119903236	0.0006255362873912	0.0019867116567591	-0.6639649212479655	0.3454512454526062	-0.0020781379878592	-0.0000000458458643	
0.0821257172189037	0.2092303316839350	-0.0020557432327002	-0.0003050257772543	0.1890378294184824	0.2596268460649569	-0.0020334059516527	-0.0004299284505780	0.2970571487680120	0.3076327664966499	-0.0019776793207609	-0.0006399076178924	
0.1362827017230511	0.2276858246539941	-0.0020043012686533	-0.0005504025587946	0.2462891054889434	0.2811840632314188	-0.0019780970967048	-0.0006386085324673	0.3586276864975819	0.3341427200511340	-0.0019498138624804	-0.0007207433994685	
0.1132837787266173	0.1748894772284906	0.0020047745391841	0.0005486675683382	0.2213390890702890	0.2259838495995150	0.0019895487910896	0.0006017949187960	0.3334752739068222	0.2751575882862635	0.0019028763445080	0.0008373840651172	
-0.1011550245530977	0.2748942843678719	-0.0005722015446329	0.0020028040470095	-0.0020795195038248	0.3197912421354224	-0.0006072071913577	0.0019924184794607	0.0988776372140442	0.3573478770739532	-0.0006699564350613	0.0019721027203250	
-0.5410812649076601	-0.0968944132600060	0.0003093786644716	-0.0020601173378567	-0.4128359866521554	-0.0603793914395607	0.0001388793839962	-0.0020786759575546	-0.2921985092711916	-0.0395276103852412	-0.0004792202762989	-0.0020271842562703	
0.2460514667218897	-0.4073876911014246	-0.0007679663045640	0.0019358597535800	0.3634110824543482	-0.3751195237654639	-0.0007557248772594	0.0019406953696338	0.5007480568916960	-0.3583701958559964	-0.0007211369710398	0.0019538771209781	
-0.0134635312143294	-0.1937588592658959	-0.0002898904063604	-0.0020629640381286	0.0925589491379166	-0.1520997749146054	-0.0002861754104741	-0.0020634852600728	0.2049546302495274	-0.1260788558499004	-0.0001767805462656	-0.0020757817717937	
0.1539355707312972	0.3240675923954480	0.0011457242456045	-0.0017381087728625	0.2624177034568607	0.3861448279721690	0.0011147743987539	-0.0017582191105911	0.3794798416832066	0.4480239242600043	0.0009145844396983	-0.0018707286091383	
0.2982259290570564	0.2885106776557278	-0.0019077313484487	-0.0008262075640792	0.4221062901296786	0.3557612363891024	-0.0017885674686287	-0.0010607965527880	0.5539876716892351	0.4267952411440217	-0.0017460194242547	-0.0011297928903586	
-0.0899932878336915	0.2365747565973147	-0.0005908346418865	0.0019973594053323	0.0097820612198698	0.2813826376789077	-0.0006294171215235	0.0019854794280751	0.1123994183249566	0.3177700702503970	-0.0006849918575737	0.0019669049115359	
0.2182434369964551	-0.2520813477896520	-0.0000465669822451	0.0020828102261056	0.3325410930228919	-0.2145811370966075	-0.0000579409431922	0.0020825234255905	0.4629988256507176	-0.1917385364347723	-0.0002780964301855	0.0020645951132881	
-0.0881140564672079	0.2302694881536548	-0.0005978916910807	0.0019952477783292	0.0117782832903334	0.2751102178864429	-0.0006327155706093	0.0019844255182454	0.1145612380059962	0.3115505620221120	-0.0006835611467158	0.0019674050769790	
-0.1397513761273719	0.2863075394253696	0.0005908546224058	-0.0019973534652392	-0.0412857729571440	0.3302934951362582	0.0006194424880391	-0.0019886296383763	0.0588503704379074	0.3644557598884265	0.0006747397681097	-0.0019704630950299	
-0.0050066618003182	-0.4166396016243258	0.0003541842860170	-0.0020528524673569	0.1040924898332360	-0.3760127461858752	0.0003861717109806	-0.0020470472912003	0.2232314072838231	-0.3531531666545195	0.0004518573538814	-0.0020334897487043	
0.0997389923190015	0.2135739377043426	-0.0019572075524013	-0.0007003135911516	0.2069471337171728	0.2651745650151783	-0.0019272942854051	-0.0007792425703942	0.3168454213974343	0.3147748766059008	-0.0019067568802292	-0.0008284652347647	
-0.0722836975406279	0.0563802097788459	0.0005993288172085	-0.0019948144090408	0.0307767519444899	0.0977949568496397	0.0006340287052425	-0.0019840042601412	0.1384712146173533	0.1303019209242374	0.0006890398047781	-0.0019654834210945	
-0.0404614257092134	-0.0520651206948236	0.0005719960220262	-0.0020028630473515	0.0646869452477151	-0.0113748151920469	0.0006104307512183	-0.0019914282860108	0.1763676002146854	0.0186556545858052	0.0006669261117291	-0.0019731347159125	
0.2526279825608546	-0.4259707080274311	-0.0008613097369642	0.0018959718895287	0.3710414446069195	-0.3947373306971935	-0.0011402842963968	0.0017417003569024	0.5095125124027431	-0.3757942306142733	-0.0015720861414966	0.0013625161359477	
-0.0172569082307634	-0.3468078116205588	0.0003659616519059	-0.0020507753095864	0.0905574745164370	-0.3062212181817558	0.0004009636653562	-0.0020441871374004	0.2074377513383499	-0.2823681777654428	0.0004409232423243	-0.0020359005846418	
0.1155377141501178	0.2193284994009282	-0.0019355887761414	-0.0007582993684898	0.2243989200021506	0.2719695176997857	-0.0019268903415570	-0.0007802458918734	0.3346115711220938	0.3228520954541692	-0.0019047841032581	-0.0008330135707703	
-0.1094366275078001	0.1832351455432502	0.0005920580847190	-0.0019969952797612	-0.0089803807444719	0.2261574679136287	0.0006235292338303	-0.0019873456415229	0.0946111067436736	0.2593943140107632	0.0006789428322617	-0.0019690116074899	
-0.1190207415712895	0.3559953310266236	0.0009039288018226	0.0018759264260157	-0.0226010260213916	0.4040483895843353	0.0007866011224281	0.0019283254077594	0.0722844212543290	0.4416821134134248	0.0000434869706484	0.0020828771432226	
0.2307728930145003	0.2613643248158057	-0.0018116523290763	-0.0010206677630341	0.3480631223859585	0.3218968018181868	-0.0017461802395807	-0.0011295430776961	0.4710486772054965	0.3840680182866068	-0.0017347903104178	-0.0011470457969034	
0.2442331591092485	-0.4030990495678609	-0.0008401614089457	0.0019054849296271	0.3616030005731383	-0.3708298480400977	-0.0008569387561417	0.0018979613895417	0.4986806775940125	-0.3531601518580694	-0.0008291985059210	0.0019103050718227	
-0.1175679714440507	0.3584487266893058	0.0011990075201083	0.0017016056135944	-0.0212985265302957	0.4065856156173605	0.0010751534084464	0.0017828448970978	0.0725626132207758	0.4448230562951008	0.0003326656148678	0.0020564671995295	
-0.0723585465401795	0.1771985869898756	-0.0005893508068008	0.0019977999303218	0.0288107618800473	0.2207415187474295	-0.0006202592657005	0.0019883737598342	0.1331181655581105	0.2573330111788189	-0.0006759900523865	0.0019700323748816	
-0.0080195400653376	-0.3999494521362140	0.0003803231955788	-0.0020481474341417	0.1007691435874806	-0.3593789517121392	0.0004240153181074	-0.0020395069794332	0.2194022042971410	-0.3364235609798742	0.0004822810255131	-0.0020264546285450	
-0.0343280054750063	0.1520772784726822	0.0004590653758369	-0.0020318665645799	0.0672359027646221	0.1968182498492366	0.0004972298942834	-0.0020228204262700	0.1732831607714306	0.2332631740437870	0.0006042065102054	-0.0019933350600461	
-0.0196365636837446	-0.2625089218036421	-0.0001975565249323	-0.0020738982160181	0.0868242535411875	-0.2218397414232007	-0.0001756969916042	-0.0020758742266382	0.2003174461832505	-0.1968556492144997	-0.0001680390726149	-0.0020765113256905	
0.0174546748828857	-0.0138269969733935	0.0015877527825247	-0.0013441347882105	0.1236241541330905	0.0280792030742188	0.0017511643664795	-0.0011217616012568	0.2358690554132454	0.0645843145821950	0.0018857173676520	-0.0008755260776229	
-0.0020686280222549	0.0395845837358380	0.0005102717983241	-0.0020195536525960	0.1018612700574529	0.0822967625447307	0.0005490190234215	-0.0020093150316394	0.2121094193750938	0.1166994768576071	0.0006518859824206	-0.0019781797216280	
-0.0183470219884340	-0.2458217265301035	-0.0001297035031809	-0.0020792716414415	0.0879745195574220	-0.2052179772522746	-0.0001192427137922	-0.0020799009038879	0.2013670044340282	-0.1802097230965612	-0.0001033229060950	-0.0020807567637801	
0.2702270326320745	0.2331531576929072	0.0019627346689388	0.0006845908874458	0.3908523091102440	0.2944064573617372	0.0019352712859663	0.0007591133280164	0.5196481676889544	0.3590975584563913	0.0019028371579698	0.0008374735529231	
0.2167361302023917	-0.2093592404772308	0.0002538438805816	0.0020677326896292	0.3305572849304648	-0.1708364461408242	0.0002415425274797	0.0020692131128985	0.4590101528558226	-0.1448171914797980	-0.0000395420083627	0.0020829561636597	
-0.0446196383633279	0.1854218042779652	0.0007866774149017	-0.0019282941290172	0.0567452949847443	0.2301744880990219	0.0008480024112669	-0.0019019909709013	0.1618843705037122	0.2687347435130840	0.0009849762232363	-0.0018344597741629	
0.2812797131176349	0.2379779306816275	0.0018463561600515	0.0009561277353077	0.4031203998275461	0.3000551930054706	0.0018227425623538	0.0010006271093561	0.5333291790441275	0.3651283302116637	0.0018794686529305	0.0008889270334664	
-0.0259149790223875	0.0187683894110301	-0.0005919184191394	0.0019970368889909	0.0783718562480246	0.0605560523497009	-0.0006224104921389	0.0019876980559763	0.1888259578472580	0.0936512055439852	-0.0006725132856251	0.0019712279069467	
-0.0540600514397797	0.2166549043037442	0.0006019871708239	-0.0019940097833871	0.0463545207790012	0.2623238521542008	0.0006233763846304	-0.0019873938315141	0.1501324006889403	0.3002335210130752	0.0006377277501013	-0.0019828124140367	
-0.1524276610899997	0.3292609583149395	0.0005894331295501	-0.0019977755216863	-0.0546058315862706	0.3730639522597400	0.0006185461928282	-0.0019889100022138	0.0438183494769442	0.4083958136870772	0.0006724568102076	-0.0019712472699123	
0.2359713066845325	-0.3801857123481838	-0.0004017598326812	0.0020440300269290	0.3519479988730652	-0.3469500675063117	-0.0004571669367726	0.0020322966947273	0.4870877690790589	-0.3292603633413199	-0.0006903413168877	0.0019650243789167	
0.2517035435520688	-0.4238361055627071	-0.0007569708665735	0.0019402072773784	0.3694983058385195	-0.3918850197524074	-0.0009020743650479	0.0018768233377272	0.5085075559295200	-0.3747388222478692	-0.0014456795265158	0.0014966046490275	
-0.0090002282650977	-0.3947311722631001	0.0003729369201081	-0.0020495120278749	0.0996911445429719	-0.3541781657508448	0.0004172236050628	-0.0020409142009161	0.2181733061625432	-0.3312569741042148	0.0004814729403389	-0.0020266477384308	
-0.1110418264189786	0.1885818652825290	0.0005935040416348	-0.0019965638716454	-0.0105470657421556	0.2312014020914901	0.0006252315039997	-0.0019868080754821	0.0927739714534734	0.2646859245366710	0.0006811657624462	-0.0019682398603706	
-0.1589667478457111	0.3781181678779642	-0.0011182459745315	-0.0017560021447769	-0.0634847433827155	0.4240091809850737	-0.0009410495532933	-0.0018574902718120	0.0293181710763715	0.4593627566213220	-0.0001698467449256	-0.0020763635137260	
0.2930042414741330	0.2864944947688963	-0.0019667335865041	-0.0006729579461131	0.4167704341929572	0.3528998003722279	-0.0018679331117903	-0.0009130366858819	0.5474444511152146	0.4232036768081878	-0.0019100365651671	-0.0008208374367698	
-0.1191160964879467	0.2157360965339980	0.0005880100707412	-0.0019981969358134	-0.0190269472582741	0.2582342295629621	0.0006165045715746	-0.0019895469650362	0.0831276988286852	0.2927090686075944	0.0006765240370044	-0.0019698481466194	
0.1526280009305707	0.3259417892785948	0.0012543150440448	-0.0016610524325705	0.2607649601132195	0.3885060768325224	0.0012452772577008	-0.0016678726150449	0.3784280170264731	0.4501136704120565	0.0010114962977256	-0.0018198986233122	
-0.0725734362460676	0.0573382379285095	0.0005984139290459	-0.0019950904272812	0.0303702895753658	0.0990314374691108	0.0006340539351764	-0.0019839961568635	0.1381601505224738	0.1312377374189901	0.0006895768798542	-0.0019652941131559	
0.0239078638359136	-0.1718380517301186	-0.0020031090624730	0.0005547472886355	0.1329269232023608	-0.1315323098583805	-0.0020015345244539	0.0005604298212589	0.2482489219550652	-0.0993032397471781	-0.0020062660871405	0.0005431606488032	
0.3077010060985534	0.2934598505179694	-0.0017874379855642	-0.0010627081369962	0.4322335125260386	0.3625370387768302	-0.0016745580777203	-0.0012337320505022	0.5654801302943793	0.4350409052307334	-0.0016410038677112	-0.0012782420681857	
-0.0587177344919414	0.2314516855835184	0.0006356856954842	-0.0019834713174673	0.0415385480881867	0.2770732282336129	0.0006699173172860	-0.0019721160753834	0.1448699985263451	0.3158171823693546	0.0007067571653390	-0.0019591506926869	
-0.0206855372279756	0.1094031093041551	0.0006174279428664	-0.0019892591696947	0.0819842144829791	0.1530907267501547	0.0006751715360617	-0.0019703144527081	0.1897712625841669	0.1894137706370244	0.0008167308318264	-0.0019156954640041	
0.1528216785491191	0.1935307141793740	0.0018420928275913	0.0009643568085646	0.2639182738762492	0.2479320006465958	0.0017881381214070	0.0010615237457803	0.3783117377438112	0.2988337947175605	0.0015394378540540	0.0013994801588698	
0.0121951920649845	-0.0064014691255587	0.0008503651506505	-0.0019009304996196	0.1173685806418776	0.0353878824680896	0.0009452544171673	-0.0018553432972433	0.2297070896404382	0.0698527451659352	0.0012091362525072	-0.0016943872375285	
0.1784285812160636	0.2014148971258002	0.0020104828356169	0.0005272580739528	0.2906902261015749	0.2565579005326343	0.0019995022466397	0.0005676737705155	0.4084768578876585	0.3123745199491405	0.0019652304749991	0.0006773567490589	
0.3638733203313789	0.1896894609879924	0.0007963450605244	-0.0019243018296372	0.4930597075671059	0.2538873581944703	0.0005136890688656	-0.0020186828098492	0.6419483276466167	0.3196489907556642	0.0008015379556544	-0.0019221338019391	
0.0568707292940831	0.3147514677463089	0.0013312903663669	0.0015997096583164	0.1592353909991673	0.3717215237418472	0.0013216553616093	0.0016077189123421	0.2619791101180238	0.4218650525437782	0.0002737741158045	0.0020651756054896	
0.0841272644658593	0.2095152664388831	-0.0020520904245469	-0.0003288175367717	0.1902989519124133	0.2599002550067026	-0.0020297217940553	-0.0004470823359769	0.2992352006959050	0.3083833779221712	-0.0019775334794850	-0.0006403604301405	
-0.0066772050669405	-0.0429336553647017	-0.0008739415427847	0.0018901535162217	0.0990585929852414	-0.0018802582342460	-0.0009977503759687	0.0018275087452751	0.2120925556521394	0.0313507877334236	-0.0013048568623288	0.0016214507232364	
0.6400362618390811	0.4989583318295288	0.0000000177414083	0.0020833333332574	-0.6167368836558358	-0.0115263119903236	0.0006255362873912	0.0019867116567591	-0.6639649212479655	0.3454512454526062	-0.0020781379878592	-0.0000000458458643	
0.2347051179375161	-0.3718949507145903	-0.0002774580276559	0.0020646814342019	0.3505548981499524	-0.3384805829468825	-0.0002686557200446	0.0020658510477007	0.4848717895283297	-0.3209128555923453	-0.0003824909439518	0.0020477416938156	
-0.0765910887610690	0.0709211522554806	0.0005857796993880	-0.0019988551942725	0.0261205205141702	0.1125444428546771	0.0006189191484095	-0.0019887933947039	0.1333974679794040	0.1449261191327147	0.0006784912752178	-0.0019691680319334	
-0.0453073289169293	-0.0352988912996722	0.0005904860127130	-0.0019974630156028	0.0595207106474162	0.0052976494126699	0.0006225092496790	-0.0019876669743763	0.1703869216323840	0.0364515256915982	0.0006700300982234	-0.0019720775688884	
-0.1404306500626088	-0.3845842946412006	-0.0014168642118146	0.0015240483966009	-0.0283176235865393	-0.3409167634769188	-0.0012751885695637	0.0016450018836555	0.0889329782771472	-0.3128999612260431	-0.0011542589839127	0.0017324243359707	
-0.1388969531473632	0.2834322570543738	0.0005897374977384	-0.0019976852445439	-0.0403184619888162	0.3271467192021789	0.0006213242587810	-0.0019880395648179	0.0598964851992039	0.3613320503790630	0.0006739994634541	-0.0019707177082061	
0.1569273086681883	0.3187638178634714	0.0009152370401597	-0.0018704078187741	0.2650179385393784	0.3812766081098157	0.0008881106018449	-0.0018835043681487	0.3823209759683837	0.4416381836055261	0.0008101599204221	-0.0019184975328084	
-0.0307526729955586	0.1386951392812594	0.0006576096726300	-0.0019762748647438	0.0712486305210696	0.1831511566978887	0.0007092513130422	-0.0019582446276236	0.1781302231004278	0.2200174170250530	0.0008266955393860	-0.0019113950046899	
-0.0212939518194528	-0.3229840662787354	0.0002824087262806	-0.0020640067386489	0.0861518440469354	-0.2823051497018267	0.0003168804873523	-0.0020589710635932	0.2022731892940018	-0.2583998943725941	0.0004073582974932	-0.0020429161153113	
-0.5606581759995035	-0.0248402332662606	0.0006397594870137	-0.0019821545241155	-0.4323281873825479	0.0072644336205431	0.0006600512189631	-0.0019754566826793	-0.3107569532474064	0.0249731820923981	0.0006861355525187	-0.0019665042407730	
0.2185050478265235	-0.2572575779399007	-0.0001709238497404	0.0020762746826858	0.3329492749618236	-0.2207702615506079	-0.0002181200188077	0.0020718260680154	0.4638126546821031	-0.1967957228239040	-0.0003789406875583	0.0020484049539561	
-0.0473523424926867	0.3065512534557530	0.0010935752832989	-0.0017715484381231	0.0519091759349953	0.3562205169521395	0.0010683873991484	-0.0017869280206188	0.1549871421728487	0.3990399065541588	0.0009041053893953	-0.0018758408997240	
0.1682856183717972	-0.4898426803670020	0.0020742962406936	-0.0001266193794240	0.2836995378941302	-0.4590987259641293	0.0020514948058746	-0.0003325317738374	0.4114276462339530	-0.4378162947572119	0.0020481616813080	-0.0003525768782778	
-0.1571326218251122	0.3457697961128521	0.0005551651554432	-0.0020076171098863	-0.0596110225367312	0.3894714907724841	0.0005987880429462	-0.0019949776141303	0.0379342373423762	0.4258760469357136	0.0006616934936485	-0.0019749044458794	
-0.0444593040802285	0.2821748475062252	-0.0010127345877854	-0.0018192063834427	0.0548015916703081	0.3313950584656082	-0.0010130627826957	-0.0018190227268330	0.1534010657893019	0.3742509866712039	-0.0012457907747519	-0.0016674871663920	
-0.1279010227390737	0.2458037172691073	0.0005893322677793	-0.0019978054266168	-0.0283528327374083	0.2884453975717874	0.0006132048340934	-0.0019905715657201	0.0724942099017525	0.3238730383740714	0.0006702245882669	-0.0019720111476765	
-0.0621781406023598	0.0219253485349573	0.0005800127663362	-0.0020005446238529	0.0414712424602716	0.0635125032003622	0.0006068898536565	-0.0019925156473322	0.1505137963372694	0.0947384990771565	0.0006641703227020	-0.0019740686898176	
-0.0639296459510196	0.2593135297870810	-0.0003746566072518	-0.0020491967912468	0.0349184037568528	0.3062829360952992	-0.0001952325886547	-0.0020741193786914	0.1356024155559032	0.3447275175442781	0.0003054831824572	-0.0020607014873314	
-0.0617635795028144	0.2415205218647640	0.0005621187605564	-0.0020056715619573	0.0381330639004808	0.2873868676465230	0.0006209855005538	-0.0019881459354827	0.1411315054307829	0.3259609801797042	0.0007269226848051	-0.0019517212409925	
0.2313971415121511	-0.3531822022197642	-0.0003734701933218	0.0020494144336375	0.3470498788368026	-0.3187498351309326	-0.0004057850959962	0.0020432307497661	0.4812233697019188	-0.2999666558585284	-0.0004849395803511	0.0020258168918769	
-0.0888713756042036	0.1126420479835401	0.0005874682447842	-0.0019983570970829	0.0132777418909514	0.1540960268347691	0.0006130070623630	-0.0019906327844100	0.1188652349907290	0.1876412406354608	0.0006761232462505	-0.0019699864373379	
-0.0744499113565164	0.0636467689138477	0.0005927422930313	-0.0019967912857391	0.0283768190641798	0.1053075555863970	0.0006283310076925	-0.0019858251322246	0.1359903154835466	0.1374566395544752	0.0006879078773938	-0.0019658818596626	
-0.1342595055890313	0.2676419196377008	0.0005853566687553	-0.0019989797383810	-0.0354019515287883	0.3114345846602861	0.0006177540119585	-0.0019891574279743	0.0651868675833960	0.3457363891015869	0.0006622294192508	-0.0019747239032619	
-0.0511347690817876	-0.0156904806625701	0.0006004746379681	-0.0019944680705440	0.0533387380094447	0.0251073308532292	0.0006253626847775	-0.0019867665825626	0.1635286688774397	0.0563840265885923	0.0006805978536524	-0.0019684372931606	
0.1538459520160869	0.2316310951333185	-0.0020745099073288	0.0001230510786160	0.2639007509921859	0.2862778907690592	-0.0020763308893810	-0.0000868626564295	0.3792528364081325	0.3421582632563983	-0.0020133703935284	-0.0005160656926750	
-0.0333633453593108	-0.0760755898923376	0.0006051736300258	-0.0019930401879333	0.0722760985157750	-0.0355669081775656	0.0006424277742417	-0.0019812870024244	0.1846870305688805	-0.0053190226820486	0.0007417580266764	-0.0019461033744401	
-0.0214410289484098	-0.2792107995541817	-0.0002168336910871	-0.0020719617636636	0.0852215438151805	-0.2385435531867618	-0.0001943282620902	-0.0020742047273454	0.1989271243082822	-0.2146107438712672	-0.0001129978373409	-0.0020802512694804	
-0.0600512048057549	0.1344378693225645	-0.0005790824262040	0.0020008154695786	0.0417468974052294	0.1781820263654553	-0.0006121969723867	0.0019908833156934	0.1482507752275428	0.2123854560151968	-0.0006793272319275	0.0019688783553117	
-0.0524395500140579	0.1092300968554377	-0.0006033721750313	0.0019935890326006	0.0500251547568663	0.1521305795503345	-0.0006357102042664	0.0019834634231197	0.1572661077858591	0.1865853647433793	-0.0006925058080467	0.0019642588080117	
0.2917496343462396	0.2432046138778112	0.0018373813666836	0.0009733481082809	0.4145097455720836	0.3064047424153465	0.0017525804660590	0.0011195367788518	0.5463864466964972	0.3731167614577993	0.0017088404555704	0.0011855476143212	
-0.5587271308549936	-0.0311609031978839	0.0005904607637105	-0.0019974705168548	-0.4303055006023954	0.0010008295053014	0.0006302926875033	-0.0019852002615775	-0.3089227526133497	0.0196891348936132	0.0006746493519286	-0.0019704942086394	
-0.0910021387050800	0.1199170150730212	0.0005869006293725	-0.0019985247094917	0.0110589046802286	0.1613453609413353	0.0006140273432177	-0.0019903167323903	0.1164123034134383	0.1948041635833480	0.0006747213958474	-0.0019704694175874	
-0.0062992156384900	-0.0437851029728567	-0.0009315469600705	0.0018622979666648	0.0993562495611184	-0.0023289197144350	-0.0010417114297691	0.0018026875711239	0.2125421483190879	0.0308325576669601	-0.0013658747426112	0.0015701351012336	
-0.0632826726317041	0.1458628055780766	-0.0005647880748855	0.0020049177755553	0.0383331487444784	0.1895486266896482	-0.0005949347006409	0.0019961358999553	0.1440606233082203	0.2248753506297209	-0.0006494936182128	0.0019789704321606	
-0.1489476130373527	0.3175965594482345	0.0005924938276040	-0.0019968653943855	-0.0509837780449099	0.3614358632561693	0.0006174951145590	-0.0019892382152635	0.0477474058961630	0.3968574161650599	0.0006724370510087	-0.0019712540440537	
-0.0940800810695243	0.1303396369509931	0.0005866485410296	-0.0019985990927532	0.0077296249571351	0.1720094786301464	0.0006167945975571	-0.0019894566209400	0.1129104655515812	0.2050921038207312	0.0006761065322671	-0.0019699922024182	
-0.1003300612441163	0.2720087106080500	-0.0005778205658914	0.0020011820760866	-0.0014055933765077	0.3175955500588263	-0.0006107965702738	0.0019913155534885	0.0999368124807625	0.3542296619145833	-0.0006742207352306	0.0019706416388778	
-0.0852730652846084	0.2208122738302488	-0.0005967540428899	0.0019955900349051	0.0147570139686766	0.2656922845740580	-0.0006234698301522	0.0019873643717386	0.1177842438954191	0.3022127902085119	-0.0006721554448850	0.0019713505642764	
0.5811831325505452	0.4989583023556080	-0.0000000083118959	-0.0020833333333167	-0.6167368836558358	-0.0115263119903236	0.0006255362873912	0.0019867116567591	-0.6639649212479655	0.3454512454526062	-0.0020781379878592	-0.0000000458458643	
-0.1398444390956866	0.2865841718604780	0.0005911237442508	-0.0019972734355704	-0.0412857729571440	0.3302934951362582	0.0006194424880391	-0.0019886296383763	0.0584058422266330	0.3656987922840423	0.0006743638540203	-0.0019705924223033	
-0.0890630663160495	0.2334197218186891	-0.0005957010571739	0.0019959061880857	0.0107691072094717	0.2782432743774422	-0.0006321721600883	0.0019845995646041	0.1134862045313066	0.3146623230333487	-0.0006848216039757	0.0019669644923665	
0.2838135255508711	0.2393633618241917	0.0018502021861119	0.0009486263818471	0.4063943935816519	0.3019214410645805	0.0018095978250412	0.0010243240705047	0.5362258525561896	0.3665644662912739	0.0018417977500357	0.0009649230692716	
0.3627562458407074	0.1948441228707314	0.0000841412070880	-0.0020816249883410	0.4926665404233326	0.2594407774716029	-0.0001284765971843	-0.0020793481929224	0.6406646306295769	0.3246989961038494	0.0002354376302994	-0.0020699201431903	
0.2273630648802242	-0.3240127827174036	-0.0004928744604385	0.0020238914001432	0.3429792487979466	-0.2895595806787249	-0.0004756431399118	0.0020280307653663	0.4762585873467313	-0.2686743348769844	-0.0003494701368723	0.0020536642839132	
0.2293832210473959	-0.3364872050659657	-0.0001962864349221	0.0020740194142337	0.3448533766190909	-0.3020955368395179	-0.0001879193903254	0.0020747981326675	0.4777775072163242	-0.2823135484636669	-0.0002289322887285	0.0020706533769390	
-0.0288623180903042	0.1334347012458633	0.0007361537565899	-0.0019482408541181	0.0732715767101596	0.1778876614983425	0.0007748525524177	-0.0019330999883404	0.1805496012268051	0.2144610617613939	0.0007999026650655	-0.0019228183179397	
0.0778530891329161	0.2086018848775361	-0.0020550374009454	-0.0003097688977770	0.1838221989542589	0.2586340412909374	-0.0020422663018581	-0.0003854164034020	0.2929681084085004	0.3063854285566707	-0.0019809772050517	-0.0006295722442396	
-0.1227140869054427	0.2280935925433755	0.0005839763112511	-0.0019993854487286	-0.0229154451440795	0.2708155692543706	0.0006176339113721	-0.0019891949092185	0.0788752805497872	0.3051759858615257	0.0006724992872742	-0.0019712327065420	
-0.0223959416976404	-0.2906536813638991	-0.0001267206007189	-0.0020794564857709	0.0843707752003184	-0.2500096908554438	-0.0000971140506653	-0.0020810572852044	0.1986587913742566	-0.2260389824899134	0.0000159351443987	-0.0020832720844190	
-0.0824702777110340	0.2113431868921468	-0.0005862814071815	0.0019987073601811	0.0179852097950751	0.2553097491398419	-0.0006136327603776	0.0019904390304500	0.1210744757969718	0.2925380763622851	-0.0006668280403802	0.0019731680275741	
-0.1559892602394271	0.3416310604081526	0.0005660179553849	-0.0020045691726599	-0.0586784555220005	0.3863135593939904	0.0006068337727894	-0.0019925328133549	0.0392736352300529	0.4218054344368696	0.0006650443892959	-0.0019737729235072	
-0.0735267755785117	0.0604880745184855	0.0005968392376734	-0.0019955644290316	0.0293835033395976	0.1021725391351331	0.0006313065003380	-0.0019848764823025	0.1370702686392177	0.1343454715660551	0.0006890322472261	-0.0019654860837940	
0.1588758241630480	0.3145357340051608	0.0008322936573714	-0.0019089518465802	0.2672362976742337	0.3761329168599851	0.0008049413828139	-0.0019207038931850	0.3846152875570115	0.4365443685845271	0.0008896460663778	-0.0018827759710201	
-0.0120872804437254	-0.3770219655050471	0.0003494252021882	-0.0020536719681784	0.0962233596896054	-0.3365335346804870	0.0003889148921107	-0.0020465252906239	0.2140882458282400	-0.3135329243275821	0.0004549042433023	-0.0020328069078220	
0.0564478033167386	0.3143864519055204	0.0012893008242701	0.0016339092049080	0.1587158253771039	0.3709693953471224	0.0012286716796502	0.0016802041767917	0.2619055152330323	0.4208331608840780	0.0000255767534095	0.0020831755404964	
-0.5626530623337515	-0.0189803140490392	0.0007532103079264	-0.0019416775827066	-0.4341779995925980	0.0125660874598523	0.0007320080517915	-0.0019498101092099	-0.3129659164119558	0.0311631495463649	0.0007397258002273	-0.0019468806144687	
-0.0459184327039815	0.3040557293996549	0.0009601166561626	-0.0018476576801372	0.0534280900021404	0.3533579388700079	0.0009390870644936	-0.0018584881836393	0.1563399263526911	0.3960091813494758	0.0007605356008717	-0.0019388057382042	
-0.0496792262334776	0.1000582549003708	-0.0006069485904935	0.0019924976664734	0.0530544119198312	0.1427278209092042	-0.0006387281880491	0.0019824887543799	0.1606678598922414	0.1769507585981398	-0.0006858721143024	0.0019665965975984	
0.3689283173054272	0.1812802278698181	0.0011373079858459	-0.0017436550380312	0.4986510224300311	0.2436953359359730	0.0011371541185134	-0.0017437558914833	0.6472154314277558	0.3093089142794533	0.0009347817664541	-0.0018606682350092	
-0.0006546447619901	-0.4416365707786976	0.0004739064631142	-0.0020284393265875	0.1091944463180983	-0.4010294702939828	0.0006452045061927	-0.0019803799829545	0.2296939961809140	-0.3770663145176403	0.0008963439258294	-0.0018795805810837	
0.2182324508550629	-0.2479163496814621	0.0000303970128681	0.0020831104564376	0.3325173341909783	-0.2104165532439102	0.0000296722260537	0.0020831209588190	0.4624798907660057	-0.1864492778833181	-0.0001286250536937	0.0020793389689792	
-0.1023191986732738	0.2790256193385093	-0.0005664233686618	0.0020044540809975	-0.0036049541471390	0.3248513330056892	-0.0005974778208009	0.0019953723716574	0.0975161376734132	0.3614056919180910	-0.0006625157054098	0.0019746273925147	
-0.0157881140097766	-0.2156006646502235	-0.0002060688799364	-0.0020730655578589	0.0902913307112313	-0.1749890645229157	-0.0001847560838142	-0.0020750836320198	0.2032072529727201	-0.1489336170402040	-0.0001551325401814	-0.0020775204431765	
-0.0169095082770250	-0.0115446326224225	-0.0005949255481330	0.0019961386414312	0.0879089825005958	0.0300777398684455	-0.0006201675234164	0.0019884025191327	0.1994836022866455	0.0624939152188174	-0.0006809402875959	0.0019683182685054	
-0.0219156540185595	-0.3177184380297384	0.0002205286141546	-0.0020715698008547	0.0855462268197520	-0.2780803327266768	0.0002735623816440	-0.0020652038038693	0.2014451242397504	-0.2541905610775829	0.0003749784771414	-0.0020491376226016	
0.3044834635423551	0.2497635262966706	0.0019404028767771	0.0007458318206413	0.4281313049237219	0.3144155603735177	0.0019168811899721	0.0008046422488393	0.5609703054606230	0.3837601669062006	0.0018336596861880	0.0009803761417838	
-0.0862298120858778	0.3416589717227780	-0.0011811312528700	-0.0017141244607364	0.0108815811760636	0.3914000119768348	-0.0010998066326111	-0.0017676673090984	0.1064165390691070	0.4302162815411759	0.0000927765490315	-0.0020812561587874	
-0.1259223048362493	-0.4167525213892034	-0.0006205474587083	0.0019882833869399	-0.0145122455650766	-0.3729008237985736	-0.0006564543924129	0.0019766608341558	0.1028679842569679	-0.3458332590889374	-0.0006860125379884	0.0019665473724669	
-0.1063818908882525	0.1727994726958998	0.0005846057350402	-0.0019992005794778	-0.0056250649359468	0.2154905984914071	0.0006162318219560	-0.0019896318849750	0.0981082535147488	0.2491074961044120	0.0006618173793473	-0.0019748627257204	
-0.0181351377804470	-0.0074359882149153	-0.0005919204571728	0.0019970362818959	0.0865368872703234	0.0344692126002500	-0.0006162861222042	0.0019896149820080	0.1980944498958491	0.0665382469436783	-0.0006770255923116	0.0019696749584885	
0.2566856846062346	0.2299626924522983	0.0020564315114238	0.0003003268770927	0.3761105573369854	0.2897351285217253	0.0020250396561561	0.0004679344086705	0.5030047859397282	0.3517958910764493	0.0017319000725730	0.0011514268454209	
-0.0115068103693517	-0.1843461118775038	-0.0006165559769161	-0.0019895309554919	0.0942704307920494	-0.1436478174509357	-0.0005819124807981	-0.0019999901038266	0.2058628398892554	-0.1177347318569548	-0.0002969833225422	-0.0020619498386711	
-0.0866328841648633	0.1050924012710888	0.0005936277327417	-0.0019965269146221	0.0155081663858290	0.1468506249940056	0.0006209675760191	-0.0019881515620430	0.1214345221484504	0.1801608501073304	0.0006768399493320	-0.0019697390781469	
0.1068353922520947	0.2160782886417844	-0.0019587593183503	-0.0006959396817287	0.2152285004214964	0.2684353341918510	-0.0019390923558099	-0.0007492494358361	0.3252668227772806	0.3186679916293057	-0.0018862163015654	-0.0008744452787228	
-0.0437403529121754	-0.0406535105191652	0.0005837274317289	-0.0019994584879515	0.0611995319738219	-0.0000325143251417	0.0006191168530604	-0.0019887315495022	0.1721776322660068	0.0311458261840212	0.0006637102007084	-0.0019742242116603	
0.0073114380048611	0.0083460374876248	0.0005960330284073	-0.0019958065812159	0.1118535325998076	0.0509125531223434	0.0006214229393775	-0.0019880085669596	0.2234409313230812	0.0843912343495785	0.0006675620403934	-0.0019729185790018	
0.2170247555375067	-0.2250205443132570	-0.0002825318777603	0.0020639898002693	0.3313038704391474	-0.1875249968880151	-0.0003399638463779	0.0020552673211782	0.4616490403490205	-0.1614107029537599	-0.0003748900348492	0.0020491538859897	
-0.0614916929403322	0.2405630094713138	0.0005763529393327	-0.0020016073734389	0.0384215041195290	0.2864493912321815	0.0006315743141839	-0.0019847908554382	0.1414572838752437	0.3250642060322235	0.0007302470120284	-0.0019504736457664	
-0.0636967283751418	0.2499559832896569	0.0003308805442581	-0.0020567566091481	0.0356092022994674	0.2969271876909841	0.0004006232374008	-0.0020442542164374	0.1378826291213250	0.3353099974979481	0.0006239387445174	-0.0019872164678165	
0.3044742718449953	0.2916086218021702	-0.0018197475246586	-0.0010060907624327	0.4291713890584490	0.3603481849804664	-0.0017071181346538	-0.0011880387099790	0.5612888208137474	0.4319698349600317	-0.0016768403483634	-0.0012306127264087	
-0.0347762971659773	0.1541047979295569	0.0004481498648719	-0.0020343141423209	0.0666975351064454	0.1989909436012734	0.0004868315580224	-0.0020253607841026	0.1726231875423991	0.2354527173782480	0.0005808235790719	-0.0020003081910412	
-0.5418770925253263	-0.0927126505307098	0.0004836609700068	-0.0020261240687951	-0.4132954826031210	-0.0573051990778896	0.0003696928480101	-0.0020501026212591	-0.2919935872934503	-0.0364564154265042	0.0000748194210375	-0.0020819826625833	
-0.0457996811900977	0.1885305351030674	0.0007012964271469	-0.0019611218579683	0.0553993293693802	0.2333826430117681	0.0007528289290828	-0.0019418262234647	0.1602643599080738	0.2719089059318488	0.0008974708889135	-0.0018790400414203	
-0.5455132804443982	-0.0791668677079576	0.0005306161671626	-0.0020142777200847	-0.4169353335932631	-0.0437773922269949	0.0005860864158160	-0.0019987648330110	-0.2949912901318810	-0.0239504110479608	0.0006164139065091	-0.0019895751979584	
-0.0192788804557649	-0.2583593020613510	-0.0001749850068716	-0.0020759346654005	0.0871585913472430	-0.2177019698416647	-0.0001559552968888	-0.0020774585340902	0.2006288185714616	-0.1927144650022161	-0.0001495465462653	-0.0020779320604039	
0.0696912726996421	0.2070731742039136	-0.0020226759209448	-0.0004780985642002	0.1757045972971578	0.2570117574147135	-0.0020254742983884	-0.0004660399905217	0.2835884654735367	0.3033042709891480	-0.0019729428661687	-0.0006544366880751	
-0.0603211992621659	0.1354005548606189	-0.0005768844735520	0.0020014534777257	0.0414636462967612	0.1791360418406928	-0.0006101025698495	0.0019915293570281	0.1478076218116143	0.2136302546999101	-0.0006761452656939	0.0019699788420255	
-0.0433558457087908	0.2980031597549813	0.0006363546812495	-0.0019832557147547	0.0561211211266081	0.3468781302685703	0.0005991106210116	-0.0019948802797545	0.1581006026496408	0.3895973849218039	0.0002758724715550	-0.0020648949497379	
-0.5510362703663236	-0.0583964373229356	0.0005539160462467	-0.0020079638340650	-0.4226615541710133	-0.0239123052340081	0.0005853779628750	-0.0019989734715323	-0.3006264705604131	-0.0052735420416100	0.0006125407397834	-0.0019907770452905	
0.2182185311085888	-0.2499995999239580	-0.0000037100526002	0.0020833300133150	0.3325071072842436	-0.2124998533795193	-0.0000103570007085	0.0020833074600995	0.4626390852252691	-0.1885090750522123	-0.0001870209779017	0.0020748797142886	
0.2183907061645433	-0.2395792513369003	-0.0000027775674080	0.0020833314724917	0.3327232453054447	-0.2020817591459954	0.0000178296518938	0.0020832566548128	0.4623939037895615	-0.1770834382926434	0.0000610697144877	0.0020824335756251	
-0.0362829891532198	0.0541912381315026	-0.0005818455613017	0.0020000096708225	0.0671999597904190	0.0967710069168856	-0.0006112098207014	0.0019911881153654	0.1764270400304649	0.1301358938685258	-0.0006697468406611	0.0019721742670322	
-0.5652469712657786	-0.0135375124661963	0.0010368897183454	-0.0018054791798026	-0.4367462714512115	0.0185557106033231	0.0009518484727786	-0.0018519520842814	-0.3150876916245841	0.0363275872615805	0.0008706011847410	-0.0018917021133429	
-0.0482601283211116	0.3079799532880283	0.0011814773920175	-0.0017138847048401	0.0511210599196350	0.3574430010879724	0.0011393534492151	-0.0017423124722159	0.1539374361321841	0.4011310640818001	0.0009841855686405	-0.0018348862047024	
-0.0419140819350321	-0.0469767412737452	0.0005742686292458	-0.0020022093636272	0.0631485337118068	-0.0063235120372256	0.0006122440938466	-0.0019908687526826	0.1745829903061229	0.0239650310292504	0.0006617057449729	-0.0019749003204700	
-0.0591239778873365	0.1312802284078905	-0.0005885019161392	0.0019980514095891	0.0427258269126291	0.1750384707244959	-0.0006208673294151	0.0019881830264371	0.1493366178002892	0.2092762439012225	-0.0006857935007572	0.0019666241504197	
0.2231821627956448	-0.3073404879546404	-0.0004028426314282	0.0020438158348759	0.3383082899778791	-0.2719836978520796	-0.0004480639150684	0.0020343331695358	0.4711978365149858	-0.2508592474076910	-0.0006033290796185	0.0019936021404823	
-0.5605206016327797	-0.0251623173275186	0.0006342932367073	-0.0019839192810054	-0.4323281873825479	0.0072644336205431	0.0006600512189631	-0.0019754566826793	-0.3107569532474064	0.0249731820923981	0.0006861355525187	-0.0019665042407730	
-0.0318109721271753	-0.0811049612835525	0.0006607431647732	-0.0019752241927690	0.0739747820455006	-0.0405429893387156	0.0007310423082267	-0.0019501742145089	0.1869719975888913	-0.0104521508935593	0.0009989552177532	-0.0018268471354000	
-0.0881853892676565	0.3364335264591181	-0.0002498116142464	-0.0020682261761993	0.0090275772577854	0.3843900571706153	0.0000042455012257	-0.0020833289858453	0.1073172881884591	0.4250901178294131	0.0006051985205174	-0.0019930325920911	
-0.0398328725781960	-0.0542686715556516	0.0005727724686764	-0.0020026400288052	0.0653640027814443	-0.0135723264406607	0.0006122173482720	-0.0019908770186232	0.1770075551932454	0.0167918918370715	0.0006696984479089	-0.0019721907827313	
0.0070342886681654	0.0092955229384445	0.0005983396213164	-0.0019951128254473	0.1114450990086129	0.0521750584496214	0.0006240121284378	-0.0019871933101648	0.2231404486609108	0.0853148796885296	0.0006658268675179	-0.0019735077811850	
-0.0179650882501133	-0.3427585385638536	0.0003677876091302	-0.0020504469923160	0.0897513554965712	-0.3020123032575014	0.0004011221247594	-0.0020441558938576	0.2065310940973882	-0.2781752179751424	0.0004471861373775	-0.0020345272692351	
0.2506109696111641	-0.4207457038935968	-0.0006699580203674	0.0019721021790730	0.3680039480686907	-0.3884609884191897	-0.0007266959488182	0.0019518060969766	0.5066180683252988	-0.3721436685205806	-0.0011336949680319	0.0017460180820749	
-0.0225017964800063	-0.3103929745051123	0.0001170005270412	-0.0020800288755871	0.0846437855053086	-0.2697494442824986	0.0001647003976675	-0.0020767801415032	0.2001210619917727	-0.2458912403310259	0.0002856153663514	-0.0020635632410332	
0.2951870512130599	0.2872646513891411	-0.0019478898133161	-0.0007259531425071	0.4188514380628447	0.3539442566267178	-0.0018347944786844	-0.0009782400546029	0.5507907724355043	0.4248449886811262	-0.0018241945334796	-0.0009979643557190	
0.0487599387970359	0.2001892177771003	-0.0019172598381658	-0.0008037350869633	0.1537989646946478	0.2499625942983968	-0.0019051611033718	-0.0008321466629057	0.2600136362824138	0.2953509083261658	-0.0018768490687454	-0.0008944722034686	
-0.1323075826155231	-0.3981166322042451	-0.0007919114750213	0.0019261397807694	-0.0210754875986578	-0.3543313860491630	-0.0007751957663458	0.0019329616921795	0.0963993763402188	-0.3282478867755627	-0.0007562891834874	0.0019404744283910	
0.2182713305695267	-0.2531207520641269	-0.0000703631977058	0.0020821388071752	0.3325750588951547	-0.2156198095407697	-0.0000837772232976	0.0020816397425232	0.4631511630307636	-0.1927574901318753	-0.0003042821692850	0.0020608800601606	
-0.0007269351994834	0.0344321836067042	0.0005559480003084	-0.0020073993813133	0.1033006561062221	0.0771756063216142	0.0005985628535079	-0.0019950455286775	0.2139166718078638	0.1114204627510464	0.0006921825698055	-0.0019643733071405	
-0.1117881389208265	0.3105433390632168	-0.0006187060850916	0.0019888600200786	-0.0134241698485068	0.3562763894338452	-0.0006546288720279	0.0019772691886833	0.0862602050517655	0.3947977204144123	-0.0006993298186051	0.0019618275191700	
-0.0070618082585788	-0.4051728161672185	0.0003805348418626	-0.0020481079251433	0.1018456251649483	-0.3645802034990209	0.0004171965220047	-0.0020409197650286	0.2206343817212124	-0.3415938087106313	0.0004694107389548	-0.0020294896468219	
-0.0425764069544587	0.0760491773853856	-0.0005753113468004	0.0020019085013175	0.0604911503988320	0.1188202041660268	-0.0006051050441510	0.0019930611165486	0.1686560483550514	0.1532369424711659	-0.0006588987073335	0.0019758433187623	
0.2724220417602149	0.2339521406740132	0.0019396017149169	0.0007479232436313	0.3938970453736810	0.2956465401866580	0.0019164572077680	0.0008056565970526	0.5217708392376605	0.3600460064894260	0.0019042289299169	0.0008342882344302	
-0.0710452332245517	0.1727975982238482	-0.0005851302194568	0.0019990463669783	0.0300724679215094	0.2166471992933808	-0.0006160713692870	0.0019896818222803	0.1349426866865590	0.2520356698145951	-0.0006763895176787	0.0019698945720169	
0.3747782235540966	0.1717357388998564	0.0011497272417035	-0.0017354502073256	0.5044996135820019	0.2341624144100935	0.0011879998251828	-0.0017093474352287	0.6512135354705482	0.2988519690683075	0.0005526732155662	-0.0020083079811397	
-0.0074290062738127	-0.4031514928925832	0.0003821481937510	-0.0020478060056675	0.1014192388269409	-0.3625774073131178	0.0004212641235346	-0.0020400798733248	0.2201570448108040	-0.3396100574699729	0.0004746800480124	-0.0020282575319223	
-0.1179197654069124	-0.4460348360639432	-0.0005027104513246	0.0020214585851388	-0.0062481955819631	-0.4010469989761125	-0.0004994692330598	0.0020222658965245	0.1116688813292844	-0.3759210580370976	-0.0001122916709317	0.0020802896991793	
-0.1604317646504319	0.3582381810832872	0.0004906941615129	-0.0020244237720780	-0.0635197323383550	0.4030891454491139	0.0005393905529126	-0.0020119341639266	0.0338137712429797	0.4383907810642712	0.0006387547722155	-0.0019824801462831	
-0.0505832944391194	-0.0176101752488437	0.0005998662363179	-0.0019946520573271	0.0540402019526551	0.0229193150759809	0.0006231009700532	-0.0019874806309017	0.1642985539709821	0.0542091128119457	0.0006793146663323	-0.0019688827125115	
-0.0225543305149578	-0.2937629386150853	-0.0000934710879606	-0.0020812249264956	0.0842603269245789	-0.2531274170832199	-0.0000602098032891	-0.0020824587411533	0.1987049714214344	-0.2291578505228674	0.0000563996717879	-0.0020825659486087	
0.1152789643989777	0.1753057319856892	0.0020110174379449	0.0005252051124906	0.2235104185343808	0.2266928464905537	0.0020118500254422	0.0005219906638564	0.3355979155045450	0.2760927620927840	0.0019179679989261	0.0008020352457286	
-0.1271990303807262	-0.4126938923019159	-0.0006354439337829	0.0019835491715988	-0.0158594154863915	-0.3688774925444933	-0.0006686249932532	0.0019725567938961	0.1014638019243363	-0.3418460767071486	-0.0007052863977546	0.0019596832962178	
0.2183198252162588	-0.2364521497565591	-0.0000913448702370	0.0020813198026453	0.3326801109495622	-0.1989512636747527	-0.0000740534314421	0.0020820101856719	0.4624897474992089	-0.1739594391477214	0.0000553431084814	0.0020825944359573	
-0.1039957996606949	0.1645570439309453	0.0005765789455374	-0.0020015419563847	-0.0031247937089282	0.2072892740108102	0.0006115389451467	-0.0019910865525047	0.1009045745813285	0.2406640174657066	0.0006566497116676	-0.0019765956325954	
-0.0221177464924159	-0.3156532988387036	0.0001925196140406	-0.0020743742249965	0.0852840656744568	-0.2760319634865576	0.0002492009166532	-0.0020683002169175	0.2010372268889651	-0.2519996619361888	0.0003549295766084	-0.0020527230965381	
-0.0033793766550340	-0.4260726455132636	0.0003495339506623	-0.0020536533693911	0.1058566816750393	-0.3854321566167419	0.0003826793191524	-0.0020477063226676	0.2253222659377866	-0.3625184958741118	0.0004537675754651	-0.0020330622108694	
-0.1532391225082486	0.3321461804405889	0.0005859383974299	-0.0019988084468986	-0.0554556387534736	0.3759212158630091	0.0006189251695102	-0.0019887915115265	0.0427512616968247	0.4115103891351981	0.0006724688229398	-0.0019712431514207	
