0.1599105197833015	0.0845261560292567	0.0016704370037258	0.0012393339968288	0.3035706096576831	0.0892783392680309	0.0017478085009954	0.0011270092972683	0.5071840803961565	0.1112195833693099	0.0017947757780741	0.0010502054328192	
0.2706181056794342	-0.0978355735125877	0.0006211674456290	-0.0019880888123358	0.4145262277732300	-0.1052190533985721	0.0005872312506627	-0.0019984271010124	0.6349307600091443	-0.1031138564178299	0.0005942097838738	-0.0019963528940063	
-0.2420819823074031	0.3331279263536209	-0.0020709159200617	-0.0001735360531514	-0.0946022787778666	0.3400031531642607	-0.0020692007954798	-0.0001930055080926	0.0809682738232084	0.3629935797598106	-0.0020572141832099	-0.0002948906244457	
0.0851271632490375	-0.2661192372012258	-0.0020651347353200	-0.0002326923730877	0.2119647742137378	-0.2698116450264749	-0.0020776813597660	-0.0000436711134056	0.3991491335001975	-0.2673253844021138	-0.0020747735824527	0.0001184990631099	
-0.5933824461401788	-0.1391881220930581	-0.0020183616093232	-0.0004960844814250	-0.4301191502434560	-0.1086888949715015	-0.0020421115689574	-0.0003862395054042	-0.2389587249889498	-0.0783503410474155	-0.0020538936607114	-0.0003173008775985	
0.0157422801608448	-0.3254347214559913	-0.0019515428785935	-0.0007160249782698	0.1392422062692303	-0.3250241723013260	-0.0019952598923619	-0.0005824822296702	0.3180146416157912	-0.3190313500136957	-0.0020345756838060	-0.0004243302978974	
0.0572421844638159	-0.2751599870753406	-0.0017697042692545	-0.0010921289928733	0.1829979620065626	-0.2763200691530855	-0.0018739527795824	-0.0009005544483560	0.3666589889896446	-0.2713751731914451	-0.0019743304912568	-0.0006502173653842	
0.2701372297632528	0.1209394142591924	0.0020701211432214	0.0001828180479818	0.4249887777576784	0.1239009848416666	0.0020772458155305	0.0000610399894286	0.6526352163900064	0.1505674484779247	0.0020738840689125	0.0001332320892761	
-0.6483989979270157	-0.1519953932585645	-0.0020343634961415	-0.0004253515048814	-0.4780805587389749	-0.1182766861496186	-0.0020378385137555	-0.0004082916674152	-0.2816754382508410	-0.0860493698130484	-0.0020466120583698	-0.0003615073676220	
-0.5322312038557825	-0.2511018872774545	-0.0005357779618294	0.0020129040387364	-0.3833004576424991	-0.2145598434398688	-0.0004430224074352	0.0020354425448389	-0.1970593364329853	-0.1853479672560991	-0.0004538569967628	0.0020330421505680	
-0.0332568010348701	0.3574376121832645	-0.0020618927853113	-0.0002599852670954	0.1122032352568886	0.3678786829910479	-0.0020514202783180	-0.0003329935309579	0.2982743689462759	0.4026745642960979	-0.0020348959097854	-0.0004227842561988	
0.0477562903684355	-0.3664544527415909	0.0020704415921340	-0.0001791339090031	0.1683045214433108	-0.3706634368411355	0.0020503272444757	-0.0003396917503852	0.3490659173568667	-0.3705979256343920	0.0020769796520918	-0.0000695493973404	
-0.5579647229747757	0.2987549224239149	-0.0020672540569488	-0.0002129413898376	-0.3875945668503999	0.3033900961174175	-0.0020673140167647	-0.0002123555661528	-0.1995008889143930	0.3145806531721428	-0.0020550063999008	-0.0003099755208977	
-0.0031103743733563	0.3614028660560447	-0.0020665800512642	-0.0002194178929493	0.1423096772100477	0.3721886125243682	-0.0020624355604368	-0.0002556218874944	0.3293182773852403	0.4087132212718800	-0.0020497660617529	-0.0003430785707291	
-0.6256648285759386	-0.3593449363903805	-0.0001846263974337	-0.0020750952324103	-0.4629094234821131	-0.3084595449235090	-0.0006105159209737	-0.0019914020462996	-0.2658240552758457	-0.2687449960710519	0.0010391664575118	-0.0018041631765336	
-0.0467557325895155	0.3561790616971212	-0.0020708476619529	-0.0001743527631099	0.0986958992155074	0.3661131498815667	-0.0020680529739211	-0.0002049969000981	0.2836539460224486	0.4001428681751775	-0.0020566437818550	-0.0002988624733216	
-0.0144240394299578	-0.3540344615808167	0.0017683234666022	-0.0010943744844796	0.1035817142380032	-0.3523792488696938	0.0016793662614147	-0.0012271461835926	0.2812470837947008	-0.3493594361274635	0.0018106823254850	-0.0010223961807780	
0.2774268165999388	0.1209352400640551	0.0020615922083213	-0.0002623699081154	0.4322723061764979	0.1233437405895739	0.0020341609694149	-0.0004263238355073	0.6629362471657048	0.1508699699902371	0.0020781113011910	0.0000105581164592	
-0.0592062141837775	0.3549490472887234	-0.0020641037893501	-0.0002417107238504	0.0862202595482637	0.3648488774863683	-0.0020627732457388	-0.0002528686480491	0.2701455496305326	0.3980021605596016	-0.0020468246230680	-0.0003602958515905	
-0.0540488571450328	0.3554745392885581	-0.0020669231020207	-0.0002161460420487	0.0914487120969918	0.3654488128569340	-0.0020663126261950	-0.0002219346389366	0.2753620319753505	0.3988869092050293	-0.0020511728227819	-0.0003345220223346	
0.0572871777752950	-0.3648248495677988	0.0018615762959541	0.0009259927005256	0.1796782886695147	-0.3686181562424709	0.0018018490980268	0.0010379614700130	0.3584913484745829	-0.3677290103176133	0.0017894395740506	0.0010593173771660	
0.1557567059358765	0.0813546758647616	0.0016698633364983	0.0012401107086109	0.2993061581946858	0.0863807267101506	0.0017287872966899	0.0011561185292115	0.5020245064221671	0.1080912172951818	0.0017571073003248	0.0011123827067093	
0.0668048491643027	-0.3130588452327802	-0.0020602279040913	0.0002729277148410	0.1902305062300359	-0.3175919648225862	-0.0020171523687928	0.0005010031435120	0.3741850790031331	-0.3175625694652599	-0.0018508984126349	0.0009472604223802	
0.1817065435331157	0.0973506280792721	0.0019197990836740	0.0007976202594692	0.3282787883312600	0.1013314516258627	0.0019634484852420	0.0006825306434480	0.5372746908184323	0.1246575741640838	0.0019771597262633	0.0006415192588309	
0.0881776159132621	-0.2842597643365332	0.0017111509721158	0.0011821935712576	0.2145581399863679	-0.2868496215153073	0.0016899132369902	0.0012125073800551	0.4006203580691234	-0.2839478492456631	0.0017926387592730	0.0010538672607179	
0.2005903690194822	0.1038727015505674	0.0019859257264206	0.0006137040268591	0.3480965717837872	0.1072356146956604	0.0019988038914235	0.0005701400935909	0.5611188449419942	0.1311066189408862	0.0020103171270688	0.0005278926908391	
0.0744255752594971	-0.3160002138206072	-0.0016310289773060	0.0012910090428594	0.1966125399975300	-0.3206150214721207	-0.0016013907761663	0.0013277752331888	0.3797181056144849	-0.3226252901573887	-0.0011077566622464	0.0017626711722220	
-0.5673077727503146	0.2976794848835554	-0.0020637616789098	-0.0002446289632339	-0.3959264450382071	0.3024921583626448	-0.0020616524057517	-0.0002618940956932	-0.2067589770972603	0.3134385466335080	-0.0020486894478716	-0.0003494816871248	
-0.6207531789010668	-0.3488425387909418	-0.0010899010189479	-0.0017738226239515	-0.4594928586219924	-0.2989339647354337	-0.0004635506030700	-0.0020308428982490	-0.2670062950595684	-0.2614638437589913	-0.0003066744444185	-0.0020605236540832	
0.1587559098734495	0.0836234160088071	0.0016578550277481	0.0012561985871120	0.3024169316696198	0.0884579472394766	0.0017419196624380	0.0011361352395565	0.5059857041986107	0.1104947725855240	0.0017801012705588	0.0010750133194116	
0.2183412931225309	-0.0139079492104318	-0.0020408858928262	-0.0003926963731792	0.3625216887929195	-0.0163422351022403	-0.0020443075938188	-0.0003743823606718	0.5767355475729459	-0.0032972463674578	-0.0020459014508305	-0.0003655274364944	
-0.6493918681586598	-0.1522030351740783	-0.0020369793658535	-0.0004125778510167	-0.4790716747885227	-0.1184832954302049	-0.0020381407554023	-0.0004067726485899	-0.2816754382508410	-0.0860493698130484	-0.0020466120583698	-0.0003615073676220	
-0.6152786957917021	-0.1443410528629003	-0.0020105829793216	-0.0005268741559253	-0.4499122303636965	-0.1125161746490181	-0.0020278641455393	-0.0004554754862712	-0.2556110670166318	-0.0812496482904215	-0.0020377227359764	-0.0004088719938523	
0.1943380712539843	0.1019113810315882	0.0019805246909437	0.0006310014426253	0.3418079845343049	0.1054978689117138	0.0020025611905390	0.0005567316546100	0.5528063093451689	0.1290130510319998	0.0020163626639333	0.0005041878445295	
-0.6312118058287225	-0.4487511812251156	-0.0009321368449060	-0.0018620013034807	-0.4706220851897318	-0.3916784444431791	-0.0010720916351642	-0.0017846969539924	-0.2753851369382161	-0.3437399915230876	-0.0018523858114884	-0.0009443338770630	
-0.0634062975169457	0.3544395330354393	-0.0020622358608565	-0.0002572360164158	0.0821157344189188	0.3642848833647183	-0.0020600016019652	-0.0002746390761287	0.2659505336034027	0.3972035184172512	-0.0020436017103680	-0.0003782356216449	
0.2327805565144345	0.1132495117274225	0.0020105644810339	0.0005269450947784	0.3834164647763072	0.1166665992750384	0.0020202599685591	0.0004882567730691	0.6026473254790654	0.1418033849193754	0.0020251755227968	0.0004673430932436	
0.1510284146811426	0.0779123177354177	0.0016738773732571	0.0012346600658129	0.2937391854852109	0.0825862630560948	0.0017229655928296	0.0011648200452077	0.4957619531086053	0.1040325523227771	0.0017509817228779	0.0011220480991695	
0.2556417260274388	-0.0012622472382620	-0.0020772992350630	-0.0000591847564717	0.4042011734809081	-0.0049926686480880	-0.0020666396110915	0.0002188533881148	0.6255035829923152	0.0071881862653975	-0.0020454077879082	0.0003682935592252	
0.0633377871856844	0.3690112841775126	-0.0020573626382319	-0.0002938479076462	0.2129270102462529	0.3816635088095690	-0.0020513172914581	-0.0003336305366720	0.4093913841165440	0.4229239857603921	-0.0020338546489431	-0.0004277900975425	
0.2005551642680398	-0.0167215681382042	-0.0020464095818546	-0.0003626575057636	0.3439144228670157	-0.0186651741142494	-0.0020703265522270	-0.0001804652201460	0.5537822995936785	-0.0059667366361736	-0.0020771191615923	-0.0000652279166968	
0.1828626277879256	-0.0227439653266526	-0.0019993516427959	-0.0005682066239280	0.3242057815422530	-0.0240528829551884	-0.0019299861729081	-0.0007725177258365	0.5308406961851393	-0.0110003445513675	-0.0019000156360378	-0.0008438871373782	
0.0052259231203812	0.3622640288927934	-0.0020658012949454	-0.0002266681286261	0.1517767575471226	0.3734929782616015	-0.0020603783890437	-0.0002717836344681	0.3439784099353795	0.4112303421513631	-0.0020465363742312	-0.0003619377213372	
0.0530347815949718	-0.3168900374921217	-0.0020313339760661	0.0004396620035436	0.1766313945084580	-0.3200238909792898	-0.0020499438687603	-0.0003420092092297	0.3575154846197333	-0.3164044140810331	-0.0019693734378605	-0.0006651538477225	
0.2591049569327878	-0.0685469408160369	0.0006880699139717	-0.0019658248678941	0.4033543986581538	-0.0749002798538940	0.0006308729901598	-0.0019850150016842	0.6230533387484565	-0.0689293396650985	0.0005814389884150	-0.0020001284986463	
0.2681000335486653	0.1207357501246905	0.0020637925434939	0.0002443671349346	0.4229332371222148	0.1237903590670007	0.0020733341999969	0.0001415720043293	0.6503742770091465	0.1503852670029235	0.0020706542427901	0.0001766463757657	
0.2351924979448287	-0.0108445807609197	-0.0019985644035180	-0.0005709832224073	0.3815302569448480	-0.0127225815839107	-0.0018926421197645	-0.0008603782454332	0.5981132332513355	0.0004252916047101	-0.0018967386817725	-0.0008512635183073	
0.2494041491552657	0.1174798408489985	0.0020300902342369	0.0004453979444534	0.4021165077198039	0.1208628643513281	0.0020444673953309	0.0003735043353305	0.6244906614394832	0.1467773328592321	0.0020425752382131	0.0003837675472051	
-0.6503892671083804	-0.1524059812618501	-0.0020395801493793	-0.0003994560761987	-0.4800648311006096	-0.1186838752779909	-0.0020380783986632	-0.0004070865262600	-0.2826772764267427	-0.0862204800082370	-0.0020466399148788	-0.0003613488374179	
-0.5294517250506593	-0.2613276421151845	-0.0005498297833472	0.0020090922163290	-0.3811290645463856	-0.2239115354465321	-0.0004820807355840	0.0020265025241699	-0.1949824666272522	-0.1947189483886266	-0.0004310164834661	0.0020380315335191	
0.2172053791259888	0.1090566324321269	0.0019927183468916	0.0005911614985765	0.3667770971135291	0.1126444868692205	0.0020107783917966	0.0005261241469188	0.5829361525949637	0.1373232653617081	0.0020135463596777	0.0005153752523043	
0.0135488347127760	0.3632587034123729	-0.0020644476587089	-0.0002387410404617	0.1611141912937036	0.3746382335057160	-0.0020612501741145	-0.0002650569398968	0.3512085736611175	0.4124846325425473	-0.0020472831112782	-0.0003576682867032	
0.0712030093565167	-0.2943912409219473	0.0016540667354191	0.0012612074488865	0.1966190200060968	-0.2961084864367978	0.0018552905229008	0.0009385855451940	0.3805505703077441	-0.2920614668023256	0.0019644259042465	0.0006796982273625	
-0.5305789261624952	-0.2571851708321468	-0.0005558447206628	0.0020074281248654	-0.3821283277010047	-0.2197384535170804	-0.0004743695095387	0.0020283305469338	-0.1958300621947607	-0.1907229151945720	-0.0004559267424263	0.0020325766746087	
0.2140757812545537	0.1081371739137036	0.0019832807809011	0.0006222407290110	0.3636335167241180	0.1118261932346299	0.0020032142348982	0.0005543654842288	0.5787948244799304	0.1361706997293530	0.0020011834528304	0.0005616884013768	
-0.6025753906877179	-0.4710551720542753	-0.0019651025156041	-0.0006777297442830	-0.4468771776543401	-0.4175213168970187	-0.0019694216121795	-0.0006650104829558	-0.2546410673739334	-0.3654769866195266	-0.0019446244269440	-0.0007346986867588	
0.0717083405154227	-0.2688501321983459	-0.0019936857284431	-0.0005878743383314	0.1984759624879051	-0.2713496331167611	-0.0020382844852885	-0.0004060482118200	0.3844477962228321	-0.2677993219871524	-0.0020658773226307	-0.0002259706750890	
0.2288523579258985	-0.0118821026402853	-0.0020547442138431	-0.0003117173995761	0.3748544004289549	-0.0142013155047724	-0.0020639644416848	-0.0002429036650060	0.5901714031559482	-0.0010084508990510	-0.0020665846171763	-0.0002193746694665	
0.0507535522148138	-0.2800411324837355	-0.0015292495108769	-0.0014106615733947	0.1765407802638006	-0.2800667432033351	-0.0017101585458372	-0.0011836359387937	0.3583872906384513	-0.2748281441404962	-0.0018400534111647	-0.0009682618849417	
-0.6358525087801293	-0.1491693469688374	-0.0020252432981968	-0.0004670478281044	-0.4677028753166954	-0.1161960989580333	-0.0020382487540710	-0.0004062284320748	-0.2712426850902229	-0.0841903765500362	-0.0020459567114979	-0.0003652164509028	
-0.0073043038240662	-0.3332743500374177	-0.0019792021146407	-0.0006351583104788	0.1154167999865967	-0.3314611380206082	-0.0020244243097948	-0.0004706027076240	0.2930333320625664	-0.3240216373213174	-0.0020504832579706	-0.0003387440045140	
0.2037867963702293	-0.0161090730203956	-0.0020579702064766	-0.0002895405496991	0.3469571481115445	-0.0183242602218944	-0.0020711504415543	-0.0001707000148468	0.5578904597563654	-0.0057543881601679	-0.0020744030538036	-0.0001248483613217	
0.0590918113828872	-0.3150563385702593	-0.0017797514773168	-0.0010755952227444	0.1828882150580452	-0.3176809072353783	-0.0019662352802802	-0.0006744197739277	0.3659281139072055	-0.3153194955852605	-0.0020656246901362	0.0002282799223355	
-0.5849290859919141	0.2954768475388632	-0.0020598199527536	-0.0002760049473530	-0.4115328603158696	0.3003437562965507	-0.0020556323962351	-0.0003057755654574	-0.2213963859713489	0.3107238061593218	-0.0020363987450580	-0.0004154484461523	
0.1944300244248547	-0.0181298665617990	-0.0019765507718781	-0.0006434023950771	0.3366321807234633	-0.0196805415306515	-0.0020346607562936	-0.0004239201441112	0.5455345275930030	-0.0064060692105539	-0.0020677311532889	-0.0002082339379978	
-0.1598750824086526	-0.4609000892215123	-0.0017090103788346	-0.0011853014240946	-0.0394116400122775	-0.4441086265954239	-0.0017904731338330	-0.0010575607445307	0.1278062435193443	-0.4250096469045556	-0.0018748974092370	-0.0008985762688200	
0.1931698101421426	0.1015322908393393	0.0019781032966257	0.0006385892316792	0.3408176442756754	0.1051893582726472	0.0020019957450637	0.0005587717152735	0.5517970587219718	0.1287992284561081	0.0020161697835364	0.0005049624469934	
0.0883152683509283	0.3719865019785049	-0.0020729636955076	-0.0001469236029551	0.2389706516913767	0.3847535220736721	-0.0020711948474890	-0.0001701576606587	0.4395171180991628	0.4282379478862191	-0.0020608464695441	-0.0002681932541832	
0.2296398743684720	0.1124435040725637	0.0020118018559061	0.0005221772121573	0.3802727975766493	0.1159241641973545	0.0020226165812669	0.0004783507971945	0.5994959439973815	0.1411315584424788	0.0020282666484499	0.0004536707406450	
0.1533653413435659	0.0795004191328494	0.0016891168789560	0.0012136220729189	0.2962318377324823	0.0842645581378165	0.0017185311016480	0.0011713852595442	0.4988869749401015	0.1060735136606221	0.0017522616271288	0.0011200382465300	
-0.5531030487791215	-0.1594459001866037	-0.0003536505391069	0.0020529449453818	-0.3993831548704397	-0.1261500051462562	-0.0002663830386954	0.0020661468029540	-0.2112743570787627	-0.1021478577016939	-0.0002143131174852	0.0020722253081716	
0.2632512689180636	-0.0779489068028159	0.0008738666593183	-0.0018901883112669	0.4072502221527039	-0.0844051511269140	0.0008385254867019	-0.0019062090038709	0.6273565555402474	-0.0803096898286691	0.0007766160573121	-0.0019323886372110	
-0.6302745349487749	-0.4459272539983514	-0.0005268343300989	-0.0020152751324906	-0.4689906080252521	-0.3895638013983082	-0.0014871178021830	-0.0014552274741168	-0.2753851369382161	-0.3437399915230876	-0.0018523858114884	-0.0009443338770630	
0.2170160231081980	-0.0141710946454458	-0.0020442324182515	-0.0003747946758019	0.3615468051168547	-0.0165208115192212	-0.0020463835028955	-0.0003628053701593	0.5747437103186903	-0.0036033991054393	-0.0020485281397422	-0.0003504306962060	
0.2433021314246718	-0.0054154059737390	-0.0016550850723773	-0.0012598640908134	0.3895741874049274	-0.0071697983554033	-0.0017872926312481	-0.0010629538034279	0.6079182797905212	0.0071726673895588	-0.0018720096171718	-0.0009046069689845	
-0.0183832876293836	-0.3388004471790060	-0.0014110062940900	-0.0015295005324089	0.1041584281371611	-0.3347335556662304	-0.0018893071837346	-0.0008677133315984	0.2795705688409416	-0.3261792669288949	-0.0020306725772367	-0.0004427219596567	
0.2317396647097669	-0.0114957518599821	-0.0020579563478945	-0.0002896395283575	0.3773784430141294	-0.0138106919859050	-0.0020582333769626	-0.0002876543820905	0.5940695138528531	-0.0006832455498683	-0.0020645058042881	-0.0002382351823459	
0.0560749156297821	0.3679520791195529	-0.0020594739820114	-0.0002785875460719	0.2046776863451212	0.3803148181897524	-0.0020543031410691	-0.0003146254906797	0.4009848902750370	0.4212747479557439	-0.0020413545373404	-0.0003902406236795	
-0.5059670614039079	-0.4813815758641383	0.0019797608987520	0.0006334057142834	-0.3617308949605403	-0.4351259855154481	0.0019631772951726	0.0006833141825899	-0.1788572725035074	-0.3882669183163314	0.0019300753888822	0.0007722936834724	
0.2649598214069219	-0.0009805351699909	-0.0020449799497390	-0.0003706736176547	0.4145949575206791	-0.0042629715365041	-0.0020099374609570	-0.0005293436395963	0.6380393065733301	0.0089444771514960	-0.0020270603473020	-0.0004590572696629	
0.0716320767118477	0.3701581410243175	-0.0020572862268133	-0.0002943850760155	0.2213861708597568	0.3829487224924327	-0.0020561328564307	-0.0003023749656520	0.4197506110160085	0.4251428206455440	-0.0020362895105806	-0.0004159861975525	
-0.0001082024599011	-0.3309934508440228	-0.0019776005377545	-0.0006401522695946	0.1227736001288180	-0.3296872393172534	-0.0020120154814961	-0.0005213493523729	0.3002455180352237	-0.3227084256616088	-0.0020390879679003	-0.0004019734462492	
0.2462495701648529	0.1167518776227662	0.0020209188368814	0.0004855087456302	0.3979361005865656	0.1200705530152624	0.0020356609468842	0.0004190665939719	0.6203138854727277	0.1459341225969403	0.0020322225920937	0.0004355153942037	
0.0882548769931192	-0.2659021056550292	-0.0020745782141944	-0.0001218882189398	0.2150707839738282	-0.2698391150691159	-0.0020770045082335	0.0000687993440815	0.4031997481367946	-0.2676236231240527	-0.0020649482553794	0.0002343496827942	
0.0082925920450031	0.3626466719267878	-0.0020652834677611	-0.0002313619195886	0.1548378245375240	0.3738561399280015	-0.0020602473550578	-0.0002727801111981	0.3459901959017975	0.4115531458888567	-0.0020463765140847	-0.0003628449852733	
-0.6214176656249357	-0.2781367000973735	0.0004726920837422	-0.0020287240783874	-0.4623872900076654	-0.2343752704526038	0.0004109234145309	-0.0020421984182596	-0.2673172165495074	-0.2010712587335667	0.0003805529965896	-0.0020481045350567	
0.0239232495423088	0.3644067478906461	-0.0020658814389185	-0.0002259328514146	0.1714591609141560	0.3759532749284248	-0.0020639191509966	-0.0002432901171525	0.3636612627207769	0.4146494636874144	-0.0020498900822970	-0.0003423330523371	
0.2427854862964961	-0.0058084746988136	-0.0016339576112267	-0.0012872818373443	0.3895741874049274	-0.0071697983554033	-0.0017872926312481	-0.0010629538034279	0.6066626752829292	0.0065032000773812	-0.0017984995509061	-0.0010437834659264	
0.0114054099875269	-0.3270157598592704	-0.0019550768536661	-0.0007062696064419	0.1341633394190667	-0.3264765520294864	-0.0019960706493440	-0.0005796838349969	0.3128209018622516	-0.3200906134002399	-0.0020336169407742	-0.0004289243280328	
0.2192058336980721	0.1096860137372185	0.0019995826354234	0.0005673891246265	0.3689025768843102	0.1131768566581737	0.0020161666359184	0.0005049750772751	0.5849666733550341	0.1377839432852517	0.0020185177774134	0.0004954454812264	
-0.6338939908436592	-0.1487378410776338	-0.0020255384545462	-0.0004657596743389	-0.4654649027390611	-0.1157668860560793	-0.0020385646707125	-0.0004046321268822	-0.2702471179546775	-0.0840216562211776	-0.0020459469121062	-0.0003652716180018	
0.0843797418366508	-0.2866616188770408	0.0017889807678455	0.0010600959042898	0.2107338319608805	-0.2893750814923750	0.0018273581582598	0.0009921304751846	0.3965639549722126	-0.2860312120412470	0.0018873726674488	0.0008719340860514	
0.2692627098799492	-0.0937184957960529	0.0006398810080057	-0.0019821151015522	0.4132849350964045	-0.1010978055072033	0.0006041384429294	-0.0019933557941612	0.6336936938472604	-0.0989874252631782	0.0005996814106836	-0.0019947079101652	
0.1900616295348754	0.1004064233106475	0.0019641708903547	0.0006804384928359	0.3366838937983621	0.1040196111945900	0.0019934672616551	0.0005886184323671	0.5476655720467758	0.1276278003853045	0.0020072877268196	0.0005393538327676	
-0.5536687522427073	-0.1562062012608481	-0.0003482645776761	0.0020538700938916	-0.3997441284482757	-0.1238541854255309	-0.0003321887979931	0.0020565446612205	-0.2116036308839019	-0.0988795151268175	-0.0001806228319424	0.0020754493112138	
0.0312203047167103	0.3652287727151062	-0.0020679541787815	-0.0002059960972803	0.1787619731388147	0.3767583075315243	-0.0020641252294306	-0.0002415266473105	0.3719240586389716	0.4159736806645488	-0.0020500864958286	-0.0003411489357387	
-0.5840693707553616	-0.1370240793497938	-0.0020298916680115	-0.0004463065539738	-0.4218695452052191	-0.1072278285114689	-0.0020562090125518	-0.0003018540574351	-0.2306673404087218	-0.0773035946361971	-0.0020723391889960	-0.0001555257977711	
0.2681079234825500	-0.0002468033175477	-0.0019964930135842	-0.0005782201918981	0.4177496144912300	-0.0034024330668608	-0.0020155349993740	-0.0005075028546957	0.6420792014556023	0.0096880847965962	-0.0020402626629646	-0.0003959377078815	
0.0830714214079642	-0.2874459107006253	0.0018091595189311	0.0010251018804981	0.2093077023452879	-0.2900680146557528	0.0018427736325262	0.0009630487110727	0.3944667914102395	-0.2870000708841372	0.0019120648623859	0.0008160777718250	
0.2586330368837075	-0.0667146657805142	0.0005574214865834	-0.0020069886717449	0.4028342033994201	-0.0730715903032405	0.0005184458995084	-0.0020174602886782	0.6224622607239270	-0.0666398904109296	0.0004723743275930	-0.0020287984597472	
-0.2234212286582770	0.3346099271131798	-0.0020689249010571	-0.0001959554222742	-0.0769106233378709	0.3418613392519160	-0.0020602076702236	-0.0002730811733895	0.0987140755198231	0.3656084551047267	-0.0020473087858725	-0.0003575205588992	
-0.0363619239497581	0.3571143601977017	-0.0020659822185228	-0.0002250048024446	0.1091215020443639	0.3674457243517510	-0.0020545331417152	-0.0003131124930507	0.2951061097888686	0.4019872087356911	-0.0020403125538613	-0.0003956792460769	
0.1838582743113125	0.0981366077876147	0.0019300137510174	0.0007724484787409	0.3304299869263809	0.1020551370818429	0.0019706256591885	0.0006614160495847	0.5402141432078185	0.1254846405219722	0.0019852524633897	0.0006158893285284	
0.0770207002063664	-0.2907583109206935	0.0018239169606069	0.0009984741065673	0.2029697508202468	-0.2931461261547534	0.0018935939020187	0.0008582709432777	0.3876155982793192	-0.2896503497041871	0.0019556433307709	0.0007046916581193	
-0.1609984861031714	-0.4616546794613620	-0.0017133807505918	-0.0011789433681636	-0.0405275844297184	-0.4447718148501594	-0.0017913607972933	-0.0010560489326181	0.1267378699231942	-0.4255935321047644	-0.0018801535429966	-0.0008874702542624	
-0.6100566060275006	-0.4736139304578380	-0.0019687592626775	-0.0006669786002158	-0.4531615255135142	-0.4193889470201667	-0.0020043363019995	-0.0005502743294775	-0.2596750885875690	-0.3669476064301714	-0.0020206460601272	-0.0004866484420532	
-0.1768781214502625	-0.4735623320227841	-0.0015445315890313	-0.0013938282352045	-0.0560717846559740	-0.4542552808086658	-0.0016989394945919	-0.0011997634577244	0.1111085223566326	-0.4330971079518486	-0.0018051346222599	-0.0010322082408992	
0.2709686224115789	-0.0989975727385782	0.0006216608871675	-0.0019879337998187	0.4150775727593390	-0.1072166895856454	0.0005801006679510	-0.0020005190090739	0.6355691270823747	-0.1052696939016513	0.0005914978002512	-0.0019971621354191	
0.0436672347744635	0.3664139622784978	-0.0020657407850317	-0.0002272216788704	0.1921834864315828	0.3784704058577224	-0.0020583394363792	-0.0002868906699243	0.3865699798132332	0.4185345709180778	-0.0020446583611371	-0.0003724522734757	
0.2088250901784352	0.1064206337705160	0.0019770940975910	0.0006417225031609	0.3574873017974110	0.1100491884277730	0.0019909777245706	0.0005970265836550	0.5715357457555779	0.1340391279888352	0.0019912812410302	0.0005960083971628	
0.0542053472453446	-0.3660177453103015	0.0020034554673882	0.0005534886741930	0.1758270160055140	-0.3703018436444952	0.0019819720008863	0.0006264177113458	0.3555698729917269	-0.3691839161614883	0.0019125470812368	0.0008149413455357	
0.2223487498977651	0.1105259063621598	0.0020062826466865	0.0005430991730591	0.3719486088634256	0.1139629269542338	0.0020213948581307	0.0004835130626010	0.5891263550658077	0.1388098489559499	0.0020271687202506	0.0004585760661897	
0.2354031442437253	-0.0109443110964445	-0.0019876272406643	-0.0006081428516968	0.3815302569448480	-0.0127225815839107	-0.0018926421197645	-0.0008603782454332	0.5981132332513355	0.0004252916047101	-0.0018967386817725	-0.0008512635183073	
-0.2306452911268214	0.3340647032790207	-0.0020720496008913	-0.0001593563547411	-0.0841989413002587	0.3409361369920425	-0.0020664577882018	-0.0002205721182676	0.0924754557256946	0.3645939896121342	-0.0020546682729144	-0.0003122200700026	
-0.2254839559645348	0.3344399079804158	-0.0020701473896569	-0.0001825191150566	-0.0789581154793670	0.3415613200475795	-0.0020620606877172	-0.0002586434823468	0.0976987758074943	0.3654542682621048	-0.0020484942853733	-0.0003506295328823	
0.0301725640424435	-0.3198759846535750	-0.0019043283780932	-0.0008340600745105	0.1540044496119672	-0.3202958426342755	-0.0019286381312170	-0.0007758938481558	0.3337271285953900	-0.3150215778026915	-0.0019288801019482	-0.0007752890971968	
-0.6442114197970269	-0.1510871635471665	-0.0020276832711439	-0.0004562840514296	-0.4748680696747770	-0.1176511126690687	-0.0020376306921569	-0.0004093327452721	-0.2784587462967340	-0.0854695948125889	-0.0020461815474720	-0.0003639483343398	
-0.5560588682995511	-0.1469841342676331	-0.0007762547315701	0.0019325345395051	-0.4021178718783535	-0.1156234336162880	-0.0008876071018483	0.0018837428844325	-0.2125019526065873	-0.0914399540858490	-0.0004030964262650	0.0020437655442158	
-0.0820725864393700	0.3518794651640031	-0.0020603084621077	-0.0002723158708311	0.0633786736420834	0.3615058824354674	-0.0020529652658502	-0.0003232827267446	0.2451689293699834	0.3930666974053795	-0.0020363064607770	-0.0004159028007416	
0.1819509538160857	0.0974858585445971	0.0019216334784796	0.0007931683912108	0.3282787883312600	0.1013314516258627	0.0019634484852420	0.0006825306434480	0.5372746908184323	0.1246575741640838	0.0019771597262633	0.0006415192588309	
-0.6241079892207636	-0.3542971042961100	-0.0009527028639852	-0.0018515105034079	-0.4612036465079112	-0.3041984250259771	-0.0007800664659549	-0.0019309913943013	-0.2670708334266109	-0.2656221379904315	0.0003822812587970	-0.0020477810451261	
0.0415367023932367	-0.3660621174370940	0.0020779481407151	-0.0000281597801979	0.1620880646871469	-0.3698412486185214	0.0020740774386856	-0.0001301717472114	0.3429041208972536	-0.3693004916385589	0.0020191724110902	-0.0004927573280365	
-0.6380745152148954	-0.1496781113130746	-0.0020252355289062	-0.0004670816851767	-0.4696739359435007	-0.1166077980300439	-0.0020379433735651	-0.0004077653251176	-0.2732369399673114	-0.0845352249077455	-0.0020459230461527	-0.0003654059389064	
0.1983357115499812	-0.0172561421554897	-0.0020279999421682	-0.0004548674407098	0.3408784664901243	-0.0190572618289835	-0.0020639390463800	-0.0002431204323842	0.5506798617291850	-0.0060480454463551	-0.0020773646009054	-0.0000568322332361	
0.0823938949234577	-0.2878063092274771	0.0018128143867017	0.0010185920467939	0.2086929143736286	-0.2904421430723876	0.0018545247845154	0.0009401052042858	0.3936651136106069	-0.2873106766892339	0.0019158356079810	0.0008071410226365	
0.2609065077748397	-0.0728629706013443	0.0008730122010454	-0.0018905850839485	0.4049988107862403	-0.0792881862553395	0.0008238896945299	-0.0019126121759043	0.6247121802699553	-0.0738462911082513	0.0007705329001059	-0.0019348344921790	
-0.5296986482109353	-0.2603538044007926	-0.0005536367973192	0.0020080412321973	-0.3813638898334850	-0.2229223484402745	-0.0004820290894289	0.0020265148709809	-0.1951823236465359	-0.1937172401299287	-0.0004388392932458	0.0020363530512242	
-0.1786448364941804	-0.4751122851632564	-0.0015019635930043	-0.0014398227566449	-0.0583399994375028	-0.4559372577742618	-0.0016628155152475	-0.0012495920461773	0.1090725818441807	-0.4342924323123195	-0.0017731052319239	-0.0010865709613716	
-0.6006988848858869	0.2931515084991826	-0.0020523175147223	-0.0003273900358759	-0.4260360818319788	0.2979830518637167	-0.0020485459211530	-0.0003503262142238	-0.2336699046943089	0.3079714006341538	-0.0020229302432569	-0.0004770159308730	
-0.5922083159132643	0.2945169916067718	-0.0020573980371157	-0.0002935987154140	-0.4187925392496915	0.2991685134401019	-0.0020517560328380	-0.0003309080457719	-0.2265778985896465	0.3095884856604732	-0.0020298669832089	-0.0004464193725172	
0.2834963245137934	0.0045345012296990	-0.0019527676614128	-0.0007126611379094	0.4352526301958100	0.0013143081177290	-0.0019646150180960	-0.0006791486762128	0.6629472092545430	0.0132489666084697	-0.0020751276640742	-0.0001120949061864	
0.1933561526105917	0.1016132045262910	0.0019787222610081	0.0006366591016797	0.3408176442756754	0.1051893582726472	0.0020019957450637	0.0005587717152735	0.5517970587219718	0.1287992284561081	0.0020161697835364	0.0005049624469934	
-0.1694383559013073	-0.4675316051531100	-0.0016816537680099	-0.0012239938360107	-0.0486932105383653	-0.4494609088205613	-0.0017786248121536	-0.0010774665898967	0.1184769374227577	-0.4293092838640289	-0.0018794291556565	-0.0008890109562335	
0.0685845855078140	0.3697579907889323	-0.0020563411547576	-0.0003009480186609	0.2181722138513974	0.3824648833313196	-0.0020525269891499	-0.0003260675864968	0.4155628500189181	0.4242171211018888	-0.0020318759864779	-0.0004371376785179	
0.0856436874917943	-0.2858030030424143	0.0017604549901778	0.0011070504173083	0.2120388855271149	-0.2886080486214725	0.0018019780617060	0.0010377364423123	0.3979002476166451	-0.2853492262012032	0.0018608879485440	0.0009273821530559	
0.2015837507831533	0.1041412351493192	0.0019842438251293	0.0006191473934203	0.3490896545884512	0.1075380026932339	0.0019976327859792	0.0005742502987079	0.5621210534678398	0.1313499397447176	0.0020081149319381	0.0005362502836558	
0.1491290701638650	0.0762734866159903	0.0016167019743748	0.0013089948593015	0.2912846796096387	0.0810076417577016	0.0017196358702628	0.0011697546886762	0.4932173554609747	0.1023808609713461	0.0017631054231485	0.0011028032066497	
0.0218248716031747	-0.3642503705262582	0.0020637593551026	-0.0002446486648926	0.1423741475146361	-0.3663822727614289	0.0020423348317397	-0.0003850512763822	0.3211400013821812	-0.3641609404180328	0.0020210061829939	-0.0004851432038142	
0.2504163843947435	0.1177022671537791	0.0020328412159387	0.0004326041189601	0.4031354670751046	0.1210395573167860	0.0020463750889878	0.0003628530626923	0.6265263884475478	0.1471695399745930	0.0020471629405491	0.0003583588970832	
-0.6618972513220106	-0.2888315976492828	-0.0020702491252101	0.0001813557086801	-0.6639648584213843	0.1630203350370341	0.0020781379683111	-0.0000002894062317	-0.6639650812683232	-0.4843219296562118	0.0020781379883238	-0.0000000127007094	
-0.5808750743370886	0.2960470807349557	-0.0020611146170324	-0.0002661142512180	-0.4083167189228075	0.3008073251983998	-0.0020567794285847	-0.0002979228292764	-0.2181836830588733	0.3113627108896818	-0.0020393161229186	-0.0004008085387960	
-0.6226772024110868	-0.3519929263561163	-0.0010634686273420	-0.0017898743979106	-0.4603856352239732	-0.3020691992105235	-0.0006827503201949	-0.0019676880150643	-0.2671780054252501	-0.2645668712908727	0.0001298135931196	-0.0020792647367885	
-0.0394740399857919	0.3568420474957686	-0.0020690950597166	-0.0001941413984407	0.1059685753837035	0.3670115277499121	-0.0020594501147163	-0.0002787648122622	0.2919481911841285	0.4013858068679341	-0.0020471910704372	-0.0003581973601385	
-0.0041614266318158	-0.3322806424447568	-0.0019834868386037	-0.0006215802842705	0.1186154990205051	-0.3306792965018479	-0.0020210101061647	-0.0004851267785852	0.2960338699080308	-0.3235316741172258	-0.0020453347148075	-0.0003687011872643	
-0.0039640040241140	-0.3590905111684830	0.0018820687895711	-0.0008833808894319	0.1150062283607453	-0.3587712981601403	0.0018225922171073	-0.0010009023001539	0.2916707471473899	-0.3555983250854060	0.0017433513039088	-0.0011339262077542	
-0.0426076679751539	0.3565444609038639	-0.0020709762047802	-0.0001728115126891	0.1028707809785000	0.3665891227219674	-0.0020646331612197	-0.0002371233750173	0.2888706558685152	0.4009246457420285	-0.0020521816629637	-0.0003282447722729	
0.2393297447984113	-0.0087090935659792	-0.0016674719053532	-0.0012433404730680	0.3853402885866364	-0.0102339841856250	-0.0016342715106707	-0.0012868813067116	0.6024469568369226	0.0033765486915502	-0.0016061837318496	-0.0013219441525661	
0.0030258966013968	-0.3299776295308977	-0.0019692802890200	-0.0006654309572496	0.1256497339704077	-0.3289100993618494	-0.0020059476322591	-0.0005443414332779	0.3044447102560111	-0.3218629360216663	-0.0020351412333045	-0.0004215958406283	
-0.0064092307726664	-0.3329901893563774	-0.0019818732925082	-0.0006267314996046	0.1163721118446986	-0.3312402285675546	-0.0020240933134123	-0.0004720314202565	0.2930333320625664	-0.3240216373213174	-0.0020504832579706	-0.0003387440045140	
-0.6576841685334500	-0.1535281230324541	-0.0020659238401688	-0.0002255428619466	-0.4862596164845073	-0.1199064766366774	-0.0020386246262856	-0.0004043284359346	-0.2878996660132051	-0.0871175646996634	-0.0020469355879417	-0.0003596617340385	
0.2410823208224541	0.1154537514765244	0.0020110239376780	0.0005251800996958	0.3927537143043069	0.1189053911954259	0.0020239543995025	0.0004726296721637	0.6131003081649680	0.1442811459478905	0.0020213834074722	0.0004835611708264	
0.0457181055482900	0.3666754474738718	-0.0020645905403633	-0.0002374960359359	0.1943586817435825	0.3787764388280789	-0.0020576576446659	-0.0002917645591804	0.3885773666050041	0.4189503894963054	-0.0020442487325477	-0.0003747052366819	
-0.6120900473981498	-0.1434881039757226	-0.0020139154296889	-0.0005139239184479	-0.4467147551499203	-0.1117911013396425	-0.0020324910869749	-0.0004342543496350	-0.2536351645539800	-0.0808448351886470	-0.0020392102812724	-0.0004013493787320	
0.2699568149509253	-0.0958732403767164	0.0006244200062697	-0.0019870645422204	0.4139034994962973	-0.1030582305661991	0.0005940720225367	-0.0019963940984228	0.6343912522774742	-0.1011374143650491	0.0005970647880640	-0.0019954966190867	
0.1932244907974900	-0.0186077124522306	-0.0019579159319708	-0.0006983207344494	0.3356357876455139	-0.0198592599509500	-0.0020236106392931	-0.0004741067015661	0.5435151022846594	-0.0067293437323554	-0.0020513832977877	-0.0003332224108302	
0.0677828455337350	-0.3131765446012140	-0.0020372420854989	0.0004112721076787	0.1911234232550865	-0.3177975734265484	-0.0019915343269525	0.0005951579358998	0.3749109158487272	-0.3179291309243158	-0.0017966509888285	0.0010469780578042	
-0.5267355345993785	-0.2718579277293160	-0.0004658730259344	0.0020303087343105	-0.3787730739633581	-0.2342716491589907	-0.0004204763170812	0.0020402432055722	-0.1932123835657493	-0.2041572672103334	-0.0003225443895527	0.0020580869927949	
0.2644641931779699	-0.0804249851641501	0.0008253114846225	-0.0019119960195502	0.4085163180333187	-0.0874317720936468	0.0007962009589741	-0.0019243617562120	0.6285568909552361	-0.0833637451288166	0.0007388502238965	-0.0019472147324541	
0.2526090713052240	-0.0014908395217408	-0.0020585792073104	-0.0002851564435816	0.4010510595995356	-0.0047498783128090	-0.0020744110581235	0.0001247146288113	0.6213389135330993	0.0080638863405137	-0.0020299082161258	0.0004462309063221	
-0.1743373936749338	-0.4712604371441285	-0.0015972469846155	-0.0013327820201662	-0.0540988436726269	-0.4529451542383324	-0.0017291389700408	-0.0011555898516193	0.1131802143827764	-0.4319828593568121	-0.0018335696259304	-0.0009805454117059	
-0.5642281671442918	0.2980694787452233	-0.0020645613077913	-0.0002377512925245	-0.3937711703231875	0.3027617405121362	-0.0020628508447367	-0.0002522316517585	-0.2047258957152794	0.3137458596399634	-0.0020506259430568	-0.0003378748347852	
0.0915801240972777	-0.2813295410987727	0.0014227450742248	0.0015185323712531	0.2180739423159169	-0.2832729251836845	0.0003265464114231	0.0020574526458018	0.4029217900549127	-0.2821260500506632	0.0014218587627921	0.0015193664433664	
0.0580977661799078	-0.3644368419984151	0.0018189674839176	0.0010075074082475	0.1808925353208033	-0.3678490960776646	0.0017428892787498	0.0011346397839018	0.3592531308127107	-0.3672981768820000	0.0017568140267502	0.0011128481413008	
-0.1173303452483651	0.3475086688301853	-0.0020539156241299	-0.0003171579633543	0.0279740827363901	0.3566172097532019	-0.0020470409832074	-0.0003590583755568	0.2078942482578097	0.3861612742510105	-0.0020272358407645	-0.0004582777677292	
-0.6109867799705655	-0.4739187692529495	-0.0019688529005056	-0.0006667007558442	-0.4541202110079543	-0.4196402041277978	-0.0020056132828205	-0.0005455782013806	-0.2609393008378143	-0.3672645461506219	-0.0020282011525627	-0.0004539649247963	
-0.5319787827711528	-0.2520768039346107	-0.0005407451155468	0.0020115687022464	-0.3830783785819309	-0.2155562010744865	-0.0004501641994938	0.0020338671209522	-0.1967989637963630	-0.1865389057912955	-0.0004575892986988	0.0020322011620378	
0.0831581418150062	-0.2664184577526608	-0.0020592419653433	-0.0002803059321589	0.2098744371107134	-0.2698740472265876	-0.0020750000333062	-0.0001144447626969	0.3970776097926030	-0.2672473475668296	-0.0020774612100404	0.0000531648297973	
-0.5037412629395038	-0.4806335323222067	0.0019651609184359	0.0006775595314392	-0.3595610524539591	-0.4342931217185355	0.0019214538285750	0.0007936056725165	-0.1775843916272176	-0.3876706672638450	0.0018781271146841	0.0008917720928368	
-0.6242236779919443	-0.3635271511193751	0.0017429138336960	-0.0011346018759906	-0.4626444855180327	-0.3124745020067474	0.0011689289857980	-0.0017225104612458	-0.2640867353124887	-0.2719061537685236	0.0008842337441621	-0.0018853366357784	
0.1515416559186856	0.0782292423200406	0.0016878837661184	0.0012153450562966	0.2943759743433585	0.0830260565981790	0.0017193725322217	0.0011701436609171	0.4964495306022252	0.1044217830865569	0.0017576525877694	0.0011115165932174	
0.0603008080797525	0.3685353245742757	-0.0020583203415235	-0.0002870283209726	0.2099145989090609	0.3811331326681321	-0.0020522417855805	-0.0003278667815751	0.4061941603294854	0.4222203273603440	-0.0020360153523224	-0.0004173326752366	
0.0730792965986558	-0.2930296745131341	0.0017529704764560	0.0011189229434307	0.1987135488637978	-0.2950993792622490	0.0018815370267109	0.0008845186040125	0.3831471117205987	-0.2912284248665462	0.0019681402263805	0.0006688121840079	
-0.2223891566953733	0.3346924260112027	-0.0020682550804045	-0.0002029373530834	-0.0769106233378709	0.3418613392519160	-0.0020602076702236	-0.0002730811733895	0.0987140755198231	0.3656084551047267	-0.0020473087858725	-0.0003575205588992	
-0.2265156233508166	0.3343595627272582	-0.0020706652923218	-0.0001765161560460	-0.0799824175187240	0.3414268424345323	-0.0020630096584114	-0.0002509228621915	0.0966844898989266	0.3652975526463791	-0.0020498258271686	-0.0003427195140049	
-0.1621089175845895	-0.4624514717588559	-0.0017185931246184	-0.0011712938053228	-0.0414658889963795	-0.4452436708955378	-0.0017862275814331	-0.0010647515292010	0.1267378699231942	-0.4255935321047644	-0.0018801535429966	-0.0008874702542624	
0.2119453816071916	0.1074536479461209	0.0019806177262375	0.0006307078956325	0.3605012153065930	0.1108688777420586	0.0019943327965568	0.0005856644084439	0.5756599798519852	0.1352943236229758	0.0019929198400026	0.0005904784656100	
0.0605259662085729	-0.3628497431208809	0.0016863609789115	0.0012174676940243	0.1827743286900118	-0.3665362401820144	0.0016470796894007	0.0012703641059076	0.3615993269604567	-0.3656293552183663	0.0016566863678468	0.0012577471343440	
-0.0914253090008599	0.3508250089172090	-0.0020677674173172	-0.0002078717208053	0.0540552828324722	0.3600951929065224	-0.0020595309191522	-0.0002781642003862	0.2347776273387793	0.3910629974038030	-0.0020465152610383	-0.0003620576806844	
-0.1007787864659079	0.3498948560441444	-0.0020670406123241	-0.0002150137116793	0.0436824558205403	0.3589283751950758	-0.0020650437361228	-0.0002335026016599	0.2254798099207537	0.3895703031287273	-0.0020519834948762	-0.0003294875061978	
-0.6629291614350676	-0.4862227816226605	-0.0020779619070731	-0.0000271196434169	-0.6639648584213843	0.1630203350370341	0.0020781379683111	-0.0000002894062317	-0.6639650812683232	-0.4843219296562118	0.0020781379883238	-0.0000000127007094	
0.2742757777706077	0.1211233565341058	0.0020779844934907	-0.0000253206870299	0.4291471430527753	0.1238042204542224	0.0020704541747964	-0.0001789876895712	0.6577683686750924	0.1507883487171655	0.0020775588811790	0.0000491796901193	
0.2638539395494411	0.1201432687769724	0.0020544079113017	0.0003139372130371	0.4176432930271330	0.1232324367389839	0.0020623169562586	0.0002565817830059	0.6442782797093172	0.1497409857459617	0.0020618334332005	0.0002604578972717	
-0.5911987100858240	0.2946474184203034	-0.0020577398867716	-0.0002911810512804	-0.4177841130536061	0.2993131473664989	-0.0020522371004551	-0.0003278962529965	-0.2265778985896465	0.3095884856604732	-0.0020298669832089	-0.0004464193725172	
0.0764865384278679	-0.3180139610146938	-0.0013070835482763	0.0016196472951452	0.1986721194645344	-0.3227628225135077	-0.0012679932381683	0.0016505822738308	0.3810321065866025	-0.3251394782959428	-0.0008048876715435	0.0019207265146631	
-0.6150254706763789	-0.4752799068075155	-0.0019708384176626	-0.0006607786411687	-0.4572953754079560	-0.4204809924244663	-0.0020078557617773	-0.0005372247175022	-0.2638826051382935	-0.3678617592923971	-0.0020369236974134	-0.0004128539770121	
0.2566732784903851	-0.0012555541716416	-0.0020781219924794	-0.0000081740980684	0.4052403976066974	-0.0050981730157739	-0.0020683378552452	0.0002020877267080	0.6265206864103139	0.0070453344486087	-0.0020611241371334	0.0002660401362695	
0.0125237643481457	0.3631567225693527	-0.0020645928825838	-0.0002374755718161	0.1599343737734897	0.3744566861916362	-0.0020608935160659	-0.0002678296796092	0.3502099821515803	0.4122932436229153	-0.0020468843834703	-0.0003599544891212	
-0.0436454751800415	0.3564590172023657	-0.0020710607882194	-0.0001717897472363	0.1018363172674065	0.3664574855779292	-0.0020656741058830	-0.0002278300895279	0.2868155709584568	0.4006405104070376	-0.0020544806771288	-0.0003134582751356	
-0.6016571529748239	-0.4707405479172018	-0.0019627857348252	-0.0006844437299305	-0.4455913292422842	-0.4170362050405375	-0.0019492616700446	-0.0007222429415022	-0.2537657764431638	-0.3651566352054773	-0.0019164414039926	-0.0008056943774739	
0.0052124691877289	-0.3292116082737869	-0.0019645264482038	-0.0006794061158327	0.1278550602245911	-0.3282938729270307	-0.0020017823536604	-0.0005595395239087	0.3054434185718319	-0.3216671624927396	-0.0020345993472324	-0.0004242162526765	
0.0718181093400019	-0.3144361916348246	-0.0018752694577820	0.0008977956793275	0.1947091914067622	-0.3193347323718672	-0.0018035319904787	0.0010350198883822	0.3778177703998051	-0.3201392273498935	-0.0014543528991352	0.0014881352395327	
0.2359820892722706	-0.0105445239841690	-0.0019576917881962	-0.0006989520019551	0.3822644680894611	-0.0123726960755631	-0.0018283930501669	-0.0009902124177506	0.5987421437632794	0.0007741711773728	-0.0018341283088183	-0.0009794947504385	
-0.0602363429665642	0.3548426419599020	-0.0020636397711598	-0.0002456603566571	0.0851919148987735	0.3647163636474809	-0.0020621158516410	-0.0002582010965309	0.2691349628969395	0.3978082060114099	-0.0020459835602938	-0.0003650652576399	
-0.2431094740912899	0.3330226383054034	-0.0020706169217154	-0.0001770854949193	-0.0956312170572947	0.3399093278621024	-0.0020690438213919	-0.0001946894331339	0.0799567842716855	0.3628174825090686	-0.0020570358912969	-0.0002961379580104	
0.1736396739317918	-0.0216034412666450	-0.0016647956587653	0.0012469395122672	0.3126568462265206	-0.0242292512640035	-0.0017745613097790	0.0010841793738715	0.5194886482992891	-0.0138562365266653	-0.0020721122851108	0.0001585350868165	
-0.6255490067184378	-0.3614553999772844	0.0005376334337202	-0.0020124067714103	-0.4632171586717786	-0.3104574565558386	-0.0001026101120258	-0.0020807922127659	-0.2651968163570426	-0.2698120907971801	0.0010732194379168	-0.0017840155877391	
-0.6057104977498579	-0.1419771392635525	-0.0020318564687701	-0.0004372288437329	-0.4415335477957780	-0.1107793190439594	-0.0020435205124249	-0.0003786762638485	-0.2483991250618434	-0.0798936546634595	-0.0020477649027512	-0.0003548855688410	
0.0135514724859748	-0.3633836118820959	0.0020752126106777	0.0001105031478894	0.1339722236682447	-0.3648071245676037	0.0020761343573522	-0.0000914620088558	0.3116831987733665	-0.3616630699103409	0.0019932989046969	-0.0005891911565370	
-0.5573872832030211	-0.1441666224665298	-0.0009891477188053	0.0018322026053440	-0.4032076959771861	-0.1135950654650467	-0.0010983405597822	0.0017685831880036	-0.2131705538582307	-0.0886410789799337	-0.0005982845670676	0.0019951294181877	
0.2625418384875822	-0.0762123325100910	0.0008849386007499	-0.0018850042372812	0.4066451106846272	-0.0831539843591958	0.0008552810199324	-0.0018987127362231	0.6264943688638884	-0.0781536715215700	0.0007957106920671	-0.0019245655451448	
-0.0112795728304317	-0.3346162153944013	-0.0019446565255645	-0.0007346132960877	0.1112483402926363	-0.3324432074850480	-0.0020167299061603	-0.0005027095043933	0.2887699789853214	-0.3246825247516196	-0.0020562358379748	-0.0003016703525999	
0.2668406674337468	-0.0865236349973489	0.0007189001373642	-0.0019547053622296	0.4109716390749951	-0.0939061836816695	0.0006803195603525	-0.0019685339741396	0.6310371069959222	-0.0905331554629441	0.0006501653022436	-0.0019787487564031	
0.0612084090005431	-0.3137665457902235	-0.0018456697240440	-0.0009574587579992	0.1847092788504564	-0.3171036836811413	-0.0020538969676530	-0.0003172793638028	0.3678707637525365	-0.3155600036900016	-0.0020440859779739	0.0003755965131690	
-0.0147437875493809	-0.3362181498153691	-0.0018347458321763	-0.0009783317476292	0.1080603087303974	-0.3333279904539894	-0.0019905604259726	-0.0005984233866710	0.2847941151747033	-0.3252710594820462	-0.0020555420801572	-0.0003063851504749	
0.1457353045297467	0.0728603871663917	0.0011321824439591	0.0017470041483794	0.2876488941288797	0.0782024158357954	0.0015831384662316	0.0013495936695736	0.4882375259826459	0.0990202925610029	0.0016401292290101	0.0012793697502427	
0.0290390156419449	0.3650104953403832	-0.0020675548721012	-0.0002099857030560	0.1765817715201763	0.3764883365529814	-0.0020643080437394	-0.0002399512581444	0.3698996302156969	0.4156738069075449	-0.0020501793925327	-0.0003405874165055	
-0.6108499320975966	-0.1431404931541913	-0.0020170220002539	-0.0005015303701285	-0.4457267613859445	-0.1115972759056998	-0.0020347329194886	-0.0004235719041630	-0.2524000045462318	-0.0805977702368636	-0.0020408567734930	-0.0003928484366315	
0.0353018535872109	-0.3657797140904520	0.0020662146435140	-0.0002228495617503	0.1557534153674623	-0.3691481260028948	0.0020387864971301	-0.0004035073306999	0.3357394653044277	-0.3684057735958793	0.0020641100108979	-0.0002416573225977	
-0.1070510512846496	0.3491260482498068	-0.0020583881862722	-0.0002865389358427	0.0384565669707987	0.3582507665348627	-0.0020607823757729	-0.0002686877645713	0.2182420123311982	0.3883497407431945	-0.0020428131095593	-0.0003824929651692	
0.0144968580880174	-0.3259019550671354	-0.0019518941903181	-0.0007150619421498	0.1382839039003156	-0.3253061396607860	-0.0019953534305691	-0.0005821601191758	0.3168113368887610	-0.3192908286579776	-0.0020343399717571	-0.0004254645644659	
0.0600877875297299	-0.2735769982719117	-0.0018333676394912	-0.0009809249125219	0.1859962081324417	-0.2750084766622741	-0.0019236756627744	-0.0007881776155470	0.3698273395134899	-0.2703868217524650	-0.0020058692016874	-0.0005446318208505	
0.0499308841469338	0.3672331838103587	-0.0020620631494383	-0.0002586237570144	0.1984250431698049	0.3794139197406187	-0.0020566179482894	-0.0002990410843711	0.3937912042520018	0.4198761718142099	-0.0020438714322119	-0.0003767680790536	
-0.5535051300353528	-0.1572103545006070	-0.0003370854236137	0.0020557437466486	-0.3995990329195059	-0.1248616478499076	-0.0002968148645903	0.0020619742161331	-0.2114965778620556	-0.0999060285512152	-0.0001884734351459	0.0020747476253341	
-0.0654608154447739	0.3541604270031320	-0.0020613217126929	-0.0002644972249338	0.0799633247815595	0.3639780853311734	-0.0020586164060230	-0.0002848864268627	0.2629150489809658	0.3966830213869413	-0.0020417830189252	-0.0003879812320691	
-0.5570177293644005	-0.1448576927388809	-0.0009322651560229	0.0018619367424937	-0.4028248610969179	-0.1142507995316148	-0.0010293416956503	0.0018098146611158	-0.2129282584553968	-0.0895384416769905	-0.0005302108236831	0.0020143849894242	
0.0914281270708214	0.3721660430188536	-0.0020735354752978	-0.0001385777451081	0.2389706516913767	0.3847535220736721	-0.0020711948474890	-0.0001701576606587	0.4405479262323260	0.4283503475672544	-0.0020609142163129	-0.0002676695494373	
0.0270063573092650	-0.3647394942471312	0.0020679049332741	-0.0002064923345078	0.1476051943884636	-0.3673194499181057	0.0020391476904657	-0.0004016688554743	0.3262719653037419	-0.3656109120827365	0.0019698673432112	-0.0006636823704303	
-0.5808609267462729	-0.1363584419665617	-0.0020346122077964	-0.0004241542581305	-0.4198094462745949	-0.1069751232493929	-0.0020654347666506	-0.0002300005130044	-0.2285977220837512	-0.0772005705958929	-0.0020778209069255	-0.0000363919571006	
0.1744981831990290	0.0939515926191468	0.0018489284068839	0.0009511190655617	0.3199821066324630	0.0981034951618756	0.0019123467151659	0.0008154137675376	0.5277514022187570	0.1212036634892991	0.0019421850797476	0.0007411551145649	
0.2642469977632094	-0.0800648677694225	0.0008340457046067	-0.0019081831755669	0.4081855561659635	-0.0865313600287089	0.0008103079643293	-0.0019184346957854	0.6282470812430534	-0.0824442159889667	0.0007491166360216	-0.0019432685499934	
0.1569285026224972	0.0822591106759171	0.0016595713059671	0.0012539189606927	0.2999990675489562	0.0868993913389428	0.0017259336138804	0.0011603956593616	0.5040006647694162	0.1092845208517543	0.0017734453982071	0.0010860128901284	
0.0748467825507503	0.3706187329146762	-0.0020598596624485	-0.0002757069472534	0.2244280604165366	0.3834094462057921	-0.0020605092048429	-0.0002707850956121	0.4229537410178472	0.4257900500187530	-0.0020412696449530	-0.0003906866559893	
-0.6306914246461464	-0.1479962633172870	-0.0020264803209462	-0.0004616237729462	-0.4634899614199720	-0.1153915426402566	-0.0020387152921756	-0.0004038687382854	-0.2680046327702714	-0.0836207609044619	-0.0020458598696210	-0.0003657612595399	
0.2689731481378693	-0.0927421762840708	0.0006476317114594	-0.0019795835896733	0.4128999861706859	-0.0999132357828916	0.0006128000655954	-0.0019906968354718	0.6333897820291878	-0.0980131976074475	0.0006017519909250	-0.0019940811239124	
-0.0852284422482421	0.3514495803069794	-0.0020627454891407	-0.0002530961019046	0.0603002111597605	0.3610693988775872	-0.0020541681452354	-0.0003155100671785	0.2421302794120760	0.3925076681214876	-0.0020383130252374	-0.0004059042029606	
0.0292903668715816	-0.3202232521162886	-0.0019134194084806	-0.0008128807990888	0.1536373057963505	-0.3204915588625959	-0.0019364983555803	-0.0007559618572024	0.3324660068957558	-0.3155302408195818	-0.0019618216459895	-0.0006872160006873	
0.1592551347250516	0.0840009441697444	0.0016629439641508	0.0012494202467910	0.3024169316696198	0.0884579472394766	0.0017419196624380	0.0011361352395565	0.5068115324646802	0.1109215597945570	0.0017912532912680	0.0010562321851065	
0.0477663840513567	0.3669475276668083	-0.0020633423677019	-0.0002481582844807	0.1963942915672027	0.3790945251583870	-0.0020571475738876	-0.0002953572535450	0.3907643170510908	0.4193749804777557	-0.0020438803801831	-0.0003767192923043	
0.1766044837900560	-0.0230777134076898	-0.0019985180232560	0.0005711463508488	0.3169598930007936	-0.0257158112225228	-0.0020748435112935	0.0001172620882537	0.5236916712661823	-0.0135636425308823	-0.0020213997836040	-0.0004834923674071	
0.0623254688169053	0.3688597961926576	-0.0020577512858623	-0.0002911000805744	0.2119209683165713	0.3814987024799827	-0.0020516306854385	-0.0003316881948005	0.4084067820824218	0.4227001249228502	-0.0020343756067689	-0.0004252932882595	
0.2025755221068311	0.1044157267224324	0.0019831453588796	0.0006226743573894	0.3502280290882285	0.1079122347990895	0.0019958479097134	0.0005804540966963	0.5642726531572373	0.1319106448585752	0.0020039652381952	0.0005516308723000	
0.2675872091588484	-0.0886853500637833	0.0006870326542586	-0.0019661894339899	0.4116228886804318	-0.0957907689859509	0.0006523409715773	-0.0019780289763256	0.6317610365808921	-0.0927064787896139	0.0006296217649937	-0.0019854142175732	
0.2379426186078600	0.1146230504961938	0.0020080587859788	0.0005364615433709	0.3896050231059986	0.1182018438672860	0.0020210512926113	0.0004849543068406	0.6099525661221779	0.1435525138595461	0.0020207878253579	0.0004860564813793	
0.2556134341076269	0.1187334836993895	0.0020436770405687	0.0003778263470835	0.4083488517647149	0.1219122624904411	0.0020536333457812	0.0003189897341086	0.6327643701354198	0.1481313961157419	0.0020563639396860	0.0003007915110515	
0.0508826592249174	-0.3665678691802797	0.0020761748039066	0.0000905345883228	0.1725247099685204	-0.3709560529275273	0.0020734394959363	0.0001400135995416	0.3524070277611344	-0.3702365841183553	0.0020280497299282	0.0004546442961479	
-0.1100975108388982	0.3487184246928316	-0.0020542512068464	-0.0003149660968557	0.0352512215478953	0.3577589699191381	-0.0020555945220378	-0.0003060313470393	0.2150394546438019	0.3877105454095244	-0.0020363657952894	-0.0004156107311919	
-0.6236021914751626	-0.1463996009479608	-0.0020245839358140	-0.0004699120616459	-0.4570335488246702	-0.1140565345365693	-0.0020347163045320	-0.0004236521098846	-0.2617964485243613	-0.0824636456286886	-0.0020418154666051	-0.0003878095792999	
-0.6056930922437642	-0.4721075973016428	-0.0019682401714939	-0.0006685165262905	-0.4487369492541544	-0.4180801125678801	-0.0019866941341249	-0.0006111994427670	-0.2568269276395939	-0.3662108151048780	-0.0019917677588772	-0.0005943723444366	
-0.1632179893375997	-0.4632563512168165	-0.0017244989945602	-0.0011625372788743	-0.0425765394065473	-0.4459534884187501	-0.0017939200326038	-0.0010516738256474	0.1257237362839557	-0.4259977428252675	-0.0018799634469156	-0.0008878748865066	
0.0425907722098630	-0.3660899070284406	0.0020773284316925	-0.0000581457394013	0.1631218020901367	-0.3699198332036563	0.0020712878281303	-0.0001690163617058	0.3439256867362699	-0.3695656987825427	0.0020070192134364	-0.0005403571488111	
0.0875535745268681	-0.2845933209946291	0.0017188376795024	0.0011709331020343	0.2145581399863679	-0.2868496215153073	0.0016899132369902	0.0012125073800551	0.3999252740236630	-0.2842660114917536	0.0018059362308625	0.0010307980867758	
-0.2358985952125926	0.3336614588953239	-0.0020722616172934	-0.0001565611287693	-0.0893435221941020	0.3404742147530742	-0.0020689108273227	-0.0001961047012631	0.0872418212511260	0.3637969989767716	-0.0020573876105750	-0.0002936721359884	
-0.5566644402714191	-0.1456146795689129	-0.0008778588644503	0.0018883282539003	-0.4024680594977455	-0.1149104752357946	-0.0009593244265462	0.0018480711982326	-0.2127069156458161	-0.0904742130191410	-0.0004631315225416	0.0020309389887445	
-0.6203988781493284	-0.1456182610712191	-0.0020192633454713	-0.0004923826898044	-0.4540991026824506	-0.1134575596410063	-0.0020300696404889	-0.0004454922686477	-0.2598216943906954	-0.0821015275905275	-0.0020395214989866	-0.0003997569204224	
0.1652755462740074	0.0884121392802570	0.0017165673031332	0.0011742755378489	0.3095504406845819	0.0929483663857650	0.0018026363258664	0.0010365868301630	0.5141637526771836	0.1150769940233272	0.0018379007377469	0.0009723621489001	
-0.0161796970539563	-0.3369581024571741	-0.0017523866049077	-0.0011198417199699	0.1058191424588187	-0.3341142421103059	-0.0019437924885936	-0.0007369079171195	0.2824836017684416	-0.3256662772314715	-0.0020492008059476	-0.0003464555813033	
0.1732985542150933	-0.0213394935118471	-0.0016199498597997	0.0013049531180417	0.3126568462265206	-0.0242292512640035	-0.0017745613097790	0.0010841793738715	0.5184522792426822	-0.0137618925791548	-0.0020469329126849	0.0003596770355615	
-0.5547588973401161	-0.1509929173040802	-0.0005350230499008	0.0020131058284334	-0.4006883501119208	-0.1195751223466884	-0.0005684222900678	0.0020038853108482	-0.2119776949209358	-0.0947940978234664	-0.0002441644673857	0.0020689038248808	
-0.5994478539913806	0.2933751303023113	-0.0020533182787628	-0.0003210216400526	-0.4250437473954446	0.2981607676960233	-0.0020488044958313	-0.0003488032129000	-0.2327095939619468	0.3082058295784009	-0.0020243862534808	-0.0004707672063835	
-0.1185442597308360	0.3473022819610407	-0.0020554631135547	-0.0003069171186721	0.0269741429580368	0.3564375341506639	-0.0020474837524866	-0.0003565121474957	0.2066483314006173	0.3858661917142672	-0.0020278908935733	-0.0004553557861991	
-0.6213578501823935	-0.1458490641476911	-0.0020213600686975	-0.0004836592095299	-0.4550758408487392	-0.1136595804273444	-0.0020315545671027	-0.0004386364711002	-0.2608086381945486	-0.0822835570502934	-0.0020406770437318	-0.0003937856519886	
-0.6618884536674527	-0.3937653155224236	-0.0020739647936443	-0.0001319631742691	-0.6639648584213843	0.1630203350370341	0.0020781379683111	-0.0000002894062317	-0.6639650812683232	-0.4843219296562118	0.0020781379883238	-0.0000000127007094	
0.0540707909548852	-0.3170252137015522	-0.0020781376723324	-0.0000011489489453	0.1776812690613589	-0.3197874745907789	-0.0019936401848338	-0.0005880295434782	0.3583116177252019	-0.3160860173423267	-0.0019717238244080	-0.0006581186562834	
0.2222204049260116	-0.0132215555252725	-0.0020352056975561	-0.0004212829777800	0.3677308266486203	-0.0153930672555658	-0.0020398547716229	-0.0003980442748260	0.5810124869296496	-0.0025832718614062	-0.0020416591270264	-0.0003886359151283	
0.2584234363580719	-0.0657724008929365	0.0005018189326349	-0.0020216811943361	0.4024874842044444	-0.0717014223339853	0.0004459317900935	-0.0020348039457672	0.6222794952829374	-0.0656776897422743	0.0004387041044208	-0.0020363823258914	
0.2440143828302035	-0.0049823777396785	-0.0016932819305381	-0.0012077748726425	0.3908209984745967	-0.0064860102245284	-0.0018645323434428	-0.0009199960791924	0.6087899009781790	0.0075104803659953	-0.0019173774807955	-0.0008034529947634	
-0.0104174881203603	-0.3343305263925178	-0.0019549233651696	-0.0007066964705513	0.1121924709091158	-0.3322294160381452	-0.0020198360232008	-0.0004900163578855	0.2897711283110143	-0.3245377464396125	-0.0020552303568748	-0.0003084796574090	
0.2654695695609139	-0.0831370129799201	0.0007774396853052	-0.0019320557635821	0.4097602354067245	-0.0904899193401237	0.0007375935135488	-0.0019476934988124	0.6296763184873826	-0.0864581616046153	0.0006946148001782	-0.0019635102732065	
0.0724581652081472	-0.2935045725426096	0.0017242216769025	0.0011629506024954	0.1981035055994489	-0.2954011195802415	0.0018754849067146	0.0008973432677989	0.3822846490323846	-0.2915173796167824	0.0019681379179217	0.0006688190111710	
0.0653129144628974	-0.3127347552487066	-0.0020772353446816	0.0000613970604384	0.1887547134276369	-0.3171834901267740	-0.0020470278393584	0.0003591336774454	0.3720142954935852	-0.3166287320602166	-0.0019578405282643	0.0006985331694851	
0.0625047026786041	-0.2722924977710845	-0.0018788294820531	-0.0008902839387136	0.1890841353438989	-0.2738501229907332	-0.0019638070239741	-0.0006814931818206	0.3730065612046549	-0.2696170608746014	-0.0020290352228815	-0.0004502034998264	
0.0301944540296828	-0.3651048438436076	0.0020608831357558	-0.0002679099415724	0.1506097594487713	-0.3679661912829927	0.0020238299581888	-0.0004731649187323	0.3293698241732806	-0.3667066499205732	0.0019545969720905	-0.0007076032292519	
0.0718418303796452	-0.2938778087862450	0.0016982439615006	0.0012007526960358	0.1973621858445160	-0.2957609786996566	0.0018663662824291	0.0009162512162716	0.3814182390623670	-0.2917938511333416	0.0019663924605374	0.0006739590532848	
0.2732262707754975	-0.1062563185976234	0.0006290820830312	-0.0019855861391159	0.4172357680398373	-0.1146397980031367	0.0005766550030686	-0.0020015199354321	0.6380762819820691	-0.1135286860776136	0.0006173693104008	-0.0019892774582422	
0.2670037098362549	-0.0005687350752941	-0.0020102887107293	-0.0005280014355191	0.4166085014188361	-0.0036823139081615	-0.0020110497529627	-0.0005250807426817	0.6410786151400423	0.0095166873340910	-0.0020394182012526	-0.0004002862101211	
0.1603376441836935	0.0849457077682289	0.0016682145207260	0.0012423389226809	0.3043772019822489	0.0897212153018005	0.0017485339312502	0.0011258778379259	0.5079760216539451	0.1117289362077257	0.0017967882124007	0.0010467413626849	
-0.5285744487451994	-0.2644995694005041	-0.0005333039928743	0.0020135641995317	-0.3803727250725104	-0.2271000050236197	-0.0004745260932579	0.0020282937366628	-0.1943165992018145	-0.1979187564351763	-0.0003986541232323	0.0020446410562678	
0.0550535629781760	0.3678318958910658	-0.0020598407692103	-0.0002758487718017	0.2036633578654042	0.3801745666271690	-0.0020546809585271	-0.0003121361586324	0.3999949160192409	0.4210520685562673	-0.0020422159424899	-0.0003856844898385	
0.0126443408810035	-0.3265316084300044	-0.0019535610630479	-0.0007104724442795	0.1360913258012477	-0.3259477652239219	-0.0019953521501118	-0.0005821645298954	0.3148170255434671	-0.3196904560660365	-0.0020338816643084	-0.0004276609942812	
-0.1724857448355298	-0.4697910475790215	-0.0016328337404603	-0.0012887142275383	-0.0518330034075078	-0.4514013509536849	-0.0017534719003510	-0.0011181330588451	0.1152604513682925	-0.4308845752398232	-0.0018569202181740	-0.0009353409895202	
0.0710239295053197	-0.3141142506299160	-0.0019215027919112	0.0007934865200353	0.1941078022242623	-0.3189800893585612	-0.0018500925031551	0.0009488413478720	0.3772932878503703	-0.3196895688908329	-0.0015275042439706	0.0014125606653947	
0.2213375262113532	0.1102737929562796	0.0020045195439199	0.0005496031019699	0.3709319008103662	0.1137162036276336	0.0020202858549550	0.0004881491141542	0.5881114862063832	0.1385578604459175	0.0020257158625402	0.0004649836031759	
0.2068134074373618	-0.0157646986959970	-0.0020600137598050	-0.0002745474109958	0.3502513227135473	-0.0180668642696722	-0.0020685579120197	-0.0001998112606873	0.5611609812470575	-0.0055124629598682	-0.0020697070464091	-0.0001874708256961	
0.0550779476047374	-0.3168967859999448	-0.0020432299820972	-0.0003802485789698	0.1787866214853935	-0.3194142368414278	-0.0019367669523031	-0.0007552700013523	0.3594681343746087	-0.3157473088589965	-0.0019937102351970	-0.0005877908049090	
-0.5589960105064239	0.2986623434597832	-0.0020665910269073	-0.0002193139768254	-0.3886256256688246	0.3032899293894908	-0.0020665619552166	-0.0002195891156587	-0.2005175805537849	0.3144165277163116	-0.0020545500115860	-0.0003130012245513	
-0.5974543389242314	0.2937081874409026	-0.0020547506874673	-0.0003116745108118	-0.4228039272514805	0.2985662271815500	-0.0020500624604038	-0.0003412940646092	-0.2317490205821814	0.3084464560281512	-0.0020251538191689	-0.0004674376041004	
-0.1143204785210717	0.3480267247453346	-0.0020524898159024	-0.0003263026688636	0.0311954726099243	0.3571724189044654	-0.0020492628546605	-0.0003460865387589	0.2108507548794689	0.3867648935558025	-0.0020281656726696	-0.0004541242042697	
0.2410538778523098	-0.0072802030063989	-0.0015933107558106	-0.0013375087105803	0.3871999089251985	-0.0088906123050052	-0.0016531990198920	-0.0012623503324119	0.6047344786604008	0.0052134231260131	-0.0016793301684568	-0.0012271958230367	
-0.0841330436922922	0.3515917947936207	-0.0020618336574739	-0.0002604561129876	0.0613276901532002	0.3612091735090593	-0.0020536391139003	-0.0003189524112242	0.2431440070057586	0.3926948330610548	-0.0020374265330797	-0.0004103528009824	
-0.5282334611168598	-0.2657276893971939	-0.0005250038241568	0.0020157551673356	-0.3801445536269880	-0.2280899931309362	-0.0004707724180939	0.0020291726367229	-0.1941201603695774	-0.1989225623239686	-0.0003870774952514	0.0020468753525996	
0.2588136438422065	0.1192874020081241	0.0020481437640741	0.0003526814667516	0.4125688237013743	0.1225778776483149	0.0020564991046263	0.0002998613599383	0.6369855661408359	0.1487345942683407	0.0020589270228375	0.0002826214696416	
-0.5693544682710815	0.2974091195322348	-0.0020635188934937	-0.0002466787174939	-0.3979776535816231	0.3022134411002718	-0.0020607417582937	-0.0002690006669635	-0.2087840202993269	0.3131194878120312	-0.0020470466443630	-0.0003590259374465	
0.0560123725059314	-0.3654386768953077	0.0019257169422781	0.0007831519200519	0.1784468205638040	-0.3693031299078894	0.0018627479226465	0.0009236217401625	0.3572683607120963	-0.3684414484958533	0.0018411822966083	0.0009661027792041	
-0.2275474643299683	0.3342810404142713	-0.0020711347078264	-0.0001708917637896	-0.0810050031256053	0.3412775992452007	-0.0020639125992646	-0.0002433459696453	0.0956682536701391	0.3651533693181088	-0.0020510215302819	-0.0003354530096767	
-0.5954537437689759	0.2940295229745497	-0.0020559466072649	-0.0003036450647814	-0.4208021611077146	0.2988710011817889	-0.0020508504784663	-0.0003365024025238	-0.2295183292647844	0.3089945797486932	-0.0020273889360423	-0.0004575966137212	
0.1691968880559295	0.0910550858839544	0.0017732248924848	0.0010863746931021	0.3139345412973916	0.0953988792588656	0.0018554439540775	0.0009382806792318	0.5194994845839380	0.1178294110737445	0.0018921826222144	0.0008613933766690	
-0.6629296368051616	-0.3938230711314561	-0.0020770349381607	-0.0000678698003707	-0.6639648584213843	0.1630203350370341	0.0020781379683111	-0.0000002894062317	-0.6639650812683232	-0.4843219296562118	0.0020781379883238	-0.0000000127007094	
0.2417176561527655	-0.0068482872234186	-0.0015924940027509	-0.0013384859330617	0.3883172307083258	-0.0079134665336210	-0.0017159775121927	-0.0011751415479411	0.6054865373073031	0.0056329171464354	-0.0017195200584468	-0.0011699257756530	
-0.6181593325737903	-0.1450440304659105	-0.0020144745312454	-0.0005117169524096	-0.4518603422269581	-0.1129503303901588	-0.0020278279721595	-0.0004556373131588	-0.2575758188798254	-0.0816565835091846	-0.0020377834120336	-0.0004085679670985	
0.0456763971528135	-0.3662553825281336	0.0020700166193215	-0.0001840036641873	0.1672563047889536	-0.3704878807398663	0.0020469123919594	-0.0003597943845510	0.3469628194328189	-0.3703527236328513	0.0020412708035743	-0.0003906805720400	
0.2264092346374705	-0.0123003081028236	-0.0020456988175822	-0.0003666654493353	0.3719966443797333	-0.0146017763017265	-0.0020551043853176	-0.0003093219624689	0.5872234369344274	-0.0013498343265413	-0.0020544564900485	-0.0003136175552824	
-0.6037008552357935	0.2927148440042464	-0.0020509915792204	-0.0003356370009612	-0.4280084223253145	0.2975972969375682	-0.0020468919135960	-0.0003599114519749	-0.2359185008068820	0.3074339949819304	-0.0020205883557452	-0.0004868891768458	
0.1953952536055554	-0.0178808786640230	-0.0019906363355204	-0.0005981695628546	0.3376345382391865	-0.0195159967334562	-0.0020445065134512	-0.0003732890766853	0.5465577115209366	-0.0063025613674166	-0.0020723141640894	-0.0001558605549248	
-0.0779600340737124	0.3524801746456200	-0.0020583109277720	-0.0002870961580913	0.0675763061377641	0.3621443526764463	-0.0020532117813876	-0.0003217054824859	0.2493411293756168	0.3939806056243488	-0.0020356175432478	-0.0004192784314992	
-0.5293595130871313	-0.2615898630887585	-0.0005491061117346	0.0020092911147316	-0.3811290645463856	-0.2239115354465321	-0.0004820807355840	0.0020265025241699	-0.1949824666272522	-0.1947189483886266	-0.0004310164834661	0.0020380315335191	
0.0810952715458489	0.3714388277159683	-0.0020670048949955	-0.0002153585207977	0.2317245344345694	0.3842200126472861	-0.0020692925892189	-0.0001920138967850	0.4312051930253769	0.4271478959380205	-0.0020566539710909	-0.0002987919958433	
0.0551295774811047	-0.3657471311591247	0.0019658079378298	0.0006756706095397	0.1767389311708860	-0.3699942252055264	0.0019433483790674	0.0007380841665917	0.3564372220489165	-0.3688206262606274	0.0018760016029062	0.0008962571380262	
0.2444742631664351	-0.0045819352283559	-0.0017270284571269	-0.0011587573983248	0.3916449492062573	-0.0060843333522601	-0.0019113108544384	-0.0008178509752027	0.6100686229875969	0.0079968174821923	-0.0019783311781152	-0.0006378793734001	
0.0021007526855639	-0.3302647504444362	-0.0019714729195328	-0.0006588736495377	0.1246892890159016	-0.3291699681481871	-0.0020079514552957	-0.0005368651474420	0.3034463365742208	-0.3220576425807948	-0.0020357909903848	-0.0004184312293341	
0.0749802514515311	-0.3165126222309095	-0.0015524102794127	0.0013850036647652	0.1971568631438230	-0.3210720186791045	-0.0015263236644806	0.0014138426252526	0.3800223896348702	-0.3230821112717949	-0.0010478739265643	0.0017990944806280	
0.1683863469319796	0.0904863419452654	0.0017630740078096	0.0011028536817237	0.3127817079395364	0.0947251452811068	0.0018416978377060	0.0009651147075201	0.5186002672303476	0.1173517139061406	0.0018810161966894	0.0008856311997789	
0.2686929090715245	-0.0917717474142128	0.0006541245166327	-0.0019774369334718	0.4126171495700461	-0.0989331208454613	0.0006228184544743	-0.0019875696244447	0.6330252092881938	-0.0968231033377117	0.0006087235638047	-0.0019919534037870	
0.1786806111632531	0.0959679992559886	0.0018930566368588	0.0008594612454173	0.3242261463735747	0.0998536600108683	0.0019404211914834	0.0007457839316473	0.5329923185076169	0.1231206976606670	0.0019612490273230	0.0006888566623438	
0.0186657673680201	0.3637955973153815	-0.0020644399958665	-0.0002388076251061	0.1661964412211402	0.3753496315569155	-0.0020629118043505	-0.0002517300978317	0.3574330715199077	0.4135739521373905	-0.0020475150200556	-0.0003563316287555	
0.2455534523632867	-0.0271298215658619	0.0011751354625129	-0.0017182610613205	0.3904636804641237	-0.0312277318975517	0.0009304070383454	-0.0018628705870597	0.6089351887226671	-0.0208324078252827	0.0007080426414233	-0.0019586841604803	
-0.0976912356880849	0.3502283790431934	-0.0020689878054275	-0.0001952867932914	0.0477988840907061	0.3593525013515698	-0.0020644991469610	-0.0002382931552868	0.2286579310103048	0.3901285399045955	-0.0020517072307893	-0.0003312120087036	
0.0685888423146490	-0.2698426712412382	-0.0019637247354702	-0.0006817314467985	0.1953568582565630	-0.2720091276191793	-0.0020201059699658	-0.0004888967192171	0.3803113905293913	-0.2683108481994779	-0.0020577241115885	-0.0002912930686437	
0.2485495295456730	-0.0025385750724994	-0.0019559261870602	-0.0007039022531634	0.3958044244709735	-0.0049216878847506	-0.0020519696205979	-0.0003295743333166	0.6162116205661214	0.0088682345294209	-0.0020765091820337	0.0000824681361330	
-0.1735939848307272	-0.4706942377915781	-0.0016145590842920	-0.0013116502748134	-0.0529637239336525	-0.4521648193295812	-0.0017441893139367	-0.0011326303101124	0.1143188961085798	-0.4313402297164781	-0.0018448909943990	-0.0009589659065967	
-0.5019644909703460	-0.4800247545617956	0.0019475629572459	0.0007268339505830	-0.3582737312785593	-0.4336851855854446	0.0018812151555624	0.0008852063857581	-0.1767624711934934	-0.3872968141442483	0.0018408881297786	0.0009666659947751	
0.2656508182332397	-0.0834673570898070	0.0007686424330341	-0.0019355900494159	0.4099272585982254	-0.0908082471511366	0.0007311525322244	-0.0019501326855172	0.6296763184873826	-0.0864581616046153	0.0006946148001782	-0.0019635102732065	
0.0600488283788652	-0.3632400238285377	0.0017137935476806	0.0011783402120286	0.1820883029842583	-0.3670077416030030	0.0016811731368773	0.0012246572097509	0.3609093668254537	-0.3661127152691956	0.0016848852349101	0.0012195194090077	
-0.5932154035635455	0.2943805785552565	-0.0020570745205093	-0.0002958681627215	-0.4187925392496915	0.2991685134401019	-0.0020517560328380	-0.0003309080457719	-0.2275613395610344	0.3093928941186025	-0.0020289924540051	-0.0004503971774017	
-0.0685400688969506	0.3537113436020707	-0.0020599024520555	-0.0002753854666560	0.0768875510794615	0.3635751260757020	-0.0020568294719795	-0.0002975754066930	0.2597279631554287	0.3960773076655043	-0.0020401830821324	-0.0003963496176948	
0.0206636216446674	-0.3236415320054031	-0.0019475832992861	-0.0007267791685423	0.1443100239371208	-0.3235636093616062	-0.0019928932144300	-0.0005905687717701	0.3231994791384278	-0.3179168172088230	-0.0020320017846000	-0.0004365496105277	
-0.1163243572650946	0.3476702353837946	-0.0020532827998910	-0.0003212496231185	0.0291837475304554	0.3568577630945902	-0.0020478149680182	-0.0003545951129936	0.2088785891901385	0.3863628053338215	-0.0020270111192387	-0.0004592756797775	
-0.6038356091557885	-0.4715059571874293	-0.0019671157915172	-0.0006718343048712	-0.4478003004518782	-0.4178054351835340	-0.0019792041005480	-0.0006351520912255	-0.2555448362131391	-0.3657757294743381	-0.0019666433840375	-0.0006732228262325	
0.2307849114176551	-0.0116210448138600	-0.0020582132335139	-0.0002877991975013	0.3764280161330269	-0.0139558247508215	-0.0020628693195530	-0.0002520797545236	0.5921329040004804	-0.0008418658944394	-0.0020700722664927	-0.0001833734191154	
0.2670852494207934	0.1206205727768908	0.0020605710416976	0.0002703117785066	0.4219108424555573	0.1237135770849879	0.0020709562171037	0.0001730520759157	0.6483361007764021	0.1501943240903128	0.0020673078160483	0.0002124162245261	
-0.2244521740551209	0.3345201695056593	-0.0020695534513656	-0.0001891672889435	-0.0779344393647829	0.3417078117684430	-0.0020611831222478	-0.0002655804624730	0.0987140755198231	0.3656084551047267	-0.0020473087858725	-0.0003575205588992	
0.2451988387323960	-0.0041343783651925	-0.0017728910230038	-0.0010869221870915	0.3929172396453808	-0.0055524254542643	-0.0019699378219538	-0.0006634720990425	0.6109937276296908	0.0082726270619257	-0.0020122020040130	-0.0005206253761760	
-0.5557527042858444	-0.1478216401581345	-0.0007219039475128	0.0019535924561274	-0.4017792783055969	-0.1164016003444325	-0.0008186778604820	0.0019148600425042	-0.2124054933033214	-0.0918578407262378	-0.0003795394884674	0.0020482935343942	
0.0384191111599689	0.3658710300278324	-0.0020677373811491	-0.0002081717773323	0.1870662595193394	0.3778478953125606	-0.0020607123353902	-0.0002692270994092	0.3803387061315979	0.4174724546570993	-0.0020468106672712	-0.0003603755216747	
0.0259680538592899	0.3646471467268766	-0.0020665842917016	-0.0002193777508776	0.1735062593458436	0.3761715458081500	-0.0020641928772165	-0.0002409449141988	0.3656677003704789	0.4150251073044493	-0.0020501858928558	-0.0003405480893325	
0.0893525138211327	0.3720455279473694	-0.0020732903002094	-0.0001422166645002	0.2389706516913767	0.3847535220736721	-0.0020711948474890	-0.0001701576606587	0.4405479262323260	0.4283503475672544	-0.0020609142163129	-0.0002676695494373	
0.0502134533177054	-0.2805447426895952	-0.0014974477971771	-0.0014445421794791	0.1758372073088036	-0.2805209935073728	-0.0016856271157640	-0.0012184886343928	0.3571511251348138	-0.2755480472404628	-0.0018074623739776	-0.0010281062809919	
-0.0758244940534855	0.3527782979137029	-0.0020579569537219	-0.0002896352022300	0.0696190216153910	0.3624867688852237	-0.0020538140650002	-0.0003178182494223	0.2515101988772339	0.3944394368154617	-0.0020356341547510	-0.0004191973699092	
-0.5964560924327277	0.2938752748856251	-0.0020556743267122	-0.0003054921346871	-0.4218044338231639	0.2987209805375654	-0.0020503944959067	-0.0003392835469841	-0.2307880189467128	0.3086940108696190	-0.0020263766096458	-0.0004620810957767	
-0.6184887578634199	-0.3447562950823287	-0.0009103806214765	-0.0018727882308159	-0.4589574064007997	-0.2958456284895529	-0.0002418445260510	-0.0020691776611901	-0.2662664787451404	-0.2572581318268737	-0.0003489443305871	-0.0020537541382031	
-0.5548674325963519	0.2990274816329282	-0.0020691184079527	-0.0001938911521960	-0.3865619764670117	0.3034764908665128	-0.0020679959833074	-0.0002055738919982	-0.1974658025642420	0.3149101438274697	-0.0020566439304093	-0.0002988614459151	
0.0540316594069953	0.3677077949395969	-0.0020601668737319	-0.0002733903173489	0.2026478595374822	0.3800341287554895	-0.0020551735246959	-0.0003088599548663	0.3989989221282577	0.4208504421817914	-0.0020429236922999	-0.0003818989323723	
0.2399230666524946	-0.0082228317035906	-0.0016329755528172	-0.0012885336276525	0.3864860978107889	-0.0093151176386452	-0.0016342715106543	-0.0012868813067326	0.6029555585327311	0.0038024031555721	-0.0016159812617248	-0.0013098889422845	
0.1563126319890452	0.0818182070579744	0.0016624060803102	0.0012501394160588	0.2993061581946858	0.0863807267101506	0.0017287872966899	0.0011561185292115	0.5028006285688198	0.1085115278761108	0.0017673979753095	0.0010958759845605	
-0.5538339956277276	-0.1552115341044253	-0.0003681122334034	0.0020503884464653	-0.3999099276075818	-0.1228651847626853	-0.0003761390082993	0.0020489238485586	-0.2116780005853182	-0.0978480525159833	-0.0001863885478616	0.0020749369066120	
-0.5527633240040853	-0.1614542030609733	-0.0003978962121827	0.0020447894232956	-0.3991538720344949	-0.1281602142118624	-0.0002450516602555	0.0020687984035880	-0.2110575016195659	-0.1041891392619492	-0.0002390823795673	0.0020695002378315	
-0.1660701268439316	-0.4650968709674499	-0.0017091475811903	-0.0011851025857742	-0.0457441852663921	-0.4478079071626187	-0.0017922923731445	-0.0010544591932559	0.1226460837261145	-0.4273994789590704	-0.0018872247151616	-0.0008722558721651	
-0.0173302806710227	-0.3378213136240285	-0.0016191844423508	-0.0013059074784019	0.1049725895690333	-0.3344148605117932	-0.0019195668629265	-0.0007981817601401	0.2815018256864140	-0.3258270905130653	-0.0020447400171591	-0.0003720014789031	
0.2233616704331690	0.1107675909774545	0.0020081849075066	0.0005359868626052	0.3730543965051092	0.1142466832009533	0.0020224011131292	0.0004792655014869	0.5912565795662839	0.1392962794722416	0.0020289365084156	0.0004506503935138	
-0.5569332651916072	0.2988510426643005	-0.0020678534995537	-0.0002070093393311	-0.3875945668503999	0.3033900961174175	-0.0020673140167647	-0.0002123555661528	-0.1984832412315940	0.3147425407135074	-0.0020562233860221	-0.0003017556397917	
-0.0997513608607683	0.3500077051953006	-0.0020679721519734	-0.0002058146840086	0.0457385508246703	0.3591399320448231	-0.0020651373240478	-0.0002326692820629	0.2264946689862846	0.3897485702982036	-0.0020522513683750	-0.0003278064932821	
0.2587425333772325	-0.0012765469139919	-0.0020778413959988	0.0000351966278442	0.4073139126176830	-0.0052326127672989	-0.0020764906134479	0.0000829366919338	0.6296383594692470	0.0069849767070039	-0.0020680773785799	-0.0002047493171288	
0.2755649639602985	-0.1135202896648348	0.0006594465183486	-0.0019756596368624	0.4193863093702048	-0.1219128516380628	0.0006005274170580	-0.0019944521000237	0.6409088444150834	-0.1218999435396121	0.0007240752605342	-0.0019527847022046	
0.2459717467226569	-0.0037016333663789	-0.0018210385540689	-0.0010037403693992	0.3929172396453808	-0.0055524254542643	-0.0019699378219538	-0.0006634720990425	0.6119579620094806	0.0085148910913309	-0.0020394810595039	-0.0003999642158661	
0.2472608272427361	0.1169844213664514	0.0020235995067186	0.0004741544536325	0.4000738652923574	0.1205096110505523	0.0020404307574245	0.0003950661875803	0.6223500044033341	0.1463316200505403	0.0020370554774845	0.0004122000113631	
0.2566259675312083	0.1189054228990543	0.0020451480894219	0.0003697401454149	0.4103754194068494	0.1222420368571970	0.0020551520772948	0.0003090033476381	0.6347995491592915	0.1484082683820027	0.0020579362149334	0.0002897832575138	
-0.6069510206830444	-0.4725398221542425	-0.0019685117300077	-0.0006677124646537	-0.4500084042833737	-0.4184902623855818	-0.0019949991729223	-0.0005833790313180	-0.2577615199381454	-0.3664688123712470	-0.0020036338760190	-0.0005528392480385	
0.0913691495498262	-0.2658369355878790	-0.0020780142544714	-0.0000227339259114	0.2181179090064500	-0.2699932166102038	-0.0020720905964200	0.0001588197281831	0.4061708059322073	-0.2679003139417271	-0.0020658456353851	0.0002262616281061	
-0.2451629999834973	0.3328191958475705	-0.0020699098920103	-0.0001852063811989	-0.0976848233749676	0.3396884752259958	-0.0020685645932790	-0.0001997417340732	0.0779303325107028	0.3624990498596453	-0.0020563934420922	-0.0003005887380494	
-0.6556295276962023	-0.1532807544083973	-0.0020583070092772	-0.0002871243906261	-0.4842637735741031	-0.1195276420720069	-0.0020385567702670	-0.0004046721270829	-0.2866926602867942	-0.0868994419625260	-0.0020468355064487	-0.0003602337085404	
-0.6629318054595146	-0.1538768210479617	-0.0020777701992475	-0.0000391937474136	-0.6639648584213843	0.1630203350370341	0.0020781379683111	-0.0000002894062317	-0.6639650812683232	-0.4843219296562118	0.0020781379883238	-0.0000000127007094	
0.2639262857518907	-0.0011207556636585	-0.0020606378634130	-0.0002697993563713	0.4135664831298065	-0.0045745754586996	-0.0020163610137791	-0.0005041944768657	0.6369229130527430	0.0086630388247411	-0.0020190015714457	-0.0004934603512482	
0.0322469552035646	-0.3653888977432410	0.0020584727901712	-0.0002859274655822	0.1528028988950827	-0.3685139777201458	0.0020192082607107	-0.0004926096681374	0.3315549121262481	-0.3674798466299189	0.0019800426409417	-0.0006325200154742	
-0.5050569038798496	-0.4810998807909163	0.0019749178248948	0.0006484223035474	-0.3604319717248989	-0.4346214412522748	0.0019396913618706	0.0007476895549288	-0.1788572725035074	-0.3882669183163314	0.0019300753888822	0.0007722936834724	
0.0280343954719602	-0.3648412831707085	0.0020658640676465	-0.0002260924287546	0.1486180655094936	-0.3675257514146429	0.0020340430465903	-0.0004268889182198	0.3272092161410011	-0.3659206685615298	0.0019613829700181	-0.0006884732841807	
0.2446057119703249	-0.0261278701021884	0.0014198376118159	-0.0015212648158731	0.3899111970584683	-0.0302476551495975	0.0010730902058072	-0.0017840937133495	0.6080877786198624	-0.0187605374988416	0.0008202171354521	-0.0019141979111409	
0.0799530509020175	0.3713002651462486	-0.0020657095903086	-0.0002275065185920	0.2296665549787599	0.3840393598821737	-0.0020674132939763	-0.0002113819937735	0.4291748596181069	0.4268222476564620	-0.0020537347766396	-0.0003183327675860	
0.0581900461515580	-0.3156139872573869	-0.0018055058841526	-0.0010315554510097	0.1816942828695786	-0.3180725157942605	-0.0019175645461731	-0.0008030041958220	0.3638906272599247	-0.3152165994448531	-0.0020780783527503	0.0000157828814580	
0.2580971008443244	-0.0643889010626483	0.0004400558146294	-0.0020360891930074	0.4021480362523695	-0.0697795483090025	0.0003836657303684	-0.0020475208101895	0.6219448018177984	-0.0637208568563651	0.0003931825947070	-0.0020457055741308	
-0.0519789060374691	0.3556644131336622	-0.0020682356483327	-0.0002031362898806	0.0935152790902722	0.3656434646244920	-0.0020674493140526	-0.0002110276370611	0.2784319570202262	0.3993253724754522	-0.0020542912612291	-0.0003147034368767	
-0.5068842860031391	-0.4816589406987706	0.0019836722442287	0.0006209853733540	-0.3626335781279006	-0.4354200189771357	0.0019741808782851	0.0006506737494337	-0.1797392518862496	-0.3885830652710122	0.0019535248026540	0.0007105726393555	
-0.5776644127287410	0.2964816399585785	-0.0020618611432336	-0.0002602373464457	-0.4052598218745196	0.3012039043834197	-0.0020579014186695	-0.0002900314967068	-0.2151708551043720	0.3118858719153909	-0.0020424191057127	-0.0003846017728208	
-0.0177263637132394	-0.3510827372108429	0.0012308588443763	-0.0016785945748423	0.0998092397004303	-0.3478927076846329	0.0007175721612965	-0.0019551956945253	0.2759775801548426	-0.3462317898156378	0.0017393379123238	-0.0011401035104596	
-0.6301794874439811	-0.4457275642720965	-0.0005030342805344	-0.0020213776221741	-0.4689906080252521	-0.3895638013983082	-0.0014871178021830	-0.0014552274741168	-0.2753851369382161	-0.3437399915230876	-0.0018523858114884	-0.0009443338770630	
0.0175777164051290	-0.3247615922533538	-0.0019505169077158	-0.0007188290556382	0.1414307088234280	-0.3243579704739035	-0.0019945663636183	-0.0005848644797405	0.3199998458540650	-0.3185963308325280	-0.0020344937572069	-0.0004247248940701	
-0.1674675750353117	-0.4661608392214078	-0.0017052238016779	-0.0011907696877329	-0.0477885684872656	-0.4489913799906497	-0.0017860839935011	-0.0010649935810499	0.1205591737670587	-0.4283272945470872	-0.0018861164740982	-0.0008746616563980	
-0.6639650515574125	-0.3938406818184607	-0.0020781379470818	0.0000004152499912	-0.6639648584213843	0.1630203350370341	0.0020781379683111	-0.0000002894062317	-0.6639650812683232	-0.4843219296562118	0.0020781379883238	-0.0000000127007094	
0.2387530365351292	-0.0091283950110116	-0.0017092472049684	-0.0011849581766921	0.3847208200061178	-0.0107287257211827	-0.0016492487275778	-0.0012675327630481	0.6012997549132293	0.0024424439251058	-0.0016322032251137	-0.0012895167010628	
-0.0373991059375793	0.3570217162964299	-0.0020671485316293	-0.0002139684645160	0.1080892496171362	0.3673154730757134	-0.0020558656256153	-0.0003041956174759	0.2940879830355877	0.4017820182432129	-0.0020428755760160	-0.0003821575227846	
