-0.6529213417382339	0.2178003114169291	0.0000865523754133	0.0020815256329671	-0.6280679927060884	0.2563014191785482	0.0001784389435423	0.0020756391593723	-0.6010654397063825	0.3302290293661243	0.0000350328648800	0.0020830372853066	
-0.1485972797729935	-0.0834131294526437	-0.0020765866569691	0.0000804836743098	-0.1247155038457707	-0.0418406779230329	-0.0020699286918813	0.0001849950960893	-0.0851888324374475	0.0407610653066102	-0.0020777446707713	0.0000405310360282	
0.2005629976694344	-0.2924904933344477	0.0020686038686859	-0.0001993325309517	0.2264917563092670	-0.2430418064026930	0.0020729221540863	-0.0001475114683762	0.2670453583109984	-0.1541099221790501	0.0020724100151621	-0.0001545744075138	
-0.1193898915733475	0.0056953209780954	0.0020209243338969	-0.0004854857493066	-0.0965681250330688	0.0484018981736138	0.0020452092722625	-0.0003693998681465	-0.0591936666575917	0.1314404390275421	0.0020345449682313	-0.0004244782830733	
0.1329026008824670	0.3004018144684824	-0.0020242456132305	-0.0004713746002564	0.1570095989367871	0.3527266853791303	-0.0020056718219739	-0.0005453618808037	0.1954256984397664	0.4559822087980164	-0.0019948242337206	-0.0005839799353989	
-0.2200339658695868	-0.4026455332607397	0.0019639509497091	-0.0006810762228668	-0.1881210319353096	-0.3522211591317679	0.0019535174483193	-0.0007105929589754	-0.1391888930951357	-0.2623933993740414	0.0019939537829579	-0.0005869599489655	
-0.2254828782657237	-0.0739647908105245	-0.0014319614476100	0.0015098009162434	-0.1983032533016881	-0.0280320676688136	-0.0008858560660020	0.0018845710914226	-0.1610024925585553	0.0490195950754228	-0.0013379913003511	0.0015940811665295	
0.1984111140601821	0.3138600423434520	-0.0020383958714159	-0.0004054858708003	0.2234323243752449	0.3685788834600817	-0.0020228736150980	-0.0004772572175405	0.2649737759717041	0.4749519590035806	-0.0020074765230006	-0.0005386471852381	
0.2410566359090750	-0.2969699373669516	0.0020638486558656	-0.0002438903962695	0.2670503811659909	-0.2467333270102630	0.0020683595272773	-0.0002018646819877	0.3075497920017080	-0.1575494018949961	0.0020692438340567	-0.0001925412208063	
0.2015907494070130	-0.2925996483730033	0.0020684409940973	-0.0002010240052441	0.2275232561963514	-0.2431288904121466	0.0020727981114371	-0.0001492529861394	0.2680784218360824	-0.1541833547918962	0.0020722792767646	-0.0001563260382384	
-0.1651569089861283	-0.0817795207670101	-0.0020691344701916	0.0001937188078888	-0.1402691247585707	-0.0407363807601190	-0.0020743056108844	-0.0001264650127341	-0.1018074276370239	0.0421209233291911	-0.0020764529558705	0.0000838788864329	
0.2576018413139539	0.3254827004484669	-0.0020378664213296	-0.0004081516546789	0.2836531877493886	0.3823519827862193	-0.0020258921748820	-0.0004642109719879	0.3294981998536319	0.4893817805175962	-0.0020053978035407	-0.0005463736729131	
-0.1060483294104195	-0.0000814429725364	0.0015990129984826	-0.0013306521015460	-0.0830795456288748	0.0449085310719779	0.0019189003731524	-0.0007997907406732	-0.0460466299014965	0.1265781306430415	0.0017132355652444	-0.0011791553970528	
-0.1371822287834789	-0.0836312778059388	-0.0020779688101098	0.0000265827555910	-0.1121858038135438	-0.0422769184179325	-0.0020781022135227	-0.0000122242873231	-0.0737600332533285	0.0408865118630896	-0.0020777379934507	-0.0000408736012899	
0.1891287506094131	-0.2914572499082528	0.0020703902289827	-0.0001797295420518	0.2151171206313173	-0.2422209649540005	0.0020738072980161	-0.0001344276969124	0.2555982907546636	-0.1533375430212865	0.0020743278159388	-0.0001260984442261	
0.2628958569063292	-0.2998401540761256	0.0020566310663686	-0.0002989504007167	0.2888546777650182	-0.2490738647950807	0.0020643489218094	-0.0002395975580934	0.3294038763432389	-0.1598984564212521	0.0020639628033927	-0.0002429176549365	
0.2149963182576993	0.3171478226242987	-0.0020380889585813	-0.0004070333897607	0.2401367337268216	0.3724181776727644	-0.0020245474087361	-0.0004700701958805	0.2827546263179216	0.4797026052651157	-0.0020086629781561	-0.0005341834573631	
0.1994201485541121	0.3140385230816349	-0.0020390667038260	-0.0004020818372001	0.2244238001964808	0.3688284505851372	-0.0020237978363238	-0.0004733029775651	0.2659465601349520	0.4752331896861385	-0.0020084519829002	-0.0005349801880236	
-0.1756159642350571	0.0124236954578909	0.0020767845497304	-0.0000751770243233	-0.1527957021768497	0.0527348078873072	0.0020745831545772	0.0001218036815963	-0.1164221893570834	0.1361231151296342	0.0020779406434986	0.0000287103953613	
0.2473122713128710	-0.2977396879913370	0.0020621161026121	-0.0002581990821144	0.2732421873124855	-0.2473934474550112	0.0020676202295006	-0.0002093379520930	0.3138085216942971	-0.1581558596986303	0.0020677152663063	-0.0002083924221481	
-0.1402962697817036	-0.0835778240620843	-0.0020780415468068	0.0000200707515312	-0.1152952577124500	-0.0422636122670477	-0.0020781125012943	0.0000103179917903	-0.0768796164254882	0.0408173384876067	-0.0020776448944801	-0.0000453811621600	
0.2327833890135267	0.3206291509759526	-0.0020403748198014	-0.0003953564289513	0.2587989673151344	0.3767041754221441	-0.0020263343434876	-0.0004622673351316	0.3023576882300298	0.4844248075028422	-0.0020331923742898	-0.0004309424022513	
0.1444814258346865	0.3028931864306824	-0.0020369660793987	-0.0004126437718193	0.1672720324120339	0.3552803883207740	-0.0020220421787827	-0.0004807851682887	0.2068324224052377	0.4591704999840699	-0.0020099282289163	-0.0005293788682356	
-0.6525944560917798	0.2250133721122571	0.0001028368830262	0.0020807809615739	-0.6274297890139791	0.2635239244934272	0.0001870605334378	0.0020748761306869	-0.6009315959991153	0.3375150384601167	0.0000418999811165	0.0020829098349054	
-0.1465260674419866	-0.0834827690421949	-0.0020774999148964	0.0000516224453541	-0.1216270684427884	-0.0420753902575030	-0.0020747282105059	0.0001192947671283	-0.0831147637729132	0.0407413370366927	-0.0020781351178850	0.0000034626890060	
0.2483894789213479	0.3236591027800799	-0.0020409399854946	-0.0003924137348388	0.2743078631812245	0.3802392424842553	-0.0020273075351071	-0.0004579589166262	0.3200214669797522	0.4875335309413849	-0.0020521970586037	-0.0003281480224605	
0.1277710258217765	-0.2867009075028791	0.0020687996001484	-0.0001972804696422	0.1538368816267104	-0.2381526688842888	0.0020717935987984	-0.0001626671175161	0.1932839989138194	-0.1498624385489585	0.0020725567009001	-0.0001525850455298	
-0.2274947137753802	-0.3998397571890007	0.0019378977557329	-0.0007523492247598	-0.1952449607392645	-0.3496749472787826	0.0019636793652770	-0.0006818627755539	-0.1463910000322296	-0.2600490834313050	0.0019680979309535	-0.0006689372585050	
0.2171208395732801	-0.2942122152286539	0.0020653497820159	-0.0002307662164586	0.2431812865320734	-0.2443515744148823	0.0020696320794294	-0.0001883007640654	0.2836452149747679	-0.1554886648262834	0.0020707078660916	-0.0001760135131357	
0.1392134316219320	-0.2877729292283047	0.0020700994045081	-0.0001830652679053	0.1652575645972919	-0.2391735590096478	0.0020704519082515	-0.0001790140373103	0.2057529200710601	-0.1507715075823154	0.0020737903412198	-0.0001346903402427	
-0.1309502776666465	-0.0837492927680045	-0.0020778455947981	0.0000349466216172	-0.1069923975842820	-0.0422273333154934	-0.0020781090938604	-0.0000109860777183	-0.0675255103196596	0.0409719328287574	-0.0020779827666766	-0.0000254627120030	
-0.6528784407580863	0.2188312537372835	0.0000874785147776	0.0020814867227415	-0.6279660580785890	0.2573318286184140	0.0001796101168776	0.0020755376371193	-0.6010452538158199	0.3312700619120101	0.0000358641349980	0.0020830230681341	
0.1558780659799499	0.3051258115984054	-0.0020403292027229	-0.0003955929569912	0.1797994950824811	0.3581717481000549	-0.0020266211978162	-0.0004610018014971	0.2192683039230618	0.4624123582284612	-0.0020112721585053	-0.0005242239226927	
-0.1527262283474310	0.0107485637590444	0.0020685804544399	-0.0001995765815364	-0.1298835714775820	0.0520846800660508	0.0020746406218957	-0.0001208159690281	-0.0935166736104435	0.1353736758006319	0.0020749531284458	-0.0001152962755864	
0.1807880684150972	-0.2907568778826191	0.0020716111945009	-0.0001649853010412	0.2067721710805879	-0.2417092916518075	0.0020738196740342	-0.0001342356793640	0.2462780014962748	-0.1527623445246049	0.0020749228310832	-0.0001158429579125	
0.2057870538444210	0.3153426001836040	-0.0020408376846648	-0.0003929480868877	0.2305838457667534	0.3702081237048575	-0.0020261707904575	-0.0004629872641484	0.2732588160622250	0.4771456052158207	-0.0020103245108148	-0.0005278644305331	
0.2160909847250193	-0.2941140823841954	0.0020655207521330	-0.0002292231566580	0.2420588056833368	-0.2442342281274504	0.0020699072610500	-0.0001852359302566	0.2826132158837196	-0.1553899283228770	0.0020707098152981	-0.0001759904654104	
0.1912038245139410	0.3123993378007204	-0.0020341403295485	-0.0004264227975702	0.2160965664715913	0.3668303609314537	-0.0020188726993876	-0.0004939899720845	0.2576831712046167	0.4729437762120520	-0.0020004588859051	-0.0005642763802753	
0.1589935442810866	-0.2892067809205915	0.0020741236142495	-0.0001294302102474	0.1849559731104371	-0.2404870281062387	0.0020755950363152	-0.0001030321485523	0.2254830622963973	-0.1517421257746827	0.0020762888153994	-0.0000878675879089	
-0.2339456466962560	-0.3973266869286748	0.0019483074380834	-0.0007248259589263	-0.2005212025607854	-0.3478502025279213	0.0019726461533260	-0.0006553349879906	-0.1526229612361937	-0.2579063356175720	0.0019719828244415	-0.0006573382935061	
0.1642738101402940	0.3068053024072398	-0.0020392941436620	-0.0004009209128718	0.1881571497906394	0.3600684740205620	-0.0020263783463609	-0.0004620734415186	0.2285207461994047	0.4648553118445083	-0.0020120190687723	-0.0005213354386855	
-0.1558820958162416	0.0110499270663551	0.0020706203619129	-0.0001770450635128	-0.1329920291277067	0.0522516252581786	0.0020755121376393	-0.0001046970280412	-0.0966318194019857	0.1355250469804961	0.0020760507691555	-0.0000933493988668	
0.1381805089356645	-0.2876800300157312	0.0020696731436665	-0.0001878466113269	0.1642311330942686	-0.2390800370606406	0.0020704392282583	-0.0001791613654956	0.2047213529614919	-0.1506936769092749	0.0020734439628063	-0.0001399471033416	
-0.1034163534787655	-0.0027046872440809	0.0013129351320031	-0.0016148836954666	-0.0797224464898575	0.0432028511643547	0.0017760144048441	-0.0010817854509159	-0.0428012551139295	0.1237647461250954	0.0014215388927446	-0.0015196672202308	
0.2151819330582364	0.3172006196060653	-0.0020380919301731	-0.0004070184356943	0.2401367337268216	0.3724181776727644	-0.0020245474087361	-0.0004700701958805	0.2837311040090649	0.4799472105213972	-0.0020091259485326	-0.0005324307810937	
-0.2204809450186402	-0.4024571502617493	0.0019612340007123	-0.0006888996573939	-0.1881210319353096	-0.3522211591317679	0.0019535174483193	-0.0007105929589754	-0.1391888930951357	-0.2623933993740414	0.0019939537829579	-0.0005869599489655	
0.1682798443399881	0.3075328834334954	-0.0020365254747602	-0.0004148236576050	0.1923173404668738	0.3610834786709076	-0.0020250785525935	-0.0004677652049781	0.2326796170278508	0.4658944959563611	-0.0020087585813747	-0.0005338220348542	
0.1828397674358520	0.3106418517147393	-0.0020326044947562	-0.0004337205537644	0.2067880978416113	0.3645159982062157	-0.0020186844877603	-0.0004947623793843	0.2482455874022761	0.4701931095954592	-0.0019975247710866	-0.0005746277947158	
-0.2053993056346255	-0.4111931366279498	0.0012922411098145	-0.0016315731119565	-0.1721291170223744	-0.3578690397617523	0.0018991091583741	-0.0008459353184687	-0.1240724147297559	-0.2691659670943228	0.0015165201527337	-0.0014244054420366	
-0.1299417434853615	0.0078389870072221	0.0020484503763513	-0.0003508872507677	-0.1070233008424074	0.0500110904448872	0.0020619450776681	-0.0002595681304241	-0.0706567637082453	0.1333324241936762	0.0020607909954675	-0.0002686213138807	
-0.1360794367197808	0.0087590425217108	0.0020569811252266	-0.0002965200274357	-0.1132743801415067	0.0507114693099886	0.0020672539102353	-0.0002129428212707	-0.0758755130183622	0.1339349433289521	0.0020663905878756	-0.0002212039296575	
0.2254416408894192	-0.2952120820207196	0.0020651741923057	-0.0002323401710564	0.2514208646393460	-0.2451883528864422	0.0020677215562933	-0.0002083296895382	0.2919825314584569	-0.1561853367825819	0.0020708356660399	-0.0001744958968116	
0.1320069810487561	-0.2871297916302808	0.0020684552687387	-0.0002008763359406	0.1579435973270099	-0.2385048857104337	0.0020710553815758	-0.0001718552423291	0.1984364587164141	-0.1502341235828654	0.0020720888634645	-0.0001588424492765	
-0.1236467488385091	-0.0837370153639490	-0.0020772779265221	-0.0000599316825159	-0.0986916367781973	-0.0422123289495970	-0.0020781079568159	-0.0000112001502747	-0.0602738535853936	0.0410982126540121	-0.0020760617589602	-0.0000931034420584	
0.1330337816748357	-0.2872180680629535	0.0020685752107206	-0.0001996311964270	0.1589700252541297	-0.2385963904556954	0.0020708789947077	-0.0001739783452874	0.1994682850067240	-0.1503148443590196	0.0020722639512855	-0.0001565300780195	
-0.2253231657714853	-0.4006624916443176	0.0019409505398186	-0.0007443982732445	-0.1933662819217162	-0.3503067607613603	0.0019597824493829	-0.0006930388069608	-0.1445033845504015	-0.2606240579038413	0.0019692188561144	-0.0006656136443853	
-0.1067295835116867	0.0004109570656132	0.0016548673497295	-0.0012601514935471	-0.0839898067768542	0.0452753002026057	0.0019431542790030	-0.0007385975791706	-0.0467859033853416	0.1270367299099822	0.0017589476991946	-0.0011094556986996	
-0.2264576045437052	-0.0728511292253255	-0.0013141809383380	0.0016138649532090	-0.1986792089695369	-0.0272002554300558	-0.0007997864338118	0.0019228669086823	-0.1619083370465675	0.0501803848145057	-0.0012466343604962	0.0016668534277964	
-0.6531246529360082	0.2134232203096095	0.0000859729313570	0.0020815497663835	-0.6284276481134149	0.2520602480921692	0.0001750325416236	0.0020759306379838	-0.6011339160497067	0.3260215382047742	0.0000322479253014	0.0020830824858725	
0.2452534610991000	-0.2974933546876580	0.0020626503188158	-0.0002538744130246	0.2711779275686851	-0.2471698867047302	0.0020680003954256	-0.0002055292806624	0.3117416230473895	-0.1579572612353253	0.0020682198325306	-0.0002032980598612	
0.2576795560606548	-0.2990949385329971	0.0020595309789722	-0.0002781637552611	0.2836341630146789	-0.2484299941667140	0.0020653896632265	-0.0002304072113556	0.3241950856604967	-0.1592511389623243	0.0020655661927852	-0.0002288112682838	
-0.6527878473814098	0.2208923102455226	0.0000917407940999	0.0020813023014466	-0.6277894103567137	0.2593957540466144	0.0001820285019299	0.0020753258836374	-0.6010092467328697	0.3333520176017168	0.0000377909930555	0.0020829888307189	
0.2035970710493210	0.3149252577287509	-0.0020411122940235	-0.0003915119993162	0.2285954979802549	0.3697901202354448	-0.0020254661100338	-0.0004660757549605	0.2710709053273458	0.4765320774023352	-0.0020101030746260	-0.0005287112464182	
0.2369397419221468	-0.2964675120496422	0.0020647104514967	-0.0002364460595625	0.2628512693648576	-0.2462961513729799	0.0020681719844525	-0.0002037866785914	0.3034161483772934	-0.1571560979874874	0.0020700462175427	-0.0001836687139393	
0.2379815514105000	0.3216616016841976	-0.0020410451218908	-0.0003918637844685	0.2639640710363376	0.3779159864401493	-0.0020263481471783	-0.0004622065199611	0.3085429138503382	0.4856511975239924	-0.0020441537138975	-0.0003752258435651	
-0.0995886604943909	-0.0114153254532679	0.0003670951853300	-0.0020505716924962	-0.0725266874185292	0.0355305408356321	0.0009230659955784	-0.0018665372661980	-0.0384370936494203	0.1156279061919881	0.0005278432879428	-0.0020150097784136	
0.1568793308378517	0.3053015041486595	-0.0020403884846372	-0.0003952855471543	0.1807777449078295	0.3584138717526030	-0.0020270976737936	-0.0004588915904130	0.2202297819531177	0.4626871787078649	-0.0020117792234029	-0.0005222648375067	
0.1901981708925435	0.3121779362521407	-0.0020333998666092	-0.0004299573736955	0.2151053822099546	0.3665675794515612	-0.0020183926904430	-0.0004959573749309	0.2567078683360384	0.4726527170731862	-0.0019993689696724	-0.0005681453469649	
-0.1569769886820764	-0.0827228893621438	-0.0020636374057078	0.0002456803260014	-0.1330315861996847	-0.0408940351480181	-0.0020689631421798	0.0001955492210617	-0.0935738631776922	0.0412829301801724	-0.0020667918092294	0.0002174041294211	
-0.1225844446555796	0.0063992898168551	0.0020327897082901	-0.0004328472977789	-0.0997494758155132	0.0489687232834466	0.0020516557447419	-0.0003315323789620	-0.0623750259967875	0.1320644770252222	0.0020459013825855	-0.0003655278203821	
0.1361179733780673	-0.2875006484048658	0.0020690350544116	-0.0001947830471292	0.1620516228223102	-0.2388764916845652	0.0020704581224257	-0.0001789417905229	0.2026606428212382	-0.1505406905646763	0.0020728205319493	-0.0001489397249315	
-0.1974332333063011	-0.0805514264114954	-0.0020189627752658	0.0004936198538476	-0.1724732598181921	-0.0393726307172833	-0.0020588529722414	0.0002831631079282	-0.1330032844413851	0.0422382625184319	-0.0020401046245036	0.0003967552794786	
-0.1995007811420636	-0.0801993178904080	-0.0020416125174568	0.0003888819189019	-0.1745961815910971	-0.0390444901522934	-0.0020624533255463	0.0002554777943572	-0.1350837785827305	0.0425086271081899	-0.0020563436368938	0.0003009309731265	
-0.1235925474257554	0.0065956803631871	0.0020355890825072	-0.0004194172775985	-0.1007708177382176	0.0491381654742466	0.0020534174215331	-0.0003203836792308	-0.0633895650064703	0.1322418643079969	0.0020485047181471	-0.0003505682705028	
-0.6532110087696892	0.2113610503121443	0.0000885775659478	0.0020814400096148	-0.6285994416232936	0.2499959148288998	0.0001739694842468	0.0020760204431226	-0.6011667853538754	0.3239405277725090	0.0000315522755687	0.0020830931922820	
0.2420851830561357	-0.2971044768625834	0.0020635657530514	-0.0002462844455656	0.2680819780020194	-0.2468423948429180	0.0020683209848043	-0.0002022611824276	0.3085825459371415	-0.1576619575898440	0.0020689927764678	-0.0001952338561499	
-0.6496376922541937	0.2645866862861984	0.0001183300289303	0.0020799532890284	-0.6267358382594428	0.3061684035806345	-0.0008742656858660	0.0018900028594475	-0.6006072600619020	0.3791627462639405	-0.0002326391721075	0.0020702381143725	
-0.1267825984883735	-0.0838031700861747	-0.0020781355406795	0.0000031975255531	-0.1028391796413118	-0.0422181196225644	-0.0020781375996336	-0.0000012742655686	-0.0633766954261398	0.0410307571321687	-0.0020776373883011	-0.0000457252262742	
-0.6619317215320616	0.2850684180124110	-0.0020551958513846	0.0003087106110167	-0.6629207019328437	0.3231155892050025	-0.0020774962279937	0.0000517713494303	-0.6639650453334917	0.4110587654619112	-0.0020781379883403	-0.0000000096144862	
-0.1902183382734239	-0.0829377272846810	-0.0019765179192714	0.0006435038156504	-0.1652097431031050	-0.0407441787934594	-0.0020060914213777	0.0005438086247759	-0.1267480184044635	0.0404963635196128	-0.0019768768427275	0.0006423948092458	
-0.1142736413301628	0.0042430529010351	0.0019714087383885	-0.0006590666215086	-0.0915254817965280	0.0474365575457084	0.0020294961742145	-0.0004481105222807	-0.0540393098752345	0.1301799581786029	0.0019932065613376	-0.0005895050374555	
-0.2169351800463710	-0.4037969991014731	0.0019721845416632	-0.0006567298094510	-0.1850500688942038	-0.3533649172703909	0.0019601031660922	-0.0006921266657316	-0.1360069966215667	-0.2633259221138354	0.0020035911705900	-0.0005529947749819	
0.1464792460596079	0.3032594078583849	-0.0020379048521644	-0.0004079587647900	0.1694853669671583	0.3557771570245479	-0.0020241189914837	-0.0004719207465496	0.2087796379939478	0.4596326988421840	-0.0020100944021337	-0.0005287443822531	
0.1600312450497239	-0.2892612679409772	0.0020740425140436	-0.0001307298001225	0.1859944638662775	-0.2405385706458750	0.0020756515993777	-0.0001018805227162	0.2265226072963623	-0.1517780708870067	0.0020762112517179	-0.0000896906273064	
-0.6629413172792140	0.2851788003832302	-0.0020723930521958	0.0001548028022785	-0.6629207019328437	0.3231155892050025	-0.0020774962279937	0.0000517713494303	-0.6639650453334917	0.4110587654619112	-0.0020781379883403	-0.0000000096144862	
0.1393092537703610	0.3017557132306707	-0.0020325695221206	-0.0004338852386806	0.1621344293569795	0.3540138045211146	-0.0020156176690864	-0.0005071727762199	0.2014696861287570	0.4576728157462392	-0.0020053595151349	-0.0005465148897730	
0.1548089829180657	-0.2889485411619421	0.0020741798122411	-0.0001285219277586	0.1808050931729539	-0.2402618363017656	0.0020750484352037	-0.0001135593584056	0.2202818816020573	-0.1515286309987896	0.0020764443991940	-0.0000840915006735	
0.2203005730373141	-0.2945966089694961	0.0020651939484457	-0.0002321636199851	0.2462716739511723	-0.2446527314198779	0.0020687635211727	-0.0001976603401530	0.2868162003464169	-0.1557630800895971	0.0020707727192790	-0.0001752450397881	
-0.1984692053614591	-0.0803784604369847	-0.0020320685331995	0.0004362372443972	-0.1745961815910971	-0.0390444901522934	-0.0020624533255463	0.0002554777943572	-0.1340453461531189	0.0423530685057780	-0.0020501165830869	0.0003409671756872	
-0.1527158965266476	-0.0831653052222206	-0.0020720349784054	0.0001595473220634	-0.1287972178645492	-0.0413653660791390	-0.0020642714275804	0.0002402676337256	-0.0893189588933510	0.0409161861503224	-0.0020737854505940	0.0001347659955032	
0.1423831422599501	-0.2880264330537625	0.0020713019241606	-0.0001688426608367	0.1683446759948302	-0.2394179415185709	0.0020710540473818	-0.0001718714006460	0.2078204904860252	-0.1509071836892464	0.0020744497981611	-0.0001240653334915	
0.2462823537443360	-0.2976245405053151	0.0020623371703313	-0.0002564184430005	0.2722108996851298	-0.2472700049115344	0.0020678321024934	-0.0002072240359975	0.3127746937205742	-0.1580642675904148	0.0020679452630457	-0.0002060860288444	
-0.2327102330649204	-0.3977963152724841	0.0019459800787896	-0.0007310823829475	-0.2005212025607854	-0.3478502025279213	0.0019726461533260	-0.0006553349879906	-0.1516631342904071	-0.2581917619283636	0.0019711647422306	-0.0006597996667508	
-0.2224584042545322	-0.0762437266290338	-0.0018211974265491	0.0010034506371646	-0.1964060634239706	-0.0312697843644269	-0.0011988753369575	0.0017016992127597	-0.1581508193776323	0.0464879137818723	-0.0017052177158095	0.0011907784464917	
0.2659762125260642	-0.3002796303409743	0.0020535311777622	-0.0003196500775175	0.2919505200668575	-0.2494759517491386	0.0020633455043875	-0.0002481320721561	0.3325091866279096	-0.1602468902612273	0.0020629344074782	-0.0002515438694501	
0.1662765434289804	0.3071681368442420	-0.0020377502367606	-0.0004087342260688	0.1901176719043978	0.3605468354007053	-0.0020261408692100	-0.0004631188443505	0.2307258977015996	0.4654286890849142	-0.0020101738914835	-0.0005284405864539	
0.2504005815700556	-0.2981098551928099	0.0020613679288940	-0.0002641349902567	0.2764064719323438	-0.2476932818975078	0.0020669438190710	-0.0002159468481397	0.3169094080924038	-0.1584576080661990	0.0020669926165287	-0.0002154769262454	
-0.2232911865158054	-0.0758399982649489	-0.0017387094056556	0.0011410665773898	-0.1968459768107911	-0.0305925991093397	-0.0011418238368886	0.0017406864009373	-0.1589271413084586	0.0469571444265293	-0.0016105602345392	0.0013165818529251	
-0.2151175926892928	-0.0782860271661478	-0.0020629465605660	0.0002514436816459	-0.1911101600213845	-0.0362897987361048	-0.0018324368270617	0.0009826713298838	-0.1506389190249648	0.0438896580881091	-0.0020626767322492	0.0002536586447100	
-0.1557730435771008	-0.0828466062005310	-0.0020661968798975	0.0002230150246898	-0.1309878694162552	-0.0410879794499343	-0.0020650594248037	0.0002333631177521	-0.0925485195993870	0.0411917302885633	-0.0020681952476534	0.0002035492655406	
-0.1828492639029775	-0.0834379194131855	-0.0020517266721151	-0.0003310909529635	-0.1589718565779976	-0.0427378358834640	-0.0019943396107936	0.0005856410876048	-0.1184595863774081	0.0396028030701032	-0.0020498908294180	-0.0003423285561494	
-0.6563474807882096	0.1883007951427455	0.0008225953644711	0.0019131719994072	-0.6306449967720792	0.2270771892494181	0.0002097514439680	0.0020726943470317	-0.6017527687682594	0.3000022886077437	0.0000784776263643	0.0020818473065421	
0.1267467078423012	-0.2865949879583000	0.0020689723615219	-0.0001954511648239	0.1538368816267104	-0.2381526688842888	0.0020717935987984	-0.0001626671175161	0.1922539451189832	-0.1497930971155412	0.0020726182395894	-0.0001517426454522	
0.1953824468955579	0.3132968322086794	-0.0020363964940072	-0.0004154595351861	0.2202621250836735	0.3678199224006803	-0.0020201924333235	-0.0004885375271388	0.2618171629276171	0.4740842747670530	-0.0020035892727000	-0.0005530016857285	
0.1526675243620359	0.3045140764778348	-0.0020403756878365	-0.0003953519266997	0.1766058940523527	0.3574345037460349	-0.0020257078666548	-0.0004650186105073	0.2160942000178910	0.4615715358894296	-0.0020098512062009	-0.0005296726823884	
0.2119982153608185	0.3165194157636497	-0.0020390912363251	-0.0004019567831718	0.2369441833644687	0.3717143244275832	-0.0020252977419683	-0.0004668105000900	0.2796010576888357	0.4788185941283059	-0.0020079135300932	-0.0005370076829016	
0.1630732846678695	0.3065341729119274	-0.0020396643064463	-0.0003990239854085	0.1869343451478588	0.3597666520714211	-0.0020262093247238	-0.0004628177497848	0.2265948571182249	0.4642993641883908	-0.0020120662128238	-0.0005211525479182	
-0.1848660710355357	-0.0836857276305704	-0.0020749575973462	-0.0001152154190327	-0.1610011876644782	-0.0421106774637965	-0.0019646402813279	0.0006790752254096	-0.1204708238629528	0.0393654030105274	-0.0020765396823775	-0.0000816926552407	
-0.1683968872060683	0.0119900276287285	0.0020729864387051	-0.0001466007533835	-0.1455118275299915	0.0528326048824398	0.0020773367556729	-0.0000578460934372	-0.1091512113327173	0.1359655668874853	0.0020769578098939	-0.0000702018804403	
-0.1496243180943277	0.0104477223214371	0.0020666768799785	-0.0002184994054930	-0.1267724998639174	0.0518911589059173	0.0020733919855822	-0.0001407189106248	-0.0904016960166103	0.1351948235508793	0.0020737157490737	-0.0001358396404782	
-0.1205854746633255	0.0059711937796720	0.0020260579034689	-0.0004634834848585	-0.0977134058984150	0.0486252069319519	0.0020477662794814	-0.0003548775849541	-0.0602011031071826	0.1316498428421829	0.0020387550242144	-0.0004036671159652	
-0.2296408628261087	-0.3989764354510594	0.0019405699602037	-0.0007453948028776	-0.1974060383725048	-0.3489017098778580	0.0019676550897784	-0.0006702452497177	-0.1476144818174885	-0.2595839934852395	0.0019676984690431	-0.0006701172489908	
0.1423211591073751	-0.2880184246882312	0.0020712763702929	-0.0001691574206830	0.1683446759948302	-0.2394179415185709	0.0020710540473818	-0.0001718714006460	0.2078204904860252	-0.1509071836892464	0.0020744497981611	-0.0001240653334915	
-0.2348637612674948	-0.3969770955710202	0.0019506710904288	-0.0007184084522347	-0.2005212025607854	-0.3478502025279213	0.0019726461533260	-0.0006553349879906	-0.1528861302222776	-0.2577814426166858	0.0019721196679273	-0.0006569255706539	
-0.6522024707939952	0.2783610449131076	-0.0010840324772590	0.0017774330899999	-0.6350886162430280	0.3152547111741288	-0.0017993697482544	0.0010422751045516	-0.6058895991573756	0.3915623082306218	-0.0013810206740423	0.0015567632013321	
-0.1215582790067675	-0.0836358197925232	-0.0020739954279507	-0.0001314784139515	-0.0966211432917028	-0.0421944600311238	-0.0020779179961738	-0.0000303129850980	-0.0581639062083880	0.0412341866075978	-0.0020725721233605	-0.0001523743679037	
-0.1413361845691140	-0.0835793239968310	-0.0020780463618298	0.0000195633132413	-0.1173648251228334	-0.0422419052316854	-0.0020777978085906	0.0000376940705345	-0.0779188586596640	0.0408048569234692	-0.0020776818233856	-0.0000436489403523	
0.2816206906826032	-0.3062088712481734	0.0015522676689804	-0.0013851642961908	0.3085883534054569	-0.2521425896246266	0.0019935999755357	-0.0005881665331811	0.3503832546593502	-0.1652964777009618	0.0016707476964749	-0.0012389130223460	
0.1766569811021534	-0.2904153201616091	0.0020720131037069	-0.0001598325736381	0.2026302873014969	-0.2414612220269066	0.0020740569029386	-0.0001305001734366	0.2420808481212612	-0.1525214915698499	0.0020749677752185	-0.0001150310563342	
-0.1112053074414777	0.0030658252471632	0.0018998642604654	-0.0008442295832692	-0.0883725058240178	0.0466560399493466	0.0020094698244984	-0.0005311249570714	-0.0509322735345058	0.1291186066493606	0.0019324562680913	-0.0007662866784904	
-0.6524367528489637	0.2281033174067277	0.0001135176952834	0.0020802228243052	-0.6271392496991637	0.2666194568222185	0.0001900488004034	0.0020746031940517	-0.6008700098538963	0.3406368743533479	0.0000447933094720	0.0020828493206330	
0.1371484325057554	-0.2875930155157513	0.0020694044142041	-0.0001907988728647	0.1630792870897793	-0.2389771320683042	0.0020703920508240	-0.0001797084490832	0.2036897825066075	-0.1506253413544712	0.0020731497550549	-0.0001442610798948	
-0.1025593560029547	-0.0039434034293478	0.0011736408135625	-0.0017192874238379	-0.0789587740747826	0.0427249794728243	0.0017294049779718	-0.0011551897243722	-0.0418667939841433	0.1226643386834347	0.0012945007528846	-0.0016297718994499	
-0.1735526815039907	0.0123328839441795	0.0020749325606601	-0.0001156676809943	-0.1507077117156534	0.0528323126622955	0.0020770075338771	0.0000687074833247	-0.1143426568959159	0.1361222460344920	0.0020780260990642	-0.0000216184722123	
0.2098081591863180	0.3160606898715318	-0.0020395061231039	-0.0003998357513540	0.2347410961422166	0.3712243457431867	-0.0020265561371995	-0.0004612891537417	0.2774026084831752	0.4782328866345592	-0.0020080993334801	-0.0005363089847240	
0.1610835683626484	0.3061190312418229	-0.0020402513941569	-0.0003959960621659	0.1849578060361355	0.3593608931626097	-0.0020262230060574	-0.0004627575491303	0.2243858259686365	0.4637320998084788	-0.0020112451209249	-0.0005243281651153	
0.2587077321088759	-0.2992511174738019	0.0020591038019081	-0.0002813241350868	0.2847280140041615	-0.2485739297602194	0.0020652146542956	-0.0002319784357897	0.3252286773658596	-0.1593731277953780	0.0020653079947067	-0.0002311417743648	
0.2669976263610424	-0.3004203459332423	0.0020511909907286	-0.0003344100458662	0.2930376792181024	-0.2495901032006130	0.0020629999212050	-0.0002510033061682	0.3335432539978775	-0.1603718748781427	0.0020621274403042	-0.0002581080636325	
-0.1590113450537350	-0.0824812498668632	-0.0020605027882232	0.0002708341620856	-0.1340589078696387	-0.0408214202089911	-0.0020715829924711	0.0001653408026111	-0.0956136319010087	0.0415305305116402	-0.0020656032721979	0.0002284746119198	
-0.1600273892107404	-0.0823536135575314	-0.0020599206761923	0.0002752484317025	-0.1350884551196628	-0.0407479215940282	-0.0020741746964372	0.0001286048767600	-0.0966349532998138	0.0416550917358255	-0.0020660817051558	0.0002240848455416	
-0.2073871278551268	-0.4089862333676467	0.0015047593587524	-0.0014368860060932	-0.1748427488375051	-0.3566503195436160	0.0019693781720893	-0.0006651397603794	-0.1264535512582733	-0.2673435310520147	0.0017080689306537	-0.0011866644741385	
0.2347991934316234	-0.2962232623178740	0.0020649626436304	-0.0002342222323964	0.2607861364303796	-0.2461044069497181	0.0020679384511327	-0.0002061547127940	0.3013495819375209	-0.1569657355538249	0.0020703344394055	-0.0001803742610661	
0.2067941380938546	0.3155203934696102	-0.0020405677371362	-0.0003943545105714	0.2317841444040745	0.3705025736468740	-0.0020265880945704	-0.0004611480316312	0.2742257715294699	0.4774170531236260	-0.0020100068003223	-0.0005290789666520	
-0.2090362449172364	-0.4074688632417037	0.0016572405759130	-0.0012570131480631	-0.1765880336949809	-0.3561615029916403	0.0019888184185057	-0.0006042163199050	-0.1276939403668597	-0.2665301375190864	0.0017910859391610	-0.0010565173648265	
0.1911919090574429	-0.2916312785857376	0.0020700497055111	-0.0001836292015547	0.2171867779193990	-0.2423665329376049	0.0020737363817384	-0.0001355227159433	0.2576669563012440	-0.1534730475591423	0.0020740581393473	-0.0001304804231516	
-0.2047194379772365	-0.0794498423661625	-0.0020609465614053	0.0002674191434525	-0.1797644265055652	-0.0385971994575879	-0.0020701868934313	0.0001820682556442	-0.1402601190124440	0.0430037893024733	-0.0020687634863899	0.0001976607060216	
0.1402935967528438	0.3019977534555348	-0.0020337289137004	-0.0004283904370451	0.1640728050536865	0.3545572229609612	-0.0020187910588056	-0.0004943251763619	0.2027036159714838	0.4580336766239553	-0.0020074961726871	-0.0005385735810936	
-0.1620668642863722	-0.0821127340440674	-0.0020613425895856	0.0002643336578967	-0.1371585997203837	-0.0406725307640914	-0.0020777925175337	0.0000379860565622	-0.0986896761306820	0.0418720575595817	-0.0020694645926730	0.0001901417686253	
-0.1022161585980790	-0.0044271771390759	0.0011136021181494	-0.0017589655485988	-0.0777888669806506	0.0418590387415516	0.0016420633337778	-0.0012768739457576	-0.0418667939841433	0.1226643386834347	0.0012945007528846	-0.0016297718994499	
-0.1392475414809264	0.0092142231842393	0.0020602792635054	-0.0002725377978145	-0.1163761878840722	0.0510301504956167	0.0020688991278273	-0.0001962287096733	-0.0789739164405250	0.1342628981480177	0.0020687215960097	-0.0001981008410260	
0.2597370205950839	-0.2993924941969661	0.0020586802179643	-0.0002844226225435	0.2857599567072349	-0.2486902709469824	0.0020650142146619	-0.0002337648406310	0.3262625005005583	-0.1594968119185740	0.0020650056943663	-0.0002338404709847	
0.1703831646096310	-0.2899336773606659	0.0020726226385258	-0.0001516822485029	0.1963635072766133	-0.2411044073808200	0.0020749336364912	-0.0001156482836920	0.2368993846390305	-0.1522583611621954	0.0020751746395187	-0.0001112174881376	
-0.1382208163311975	0.0090671479303556	0.0020593136707497	-0.0002797760076180	-0.1153415763521977	0.0509261186318628	0.0020684027276552	-0.0002014193274633	-0.0779401998975554	0.1341548295462626	0.0020680204036582	-0.0002053268527344	
0.1880323452783662	0.3117146325750921	-0.0020323153756477	-0.0004350800482002	0.2119419898983619	0.3657756326377860	-0.0020173207565066	-0.0005003212898512	0.2535554817183145	0.4717721990559881	-0.0019969319210279	-0.0005766949555134	
-0.1682666634326190	0.0119644844334301	0.0020730549074072	-0.0001456244679928	-0.1455118275299915	0.0528326048824398	0.0020773367556729	-0.0000578460934372	-0.1081096565041320	0.1359418607930074	0.0020769436799919	-0.0000706207623596	
0.1516987679722164	-0.2887351961531860	0.0020739268540082	-0.0001325610677914	0.1776647398723760	-0.2400635389796794	0.0020742504790223	-0.0001273705699369	0.2171640648776175	-0.1514012660937468	0.0020763184211555	-0.0000871616684931	
0.1537728259122246	-0.2888725289684779	0.0020741282657580	-0.0001293552747158	0.1797691887870086	-0.2401923464390472	0.0020748235014792	-0.0001176173758319	0.2192428201197059	-0.1514934282949084	0.0020764246953742	-0.0000845790607559	
-0.1725234769497052	0.0122669920738278	0.0020742953658699	-0.0001266337818324	-0.1496646537761019	0.0528647722122386	0.0020777690785485	0.0000392534107994	-0.1133054403424978	0.1360962768016191	0.0020777618996500	-0.0000396334674463	
-0.0997948714877794	-0.0104300280519187	0.0004518683104420	-0.0020334873018512	-0.0732592549349880	0.0367921125246205	0.0010779938216927	-0.0017811202884226	-0.0386825377363554	0.1165761175917972	0.0006107727776547	-0.0019913228877816	
0.2441422979717317	-0.2973730049829594	0.0020629414635082	-0.0002514857057770	0.2701462385487324	-0.2470548081921178	0.0020681461700124	-0.0002040498019102	0.3107076198452509	-0.1578738798193640	0.0020684602932658	-0.0002008243317841	
-0.1000357854782692	-0.0094722979920687	0.0005420245837747	-0.0020112225980540	-0.0737124126532197	0.0375438250884298	0.0011646920751197	-0.0017253924572715	-0.0391329219431433	0.1178673880637669	0.0007416483478804	-0.0019461453842764	
0.2556221215528958	-0.2988028919500919	0.0020602386507525	-0.0002728461738554	0.2815690181957814	-0.2482160792520796	0.0020657751025589	-0.0002269079067299	0.3221287475474583	-0.1590098190446069	0.0020660330657136	-0.0002245350928780	
-0.1454898632263452	-0.0835169747597622	-0.0020777555014181	0.0000399691482477	-0.1216270684427884	-0.0420753902575030	-0.0020747282105059	0.0001192947671283	-0.0820760207314504	0.0407480301595115	-0.0020781070760775	-0.0000113631962904	
-0.1444618971665413	0.0098962249603153	0.0020638869545553	-0.0002435644619089	-0.1215559260805613	0.0515149686895583	0.0020710822203642	-0.0001715298744150	-0.0851935388489687	0.1348127564271316	0.0020717249478871	-0.0001635434850581	
0.2139946344728281	0.3169484373383050	-0.0020385108998382	-0.0004049042893486	0.2389266961509265	0.3721347541205789	-0.0020245532782183	-0.0004700447893037	0.2815400891148123	0.4793502133672214	-0.0020082953019559	-0.0005355710037031	
-0.1641225049088612	-0.0818933369790673	-0.0020660830027169	0.0002240728216962	-0.1392340225865923	-0.0406865400591634	-0.0020769964200089	-0.0000690443078106	-0.1007639564709629	0.0420392635912923	-0.0020743745560569	0.0001253233259667	
-0.2203398481390627	-0.0772404358471804	-0.0019675849226745	0.0006704522365628	-0.1950533369284871	-0.0329977388127971	-0.0013641166834176	0.0015716703694096	-0.1557628835899142	0.0450437554067710	-0.0019251373711539	0.0007845826578593	
0.2752560441356476	-0.3023859203252250	0.0019513456125782	-0.0007165650920295	0.3013605015340874	-0.2506665166697330	0.0020561785348503	-0.0003020626351840	0.3428035698679135	-0.1618838688900953	0.0020192095568581	-0.0004926043285976	
-0.2182811055911831	-0.4032541284163386	0.0019696975018991	-0.0006641887829289	-0.1859572181031470	-0.3530300271141697	0.0019580379680375	-0.0006979767676117	-0.1369223726539743	-0.2630529486852121	0.0020019895981877	-0.0005587938483957	
0.1818199449759677	-0.2908483301683258	0.0020714918360746	-0.0001664846523832	0.2078073774046780	-0.2417741298321902	0.0020738054467617	-0.0001344563959898	0.2473135158371725	-0.1528307182183069	0.0020749001035074	-0.0001162513590444	
-0.6497040836901439	0.2707843003666557	-0.0002226019200754	0.0020713469277706	-0.6299993071385958	0.3111521021103594	-0.0013877837439187	0.0015507070329837	-0.6020208220607877	0.3852618028509817	-0.0007474383803506	0.0019439179080001	
-0.1589877136132837	0.0112964468108460	0.0020722437522148	-0.0001567985957458	-0.1360960348364703	0.0523914299674882	0.0020758232478847	-0.0000983029960033	-0.0987075824416369	0.1356083572713367	0.0020765934404439	-0.0000803075824371	
0.2233907136184975	0.3188056025448649	-0.0020388987779116	-0.0004029367545276	0.2482701064290020	0.3742950515862810	-0.0020257276427713	-0.0004649320222879	0.2920275151489506	0.4820663395731485	-0.0020178437335608	-0.0004981972801595	
0.2504040739219934	0.3240237570847422	-0.0020403321128023	-0.0003955778723882	0.2762993613671174	0.3806560366504927	-0.0020275222189346	-0.0004570027406627	0.3219783372214622	0.4878563343531858	-0.0020500495133272	-0.0003413722143867	
0.1610681736216566	-0.2893292470763514	0.0020739498344780	-0.0001321992410815	0.1870328423841114	-0.2405938495481644	0.0020756791957810	-0.0001013138963075	0.2275618851103998	-0.1518261181595128	0.0020761304714166	-0.0000915506159228	
0.1724664734546558	0.3084319011685531	-0.0020355024944256	-0.0004198394044166	0.1964985929921873	0.3619994667286981	-0.0020225413736800	-0.0004786702777270	0.2368055311965099	0.4670639865022659	-0.0020068770784564	-0.0005408874369786	
-0.2161350698881585	-0.0781656960129685	-0.0020566308870443	0.0002989516405525	-0.1922948337413276	-0.0355379709187364	-0.0017130972414967	0.0011793573530833	-0.1516346800300680	0.0440695143683517	-0.0020535993132720	0.0003192098520889	
-0.1017633675322953	-0.0051684656283087	0.0010251258133426	-0.0018122179399598	-0.0771315446309285	0.0413648500187189	0.0015878063826813	-0.0013440711537314	-0.0409948514385097	0.1215414455487361	0.0011621880666889	-0.0017270885409136	
0.2493708969365419	-0.2979893867011577	0.0020616569018321	-0.0002618585225252	0.2753735521238133	-0.2475994841236495	0.0020671688999021	-0.0002137706091382	0.3158756310534907	-0.1583584186384537	0.0020672473641232	-0.0002130066795507	
-0.2317828346239438	-0.3981164350427009	0.0019421952978352	-0.0007411282036218	-0.1995695361603063	-0.3481485986852362	0.0019718440054405	-0.0006577566807127	-0.1507110573215888	-0.2584876304880352	0.0019681253860622	-0.0006688560722267	
0.1588807675774716	0.3056550394992695	-0.0020402826176312	-0.0003958343529348	0.1829811874150895	0.3589530232308265	-0.0020267563208176	-0.0004604044032168	0.2224355396937513	0.4632731973411029	-0.0020113552395218	-0.0005239034682469	
0.2337894045615053	0.3208404232125889	-0.0020405432144134	-0.0003944820160486	0.2597945735105002	0.3769376456836207	-0.0020265087493605	-0.0004614983324738	0.3033507578282508	0.4846222739457170	-0.0020349112341834	-0.0004227101225646	
-0.1319882428812676	-0.0837067194959784	-0.0020778120085286	0.0000368990262229	-0.1069923975842820	-0.0422273333154934	-0.0020781090938604	-0.0000109860777183	-0.0685644737388591	0.0409460103654524	-0.0020779822378416	-0.0000255060487949	
-0.1298203883180522	0.0078118925707341	0.0020482367494506	-0.0003521383344762	-0.1070233008424074	0.0500110904448872	0.0020619450776681	-0.0002595681304241	-0.0696286812132291	0.1332026709440840	0.0020594680270779	-0.0002786317850592	
-0.1340267949531859	0.0084657091167004	0.0020544017281133	-0.0003139778757491	-0.1111530477737387	0.0504783089043978	0.0020657874379421	-0.0002267950144708	-0.0747830564037870	0.1338265260027394	0.0020654111680702	-0.0002302133925341	
-0.1652668217920547	-0.0817579483436315	-0.0020694499904533	0.0001903014242731	-0.1402691247585707	-0.0407363807601190	-0.0020743056108844	-0.0001264650127341	-0.1018074276370239	0.0421209233291911	-0.0020764529558705	0.0000838788864329	
0.2431146615489294	-0.2972287000361568	0.0020632658799756	-0.0002487966020382	0.2691138734588148	-0.2469504363183766	0.0020682527571179	-0.0002029611482059	0.3096167911581403	-0.1577543050469197	0.0020687459170608	-0.0001978454242322	
0.2711594095837809	-0.3012533140327134	0.0020294040523920	-0.0004485296259651	0.2971685381070863	-0.2500952017711965	0.0020609354864639	-0.0002675049091519	0.3387762698059618	-0.1610726084362989	0.0020535685102197	-0.0003194089484243	
0.1735581856057981	-0.2901563727530773	0.0020722874636369	-0.0001562169303427	0.1995216230043136	-0.2412743181917426	0.0020744521754849	-0.0001240253776968	0.2389718939048471	-0.1523658125102071	0.0020750499793507	-0.0001135309976962	
0.2119771384750646	-0.2936797732549343	0.0020662744794372	-0.0002222912908072	0.2379333331976056	-0.2438993843218724	0.0020710011603991	-0.0001725106832494	0.2784853545492779	-0.1550222708932650	0.0020708519780572	-0.0001743012349490	
-0.1911575184844498	-0.0825395295983205	-0.0019564751651445	0.0007023672877294	-0.1662512283709580	-0.0405299358747117	-0.0020221376733856	0.0004803813561089	-0.1267480184044635	0.0404963635196128	-0.0019768768427275	0.0006423948092458	
-0.1184020231007199	0.0054385060522125	0.0020152891460360	-0.0005084831366397	-0.0955496285184245	0.0482312465962458	0.0020427750541421	-0.0003826971720974	-0.0581903018174090	0.1312370278263837	0.0020294313561846	-0.0004484054515361	
-0.2222551890109520	-0.4018578503654468	0.0019534545627197	-0.0007107666815627	-0.1902906782663151	-0.3514509061342354	0.0019555976599114	-0.0007048190243075	-0.1404918463678158	-0.2619724301281848	0.0019856862604818	-0.0006144822695971	
0.2441956860664773	0.3228318816002044	-0.0020415951750123	-0.0003889734106058	0.2701291011975564	0.3793087853384144	-0.0020275840057249	-0.0004567271599648	0.3147676073131730	0.4866941752041529	-0.0020517347085329	-0.0003310408991535	
0.1621049459385314	-0.2893875474127995	0.0020738245684147	-0.0001341596654636	0.1880711412976508	-0.2406470632775761	0.0020756807314673	-0.0001012822713152	0.2286008328165567	-0.1518654503374434	0.0020760300121742	-0.0000938121868071	
-0.2244284425765334	-0.4010173002037122	0.0019432589576572	-0.0007383207451943	-0.1921362640127940	-0.3507593932470419	0.0019578608864345	-0.0006984758215388	-0.1432514408919662	-0.2610646410967156	0.0019740934506753	-0.0006509402772050	
-0.2285686343478922	-0.0697728490428708	-0.0010433730415949	0.0018017215471350	-0.1994429402858016	-0.0249757010087620	-0.0005803453534375	0.0020004476848622	-0.1639005370323383	0.0532981506614758	-0.0009441506740697	0.0018559080280490	
-0.2256719283379834	-0.4004630010133860	0.0019386007096065	-0.0007505269577804	-0.1933662819217162	-0.3503067607613603	0.0019597824493829	-0.0006930388069608	-0.1445033845504015	-0.2606240579038413	0.0019692188561144	-0.0006656136443853	
0.1870640424616039	-0.2912866983705478	0.0020707285963363	-0.0001757682394909	0.2129838758018129	-0.2420860134153093	0.0020738330267495	-0.0001340281982646	0.2535282422446183	-0.1532064718125537	0.0020745497693999	-0.0001223738119544	
-0.1516893105683950	-0.0832379523831581	-0.0020736594566812	0.0001367005573716	-0.1277790941645915	-0.0415020837555323	-0.0020649725968581	0.0002341340260946	-0.0882880755179440	0.0408705099825755	-0.0020752310703207	0.0001101541938700	
0.2161844485850809	0.3173931181840787	-0.0020378648883377	-0.0004081593470197	0.2411235712947778	0.3726491887124458	-0.0020247446237038	-0.0004692157394652	0.2847098357182791	0.4801882882375837	-0.0020096159365589	-0.0005305690749258	
-0.1330288599877598	-0.0837069365111222	-0.0020778146493723	0.0000367492698573	-0.1080322663018191	-0.0422515831892388	-0.0020780941881691	-0.0000135260906941	-0.0696026515342405	0.0409483931005005	-0.0020779581295814	-0.0000274089876764	
-0.1475631945345843	-0.0834583011531176	-0.0020771539930509	0.0000641034891536	-0.1236880950498164	-0.0419241487333362	-0.0020716517283625	0.0001644729958131	-0.0841518279090260	0.0407522199938843	-0.0020780342403978	0.0000208171341997	
-0.2041511866983386	-0.4128377732057176	0.0011409957778352	-0.0017412320118866	-0.1705837092692780	-0.3585344434874109	0.0018108997613190	-0.0010220090735985	-0.1225730428717340	-0.2707992590080769	0.0013919858172310	-0.0015469172665904	
-0.1267736622133944	0.0072392099609891	0.0020428004124064	-0.0003825611111517	-0.1039403064578484	0.0496105785994423	0.0020581439811335	-0.0002882965014306	-0.0664520403957320	0.1327484089604011	0.0020546207905696	-0.0003125339463248	
0.2773474639276969	-0.3033187432100442	0.0018675590070399	-0.0009138054777545	0.3034123027199604	-0.2510047480161815	0.0020501564332791	-0.0003407262834352	0.3449716687461057	-0.1624974129002087	0.0019720839046674	-0.0006570334611921	
0.2546000659448097	0.3248420964495096	-0.0020391197577401	-0.0004018113448884	0.2804627257505311	0.3816605497839385	-0.0020274963980000	-0.0004571178551750	0.3271898911969874	0.4887866740488751	-0.0020313048523418	-0.0004397972133478	
0.1548773414151475	0.3049469911669259	-0.0020404700469922	-0.0003948621950180	0.1788251184748855	0.3579115831761029	-0.0020263611157622	-0.0004621493763667	0.2183094255769404	0.4621272127134035	-0.0020108784054082	-0.0005257398443473	
0.1692805817090183	0.3077224997692606	-0.0020360442818759	-0.0004171908067092	0.1933054552615117	0.3612958402540998	-0.0020242363942570	-0.0004714143861434	0.2336558811617164	0.4661311186498382	-0.0020082474571394	-0.0005357512788728	
0.1652761384496576	0.3069822962109898	-0.0020384987229232	-0.0004049658966750	0.1891384184701727	0.3603031445053296	-0.0020266844812926	-0.0004607221175172	0.2297502529283686	0.4651932009359460	-0.0020111120985898	-0.0005248407060661	
-0.2057474361224217	-0.0793072856106522	-0.0020629242083698	0.0002516279177686	-0.1807956605552288	-0.0385209499814073	-0.0020703718028725	0.0001799427364231	-0.1412949388899577	0.0430560495556808	-0.0020700901783704	0.0001831700889906	
-0.2284050974021903	-0.3994832276282913	0.0019394300203444	-0.0007483705774987	-0.1964700661169970	-0.3492363807091274	0.0019659330465046	-0.0006753046831932	-0.1463910000322296	-0.2600490834313050	0.0019680979309535	-0.0006689372585050	
-0.2287375193201443	-0.3993345330210729	0.0019393090693567	-0.0007486855195663	-0.1964700661169970	-0.3492363807091274	0.0019659330465046	-0.0006753046831932	-0.1476144818174885	-0.2595839934852395	0.0019676984690431	-0.0006701172489908	
0.1683153966931433	-0.2897904644334250	0.0020729033809131	-0.0001477763622546	0.1942931703323115	-0.2409832180505865	0.0020752263814123	-0.0001102429361421	0.2348264568038285	-0.1521538431382952	0.0020753559665341	-0.0001077634382347	
-0.2281454059425017	-0.0704861728729683	-0.0011082507141626	0.0017623590320181	-0.1994429402858016	-0.0249757010087620	-0.0005803453534375	0.0020004476848622	-0.1635870346921433	0.0528081902744910	-0.0010022642082794	0.0018250247364157	
0.1380937782485647	0.3014840074979388	-0.0020306568993295	-0.0004427942247509	0.1611633328637632	0.3537558988837775	-0.0020133511423700	-0.0005161411689547	0.2004987808620240	0.4574354315553885	-0.0020039695750221	-0.0005516150383533	
0.1714173178098409	-0.2899977040887803	0.0020725043503731	-0.0001532980058145	0.1974467590740530	-0.2411579231598298	0.0020747688588229	-0.0001185821529038	0.2379357969593290	-0.1523073825885063	0.0020751073596226	-0.0001124720325552	
0.2296476304626784	-0.2956715100621758	0.0020651929300779	-0.0002321727239697	0.2556287505506994	-0.2456122852159578	0.0020675209650369	-0.0002103209587460	0.2961185866264607	-0.1565109878127388	0.0020707702458792	-0.0001752744104096	
-0.1942947617554124	-0.0815374187894849	-0.0019747884223703	0.0006488182676230	-0.1693837648741884	-0.0399479962202376	-0.0020501542671259	0.0003407393822116	-0.1309233662887933	0.0416840317502926	-0.0020168341555771	0.0005022890044534	
-0.1745845690845101	0.0123780586464307	0.0020759988391574	-0.0000945029397653	-0.1517500498045535	0.0527987465520851	0.0020759137590623	0.0000963629554141	-0.1153830354596530	0.1361208162456323	0.0020781372644745	0.0000017388903074	
0.2047804162426313	0.3151561550510387	-0.0020410109337090	-0.0003920427047085	0.2295899513754168	0.3700016439045991	-0.0020259008663240	-0.0004641728495830	0.2722896361046795	0.4768758871981036	-0.0020104565891680	-0.0005273586448195	
-0.1205171960204378	-0.0835674817943695	-0.0020703444168532	-0.0001802591296520	-0.0955873832876576	-0.0422019222117817	-0.0020776673397061	-0.0000443363963269	-0.0571254373860716	0.0413531545348549	-0.0020692159047824	-0.0001928426418872	
-0.1152317033389125	0.0045276284740176	0.0019855946297356	-0.0006147797758646	-0.0925223410700508	0.0476519477165157	0.0020336462419690	-0.0004287846859254	-0.0550076032265570	0.1304601331842638	0.0020050142387366	-0.0005477865864008	
-0.2268733802059477	-0.0722384822313566	-0.0012522140340761	0.0016626448178896	-0.1986792089695369	-0.0272002554300558	-0.0007997864338118	0.0019228669086823	-0.1623307358542467	0.0508297186072992	-0.0011867105176110	0.0017102472669601	
0.2743116648990619	-0.3020924332336284	0.0019773924298367	-0.0006407980290928	0.3002554072515496	-0.2504792605738067	0.0020578020231843	-0.0002907394011668	0.3418186324217187	-0.1616552604301656	0.0020323478260435	-0.0004349276814465	
0.1932533387162788	-0.2918089449950836	0.0020697179084447	-0.0001873502677130	0.2192561205102966	-0.2425135381336734	0.0020736197733569	-0.0001373042028864	0.2597339539781618	-0.1536137457268678	0.0020737502191175	-0.0001353097516131	
-0.1071820959533158	0.0008046441826292	0.0016948573883146	-0.0012055519689482	-0.0843025435204173	0.0454297610571738	0.0019512634316651	-0.0007167899669320	-0.0467859033853416	0.1270367299099822	0.0017589476991946	-0.0011094556986996	
-0.2026091336581178	-0.4156196163467471	0.0009250078094349	-0.0018655709006302	-0.1681659320781044	-0.3602490789698772	0.0016319371311666	-0.0012898551230971	-0.1207421203140711	-0.2730819977021585	0.0012045668736576	-0.0016976549853446	
-0.2088253907531553	-0.0788871328163822	-0.0020678640824007	0.0002069030685896	-0.1838674251364890	-0.0382649562508555	-0.0020639147078456	0.0002433279957394	-0.1444619588360347	0.0433186794143208	-0.0020733434557870	0.0001414357079662	
-0.1579930984963250	-0.0825942778197313	-0.0020618817470955	0.0002600732321871	-0.1330315861996847	-0.0408940351480181	-0.0020689631421798	0.0001955492210617	-0.0945916752643648	0.0414192928847097	-0.0020657723347685	0.0002269332294783	
-0.6518866714169795	0.2778727464089504	-0.0010198295812473	0.0018152186206596	-0.6346504358053252	0.3149384365958557	-0.0017755132268120	0.0010826119435446	-0.6053943857079315	0.3909509431600576	-0.0013211776791906	0.0016081134462612	
0.1870238512389624	0.3115141595610802	-0.0020320069989611	-0.0004365252170883	0.2109448816592866	0.3655513014712135	-0.0020174530497160	-0.0004997849014330	0.2525743985951933	0.4715106791126946	-0.0019970463091583	-0.0005762967298520	
-0.1861302285175005	-0.0838673826431268	-0.0020776677501533	0.0000443170616693	-0.1620884521024986	-0.0417300001190000	-0.0019647166060474	0.0006788532634473	-0.1225721848704043	0.0394332788351395	-0.0020604290634514	0.0002713972716988	
0.2213829185829814	0.3183887491819269	-0.0020384407426167	-0.0004052591060765	0.2462776897387998	0.3738697142139396	-0.0020251529581256	-0.0004674413531938	0.2898407031247441	0.4815151883744160	-0.0020155547790657	-0.0005074239003480	
-0.1569179121664928	0.0111271324782808	0.0020712193073738	-0.0001698581739559	-0.1340275289369646	0.0522957486489148	0.0020756509482108	-0.0001018938547336	-0.0966318194019857	0.1355250469804961	0.0020760507691555	-0.0000933493988668	
-0.1030141873978581	-0.0032411589490215	0.0012545028176159	-0.0016609099119658	-0.0789587740747826	0.0427249794728243	0.0017294049779718	-0.0011551897243722	-0.0423155860290763	0.1231728265212054	0.0013556051129599	-0.0015790543828430	
-0.2102396580815767	-0.4066054119123657	0.0017540758330282	-0.0011171806522387	-0.1788472198024493	-0.3554430448769169	0.0019876494522540	-0.0006080698881026	-0.1297538622028050	-0.2654479923358908	0.0019021288003921	-0.0008390892214436	
0.2286183034085443	-0.2955560371869833	0.0020651947824258	-0.0002321561641179	0.2545975610565460	-0.2455197776410215	0.0020674747978755	-0.0002107765698620	0.2950842113240375	-0.1564341431375852	0.0020708047321960	-0.0001748644510659	
0.2831919493035799	-0.3077483394748314	0.0013827183887675	-0.0015552479336075	0.3107623052909216	-0.2528963274038941	0.0019316233910610	-0.0007683942272385	0.3521531215856997	-0.1667713939035003	0.0014959455517006	-0.0014461056088941	
0.2369705552695063	0.3214845731462865	-0.0020409800456410	-0.0003922042813924	0.2629661993506023	0.3777001472101202	-0.0020264262023348	-0.0004618624724757	0.3075527041425188	0.4854629731668210	-0.0020423683586351	-0.0003848725145212	
0.2566036012151924	0.3252575136345282	-0.0020382432702411	-0.0004062560839279	0.2826580617193162	0.3821413721128718	-0.0020263403452193	-0.0004622408942271	0.3294981998536319	0.4893817805175962	-0.0020053978035407	-0.0005463736729131	
-0.1714914788932013	0.0122128226797606	0.0020735064523374	-0.0001390135008639	-0.1486251613948811	0.0528702461929850	0.0020781084359789	0.0000111104406275	-0.1122660923709548	0.1360801648328804	0.0020774542860113	-0.0000534360543706	
-0.1516917718182864	0.0106586740393753	0.0020679376876964	-0.0002061624090186	-0.1288467078973324	0.0520234110083485	0.0020742742444926	-0.0001269810098801	-0.0924782151346230	0.1353181894880234	0.0020745388128414	-0.0001225603409226	
-0.2191554302492935	-0.4029661044068498	0.0019684101474473	-0.0006680133682575	-0.1872050072484141	-0.3525445885133530	0.0019553120307263	-0.0007056149936795	-0.1382604280287359	-0.2626383148046037	0.0019956932751222	-0.0005809881915497	
-0.1434135157335206	-0.0835536030449150	-0.0020779851383716	0.0000252674428645	-0.1194291902225955	-0.0421908974145473	-0.0020768300158938	0.0000739039284660	-0.0799979309203200	0.0407689241967513	-0.0020778798460610	-0.0000328361833023	
-0.1350515583322642	0.0086233190586064	0.0020557550410930	-0.0003049457846054	-0.1122412902347766	0.0506128106392416	0.0020665986929448	-0.0002192413661239	-0.0758755130183622	0.1339349433289521	0.0020663905878756	-0.0002212039296575	
0.2109978727705073	0.3163164642568574	-0.0020392107817370	-0.0004013468231902	0.2359532125288066	0.3715003560670913	-0.0020258900850850	-0.0004642201377649	0.2783766608074661	0.4784764598989912	-0.0020076723078559	-0.0005379133288849	
-0.2213599774740888	-0.4021601791746591	0.0019557436104106	-0.0007044119085704	-0.1890501813582605	-0.3519086605844287	0.0019554381548171	-0.0007052636458885	-0.1401294012678955	-0.2621451399618949	0.0019886319643703	-0.0006048327752423	
0.1465156045192753	-0.2883647879746887	0.0020727903785279	-0.0001493608778055	0.1724755549609203	-0.2397324784971352	0.0020724218369478	-0.0001544150343774	0.2119676275443145	-0.1511459134246668	0.0020755686179109	-0.0001035656302834	
0.1538749857865055	0.3047740671466911	-0.0020405629665017	-0.0003943793187537	0.1775928272581593	0.3576400760081891	-0.0020259632613321	-0.0004638990758068	0.2170672825706698	0.4618025417576644	-0.0020102269707176	-0.0005282376219850	
0.2451996484546330	0.3230366969071004	-0.0020417317478908	-0.0003882523027652	0.2711208537523613	0.3795387793438272	-0.0020274540291889	-0.0004573066772305	0.3157586339393903	0.4868471432077465	-0.0020523195097406	-0.0003273774668018	
-0.2085232733914207	-0.4080130423242731	0.0016175429456706	-0.0013079503117478	-0.1765880336949809	-0.3561615029916403	0.0019888184185057	-0.0006042163199050	-0.1276939403668597	-0.2665301375190864	0.0017910859391610	-0.0010565173648265	
0.2171893862296534	0.3175768957220007	-0.0020377414000136	-0.0004087784998554	0.2421075850108722	0.3728962781391394	-0.0020247428081756	-0.0004692236129246	0.2856906852982415	0.4804282523655266	-0.0020106040980068	-0.0005267931556656	
0.2099206740989806	-0.2934678666861532	0.0020667426573291	-0.0002178732284798	0.2358694729353731	-0.2437408424521509	0.0020714625734383	-0.0001668501728321	0.2764225047643715	-0.1548401660417394	0.0020710263264222	-0.0001722067816099	
-0.2022515040440879	-0.4164652117415494	0.0008638669625152	-0.0018948022730735	-0.1670553835959824	-0.3612312862563320	0.0015354109960215	-0.0014039190440147	-0.1202909717368849	-0.2737747234389169	0.0011516724153999	-0.0017341535078935	
0.1631409734730186	-0.2894546608259050	0.0020736943349203	-0.0001361677855531	0.1891092236415467	-0.2407000856540185	0.0020756587759476	-0.0001017334733153	0.2296393491673240	-0.1519139024957182	0.0020759288916900	-0.0000960347663760	
0.1734647084437754	0.3086470460746938	-0.0020347250357371	-0.0004236099635337	0.1974826967227591	0.3622372310362835	-0.0020225191134538	-0.0004787647956180	0.2380260011286255	0.4673934049701247	-0.0020053690397783	-0.0005464797642564	
0.2036465541802307	-0.2928122538143145	0.0020680816203656	-0.0002047062537673	0.2296710981727120	-0.2432911791484082	0.0020725189885286	-0.0001530989854103	0.2701435686120015	-0.1543362941252912	0.0020719184239422	-0.0001610613617288	
0.1506794391472650	0.3041000419875585	-0.0020399269363124	-0.0003976724212473	0.1736420836530035	0.3568167904953506	-0.0020259815615625	-0.0004638187466990	0.2141467416193863	0.4611092830232255	-0.0020102831742754	-0.0005280226198365	
0.2306114472747309	0.3201900614138355	-0.0020397279726100	-0.0003986967788369	0.2556187453898374	0.3759996481614653	-0.0020261108493750	-0.0004632508185859	0.3003694123382243	0.4840219987442602	-0.0020298195184066	-0.0004466362200285	
0.2681264043112440	-0.3006327053532907	0.0020481564487966	-0.0003526074253782	0.2940702920680879	-0.2497225915763300	0.0020623824972314	-0.0002560517939440	0.3356067109643921	-0.1606173188167656	0.0020604449781007	-0.0002712758162809	
0.1860305136470046	-0.2912131288973264	0.0020708855281610	-0.0001739001700242	0.2119483312649586	-0.2420306717848670	0.0020738283388819	-0.0001341010773905	0.2524927805314549	-0.1531427906057506	0.0020746440939236	-0.0001207560342905	
0.1672779679729538	0.3073506121668483	-0.0020371711499124	-0.0004116250895632	0.1910941072327608	0.3608033715272978	-0.0020260535099155	-0.0004635027864335	0.2317026549323681	0.4656613612036815	-0.0020095418305486	-0.0005308510884369	
-0.1039452698682589	-0.0021192308880748	0.0013772465725209	-0.0015601197904645	-0.0801458837432310	0.0434954968583229	0.0018014974895178	-0.0010385746594770	-0.0438329972145015	0.1247819138995490	0.0015283259154564	-0.0014116671614716	
0.1350887592742790	-0.2874074359018684	0.0020688789175859	-0.0001964427413863	0.1610234723285474	-0.2387847075536670	0.0020705551711389	-0.0001778096523588	0.2015359246804475	-0.1504648552119061	0.0020725927550000	-0.0001520920717997	
-0.1004444174298910	-0.0081913046578787	0.0006777226853778	-0.0019694340122572	-0.0750829098692509	0.0393360813877294	0.0013681084393504	-0.0015681794457882	-0.0395070185105352	0.1187388027705010	0.0008374572265714	-0.0019066809159029	
-0.1423736977105049	-0.0835554342241411	-0.0020780225999027	0.0000219539024097	-0.1173648251228334	-0.0422419052316854	-0.0020777978085906	0.0000376940705345	-0.0789588712429075	0.0407791481665472	-0.0020777659942351	-0.0000394171459765	
-0.1547942302589370	0.0109353147827006	0.0020699256976277	-0.0001850287637297	-0.1319564838402367	0.0521947156207891	0.0020752618412438	-0.0001095700349468	-0.0955935387691230	0.1354806098189511	0.0020757227761696	-0.0001004125497353	
0.1797554822425493	-0.2906711395507754	0.0020717295698129	-0.0001634846319759	0.2057368700868820	-0.2416463149611173	0.0020738473071173	-0.0001338059453361	0.2452415157643765	-0.1527083414218537	0.0020749329683241	-0.0001156603311713	
-0.1838547748520802	-0.0835695720027244	-0.0020637844108279	-0.0002444361529962	-0.1600557097777834	-0.0424788511524537	-0.0019747339977568	0.0006489847238049	-0.1194581143461837	0.0394630434698733	-0.0020647426430019	-0.0002361633762347	
-0.1932943345559250	-0.0819517946957263	-0.0019637576583321	0.0006816361303993	-0.1693837648741884	-0.0399479962202376	-0.0020501542671259	0.0003407393822116	-0.1298672635970051	0.0413818541307491	-0.0020040292802449	0.0005513970022451	
0.1371006670308736	0.3012843503191763	-0.0020292150516252	-0.0004493881926532	0.1599354131994351	0.3534282412139208	-0.0020105102364593	-0.0005271530578202	0.1985617767412171	0.4569499578738766	-0.0020010555706055	-0.0005621461000016	
-0.1610559932254313	0.0114542093639073	0.0020729286356253	-0.0001474199012454	-0.1381615518422695	0.0524851381776452	0.0020758599728857	-0.0000975204857826	-0.1007818115595764	0.1356808526574854	0.0020769354262212	-0.0000708642990636	
-0.2357862099012417	-0.3966227868559484	0.0019528139390205	-0.0007125336845922	-0.2005212025607854	-0.3478502025279213	0.0019726461533260	-0.0006553349879906	-0.1538281455784566	-0.2574534437997141	0.0019737017043368	-0.0006521330547690	
-0.1506581424802618	0.0105499377399947	0.0020672761349125	-0.0002127258717644	-0.1278095380942509	0.0519630256015863	0.0020738299423973	-0.0001340761530921	-0.0914398936268073	0.1352527764937335	0.0020741271857152	-0.0001293726780266	
-0.1277868684008058	0.0074322661481348	0.0020447295515066	-0.0003720592876628	-0.1049658216943512	0.0497560662848352	0.0020595127293723	-0.0002782995184416	-0.0675780061771747	0.1329304016454590	0.0020565170858057	-0.0002997373984929	
0.1496244038083475	-0.2885935204529276	0.0020735838600056	-0.0001378482126914	0.1755864158252739	-0.2399373447204933	0.0020735541191649	-0.0001382970953404	0.2150847955353360	-0.1513050331071112	0.0020761072671782	-0.0000920779405710	
-0.1620893228383020	0.0115278058796566	0.0020731319848485	-0.0001445175017647	-0.1391918090062350	0.0525473313475130	0.0020758742216203	-0.0000972151841738	-0.1018178769389240	0.1357244159007066	0.0020770430695787	-0.0000676192439614	
-0.1120955202793970	0.0034444359581534	0.0019258165265600	-0.0007829057781930	-0.0893523517048505	0.0469096758018913	0.0020171847014977	-0.0005008722948601	-0.0518552542626554	0.1294547229156975	0.0019541266989465	-0.0007089073988503	
-0.1485909061886614	0.0103409535373322	0.0020660780282968	-0.0002241189135967	-0.1257351351967918	0.0518287122335296	0.0020729145725960	-0.0001476185024911	-0.0893638428282911	0.1351191282381039	0.0020733084606710	-0.0001419503382261	
0.2213285883558483	-0.2947161442446342	0.0020651803883555	-0.0002322848145806	0.2473012285601082	-0.2447597405115650	0.0020684978309285	-0.0002004353837739	0.2878485239357965	-0.1558583323563904	0.0020707693036784	-0.0001752855973584	
-0.6639650590659173	0.2852235375948953	-0.0020781379879157	-0.0000000431955242	-0.6629207019328437	0.3231155892050025	-0.0020774962279937	0.0000517713494303	-0.6639650453334917	0.4110587654619112	-0.0020781379883403	-0.0000000096144862	
0.2431919023297465	0.3226218847876240	-0.0020416546679524	-0.0003886594569528	0.2691383781130153	0.3790699797539258	-0.0020272911053019	-0.0004580320066115	0.3137744557123079	0.4865419743737233	-0.0020507226373824	-0.0003372845111799	
0.2285901243253678	0.3198241758040111	-0.0020392947309536	-0.0004009179106321	0.2536191413151820	0.3755787917660586	-0.0020264234669461	-0.0004618745339383	0.2981734489865215	0.4835154372913066	-0.0020263858938962	-0.0004620401755719	
0.1985060250418573	-0.2922782600470410	0.0020688866910050	-0.0001963604467125	0.2244259711182410	-0.2428879675174097	0.0020731512226516	-0.0001442398821797	0.2649781248621442	-0.1539675572662463	0.0020727987452695	-0.0001492441392600	
-0.1226012836761305	-0.0837187698801490	-0.0020761156885754	-0.0000918869118250	-0.0976566717429382	-0.0422278576390790	-0.0020780515378770	-0.0000190027200903	-0.0592082932843178	0.0411856162117608	-0.0020746636205177	-0.0001204184053807	
0.2379696111090703	-0.2965845041082435	0.0020645594478462	-0.0002377675240281	0.2639559093058532	-0.2464194903505054	0.0020682534134550	-0.0002029544262812	0.3044495336097613	-0.1572522544093143	0.0020698771116060	-0.0001855742085971	
-0.1099601252580426	0.0024561971499747	0.0018501842867281	-0.0009486614667842	-0.0874032906376899	0.0463976980462286	0.0019997347692298	-0.0005668500166758	-0.0500378064266942	0.1287663542873620	0.0019064220803192	-0.0008292392226766	
-0.1361425351168059	-0.0836309420606458	-0.0020779186486193	0.0000302680034802	-0.1111466086902495	-0.0422538059614898	-0.0020780829737141	-0.0000151590807452	-0.0727209857857811	0.0408927196342570	-0.0020778065374898	-0.0000372073582238	
0.2140338377881424	-0.2938951969262038	0.0020658545997366	-0.0002261793556421	0.2399963770941385	-0.2440635913820271	0.0020704784193112	-0.0001787056113123	0.2805488297141617	-0.1552057319546588	0.0020707471617332	-0.0001755482866655	
0.2462041238795660	0.3232344681775319	-0.0020414256992808	-0.0003898663249080	0.2723143163884211	0.3798232649717715	-0.0020274623674735	-0.0004572695230670	0.3170551167465273	0.4870715146462247	-0.0020530046506057	-0.0003230312666240	
-0.6528326074071079	0.2198615752392251	0.0000903301479847	0.0020813643106068	-0.6278866775105499	0.2583647600273982	0.0001806149624964	0.0020754499994919	-0.6010300638762145	0.3323111644167533	0.0000368584764973	0.0020830056239148	
0.1444470452184379	-0.2882005886280148	0.0020720941830827	-0.0001587726924104	0.1704076470364131	-0.2395792054570060	0.0020716782866069	-0.0001641364551070	0.2098922894103529	-0.1510318659130945	0.0020750578984935	-0.0001133854382584	
0.2566507724016927	-0.2989480477533141	0.0020599222045164	-0.0002752369364350	0.2826010052998358	-0.2483342715507993	0.0020656072243216	-0.0002284386996543	0.3231622164861669	-0.1591223991311160	0.0020657956783001	-0.0002267195677999	
0.2244136348504414	-0.2950809209033388	0.0020651794818649	-0.0002322929141433	0.2503901466209602	-0.2450863863145191	0.0020678596558863	-0.0002069475254285	0.2909489870132508	-0.1561000353282703	0.0020708521115201	-0.0001742996413475	
-0.6500771049228097	0.2730246965801166	-0.0004433015335721	0.0020353814675966	-0.6310063282772389	0.3121806002536188	-0.0014985944585129	0.0014433466194156	-0.6029675430023238	0.3873404155702231	-0.0009653759198478	0.0018449014968640	
