-0.5472512865614607	-0.0499947329391292	-0.0001002825198521	-0.0020809062564703	-0.4965491785009915	0.0114639113116094	-0.0000411421023948	-0.0020829250181526	-0.4702654461257423	0.0854461215739281	0.0000086630676508	-0.0020833152313858	
-0.4866559323519779	-0.3982499013492259	-0.0016443448172852	0.0012739197977375	-0.4317170297328938	-0.3253023832030056	-0.0020617789411871	0.0002608910598626	-0.3994565366194518	-0.2440096837119006	-0.0020777152609966	-0.0000420188986209	
-0.3668066246835093	-0.4947874606457707	0.0006749904266192	0.0019703768151789	-0.3112091486564102	-0.4170815005340155	0.0010247170043893	0.0018124502893092	-0.2835152487483772	-0.3355410519556487	0.0012080848386146	0.0016951408006180	
-0.4098592628663296	-0.4642711247438574	-0.0007196422780024	-0.0019544308909927	-0.3531765909134650	-0.3875654489882495	-0.0006159491499001	-0.0019897198507655	-0.3233165026914865	-0.3061458200841586	-0.0006457670472350	-0.0019801957016271	
-0.3703521485977626	-0.3976495072781398	-0.0014176179689017	-0.0015233437918742	-0.3164671374185793	-0.3263029070270941	-0.0014021810786463	-0.0015376355723574	-0.2895910394767125	-0.2481022508132373	-0.0014530557206009	-0.0014894082045909	
-0.1297442736970567	-0.1958262088645884	0.0001124090539062	-0.0020802833279212	-0.0867880490163229	-0.1301763974182343	0.0001357945822798	-0.0020788807789547	-0.0623445543837128	-0.0604166918693426	0.0001325005589230	-0.0020790943913023	
-0.1249042766661080	-0.2563434171820414	0.0008914676594771	-0.0018819098410866	-0.0827468946850878	-0.1894912942446808	0.0004632858049440	-0.0020309036241459	-0.0584498472363871	-0.1177855245751198	0.0005725830405386	-0.0020026944683858	
-0.5479654019566450	-0.1199580954143452	0.0002355181569352	-0.0020699109364512	-0.4959570228371202	-0.0563724139032716	0.0000341798715694	-0.0020830515273362	-0.4684000501715667	0.0178015908815991	0.0000919276208904	-0.0020812940167216	
-0.2577400642463765	-0.4536241215444173	-0.0020522872717590	0.0003275805129366	-0.2109595897313634	-0.3815156907503638	-0.0020328568738924	0.0004325301660326	-0.1859712495609919	-0.2998144312783932	-0.0019805006802119	0.0006310771774062	
-0.3203099337795143	-0.3901554994906603	0.0020675238796467	-0.0002102921617898	-0.2707246708284877	-0.3170581547405197	-0.0013867362727439	0.0015516485043976	-0.2439058427277094	-0.2431018406728478	0.0019412113612982	0.0007437144404366	
-0.3518907589302563	-0.3500546770064387	-0.0001492952406697	-0.0020779502217907	-0.3006311983217344	-0.2791258784622833	-0.0001612167283672	-0.0020770548446447	-0.2732146790625242	-0.2031326304703097	-0.0001202090949048	-0.0020798449965883	
-0.4136178779205369	-0.4885249729869618	-0.0000371039383285	-0.0020830012442202	-0.3576516098563794	-0.4092707599622024	-0.0001881845284777	-0.0020747739810885	-0.3273049881311781	-0.3270843592695634	-0.0003013732222342	-0.0020613095987603	
-0.4520471119469438	-0.1990152069782725	0.0008502987372967	-0.0019009603564032	-0.4020341764959424	-0.1331980093016455	0.0011010970072178	-0.0017668597872457	-0.3738814364904499	-0.0580198534706440	0.0011523058478051	-0.0017337305639149	
0.2015972621764838	-0.0885159097629598	-0.0018726993785894	0.0009031710146076	0.2429860178020403	-0.0241848200376012	-0.0013305960883309	0.0016002900775196	0.2723564137088472	0.0449514383586836	-0.0013019891116048	0.0016237658876694	
-0.4592200240204360	-0.2715530566254654	-0.0020642419260570	0.0002405222297375	-0.4084353955565885	-0.2054143514502358	-0.0019737138513359	0.0006520961062780	-0.3800683897985727	-0.1276833470242372	-0.0019489740128780	0.0007230227076423	
-0.4128024122065559	-0.4737948994495660	-0.0003749057946981	-0.0020491509882486	-0.3559933710370208	-0.3960838697585209	-0.0005526696115101	-0.0020083089779141	-0.3257232486429829	-0.3142888235796693	-0.0004414740482740	-0.0020357806187507	
0.1665686019479100	-0.0558834415021308	-0.0004701243507429	0.0020293236328232	0.2103714157932881	0.0097489316451774	-0.0001254697936995	0.0020795327111901	0.2391236854701866	0.0772116680816321	-0.0000305102043476	0.0020831087933729	
0.2805612604133735	0.0323027364461725	-0.0008929437382449	0.0018812064033700	0.3254053524967389	0.0992489522016921	-0.0014302515910472	0.0015114288871441	0.3613501613773888	0.1694906106066525	-0.0010090732294915	0.0018212499793985	
-0.0501324156369177	-0.1374216626779869	-0.0005491262679538	-0.0020092855786839	-0.0069581284514338	-0.0740968274517212	-0.0006096501399257	-0.0019916685957364	0.0168553372623882	-0.0052881718877636	-0.0005829554751517	-0.0019996848207547	
-0.1293439389610933	-0.2031508357284227	0.0001147307413621	-0.0020801559404957	-0.0863101765965504	-0.1375042483950236	0.0001358642536387	-0.0020788762039897	-0.0618752393328621	-0.0676807326153588	0.0001297510171411	-0.0020792686621684	
-0.0515448814619595	-0.1520531331899750	0.0001633063617137	-0.0020768907767337	-0.0093666397835664	-0.0874996009937080	-0.0000432833970736	-0.0020828814047718	0.0151293186578640	-0.0187684973981240	0.0000764604954592	-0.0020819227418029	
0.0184703805273573	-0.4367262359256295	-0.0011925133587601	0.0017061859038076	0.0577892523171982	-0.3650835576949542	-0.0011865840755254	0.0017103354351588	0.0801420050311284	-0.2904634118570228	-0.0011708957078450	0.0017211674719808	
-0.4530374529120611	-0.1968791198439258	0.0009264865333771	-0.0018648332981551	-0.4032105302569509	-0.1313552445731008	0.0012794626592214	-0.0016416630977609	-0.3750881710610531	-0.0562149033794662	0.0013187717893285	-0.0016100969165064	
-0.4812970525562016	-0.4033492559562815	-0.0013934431577754	0.0015455980684295	-0.4255976222045711	-0.3287365163969270	-0.0015505029058573	0.0013871493052408	-0.3936105210425623	-0.2466817753739810	-0.0016100288026364	0.0013172349325491	
0.2977657020799898	-0.1083700851952923	-0.0001994413605031	0.0020737169017520	0.3442211716712706	-0.0437355018116811	-0.0001032180817130	0.0020807619923807	0.3746789344119941	0.0229094494227274	-0.0000349743902035	0.0020830382728416	
0.2356290207576363	-0.2198078310210492	-0.0000679898207180	-0.0020822180529634	0.2785501717723491	-0.1541468533286331	0.0005384654575664	-0.0020121831903145	0.3046931766865910	-0.0885062087540370	0.0002749026791327	-0.0020650249308536	
0.1018142072986208	-0.1364913571439747	-0.0020017175336790	0.0005597725294797	0.1400450891683526	-0.0742507036890268	-0.0014921075866991	0.0014500851310646	0.1664823007420616	-0.0048763782318530	-0.0016756189715005	0.0012322835701732	
0.3027419402305381	-0.1530955070025424	-0.0002981375718837	0.0020617824280007	0.3479416305486029	-0.0875043630489035	-0.0002896064367577	0.0020630041216454	0.3771409876838827	-0.0229169405616432	-0.0002329973173811	0.0020701976354501	
0.0083642096662367	-0.3750196678120116	0.0002996338723935	-0.0020615644197737	0.0508334913155454	-0.3051733803310643	-0.0001855206925249	-0.0020750150711920	0.0730305223983384	-0.2334659642858152	0.0000033364556566	-0.0020833306482919	
0.0941416172045333	-0.0887005696088930	0.0002613318259490	0.0020667949961397	0.1375470082006867	-0.0258607533069472	0.0009895108381804	0.0018320055406122	0.1630048265380097	0.0426705376577530	0.0003527880789296	0.0020530940733752	
-0.5455960555847288	-0.3583336637253835	-0.0000088789328740	-0.0020833143180180	-0.4854981148222044	-0.2854267082504329	0.0000826648902704	-0.0020816844341938	-0.4522824881641976	-0.2062687124527177	0.0001194129015939	-0.0020798910909910	
0.1714741227255777	-0.0634991659113179	-0.0014150627921561	0.0015257295119016	0.2127650200764817	0.0007243983310358	-0.0011178002825361	0.0017562873083717	0.2413923604425279	0.0702543696670512	-0.0013164344250103	0.0016120180995266	
-0.0592301918264678	-0.2330734141762876	-0.0020754490036317	0.0001059473759232	-0.0197774263965870	-0.1711333256624332	-0.0020407722351368	0.0003932895571944	0.0031214829199371	-0.0989325799940665	-0.0020169101852939	0.0005019820955132	
0.0802981069568546	-0.0548790713891513	-0.0015841181386274	0.0013484378611284	0.1195117028171575	0.0073127344774733	-0.0019822499558944	0.0006255331785590	0.1467346380540228	0.0783866685501263	-0.0019971671084477	0.0005758758609190	
-0.6328345145112897	-0.4822722315705679	-0.0007165090145114	-0.0019555875013420	-0.5635025034609102	-0.4019350546243857	-0.0008076311471935	-0.0019195687773132	-0.5254594228466081	-0.3157375197963574	-0.0007074352766857	-0.0019589047082032	
0.0236322308665786	-0.4432122076221001	-0.0013767396060303	0.0015605694245777	0.0630331911559150	-0.3723550022726890	-0.0013037379965681	0.0016223549941163	0.0844631673802571	-0.2964544085739253	-0.0013047713077572	0.0016215199139164	
-0.6109721490004535	-0.4458337507520133	-0.0013219380007885	-0.0016074853583964	-0.5434497467866439	-0.3687332873177022	-0.0013066520390064	-0.0016199971784268	-0.5081901224207428	-0.2853335091387496	-0.0012777190900134	-0.0016430272885409	
-0.6151077208828620	0.1688003562912292	0.0020718885944228	-0.0001614465509859	-0.5734885494121299	0.2252531166978975	0.0020693310023027	-0.0001915973992092	-0.5539316891893334	0.3037817266924847	0.0020648184206445	-0.0002354965929147	
-0.0740482527180927	-0.2251880140105769	-0.0011735839759674	0.0017193264158578	-0.0334756778446028	-0.1594628822149050	-0.0006929246102487	0.0019641103682861	-0.0092738520050217	-0.0885077809644719	-0.0007917099855669	0.0019262230233012	
0.1319092725222055	-0.1115422421574129	0.0019414425444059	-0.0007431077117671	0.1706991048284318	-0.0496068899680210	0.0017702976754968	-0.0010911620234399	0.1976902224849347	0.0201419261842083	0.0017744324611354	-0.0010843912979340	
0.0011763048946295	-0.4152483009222122	-0.0016269751342720	0.0012961396166117	0.0405709637588847	-0.3466917788018650	-0.0018355689177598	0.0009767788395870	0.0613557488737775	-0.2706188797084134	-0.0018865324772132	0.0008737595335559	
-0.3377535463591783	-0.4145580248000384	0.0006082879031072	0.0019920871520235	-0.2852160328779347	-0.3413949334072723	0.0005971430764643	0.0019954730757681	-0.2582524345313236	-0.2637689406137583	0.0006365406288011	0.0019831957425839	
-0.2327506773081360	-0.4572796660181151	-0.0020578453885054	0.0002904307654539	-0.1860063237383094	-0.3855884913771847	-0.0020537661278136	0.0003181294253348	-0.1621286128448981	-0.3045480624823647	-0.0020499429923087	0.0003420144887861	
-0.4898290102906058	-0.4283182722454242	0.0008420003620633	-0.0019046689775354	-0.4326499115950071	-0.3523321499883404	0.0011463973149443	-0.0017376626905502	-0.4003123743932275	-0.2699868292380455	0.0013373192379112	-0.0015946478427314	
-0.2265044931839348	-0.4581086450236209	-0.0020613249336891	0.0002644719956637	-0.1797627511136015	-0.3865146136625209	-0.0020572485152554	0.0002946498180776	-0.1558861775264255	-0.3055233630792339	-0.0020523046503510	0.0003274710724955	
-0.5769874732469866	0.1568275498651254	0.0017014669673128	-0.0011961583900263	-0.5363012503020871	0.2153756265494701	0.0020115493861471	-0.0005231538020853	-0.5145376739905585	0.2934095852167812	0.0020076472465615	-0.0005380073254817	
-0.6171235458917064	0.2306067493048935	-0.0020108996862746	0.0005256580338419	-0.5777264761153199	0.2885212069173009	-0.0020068458949958	0.0005410037040952	-0.5590163870768021	0.3687629011292202	-0.0020002839138006	0.0005648994213053	
0.0737394164200355	-0.0521186886102252	-0.0020571242634484	0.0002955203763397	0.1125061413130692	0.0086391902800021	-0.0019989556790633	0.0005696050192768	0.1394655900548822	0.0794189098019272	-0.0020200125501019	0.0004892844968716	
0.3111474440674541	-0.2343313339727538	-0.0001516766712089	0.0020777768870453	0.3557660278649730	-0.1686993794354690	-0.0002487733954175	0.0020683519399990	0.3821606241697593	-0.1041860508138480	-0.0001296789416318	0.0020792731810976	
-0.2223788686193757	-0.4586413312465185	-0.0020637470447181	0.0002447530077407	-0.1766741668671695	-0.3869182441384811	-0.0020590762464669	0.0002815267577888	-0.1527261966485060	-0.3060317879004957	-0.0020543018768683	0.0003146337863139	
0.5277426679708912	-0.4563758778426005	-0.0014499821881992	0.0014924155083790	0.5684845463004544	-0.3924641799547452	-0.0018387552755228	0.0009707371314201	0.5882662609126210	-0.3236258794241045	-0.0018487647159722	0.0009514387977218	
-0.3520792795443491	-0.3552386583850799	-0.0000147588313523	-0.0020832807934117	-0.3009700423747021	-0.2844282506077818	-0.0000844443584611	-0.0020816126511159	-0.2733673317785865	-0.2072777159959292	-0.0000411864197857	-0.0020829241379357	
-0.5747271377285593	0.1550242296675233	0.0016027174450590	-0.0013261655246019	-0.5340895637828537	0.2145700242034763	0.0018847243268086	-0.0008776724101920	-0.5123620034516272	0.2925459981018862	0.0018722041208078	-0.0009042023331541	
0.2191262420060431	-0.0489697808662787	0.0002393731752086	-0.0020694664542005	0.2641228214334336	0.0166828486300225	0.0002091086326202	-0.0020727596223755	0.2946620556376521	0.0843494003324163	0.0001565594074286	-0.0020774128675567	
-0.3607570519106842	-0.3863558188119858	-0.0012758712080278	-0.0016444698317574	-0.3076649839894448	-0.3155757527474248	-0.0012175504148190	-0.0016883208684688	-0.2813830346991938	-0.2386446185005411	-0.0012745676505739	-0.0016454854344971	
0.2354246777180788	-0.2167599231495809	0.0003642807072201	-0.0020510760621145	0.2776451473597620	-0.1509857758894349	0.0005648435518826	-0.0020049020685391	0.3041567843857700	-0.0854787323695107	0.0004728446330071	-0.0020286883504352	
-0.4294905249624992	-0.3648224056808799	0.0013176424899476	-0.0016110258491626	-0.3773623914107549	-0.2928427496792693	0.0013826354487464	-0.0015553220379465	-0.3476118211425422	-0.2131835476526867	0.0013920350368513	-0.0015468727534052	
0.3031894502367980	-0.1562676877497720	-0.0002959874260319	0.0020620937493415	0.3485142795236182	-0.0916435173562061	-0.0002849511074218	0.0020636555310920	0.3774954126572465	-0.0260342197811761	-0.0002238423223961	0.0020712125802044	
-0.5461120988684652	-0.3718691282412197	-0.0002117664236724	-0.0020724884207663	-0.4853744963202606	-0.2979223891768892	-0.0000558133505199	-0.0020825818237374	-0.4521030319346068	-0.2187565898931672	-0.0001054481047590	-0.0020806496122536	
-0.5458163130614617	0.0645680192899745	0.0000667345680690	-0.0020822588647560	-0.4987268325756619	0.1250020410996606	0.0001137460336015	-0.0020802102888779	-0.4748032178363425	0.2000051036332344	0.0001669324965522	-0.0020766010240090	
0.2843698728315204	-0.0000503970955054	-0.0002061189539523	0.0020730605548204	0.3322286422859455	0.0666445804004375	-0.0002220262999880	0.0020714090164436	0.3661678269770292	0.1354242488924607	-0.0002143265638067	0.0020722239105236	
0.3068041883921754	-0.1853887182547184	-0.0001777063375147	0.0020757023245882	0.3520135335387473	-0.1208496493455376	-0.0001944071093168	0.0020741973017991	0.3799107949092251	-0.0552221833551296	-0.0001201415991606	0.0020798489160747	
-0.0456149730112883	-0.1624378714934303	0.0019524127772227	0.0007136376688342	-0.0075747778033253	-0.0990480258267288	0.0007956408308765	-0.0019245945723279	0.0170793788381999	-0.0290367904150271	0.0008536514727235	-0.0018994495998065	
0.1691705129577833	-0.0606889279143358	-0.0012422931185274	0.0016701076249450	0.2110026144613892	0.0042470750489333	-0.0004941108196108	0.0020235884023935	0.2400033290769490	0.0728904446681609	-0.0008513535174099	0.0019004858384361	
0.2241679420986830	-0.0926798912737147	0.0000213405010696	-0.0020832234831771	0.2691667179532390	-0.0281288806655322	0.0000579755786451	-0.0020825224568327	0.2981990680938246	0.0385435163754527	-0.0000411332854628	-0.0020829251931585	
-0.5972237254679664	-0.4304980313682589	-0.0014445999566161	-0.0014976519472219	-0.5318068927330035	-0.3554397592706885	-0.0014240099871939	-0.0015173403171846	-0.4971059526467840	-0.2724029392867509	-0.0014203302131385	-0.0015208026056954	
0.2223305862986441	-0.1260388695698043	-0.0002434167246960	-0.0020689923748249	0.2673148620801175	-0.0614676293075850	-0.0001535599838503	-0.0020776378554539	0.2950164209179926	0.0041750686518452	-0.0002983256299464	-0.0020617550895169	
-0.4426507089316694	-0.2166737217489764	0.0011667098960881	-0.0017240218179202	-0.3931158443465163	-0.1503642508439358	0.0011395814938878	-0.0017421625785566	-0.3647983226612608	-0.0750909910876708	0.0011393132040873	-0.0017423389208673	
0.0093919771229459	-0.4238969756218008	-0.0012945120071623	0.0016297629155490	0.0487306099853643	-0.3533369029441604	-0.0013954220262506	0.0015438027604779	0.0707366441711315	-0.2779660005438819	-0.0013875161433372	0.0015509476754584	
-0.6318528740256047	0.1704436337759509	0.0020576831308589	-0.0002915838619460	-0.5902531358322785	0.2279497589839629	0.0019457266370200	-0.0007317600081055	-0.5692522099734387	0.3066757305028183	0.0019212706097407	-0.0007940513507580	
-0.4841635597459166	-0.4562520213384751	-0.0002680968443622	-0.0020659240138511	-0.4248880127992190	-0.3781195941631375	0.0000393030839609	-0.0020829607082354	-0.3922410598999841	-0.2958527030254471	-0.0000315558861784	-0.0020830931373157	
-0.6391249459127970	0.1726806802223921	0.0018645227215720	-0.0009200156769546	-0.5972451994286863	0.2316753416942675	0.0017135615044579	-0.0011786793165397	-0.5756429946933757	0.3104189649394588	0.0016794894707428	-0.0012269767079084	
0.1581242474942414	-0.1386451032182717	0.0002155451747275	-0.0020720968767035	0.2010827780036231	-0.0738903161916539	0.0001264814936157	-0.0020794711158669	0.2277168086540975	-0.0062994066637347	0.0001293431723059	-0.0020792941996539	
0.0020120056033210	-0.4158022002459446	-0.0015867778484517	0.0013452913368819	0.0414947089563451	-0.3471301689977016	-0.0017966899092490	0.0010469109317603	0.0622901164412636	-0.2710547744595636	-0.0018533390266066	0.0009424523513618	
-0.4055850138210570	-0.4488478437950604	-0.0004888290367168	-0.0020248772032010	-0.3496446952948586	-0.3727967107855856	-0.0004499880233834	-0.0020339063019042	-0.3197335088291519	-0.2917472655259184	-0.0004502587516512	-0.0020338460862467	
-0.5466353476528337	-0.0354182197046874	-0.0000193487007963	-0.0020832430322347	-0.4965792785752344	0.0260461996422069	0.0000610893008416	-0.0020824329982649	-0.4705534748190885	0.1000103436353807	0.0001036811156039	-0.0020807388562696	
-0.5745409183925075	0.2191555856837983	-0.0020069520323500	0.0005406078627066	-0.5361159570849809	0.2773401071709746	-0.0020078454804118	0.0005372633345763	-0.5164972490767578	0.3568548991208953	-0.0020010576846865	0.0005621385368382	
-0.6289662706414769	-0.4737236651899817	-0.0009473344135848	-0.0018542768038091	-0.5597115071130064	-0.3939839295911673	-0.0009556196992444	-0.0018499991934024	-0.5227311205158280	-0.3093289538856606	-0.0008914450071890	-0.0018819206251109	
0.1829741338933684	-0.0727316123358709	-0.0017827044286145	0.0010706692579213	0.2232268478400510	-0.0096826985991617	-0.0016837694960391	0.0012210671333546	0.2527704137024540	0.0598645306806481	-0.0016989349868485	0.0011997698728992	
-0.4844012768168832	-0.4002005147767748	-0.0015086553434557	0.0014327743724877	-0.4285588004348618	-0.3264238182593029	-0.0017862519670753	0.0010647104139612	-0.3975118183961754	-0.2444855313036712	-0.0019817466254949	0.0006271339138739	
0.1404657841829284	-0.1484638543330178	-0.0018941835795838	0.0008569622295501	0.1797189105143633	-0.0865506650364676	-0.0018448669355317	0.0009590124221422	0.2056437439083190	-0.0168728193485111	-0.0018391008119525	0.0009700790601528	
0.2907011683596843	-0.0510808394263324	-0.0002567437604432	0.0020673728305449	0.3377378641818707	0.0145911049466908	-0.0002354182432163	0.0020699223592702	0.3701622649766616	0.0812920696442119	-0.0001621544309641	0.0020769814837069	
0.2227372922778522	-0.0749764020192968	0.0003054294616740	-0.0020607094901743	0.2671901047620903	-0.0093627559260670	0.0003018433239459	-0.0020612404685461	0.2971252390095573	0.0572894815461584	0.0002353962913257	-0.0020699248683024	
0.0962995950850024	-0.1326202559132216	-0.0009157061264955	0.0018701770607058	0.1383776453982216	-0.0686646424256925	0.0001661445894389	0.0020766645276813	0.1641227822216892	-0.0000305244269181	0.0000276350365369	0.0020831491207506	
0.1920732272711287	-0.0784037286014527	-0.0016573997276168	0.0012568022449063	0.2327617283119890	-0.0156053671918702	-0.0017822796635878	0.0010713797278687	0.2618856507644438	0.0542405426893103	-0.0017722082166524	0.0010880407047897	
-0.0778153256088893	-0.2021013099352798	0.0001085261305311	0.0020804905415677	-0.0350423325188560	-0.1365184610973034	0.0000560325082502	0.0020825759092922	-0.0111283321017844	-0.0677637358045090	0.0001214627229480	0.0020797717967458	
0.0292381998952759	-0.3114408168999135	-0.0000243209200083	-0.0020831906560358	0.0719078780052294	-0.2437504567555533	-0.0003930679458185	-0.0020457277165003	0.0944560982133846	-0.1739641015613502	-0.0001885680845837	-0.0020747389819938	
-0.5101317426501502	-0.4114839337710005	0.0006733182962652	0.0019709517063001	-0.4496717193981110	-0.3365572213318385	0.0005378761425214	0.0020123415890868	-0.4172417082583610	-0.2564339772695917	0.0005230519581164	0.0020162650619990	
-0.5922554996802223	0.2240265971628736	-0.0019988823590048	0.0005698635513390	-0.5538430108946988	0.2821978581128801	-0.0020032200245241	0.0005543444580988	-0.5340131480131127	0.3617751797927207	-0.0019988687873906	0.0005699113919723	
-0.4990868202136325	-0.3749037572263011	0.0004129915082375	0.0020417791055743	-0.4403819361543527	-0.3021303246494816	0.0003560638297514	0.0020525256703102	-0.4086183030346638	-0.2228520563092150	0.0003133989942642	0.0020595065281896	
-0.5661968908671505	0.1417527135544192	0.0003906013665348	-0.0020462024703197	-0.5222979300470096	0.2035569502125082	0.0009758174939641	-0.0018393724326438	-0.4995544659982065	0.2794333785118666	0.0008376428131250	-0.0019065989831901	
-0.5509621105427223	-0.4647075414059093	0.0017962181967336	-0.0010477241065523	-0.4885526158410773	-0.3854747994532920	0.0000654756269344	-0.0020822990318330	-0.4528319123596317	-0.3009618581719372	0.0005542414374194	-0.0020078735938980	
0.3025802881092170	-0.1520670576064577	-0.0002981490079148	0.0020617807660182	0.3477851283849862	-0.0864654562018345	-0.0002870241954778	0.0020633667777812	0.3770181234642338	-0.0218750520833048	-0.0002335994643163	0.0020701294363991	
-0.5458912958440026	-0.3406291589622535	0.0000284131122683	-0.0020831386010678	-0.4863355971535384	-0.2687522749329672	0.0000720226630549	-0.0020820817815456	-0.4536041611993205	-0.1895497389205091	0.0001286065724156	-0.0020793401178461	
-0.3908968962717765	-0.4761773505506263	-0.0007019670435673	0.0019608807151727	-0.3366765769617411	-0.4010610759880098	-0.0019801077108384	0.0006323152642136	-0.3077226195861341	-0.3179682589924923	-0.0020349795007325	-0.0004223797099762	
-0.6131452539166404	0.1685497548062599	0.0020514962755270	-0.0003325226615634	-0.5714573790954999	0.2250864605406922	0.0020753974339012	-0.0001069578240481	-0.5505436299736823	0.3035804860869109	0.0020768408748088	-0.0000735966064420	
0.2176439244227225	-0.0364141791972027	0.0002428277532367	-0.0020690619287285	0.2628458831397729	0.0291634182606259	0.0002043061556881	-0.0020732408944978	0.2936927688578362	0.0968540844960606	0.0001593852221078	-0.0020771968976805	
-0.3515347183048137	-0.3457879939627124	-0.0002020181731294	-0.0020734662099299	-0.3003426192567366	-0.2749944940572620	-0.0001750073402939	-0.0020759327733221	-0.2729623969385699	-0.1989926192572518	-0.0001556495413390	-0.0020774815793991	
-0.6121743729819938	0.1684215554512413	0.0020248838854306	-0.0004686113833303	-0.5704399499973551	0.2250234981931664	0.0020764448276999	-0.0000840808660710	-0.5495056801593210	0.3035467356167682	0.0020777774632252	-0.0000388048052801	
-0.4133414752153744	-0.4782209562674588	-0.0001276812552679	-0.0020793974272432	-0.3567494206464283	-0.3998041374822975	-0.0003346648765279	-0.0020561411661885	-0.3263449345659589	-0.3176652137608905	-0.0002617159616385	-0.0020667461452446	
-0.0777914636344456	-0.2124880670170735	-0.0001691110821644	0.0020764238604234	-0.0353270824691240	-0.1468750313273301	-0.0000270324798662	0.0020831570666822	-0.0113633014776722	-0.0770821926368145	-0.0000718762006250	0.0020820868681041	
-0.5516819431391932	-0.4572826978042199	-0.0004064150452614	-0.0020431049142140	-0.4879559548835951	-0.3791043829403347	-0.0003638126930634	-0.0020511595443840	-0.4529916710933404	-0.2958234104613198	-0.0002211262827936	-0.0020715057699813	
-0.6297175096042383	0.2341680625756626	-0.0020004346202965	0.0005643628296406	-0.5901243144046469	0.2920088232626332	-0.0020033351061418	0.0005539263390496	-0.5714080447539667	0.3722622028029671	-0.0019986067917494	0.0005708340906332	
0.1817852004837414	-0.0719718154485271	-0.0017608938042914	0.0011063488026691	0.2220689883439675	-0.0088373011108643	-0.0016443112996832	0.0012739632768501	0.2516529560679646	0.0607596838210481	-0.0016613197887926	0.0012515898569596	
-0.5466187729775540	-0.0302090403292326	0.0000071587022673	-0.0020833209724390	-0.4967726132565197	0.0312466464167587	0.0000622446466989	-0.0020823986135080	-0.4707807818705743	0.1052034622331954	0.0001048167280694	-0.0020806816743309	
0.0175950957670020	-0.4354947836140137	-0.0011681192808751	0.0017230624138470	0.0569245939243359	-0.3638283188572624	-0.0011956878879971	0.0017039515747852	0.0792777348453443	-0.2892074056239282	-0.0011731602011590	0.0017196170486481	
0.2183951486449909	-0.0426902600950721	0.0002426576591651	-0.0020690819839995	0.2634614765735578	0.0228799680067364	0.0002120897268533	-0.0020724551947249	0.2941765815237336	0.0906318904200210	0.0001653011838504	-0.0020767321693494	
-0.4748250037217254	-0.4114317913954673	-0.0011971467482791	0.0017029218073435	-0.4185742623119378	-0.3362842115686954	-0.0012957354819799	0.0016287854963145	-0.3864144806491464	-0.2540406214298180	-0.0013282077613228	0.0016022828138018	
-0.5473736856910688	-0.0770756066418798	-0.0000386562184413	-0.0020829728739708	-0.4959173572336292	-0.0146039943854696	0.0000559690695834	-0.0020825776237071	-0.4689639989156322	0.0593421478724851	0.0000948227417971	-0.0020811634756689	
-0.4744707715170413	-0.2021380775091451	-0.0000600085793554	0.0020824645784568	-0.4222175160391205	-0.1363982725890027	-0.0000659449798370	0.0020822841464437	-0.3937656142879608	-0.0625057744753997	-0.0001159086439956	0.0020800903119789	
-0.1994894979449631	-0.4611199172988189	-0.0020653760616498	0.0002305297144561	-0.1537894220147984	-0.3897291541856145	-0.0020634270490605	0.0002474496397843	-0.1309023035981262	-0.3090369816539376	-0.0020611292395733	0.0002660004046179	
0.0941466369370990	-0.3937379517774478	0.0003482911532881	0.0020538655648593	0.1366618376372564	-0.3249666686485168	0.0003726403983896	0.0020495662319264	0.1573749185827578	-0.2541900013721655	0.0003970722363284	0.0020449503905219	
-0.3580303183057017	-0.3825171323825803	-0.0012134195104401	-0.0016913071076837	-0.3050381846800260	-0.3116738269698959	-0.0011205211655801	-0.0017545439320673	-0.2783145516830376	-0.2344502161698166	-0.0011683989546659	-0.0017228718314783	
-0.3896635787927519	-0.4833381705320725	-0.0002610054396864	0.0020668364456967	-0.3346373799138413	-0.4041998757789529	-0.0005144110574605	0.0020184980292764	-0.3041641828445764	-0.3206588393241065	-0.0006367284288636	0.0019831351533115	
-0.3363231807714839	-0.4095688070749653	0.0005546466358862	0.0020077611411517	-0.2837438727259424	-0.3364025320665286	0.0006419084478549	0.0019814561601970	-0.2567926128830879	-0.2592852172672565	0.0006485164174381	0.0019792924841438	
0.2302043596462384	-0.1801683257131728	-0.0000763810440695	-0.0020819256728093	0.2744236590855049	-0.1156266368695003	0.0000245579187258	-0.0020831878617109	0.3009912455162020	-0.0499708265471551	-0.0001083017707511	-0.0020805022914081	
-0.1291801888664954	-0.2062671800854495	0.0001138690133902	-0.0020802035270059	-0.0861144185349397	-0.1406171563686111	0.0001337071201518	-0.0020790167589737	-0.0617420382126853	-0.0698168945908941	0.0001266505544730	-0.0020794607745188	
-0.5475663202682295	-0.1010386792163513	-0.0000766321958742	-0.0020819163972559	-0.4955006746642527	-0.0385215351606877	-0.0000050651108539	-0.0020833271452157	-0.4681028736807192	0.0355116402669776	0.0000331170727373	-0.0020830687810809	
0.3069734922856465	-0.1874548565892094	-0.0001649948233773	0.0020767566538794	0.3521984942941947	-0.1229201575560203	-0.0001781790026362	0.0020756616014151	0.3800191856921238	-0.0573026735498230	-0.0001051554523055	0.0020806644975036	
-0.6292809304402599	-0.4742258575962268	-0.0009335376487291	-0.0018612958729462	-0.5600918013972126	-0.3947691943843609	-0.0009516788860929	-0.0018520396732933	-0.5227311205158280	-0.3093289538856606	-0.0008914450071890	-0.0018819206251109	
-0.0518492269853746	-0.1977795420903852	0.0017544780915454	-0.0011165456544575	-0.0123745248520674	-0.1352572670233210	0.0018937374316524	-0.0008579526189873	0.0105185610137518	-0.0632970319199921	0.0019863302993466	-0.0006123867405159	
0.1821922745151098	-0.1581596980979645	-0.0004755992452426	0.0020280411112143	0.2256155168088871	-0.0936964377429461	0.0002600951807651	0.0020669517663448	0.2522805107394798	-0.0271709472393842	-0.0001705747711559	0.0020763035338340	
-0.3785163212124359	-0.4060375112603203	-0.0014647686983863	-0.0014778326331610	-0.3241902871296194	-0.3343744813868115	-0.0014805935183510	-0.0014618981238033	-0.2976297070059086	-0.2559408824805108	-0.0015450691204188	-0.0013932293701076	
0.1402880310038890	-0.1145495271684134	0.0019659920590015	-0.0006751320025083	0.1796805317531375	-0.0532953968103572	0.0019550250569518	-0.0007064136899391	0.2066239976207409	0.0163390926140004	0.0019407763870703	-0.0007448544736483	
-0.6104889764459530	-0.4452773656297507	-0.0013260894191806	-0.0016040452218281	-0.5429932382283783	-0.3681533676650597	-0.0013104628077104	-0.0016169006494923	-0.5077397892961696	-0.2847334676663537	-0.0012829463622003	-0.0016389284198699	
-0.2608130791091934	-0.4531895301002349	-0.0020459243643123	0.0003653985214501	-0.2140983621195252	-0.3806284130462836	-0.0019965501227939	0.0005780219798223	-0.1880811350688446	-0.2990349842133689	-0.0019100178990537	0.0008208810877017	
0.1998243939741784	-0.0870927584212379	-0.0012433345950311	0.0016693285465255	0.2413432629475227	-0.0225080736236232	-0.0013960648370001	0.0015432185789099	0.2714044437054838	0.0461159683793433	-0.0013337782795255	0.0015976255311621	
0.2211797343354375	-0.1333077519363751	-0.0003349994971988	-0.0020560864013787	0.2664336072370097	-0.0688162544424570	-0.0003649910334735	-0.0020509491457308	0.2934729459409325	-0.0032302195117653	-0.0004963653454116	-0.0020230338081717	
-0.5454541934665220	-0.4644924159358205	0.0017379216576046	-0.0011422720140333	-0.4830466816259044	-0.3883910539834404	0.0020593129868022	0.0002797810670244	-0.4507736914553312	-0.3029975935020802	0.0020395586421431	-0.0003995664237858	
0.0292421747431411	-0.3124786102779795	0.0000387905956282	-0.0020829703633304	0.0717586016476509	-0.2447901135161730	-0.0002974022012037	-0.0020618891617519	0.0943889383636569	-0.1750139213068704	-0.0001130671146931	-0.0020802474863798	
-0.5505305426190212	-0.4520688834912251	-0.0004893400271991	-0.0020247531579583	-0.4870082462537365	-0.3739222308907956	-0.0004305986558584	-0.0020381202958838	-0.4522441429529199	-0.2906683953417318	-0.0003499114987083	-0.0020535887527270	
-0.3536726302638274	-0.3758481753297686	-0.0009827743778683	-0.0018356462175648	-0.3012018853306828	-0.3042253240379413	-0.0006601071179644	-0.0019754379109886	-0.2745353381541422	-0.2280210551527295	-0.0008786797896289	-0.0018879444877229	
-0.4397933396055957	-0.2210586959308483	0.0010854864707670	-0.0017765410580431	-0.3901908145598535	-0.1547202870280428	0.0011653928903361	-0.0017249168088951	-0.3618903793158287	-0.0794540478673469	0.0011695020896170	-0.0017221194546623	
-0.3370808701737437	-0.4927433397113196	0.0000530207044789	-0.0020826551584765	-0.2838743148228313	-0.4135724027348910	0.0000605473628740	-0.0020824489049671	-0.2550981033933252	-0.3322073264696994	0.0000847726247119	-0.0020815992416824	
-0.4050900926940522	-0.4469143151196341	-0.0004848986951281	-0.0020258267275303	-0.3491827329326864	-0.3708226629502947	-0.0004135255479415	-0.0020416704712838	-0.3194642365047005	-0.2905120403727487	-0.0004416413725891	-0.0020357441443465	
0.2941573214799431	-0.0749852788744003	-0.0003583047141102	0.0020521337178396	0.3406807981484197	-0.0093920699406778	-0.0003090417080627	0.0020601681653815	0.3723563486961385	0.0573309596564561	-0.0002432895157745	0.0020690074118798	
0.2295493905003779	-0.1666796283805301	0.0003135610484404	-0.0020594817380885	0.2725810154684254	-0.1009491286643047	0.0005369431172739	-0.0020125919917136	0.3003319084527857	-0.0354089929938270	0.0003440884940525	-0.0020545773681220	
-0.5392935015182101	-0.1791686115630450	0.0002947828046463	-0.0020622671621901	-0.4852142759262770	-0.1135360607453286	0.0005190497437822	-0.0020173042393863	-0.4556395306367875	-0.0384454821848663	0.0004835806438388	-0.0020261433379509	
-0.1267375714503132	-0.2499946457431316	0.0003204050538096	-0.0020584228041530	-0.0836754417959472	-0.1832759320927672	0.0001761391330008	-0.0020758365698500	-0.0594216728313131	-0.1125297416242034	0.0002364869436112	-0.0020697999235116	
0.3000374052174066	-0.1323026189046702	-0.0001810390487027	0.0020754128649722	0.3459534821051389	-0.0677143393264163	-0.0001894358726482	0.0020746595320426	0.3755801429254773	-0.0020472766385658	-0.0001299798759265	0.0020792542966648	
-0.0602585577964605	-0.2330009678645723	-0.0020700307725866	0.0001838435745509	-0.0207931942438732	-0.1709042212637609	-0.0020150293493927	0.0005095168351721	0.0021412000121463	-0.0986696662361531	-0.0019850149603794	0.0006166582003880	
0.3081474114526728	-0.2041998633187168	-0.0001414786608729	0.0020784997859362	0.3532549757004377	-0.1395851257520088	-0.0001069068821113	0.0020805747954582	0.3804899207466406	-0.0739530366500006	-0.0000384956562917	0.0020829758624105	
0.0572850665662266	-0.3008193061655405	-0.0018075917978112	0.0010278775746898	0.0954798241925044	-0.2367479596223050	-0.0019954302863891	0.0005818953118147	0.1183416392398273	-0.1648566104585290	-0.0019938668461907	0.0005872566777239	
-0.2452421828048867	-0.4554671347679559	-0.0020577616764605	0.0002910262534344	-0.1984891899659865	-0.3836305621683099	-0.0020538367917261	0.0003176706137813	-0.1735751682105069	-0.3025697964813781	-0.0020465379636800	0.0003619286888674	
-0.1839367722138970	-0.3963874484289514	-0.0020757277431948	0.0001003093044268	-0.1402575742207223	-0.3285559718675131	-0.0020751862254236	0.0001110000146498	-0.1174146544582279	-0.2510477837794474	-0.0020737757770414	0.0001349155145065	
-0.3372057345955704	-0.4749546889558879	-0.0000530572546851	-0.0020826542229923	-0.2839534461670843	-0.3968992719152685	-0.0000671281566498	-0.0020822461500149	-0.2553963461681789	-0.3166412408989452	-0.0000237965458868	-0.0020831967423324	
-0.0830186421597761	-0.1166542157960701	-0.0000621055620765	0.0020824027870049	-0.0409161997726332	-0.0521253638029501	-0.0000301525850898	0.0020831140265996	-0.0161710734930084	0.0167157144053578	-0.0000386586165636	0.0020829728292418	
-0.4894945919765129	-0.4292082558751467	0.0008232677300465	-0.0019128813182224	-0.4322550253148988	-0.3531264242617059	0.0010692082310122	-0.0017864345384783	-0.3998930963418513	-0.2707290541334339	0.0012305122723048	-0.0016788499217383	
0.3002269092745818	-0.1343766800919813	-0.0001915167702918	0.0020744675176697	0.3461417230215278	-0.0697806164727331	-0.0001798639855776	0.0020755155424639	0.3757176399713376	-0.0041881389336478	-0.0001210864797782	0.0020797938457640	
-0.6122356751542758	-0.4999968805601850	0.0000499903013206	0.0020827304762695	-0.5456576720847461	-0.4176206635849526	0.0010606875773381	0.0017915321149121	-0.5081792491992612	-0.3311910294259103	0.0011822214753653	0.0017133689583920	
-0.4808245930095922	-0.4038795434354627	-0.0013812759905022	0.0015565355358967	-0.4250449496535202	-0.3292353100484710	-0.0015217090282589	0.0014188329523837	-0.3930209195137472	-0.2471313437226905	-0.0015734602637902	0.0013609210911860	
-0.4481939093151302	-0.2076490393531696	0.0009603938409864	-0.0018475128961924	-0.3979149176794740	-0.1416140403962500	0.0008779072590214	-0.0018883056425142	-0.3696528646908611	-0.0663761708683444	0.0008991082255103	-0.0018782532167200	
0.1642825776937630	-0.0364515327902897	0.0000257410374751	0.0020831735068451	0.2079586140004098	0.0291215173797567	-0.0006543539856623	0.0019773606316030	0.2372511587657565	0.0968437098339102	0.0000076273596683	0.0020833193009992	
-0.5839835603454071	0.2217310314927241	-0.0020018074980856	0.0005594491101798	-0.5455688674832018	0.2799107362332152	-0.0020019263822239	0.0005590214160047	-0.5257550555782815	0.3594430369168317	-0.0019953259195710	0.0005822548767980	
0.0206609193494233	-0.4397381464849310	-0.0012882718121423	0.0016347247235332	0.0599104561206609	-0.3681390277325300	-0.0011963836318983	0.0017034607034780	0.0819093429560813	-0.2929267312821940	-0.0012079190518620	0.0016952595319212	
0.2131197993616878	-0.0093133513660033	0.0010938213209515	-0.0017713957752059	0.2552466727807680	0.0558363221731871	0.0016878312113756	-0.0012154184069098	0.2873595455375590	0.1266457106113763	0.0016123488399421	-0.0013143798553983	
-0.5489221209388420	0.1332432035990033	0.0001892249100231	-0.0020746788804737	-0.5046685760719762	0.1949312425430043	0.0004129580166855	-0.0020417859135511	-0.4822683149574605	0.2707743231642091	0.0004043342182310	-0.0020435197980829	
-0.5471243707198984	-0.3093434902855213	0.0001276070430055	-0.0020794020055761	-0.4883861443967736	-0.2385434246135624	0.0001273822676985	-0.0020794158562032	-0.4559479277274450	-0.1614368571783814	0.0001987443866151	-0.0020737841505422	
-0.4136512675885309	-0.4906038535076176	-0.0000308996367725	-0.0020831030244133	-0.3578567405485205	-0.4112431787369750	-0.0002527188532864	-0.0020678711820879	-0.3276106509445373	-0.3289725966870009	-0.0004062776712825	-0.0020431323726644	
-0.5445859047960442	-0.4187878732042686	0.0002663305064847	-0.0020661536090222	-0.4840784851852070	-0.3426560319699517	-0.0002061210118513	-0.0020730603491835	-0.4504513420590375	-0.2611930133060229	0.0006082833613426	-0.0019920885457979	
-0.5466781913667346	0.0072891403362961	0.0000639613369835	-0.0020823463315013	-0.4979947967030454	0.0687364930516861	0.0000935123453205	-0.0020812230638745	-0.4728675327234697	0.1427017962413079	0.0001578515869952	-0.0020773145917052	
-0.0848206695719307	-0.0708183849865182	-0.0001620511294968	0.0020769895864532	-0.0432317800674257	-0.0072752782388797	-0.0001881134851445	0.0020747804558317	-0.0182066589946703	0.0635600391116479	-0.0001730776697531	0.0020760953570074	
-0.5468593326258426	0.0124942466586419	0.0000442703787088	-0.0020828605569662	-0.4981862221591719	0.0739381493589618	0.0000624566094346	-0.0020823922351938	-0.4731476566489960	0.1478912001867441	0.0001260230693095	-0.0020794990876286	
0.3006721295871910	-0.1385373964568103	-0.0002469792316417	0.0020685680220793	0.3464853650101076	-0.0739420222538480	-0.0001584546701724	0.0020772684465282	0.3759381485200397	-0.0083340139003319	-0.0000987875435035	0.0020809781217348	
-0.5464595082654679	0.0010433820390748	0.0000599092533369	-0.0020824674525949	-0.4977290353405253	0.0624992463831369	0.0001198000727108	-0.0020798687146954	-0.4724003431439753	0.1364857078740773	0.0001770719554181	-0.0020757568094624	
-0.1890977564833039	-0.3961432765021562	-0.0020759645692752	0.0000952565233818	-0.1444231119595634	-0.3283435203316078	-0.0020755948352285	0.0001030362196672	-0.1215760918929647	-0.2507929732316012	-0.0020744881782484	0.0001234186906203	
0.1565291201499980	-0.1262120647000466	0.0006794771943151	-0.0019688263479387	0.1973863908686140	-0.0614927436852932	0.0012712972221574	-0.0016480261121561	0.2252952033161973	0.0061226298685318	0.0009659455362809	-0.0018446018305461	
-0.1787151704355364	-0.4640981079124921	-0.0020502815855167	0.0003399686046214	-0.1340405123768412	-0.3927454462912874	-0.0020437863475831	0.0003772316574685	-0.1111720911940861	-0.3121625687907851	-0.0020383781643475	0.0004055753204091	
-0.4368749446146657	-0.2263772159209819	0.0009681374889253	-0.0018434465740195	-0.3870369306248455	-0.1597915248283429	0.0010712074900336	-0.0017852304310245	-0.3586404169001335	-0.0845104274493508	0.0010853824435200	-0.0017766049338524	
0.1105769737812345	-0.0414443505083116	0.0006042259869175	-0.0019933291267346	0.1527234348321395	0.0228990122638152	0.0001164313602302	-0.0020800609726875	0.1805179034193293	0.0925059126680376	0.0005828281833846	-0.0019997221106742	
0.1579072830912062	-0.1364471493176191	0.0001675759094957	-0.0020765489419700	0.2009588105635142	-0.0718651643454549	0.0001857419667021	-0.0020749951767575	0.2276004597245206	-0.0041726466251098	0.0001128806967183	-0.0020802576610098	
0.0957085178053722	-0.1291055845290780	0.0001051463479894	0.0020806649599134	0.1385043149673663	-0.0645641262904438	0.0000537839280046	0.0020826354902460	0.1643954400969696	0.0031843037403831	0.0001470473036467	0.0020781113104397	
0.0089329184011647	-0.3654449271576796	-0.0004395824924426	-0.0020361919454149	0.0527918692521721	-0.2967812927068219	-0.0006994372869026	-0.0019617890149805	0.0742699263401309	-0.2252443631420555	-0.0006296708023859	-0.0019853985881355	
-0.1360080192253958	-0.0302157876135680	-0.0000231506637876	-0.0020832040565984	-0.0941492715859814	0.0332653496038422	-0.0003028950435043	-0.0020610854106399	-0.0696272412805048	0.1041677643234755	-0.0001413844881999	-0.0020785062259882	
0.0297836669351186	-0.3188320581691345	0.0001807703033271	-0.0020754364074727	0.0715528439717441	-0.2510657534632532	0.0001087746158899	-0.0020804774998017	0.0944590367675877	-0.1802257616412538	0.0001420219549403	-0.0020784625483396	
0.0960209170664689	-0.3823091851784278	0.0002812168949468	0.0020641702756303	0.1383537253794200	-0.3135414190433469	0.0002278117333014	0.0020707775777845	0.1594907435578227	-0.2427279958196685	0.0003110758951692	0.0020598604611377	
-0.5469706548350541	-0.3114902408340766	0.0001505167153107	-0.0020778616600213	-0.4882251727047928	-0.2406130465508684	0.0001576636948604	-0.0020773289321953	-0.4558722446372830	-0.1624690686123539	0.0002104239941914	-0.0020726258351233	
-0.1336335421435599	-0.0926962618173906	0.0000695157352882	-0.0020821674159239	-0.0916056535109053	-0.0291729834560889	0.0000806203016350	-0.0020817650217914	-0.0671382055972718	0.0416808771686257	0.0000777464507576	-0.0020818748778063	
-0.3387573545667055	-0.4177004986658976	0.0006507637883240	0.0019785510241610	-0.2859575543121763	-0.3436504320820716	0.0006126217458815	0.0019907519939898	-0.2592964131453098	-0.2668435982069676	0.0006236137240503	0.0019873189980428	
-0.4726497212628612	-0.1656704333937190	-0.0002314939813492	0.0020703671249626	-0.4215985394542728	-0.1011060964145286	-0.0002383877832316	0.0020695807652102	-0.3937033489535676	-0.0271089586241126	-0.0002581556261547	0.0020671961233272	
0.0854372810181485	-0.0601285203019926	-0.0014468922395257	0.0014954263789491	0.1252835447800937	0.0036588054139865	-0.0014825072988205	0.0014599476055126	0.1529900725162163	0.0742549671554981	-0.0015019682671526	0.0014398178563407	
0.1432795277181587	-0.1493711219112941	-0.0020063715998703	0.0005427688149516	0.1817863296314599	-0.0876213865277354	-0.0018526663968125	0.0009437805272840	0.2089128145390307	-0.0186069427169807	-0.0018650801196016	0.0009188795161543	
-0.5469284132621753	0.0218730437463864	-0.0000137645494614	-0.0020832876341153	-0.4983264149997247	0.0823019240892381	-0.0000026360787272	-0.0020833316572449	-0.4736077985212090	0.1573017720899060	0.0000451712437823	-0.0020828411176933	
-0.0439531267976754	-0.2054302643682898	-0.0000880057254963	-0.0020814643875437	-0.0042242934672291	-0.1406919094634173	0.0015738136429627	-0.0013605103702397	0.0200132795984810	-0.0695440109628311	0.0014994302151749	-0.0014424740208853	
0.0188492047401223	-0.4373328078234375	-0.0012087674520439	0.0016946516747991	0.0581503382556194	-0.3656706218109784	-0.0011795164883180	0.0017152415691275	0.0801420050311284	-0.2904634118570228	-0.0011708957078450	0.0017211674719808	
-0.5143071652341764	0.2054813658404631	-0.0020699881791470	0.0001843249314152	-0.4769640071584665	0.2633130605367682	-0.0020565365480902	0.0002996031673530	-0.4561239419447524	0.3418548311808902	-0.0020535497826132	0.0003195299327005	
0.0972597642848916	-0.3625844401958787	-0.0000782808469713	0.0020818547521431	0.1386431490158098	-0.2936120758329407	-0.0002210868555084	0.0020715099994001	0.1605945962566220	-0.2240647852132666	-0.0001035352106617	0.0020807461578085	
0.2348821226506048	-0.2145696318681776	0.0005322731299167	-0.0020138383124783	0.2771403796433450	-0.1490301366456808	0.0005308529744750	-0.0020142150112602	0.3036016035754573	-0.0832902240673202	0.0004915072449507	-0.0020242255307175	
-0.6271451991811192	-0.4701307177199175	-0.0009741248093663	-0.0018402739217543	-0.5579391902789876	-0.3906554171681147	-0.0009734733428912	-0.0018406203448557	-0.5213266095268261	-0.3064348625542728	-0.0009264568357947	-0.0018648481260762	
-0.3496471338587819	-0.3114240551215863	0.0000136038178743	-0.0020832886951743	-0.2996672489061947	-0.2417048658513967	0.0000386518411576	-0.0020829729556073	-0.2722768272638128	-0.1666707142620910	0.0000858331603889	-0.0020815555634315	
-0.4078338660285166	-0.4580318143500187	-0.0005492344999674	-0.0020092558482627	-0.3515131580187040	-0.3811069186601028	-0.0004567495622348	-0.0020323910082676	-0.3216197372697761	-0.3002497944112960	-0.0004842033172190	-0.0020259938785148	
-0.5457700953982123	-0.3468780901113902	0.0000578653588970	-0.0020825255376804	-0.4860857936204909	-0.2739495728210886	0.0000955205728945	-0.0020811314038297	-0.4530829852823696	-0.1958368966852901	0.0001529558520722	-0.0020776826421303	
0.3040794501856211	-0.1625242498148792	-0.0002835346730528	0.0020638515947013	0.3493707456934732	-0.0978998578899781	-0.0002725934675109	0.0020653325588959	0.3781329714152106	-0.0322947998630818	-0.0002007840192995	0.0020735866830918	
-0.0414898015501839	-0.0676435813747503	0.0013388382646203	-0.0015933663221064	-0.0030882828743055	-0.0041267702200444	0.0014314977062423	-0.0015102428145750	0.0227680908545579	0.0665545347121672	0.0015161158595454	-0.0014248379119813	
-0.3486400867874083	-0.2968466506890146	-0.0003061668658884	-0.0020605995126170	-0.2986217116437196	-0.2281434664201290	-0.0002924112028060	-0.0020626064603534	-0.2719497567820094	-0.1531002992527220	-0.0002046192032321	-0.0020732098670114	
-0.4852432245979866	-0.4416661722862827	0.0004995022938232	-0.0020222576898468	-0.4273725332019616	-0.3646854248005362	0.0006477292892700	-0.0019795515040612	-0.3947067903139335	-0.2822446537646774	0.0006603799618392	-0.0019753462607030	
0.1742797986176380	-0.0660781373869726	-0.0015005870138435	0.0014412645528225	0.2149814033996441	-0.0022375972118159	-0.0013828199283508	0.0015551572002756	0.2444720635629398	0.0671056715808696	-0.0014651746952355	0.0014774280993253	
-0.1325061677309405	-0.1281129550912301	0.0000575049316740	-0.0020825355713307	-0.0902249881370163	-0.0635364236652250	0.0000791083135866	-0.0020818233168931	-0.0657950679539137	0.0062402702719761	0.0000761175394184	-0.0020819353718019	
0.1645293555725139	-0.0405220730892500	-0.0003133611302706	0.0020595123185122	0.2082707424347453	0.0249986801721181	0.0000121688851636	0.0020832976154830	0.2373213210999697	0.0927716210963392	-0.0001842544117639	0.0020751284608179	
0.1173646161788130	-0.1389282795801585	-0.0019861785066947	0.0006128813395452	0.1569000641086399	-0.0781192112855250	-0.0020447059579388	0.0003721895766069	0.1818765410440749	-0.0080214883169417	-0.0020526918515258	0.0003250229016880	
0.2267874472963999	-0.1561585519294510	0.0007331469946465	-0.0019493799988808	0.2692953917850951	-0.0916116069180021	0.0007126480049346	-0.0019570048770445	0.2970656261887489	-0.0239899737525838	0.0006837522595919	-0.0019673383332655	
0.0850266975414916	-0.0595865337818264	-0.0014246397002469	0.0015167461309960	0.1242373085369902	0.0046999370846511	-0.0015418628684330	0.0013967945836157	0.1525495368002723	0.0747758235001985	-0.0015091106256940	0.0014322924243846	
-0.1818553925274347	-0.3964853389820459	-0.0020757719309960	0.0000993860781870	-0.1382150044277457	-0.3286681690947172	-0.0020751117982938	0.0001123896989336	-0.1153330311427874	-0.2511808965149326	-0.0020736681225375	0.0001365683796328	
0.2943416789611386	-0.0759997218026234	-0.0003557286484863	0.0020525840789537	0.3408315789672824	-0.0104144824394708	-0.0003131299825245	0.0020595476510820	0.3725119251519882	0.0561942302042945	-0.0002450153229534	0.0020688027290078	
-0.3369615180262640	-0.4989655727052391	0.0000187586041404	-0.0020832484563592	-0.2836734436910319	-0.4197927058701857	0.0000749361976143	-0.0020819784417231	-0.2548529676689782	-0.3375403963701246	0.0000986811530415	-0.0020809831948144	
0.2835016362150250	0.0103991995424182	-0.0001485809158505	0.0020780016770453	0.3315120952257985	0.0770885849772626	-0.0000409224333635	0.0020829293671488	0.3656531286263154	0.1458285322630006	0.0000278570778586	0.0020831461485112	
0.2239710572946954	-0.0864373824876141	0.0001180191551028	-0.0020799710399783	0.2687202143506107	-0.0208364285006177	0.0002035273151042	-0.0020733178806079	0.2981297583636320	0.0458376578160581	0.0000910756578290	-0.0020813316594453	
-0.5326690614030702	-0.4660448655466744	0.0012753908942875	0.0016448442383682	-0.4690885366941555	-0.3891156942455821	0.0012304345395992	0.0016789071783308	-0.4371931989328920	-0.3066236013999632	0.0015642807807345	0.0013715149475699	
-0.0495885309572973	-0.1355250287776152	-0.0006078606128608	-0.0019922182287958	-0.0062790857512427	-0.0718505557653116	-0.0005780733742105	-0.0020011086974779	0.0175367389401989	-0.0030695558812918	-0.0006275669447293	-0.0019860679355975	
-0.0798747890743905	-0.1656062318161548	-0.0001262177556711	0.0020794872208681	-0.0377692650813640	-0.1010924804499849	-0.0001454107003540	0.0020782270454620	-0.0134065392905481	-0.0312363809560665	-0.0001288786589162	0.0020793231871692	
-0.5005467983533320	-0.3865122925925744	-0.0001179504918302	0.0020799749543469	-0.4419119893591019	-0.3124295178070504	0.0000669001334152	0.0020822535253458	-0.4094684252961836	-0.2322783292571047	-0.0000517485932262	0.0020826873155986	
-0.4438902373766970	-0.2147905111157387	0.0011643180201573	-0.0017256461603488	-0.3942817923319133	-0.1484177891001344	0.0010863838196972	-0.0017759897096050	-0.3659938324550260	-0.0731780054323508	0.0010917164043647	-0.0017727003124193	
-0.3656392950120312	-0.4917122280143799	0.0007977058924738	0.0019237352822943	-0.3094690235941105	-0.4136862683266659	0.0008431443816364	0.0019041602937183	-0.2815055210502991	-0.3323618581072850	0.0010131825193738	0.0018189557032148	
0.1434150425294585	-0.1155684057013118	0.0019831242228908	-0.0006227420060178	0.1827870597079374	-0.0543896570510525	0.0019617421197234	-0.0006874441214082	0.2096952793456469	0.0151366404026857	0.0019539299515478	-0.0007094522178628	
-0.3495220278271485	-0.3041950986928247	-0.0001007110725695	-0.0020808854559170	-0.2995225608108855	-0.2354402316507243	-0.0001053601039413	-0.0020806540926204	-0.2724094340599900	-0.1604344119437989	-0.0000071951073402	-0.0020833208463981	
0.2166561696146103	-0.0271372194079456	0.0002057692032346	-0.0020730954737595	0.2619908124944664	0.0385601814595579	0.0001808797363742	-0.0020754268252260	0.2930659156538591	0.1062536067046131	0.0001123723873578	-0.0020802853188079	
0.2821398366083470	0.0278619645726705	-0.0004957642613700	0.0020231819314567	0.3280519754689527	0.0955368151590334	-0.0009742989673383	0.0018401812613889	0.3634295429821124	0.1644069553163038	-0.0006475614659468	0.0019796066845433	
-0.4956051560753811	-0.3354181130778558	-0.0000037103987821	0.0020833300126954	-0.4385478409003004	-0.2635408597094094	-0.0001456647080976	0.0020782091682367	-0.4071994170885405	-0.1864592398840806	-0.0001544141959928	0.0020775742263781	
-0.3497472547635578	-0.3239711754888570	-0.0000811253475914	-0.0020817453033483	-0.2993200648301951	-0.2541682894200728	0.0000090400500924	-0.0020833136216491	-0.2718788919335285	-0.1781161074026611	0.0000092999225598	-0.0020833124720586	
0.3092081431457558	-0.2167141673481746	-0.0002216806869771	0.0020714462175072	0.3539984489429349	-0.1521096609818426	-0.0001547437791619	0.0020775495812958	0.3808569726029285	-0.0864883289033259	-0.0001060464547401	0.0020806190491475	
-0.4299161418590963	-0.3644055280195295	0.0013216163970681	-0.0016077511034319	-0.3777860987512107	-0.2923790340878941	0.0013824706367120	-0.0015554692687236	-0.3476118211425422	-0.2131835476526867	0.0013920350368513	-0.0015468727534052	
-0.4068454715318219	-0.4145529684581733	0.0007748726607564	-0.0019330918877579	-0.3534234323054912	-0.3396015632907461	0.0007473514618975	-0.0019439514932993	-0.3230114556531025	-0.2593572433787495	0.0008263316376870	-0.0019115531420309	
0.1778917298881182	-0.0694126610109982	-0.0016629086670638	0.0012494674600402	0.2180894611048548	-0.0053908530570205	-0.0014921668421544	0.0014500238506718	0.2475908280286614	0.0640149587708574	-0.0015417682183378	0.0013968995797652	
-0.5462849631443962	-0.0062486652857572	0.0000063262162460	-0.0020833236801828	-0.4973519562086630	0.0552243502622681	0.0001040396429727	-0.0020807208706551	-0.4717886877949136	0.1291631714367726	0.0001428405316731	-0.0020784061719694	
-0.5411317076141511	-0.1707938341884821	0.0005039933733329	-0.0020211375072603	-0.4875304301239934	-0.1052550194688474	0.0005591497132078	-0.0020065054647162	-0.4577520343778301	-0.0311378236669417	0.0005889981953929	-0.0019979044374013	
-0.1351168548740469	-0.0510425899406585	0.0000700199865769	-0.0020821504351565	-0.0934253129217006	0.0125032633670208	0.0001067230618848	-0.0020805842798584	-0.0687335178060593	0.0833284173693578	0.0000852095274071	-0.0020815813136940	
-0.6450343055898979	0.1764425358995227	0.0016489767622706	-0.0012678883227357	-0.6027321798058828	0.2352716960991084	0.0019604250245733	-0.0006912099167442	-0.5818756551055388	0.3145892985220957	0.0019893036381464	-0.0006026088573075	
-0.6287318138998990	0.2339046858849683	-0.0020010948540659	0.0005620055447725	-0.5901243144046469	0.2920088232626332	-0.0020033351061418	0.0005539263390496	-0.5704138203217397	0.3720450648724393	-0.0019965027375146	0.0005781864477184	
0.2018933795126897	-0.0891594248910210	-0.0020196365796268	0.0004908418392090	0.2432910704891205	-0.0247969722083115	-0.0013024697716415	0.0016233784314003	0.2733276475954417	0.0438191465071123	-0.0013364445253655	0.0015953846638120	
0.2831759252363472	0.0176267373880822	-0.0000596704407458	0.0020824743434717	0.3310943782110541	0.0852915797083159	-0.0002602012246796	0.0020669383527121	0.3655920608762784	0.1530874017645468	-0.0001334668699399	0.0020790322734497	
-0.2379687738181989	-0.4565379697707592	-0.0020568523985387	0.0002974161023639	-0.1912195589107684	-0.3847355786822710	-0.0020523730761184	0.0003270398011162	-0.1673370307413264	-0.3036077665971954	-0.0020480860395136	0.0003530182060440	
-0.6007245937897220	-0.4342084955617707	-0.0014250441567382	-0.0015163642315380	-0.5348177562483539	-0.3586803147126025	-0.0014048029796885	-0.0015352285415472	-0.4996656822106613	-0.2751443375152906	-0.0013944122046362	-0.0015447194897289	
-0.0821076092064775	-0.1302114398772155	-0.0001989477964077	0.0020737645487319	-0.0402880435792571	-0.0655890661814726	-0.0001751420751418	0.0020759213534822	-0.0155329719176058	0.0041743312493466	-0.0001740796021696	0.0020760111661426	
0.2201187780459375	-0.0573078233101629	0.0002605094916860	-0.0020668993280723	0.2649667483785696	0.0083336985046846	0.0002172035292132	-0.0020719228322867	0.2952872103159875	0.0760531409816050	0.0001571428024810	-0.0020773685984359	
-0.0486355297841835	-0.1323964696920831	-0.0006036821963164	-0.0019934947065283	-0.0054185901046412	-0.0685851938853866	-0.0004918993759809	-0.0020241297993028	0.0185008218118681	0.0001209190477513	-0.0005848865196034	-0.0019991180399575	
-0.6265228058421348	0.1699554611898460	0.0020719804188478	-0.0001602578407310	-0.5851066048615928	0.2266484232289591	0.0020510663997291	-0.0003351771797738	-0.5642221731015173	0.3051798619733766	0.0020367608434509	-0.0004136606619307	
-0.0073379249125282	-0.4107793068316586	-0.0019896478320543	0.0006014657495118	0.0322070390747391	-0.3437776378366932	-0.0020332777671090	0.0004305373018699	0.0529498982813371	-0.2680020170581347	-0.0020395467204392	0.0003996275770721	
0.0298379814263519	-0.3198611115210825	0.0001043917951531	-0.0020807031442610	0.0716103816894398	-0.2520991597926300	0.0001474575762798	-0.0020780820932757	0.0945238156640936	-0.1812560279590221	0.0001498889644416	-0.0020779072650605	
-0.6344985500626726	-0.4876164546532973	-0.0005037171119391	-0.0020212067208613	-0.5651354291295578	-0.4062846964684603	-0.0006372427288420	-0.0019829691255411	-0.5267211073467044	-0.3198099092091037	-0.0005123874695677	-0.0020190152335563	
-0.3492301504245302	-0.3010485445805273	-0.0001984857460561	-0.0020738090455017	-0.2992292053661877	-0.2322898554285636	-0.0001997185534916	-0.0020736900902423	-0.2722946179214710	-0.1572973640490933	-0.0000940226582079	-0.0020811999569884	
-0.0010509337981258	-0.4135824587468375	-0.0017654104630483	0.0010990909084370	0.0384787865664650	-0.3456820302764360	-0.0019186285378286	0.0008004458927248	0.0592388229120790	-0.2697331272387234	-0.0019505145441274	0.0007188355012255	
-0.0354363535771368	-0.0802408234357336	0.0007334433320293	-0.0019492679648405	0.0048567349359278	-0.0157804217458964	0.0007547805388967	-0.0019410646787229	0.0306659070774921	0.0539665022771135	0.0007039472246125	-0.0019601671554047	
-0.1548204948704819	-0.3980093228347365	-0.0020715645124362	0.0001655733366961	-0.1111786515584980	-0.3304076412117733	-0.0020705972135934	0.0001773169384242	-0.0893601011897024	-0.2530705706622814	-0.0020691632423562	0.0001934097015763	
-0.4963079865793653	-0.3218877507763917	-0.0001911705903340	0.0020744996080458	-0.4398278592195974	-0.2510244049532478	-0.0002442115224214	0.0020688982432712	-0.4085580982572864	-0.1739492057335555	-0.0002696230058284	0.0020657243948131	
-0.5444776418103351	-0.4229180875727960	-0.0000294020777573	-0.0020831248084998	-0.4838720383141619	-0.3456888168608594	0.0005640161639200	-0.0020051361512962	-0.4495952368857516	-0.2644406511600525	0.0005900019970363	-0.0019976067515526	
-0.4752432354149683	-0.2374570389867594	0.0001235551534727	0.0020796479214128	-0.4216226558313395	-0.1708571875040018	0.0000781380107366	0.0020818601449551	-0.3925881516521914	-0.0958469831988665	0.0000302479194161	0.0020831126375564	
0.1900278255530178	-0.1802250053846575	0.0000129116381014	0.0020832931221471	0.2324893343955126	-0.1146978269001097	-0.0006076427279624	0.0019922850290113	0.2590495815018021	-0.0478167094900476	-0.0004769428081694	0.0020277239806213	
-0.1922418930874285	-0.4619738258957896	-0.0020596483305170	0.0002772891319618	-0.1475439721656120	-0.3905234769934421	-0.0020589499236341	0.0002824537490233	-0.1236297836667223	-0.3099962743644547	-0.0020566284533028	0.0002989684667567	
-0.4167455938427763	-0.2665747653350899	-0.0016358515204614	-0.0012848621734385	-0.3644689431716016	-0.2012900005801517	-0.0014478716621163	-0.0014944733734635	-0.3390705401290257	-0.1265938257942156	-0.0018814993383013	-0.0008845991712075	
-0.0612779382184377	-0.2328898804671474	-0.0020598287531853	0.0002759389330563	-0.0217740310237877	-0.1706225127430874	-0.0019817400104980	0.0006271549215615	0.0009430614611784	-0.0982417767767199	-0.0019347871994335	0.0007603524622774	
-0.5764389845299819	-0.4117166368350246	-0.0016442500985823	-0.0012740426609484	-0.5127328345293144	-0.3380628322310280	-0.0016510647829408	-0.0012651544364740	-0.4799794556269341	-0.2563235984628969	-0.0016340592286350	-0.0012871521972332	
-0.1347006446844203	-0.0635277704511975	0.0000737322640455	-0.0020820216412912	-0.0928706927654631	-0.0000152348298551	0.0000848762943903	-0.0020815949960251	-0.0682887245648355	0.0708430850166849	0.0000692512722290	-0.0020821762726545	
-0.4233664943921610	-0.3731339901743856	0.0011336771819241	-0.0017460296883354	-0.3712549681643542	-0.3001794341573352	0.0012538907439289	-0.0016613743538306	-0.3414228345771189	-0.2205750284904450	0.0012729647154347	-0.0016467320023177	
0.1845325143004580	-0.1637976737701900	-0.0009589305018418	0.0018482766526430	0.2259807528478452	-0.0987109937176833	-0.0005003664139456	0.0020220429847165	0.2532459807128440	-0.0313924851573907	-0.0006903904721872	0.0019650070228060	
-0.5997078873610895	-0.4331379044851699	-0.0014359137338061	-0.0015060237046735	-0.5338226227275380	-0.3575920657963849	-0.0014108371706891	-0.0015296573170433	-0.4991219865767501	-0.2745728343673808	-0.0013989707449194	-0.0015405715838341	
-0.4132538290319347	-0.4772268532686804	-0.0001717531592623	-0.0020762059025908	-0.3565906575426367	-0.3988487153900522	-0.0003902844757368	-0.0020462632391519	-0.3262076504022254	-0.3167008124555390	-0.0003098843578603	-0.0020600409512381	
0.0961763029332598	-0.3812335531171646	0.0002678489907253	0.0020659563238708	0.1384641363186079	-0.3124963403795369	0.0002125353088378	0.0020724093180806	0.1596373974814349	-0.2416542659134885	0.0002958700199192	0.0020621106824388	
-0.4534718871386236	-0.3379152426865639	0.0014650971397916	-0.0014775053925188	-0.4008540373383679	-0.2674871886281641	0.0014710934491905	-0.0014715052620092	-0.3708042488178523	-0.1883986238239260	0.0014743758920124	-0.0014681999180371	
-0.1402856050007495	-0.3992097810557020	-0.0020715118646987	0.0001662340079634	-0.0976924659433208	-0.3316805580581385	-0.0020694413322305	0.0001903960265463	-0.0758684556452952	-0.2544798897255381	-0.0020663750340210	0.0002213499056586	
-0.6090834173898274	-0.4435574067327095	-0.0013416690882865	-0.0015909714658432	-0.5420355323690809	-0.3670348491552308	-0.0013218300642858	-0.0016075745597380	-0.5068029606705242	-0.2835962758824478	-0.0012968732318973	-0.0016278752057565	
0.0081197735862312	-0.4221992889784014	-0.0013342469507963	0.0015972321844668	0.0477127905361000	-0.3522664454508824	-0.0014414438677188	0.0015007050229383	0.0697221093733047	-0.2768586356293084	-0.0014341539454551	0.0015077079942191	
0.0901482170926888	-0.0648816512045077	-0.0014342015697158	0.0015076624650933	0.1298704950146371	-0.0010575797529989	-0.0014569171348761	0.0014856123100916	0.1577485247825416	0.0695692560060165	-0.0014459889847907	0.0014963041618920	
-0.5452116107603295	-0.4291204994102613	-0.0003450582024512	-0.0020544139175751	-0.4831850308477558	-0.3520882493481476	-0.0000429218143742	-0.0020828889247158	-0.4490426256448570	-0.2708775343275163	-0.0001067242213557	-0.0020805842200855	
-0.4217555865663769	-0.2689562906034611	-0.0019896568241196	-0.0006014358540475	-0.3708133919254435	-0.2044401497928958	-0.0020132394011205	-0.0005165790307805	-0.3449144684185162	-0.1282688900581531	-0.0020478870295034	-0.0003541766144644	
0.0948970047781572	-0.3896067781767037	0.0003609455526043	0.0020516685558619	0.1373465673351320	-0.3208449312171799	0.0003309443472260	0.0020567462924450	0.1581795114039314	-0.2500190770585434	0.0003990817585993	0.0020445572139382	
0.0959055369999688	-0.1229333216635407	0.0002173637852226	0.0020719059419486	0.1394847144266000	-0.0594400182129207	0.0007407547673890	0.0019464873836622	0.1649004352361667	0.0083784801474968	0.0005087029405427	0.0020199513819114	
-0.4678884078947918	-0.2690516691322624	-0.0019982950949932	0.0005719297310640	-0.4164219896307283	-0.2029844482029808	-0.0019614763277792	0.0006882059286535	-0.3885179068829965	-0.1249601845006490	-0.0018250374604561	0.0009964142812046	
-0.5714167438806683	0.2181807988931773	-0.0020105344180483	0.0005270603611884	-0.5329856240244819	0.2763969675892148	-0.0020080287807767	0.0005365744070541	-0.5133719811990000	0.3558386488378632	-0.0020040209736915	0.0005514273423055	
-0.5458053410985727	0.0635269318274685	0.0000683423970656	-0.0020822064527643	-0.4986657372132742	0.1239651612603876	0.0001175988865882	-0.0020799949629088	-0.4747235857874672	0.1989713771378113	0.0001693213793420	-0.0020764066365821	
-0.3602549979083604	-0.3855721474618096	-0.0012692891624934	-0.0016495809333043	-0.3071228811253696	-0.3148002675369641	-0.0012043760973505	-0.0016977910116466	-0.2804942509940935	-0.2375268581454595	-0.0012477001936948	-0.0016660517686559	
-0.5463111253185177	-0.0072913391583734	-0.0000029387648887	-0.0020833312502344	-0.4973368137005862	0.0541826380518681	0.0000967276529701	-0.0020810753708739	-0.4717036919059235	0.1281272034766955	0.0001355447749562	-0.0020788971631618	
-0.1325779867784108	-0.1249900894704825	0.0000576151562775	-0.0020825325095342	-0.0903429854507823	-0.0604149988367919	0.0000793458223436	-0.0020818142328527	-0.0659193636053104	0.0093620175166387	0.0000767056678464	-0.0020819136780201	
0.2915946081271246	-0.0583840946636001	-0.0002581283586991	0.0020671995454059	0.3385929660328497	0.0072689257701748	-0.0002345396514859	0.0020700225944691	0.3707504476476227	0.0739329272767458	-0.0001664048135317	0.0020766435876037	
-0.1320079538878604	-0.1437518855335025	0.0000803432167561	-0.0020817757875892	-0.0895768482708531	-0.0791767613802124	0.0000986977850027	-0.0020809824021040	-0.0651830446435623	-0.0093619747548586	0.0001013346988197	-0.0020808550283015	
-0.1382163035935996	-0.3993710216795929	-0.0020717816458196	0.0001628200452592	-0.0955724012765129	-0.3318737946384789	-0.0020696935193347	0.0001876208538160	-0.0737445191684222	-0.2547138562153440	-0.0020666440853659	0.0002188109217135	
-0.4228164746529701	-0.2468215469516431	0.0013704633491109	-0.0015661115538185	-0.3737831156919476	-0.1800050615652706	0.0014212946296954	-0.0015198968174730	-0.3456758911313741	-0.1039263721674189	0.0014301888971430	-0.0015114885083444	
0.0179721605576916	-0.4361142537365622	-0.0011749320227359	0.0017184008745137	0.0577892523171982	-0.3650835576949542	-0.0011865840755254	0.0017103354351588	0.0792777348453443	-0.2892074056239282	-0.0011731602011590	0.0017196170486481	
-0.4575945448727944	-0.3337273903312752	0.0014634015967668	-0.0014791931714755	-0.4049460345365588	-0.2632440409317920	0.0014266663304763	-0.0015148304704043	-0.3748872487780799	-0.1841476736424995	0.0014167923576122	-0.0015241155286387	
-0.0809563331286625	-0.1447827695255867	-0.0001034564232244	0.0020807500962919	-0.0389477365185957	-0.0802687833396228	-0.0001516981752278	0.0020777753092915	-0.0143609191792646	-0.0103975639851071	-0.0001142619202157	0.0020801818744609	
0.3089817552063915	-0.2145442322765908	-0.0002045538499388	0.0020732163484188	0.3537529844122766	-0.1489248212023470	-0.0001323847190865	0.0020791018074700	0.3807543591944200	-0.0843503453856473	-0.0000870292083837	0.0020815056514245	
-0.2192229823102581	-0.4590046010696057	-0.0020650365167253	0.0002335667590711	-0.1735151838278235	-0.3873622024163265	-0.0020609632938299	0.0002672895124398	-0.1496472172215002	-0.3065106367030709	-0.0020560623775581	0.0003028562260593	
-0.0377422209785639	-0.0741316282679258	0.0008118291630288	-0.0019177882405829	0.0017669930588068	-0.0096022917976836	0.0011772300206267	-0.0017168195135235	0.0279508785712537	0.0603507013804246	0.0010333280235472	-0.0018075302116330	
-0.4258219898097451	-0.3696813074000506	0.0012216497189186	-0.0016853421831160	-0.3730601739233678	-0.2979388520456691	0.0013087803308109	-0.0016182696277279	-0.3437459788179892	-0.2175842840754912	0.0013413419201905	-0.0015912486905555	
-0.1319698123201635	-0.1447920031707310	0.0000819282761441	-0.0020817137008201	-0.0895178842626636	-0.0802158782876690	0.0001004798668471	-0.0020808966889340	-0.0651431482700747	-0.0104012307180006	0.0001040361969476	-0.0020807210438221	
-0.3837599883709477	-0.4112155280495663	-0.0015540893397439	-0.0013831099155643	-0.3296028938684866	-0.3394383815030531	-0.0016022106325026	-0.0013267808515636	-0.3037413542099180	-0.2602351394317290	-0.0019371130331748	-0.0007543774833744	
-0.1283736881619819	-0.2208122500396334	0.0001033144527767	-0.0020807571856256	-0.0852293482369670	-0.1552096577864908	0.0001178234055083	-0.0020799821932779	-0.0609635502480024	-0.0843590470808959	0.0001031206062245	-0.0020807668496472	
-0.5465699341773442	0.0041662696063168	0.0000656684338212	-0.0020822929298994	-0.4978844869795506	0.0656165819831902	0.0001093158800168	-0.0020804489879972	-0.4726546461329205	0.1395921955112733	0.0001714357057547	-0.0020762322706950	
-0.4336386462026324	-0.2325247567161942	0.0009989842800858	-0.0018268311636958	-0.3836487594704065	-0.1657912464321999	0.0009916481366288	-0.0018308437330167	-0.3552100029076489	-0.0905143690562764	0.0010176285190491	-0.0018164596509923	
0.5291801273964787	-0.4580471092588369	-0.0012569476011542	0.0016590512484210	0.5693193539395973	-0.3928859711533952	-0.0017898848383126	0.0010585610901767	0.5903052973997573	-0.3248056610593905	-0.0017145725943192	0.0011772006741361	
-0.3372628976096469	-0.4843258497910469	0.0000229131000044	-0.0020832066962483	-0.2840190408945904	-0.4062969575126381	0.0000236408848487	-0.0020831985235188	-0.2553308077604282	-0.3249559043290089	0.0000492571545479	-0.0020827480318087	
-0.0363608763026140	-0.2353433905409925	-0.0020507179384819	0.0003373132227248	0.0031023699069348	-0.1733397406642188	-0.0020331902219987	0.0004309526075012	0.0259670838950830	-0.1013690450657797	-0.0020263590560421	0.0004621584526273	
-0.3209773930174525	-0.3865531575264498	-0.0013873802144583	0.0015510698787808	-0.2723619554048693	-0.3145131093992088	-0.0012586558634046	0.0016577491429772	-0.2447871184845417	-0.2356461141905142	-0.0013381300317749	0.0015939641290601	
0.2996461256601668	-0.1280900646956193	-0.0001991375860304	0.0020737462411945	0.3455071606099032	-0.0625670138823787	-0.0001595404885661	0.0020771849184331	0.3753403620748663	0.0021072693429365	-0.0001042491494835	0.0020807103318962	
-0.3496397516620511	-0.3094103106328364	-0.0000020823394136	-0.0020833322874502	-0.2996775250328259	-0.2396226136034548	0.0000003271833296	-0.0020833333075130	-0.2723596455097865	-0.1645960460236480	0.0000670168846789	-0.0020822497522058	
0.2101503334765196	-0.0059899225395704	0.0016181656195700	-0.0013071760172918	0.2525905489299990	0.0574683472877394	0.0018450315907062	-0.0009586940196620	0.2836034465564713	0.1290496149619558	0.0018522047455945	-0.0009446907453960	
-0.5480974808940750	-0.1168524168215904	0.0000541122236359	-0.0020826269435658	-0.4959480537268072	-0.0532221173043029	-0.0000590566611478	-0.0020824919275492	-0.4684156056822477	0.0209058930858200	-0.0000449975566793	-0.0020828448960773	
-0.1932619922110466	-0.3959544278882872	-0.0020766311865183	0.0000793205840331	-0.1485856628938597	-0.3281596014715794	-0.0020765394238023	0.0000816992605833	-0.1257389757494460	-0.2505765643456485	-0.0020760419615667	0.0000935460489399	
-0.4680669058628445	-0.0114352204719126	-0.0001071660992079	0.0020805613930657	-0.4213451921341702	0.0510449363431844	-0.0002499230359720	0.0020682126476415	-0.3961160892819173	0.1239543634088088	-0.0002588052470855	0.0020671144870213	
-0.1341416727729106	-0.0781290406125745	0.0000807388664815	-0.0020817604037574	-0.0922463183881630	-0.0145716231745586	0.0001001289261193	-0.0020809136897674	-0.0677111708579031	0.0562419762562729	0.0000925035214489	-0.0020812683724857	
-0.4077146033855236	-0.4125345101381839	0.0007229538047379	-0.0019532022415344	-0.3542114959609489	-0.3374819290227954	0.0007097199054582	-0.0019580739959750	-0.3238607289417352	-0.2572378705248466	0.0007744853373505	-0.0019332478768631	
-0.5829918542616086	0.2214707836299780	-0.0020025341163680	0.0005568295185520	-0.5445708014058246	0.2796943593507795	-0.0020032977435782	0.0005540621234062	-0.5247664953434190	0.3591931262676371	-0.0019955106860775	0.0005816181540700	
-0.5797730557837983	0.1583778905007979	0.0018932832801616	-0.0008589593632318	-0.5391490075373228	0.2158848037779702	0.0020682970968554	-0.0002025065330616	-0.5174173390038859	0.2938271465538532	0.0020715461308134	-0.0001658043068899	
-0.4323344063549781	-0.3615182663799325	0.0013520470989085	-0.0015821172011348	-0.3802937261535494	-0.2895789885589518	0.0013870326787062	-0.0015513822235662	-0.3500925056741248	-0.2103590041741409	0.0013993126201408	-0.0015402595079642	
0.0988070967600806	-0.1352618029533242	-0.0017834033109756	0.0010694988980989	0.1383181394656160	-0.0707460553778461	-0.0001826703365554	0.0020752692054547	0.1645912413633634	-0.0027081048056192	-0.0009277063692613	0.0018642237246848	
-0.4520039364166327	-0.2716229295899318	-0.0020760323506244	-0.0000937601642214	-0.4010912866228377	-0.2065214608329203	-0.0020779058544038	0.0000311382198252	-0.3730354408220677	-0.1292683537680271	-0.0020722876186070	0.0001562148642887	
-0.0829461623537203	-0.1187276311903965	-0.0000876112870771	0.0020814811105300	-0.0408804320419864	-0.0542079600806614	-0.0000461752534470	0.0020828189910913	-0.0161242002191919	0.0146411757026962	-0.0000587435610982	0.0020825008274212	
-0.0852421955990829	-0.0656260578767067	-0.0001729328135207	0.0020761074885672	-0.0436942345534004	-0.0020845246387642	-0.0001835447386396	0.0020751916665180	-0.0186362681537514	0.0687515157903231	-0.0001756882378909	0.0020758749712218	
-0.4075740064643825	-0.4571481011255032	-0.0005257345006012	-0.0020155637676219	-0.3512814562567794	-0.3801752699911011	-0.0004528788072040	-0.0020332613668250	-0.3215111945230898	-0.2997766213201088	-0.0004742835611209	-0.0020283507465527	
0.3049017498866455	-0.1687256544622852	-0.0002711540329791	0.0020655229812570	0.3501684777358431	-0.1041665467723858	-0.0002511022099797	0.0020680690999686	0.3786727272027184	-0.0385329745600284	-0.0001714315430429	0.0020762326161291	
0.0311658721215307	-0.4499164102060683	-0.0019439226673652	0.0007365627241976	0.0696525691673847	-0.3799895750684881	-0.0014928104577962	0.0014493579169889	0.0903837916395061	-0.3032032901468260	-0.0014489798932856	0.0014933935217598	
-0.5871471482616455	0.2225380425573966	-0.0020006406832054	0.0005636282487109	-0.5485478918846216	0.2806122373126395	-0.0020019518857714	0.0005589296192263	-0.5288961312426663	0.3603686698952585	-0.0019965510264628	0.0005780188428172	
-0.1142448587273895	-0.2655035534867186	0.0019742405783841	-0.0006504916809391	-0.0740382105824260	-0.2014443320111244	0.0018127380939067	-0.0010187284947770	-0.0508033294075686	-0.1279703154645739	0.0017663166394618	-0.0010976267286143	
-0.5473767325666206	-0.0645715320331874	0.0000374877032071	-0.0020829943385577	-0.4964354521368465	-0.0020641815233646	0.0000825989669573	-0.0020816870641015	-0.4697856071208314	0.0718618369154102	0.0001313550743743	-0.0020791674400100	
0.2215870680689083	-0.0676837687376736	0.0003205018417058	-0.0020584076608095	0.2661772736436049	-0.0020673542704933	0.0002673543821519	-0.0020660207098560	0.2962964319688118	0.0645932523026432	0.0002183515255006	-0.0020718015600347	
-0.5457433120334119	0.0614468692389468	0.0000684854801833	-0.0020822017280184	-0.4985325575880863	0.1218924087939308	0.0001228336919065	-0.0020796908729497	-0.4745652930226151	0.1969038508953906	0.0001719585509874	-0.0020761888163153	
0.2122855332738515	-0.0081203725350531	0.0012970181673585	-0.0016277591518977	0.2545929339442128	0.0562768860279562	0.0017305347910192	-0.0011534880338970	0.2861187838292958	0.1275298817384531	0.0017072102602243	-0.0011879056590305	
0.2205320263800086	-0.0603921346026018	0.0002778872237850	-0.0020646234231588	0.2652934998896727	0.0052379435958715	0.0002274561783291	-0.0020708168581022	0.2956259946543406	0.0718438934477046	0.0001730107963086	-0.0020761009588603	
0.1581189312296271	-0.1439559692683193	-0.0004347482352850	-0.0020372347774045	0.2015065998530940	-0.0791232827888298	0.0001840363505970	-0.0020751479081891	0.2279817760320089	-0.0128915510221099	-0.0001498694579250	-0.0020779086791066	
-0.4720128137686818	-0.3160219487105152	0.0010909111720697	-0.0017731984430570	-0.4178568507482644	-0.2450629450249084	0.0009209864580454	-0.0018675693669165	-0.3873647493983376	-0.1662668342525055	0.0009301166596498	-0.0018630163137331	
-0.5487957668279775	0.1322428157028643	0.0001776346929649	-0.0020757084877216	-0.5042512353323443	0.1925931368210518	0.0003093922781470	-0.0020601152831382	-0.4820452092638837	0.2698249517880379	0.0003655637410829	-0.0020508466323714	
-0.5496250206412789	-0.3833395580624108	-0.0010030203186661	-0.0018246072129397	-0.4876015423651117	-0.3103967144012491	-0.0008471604395218	-0.0019023680185312	-0.4555889796178423	-0.2311748268032303	-0.0009572472463898	-0.0018491533599431	
-0.0793149239975760	-0.1770903671295662	-0.0001418565603259	0.0020784738997354	-0.0371125573580435	-0.1124724491943291	-0.0000941565046970	0.0020811938755808	-0.0128237852541674	-0.0427307626391393	-0.0001055146446345	0.0020806462220332	
-0.5340965990414025	0.2092863871054397	-0.0020108458498143	0.0005258649722337	-0.4966685857154253	0.2677457007086985	-0.0020135155106674	0.0005154963661284	-0.4759324280963083	0.3466592557606197	-0.0020086966616808	0.0005340561485908	
0.0971532657911117	-0.3605410772926016	-0.0001336091426623	0.0020790230893832	0.1383691946289619	-0.2916071449096256	-0.0002892206379703	0.0020630585145989	0.1604368620096677	-0.2217571618202285	-0.0001749541691765	0.0020759372775575	
-0.3843017599041888	-0.4115637096164640	-0.0015730594025349	-0.0013613867373861	-0.3300823710215273	-0.3398028578604903	-0.0016201968258277	-0.0013046449433074	-0.3044379618114070	-0.2604213507803371	-0.0020177222477385	-0.0004986915363176	
-0.4222155940451667	-0.3751508962442511	0.0010849596658769	-0.0017768644452254	-0.3699298663412008	-0.3020948143009772	0.0012030571498368	-0.0016987305535487	-0.3396640512024035	-0.2228567156386191	0.0012102919158237	-0.0016935578137817	
0.2013287658498920	-0.0878843025212113	-0.0017811163393976	0.0010733222530489	0.2423209719863396	-0.0236519081870460	-0.0013279018828598	0.0016025375906516	0.2723564137088472	0.0449514383586836	-0.0013019891116048	0.0016237658876694	
-0.1360938582828463	-0.3995370903286607	-0.0020720200201213	0.0001597424372447	-0.0935024318244330	-0.3320492017366980	-0.0020699740874567	0.0001844839057141	-0.0716774828246129	-0.2549245825522299	-0.0020669942926291	0.0002154607669136	
-0.0804400362576072	-0.1562964191164065	-0.0001081560963495	0.0020805099073985	-0.0383350478421982	-0.0916558862760437	-0.0000991044461043	0.0020809629782143	-0.0138989127525749	-0.0219120315941722	-0.0000833106556140	0.0020816585612759	
0.2047777775893840	-0.0029131417689992	0.0019536750748382	-0.0007101573015566	0.2472576339944275	0.0591481023116012	0.0020610510548898	-0.0002666085521689	0.2773670956970197	0.1307730197647962	0.0020730511087078	-0.0001456788053764	
-0.1272224932443629	-0.2458862713182012	0.0001641799215797	-0.0020768215588792	-0.0839449496355904	-0.1791483268028238	0.0001209754588409	-0.0020798003388207	-0.0597739927617001	-0.1082871850546763	0.0001311394182742	-0.0020791811213871	
0.0891904457114763	-0.4160440526905626	-0.0018501996179407	0.0009486314158709	0.1299690482384600	-0.3467497996018872	0.0013956025271193	0.0015436387721363	0.1484664077272456	-0.2741803012764600	0.0020769387533390	-0.0000707662296895	
-0.3372761381433449	-0.4801631924890311	-0.0000096008488261	-0.0020833111001533	-0.2840347115945441	-0.4021260567281521	-0.0000072226171002	-0.0020833207507302	-0.2553993459579794	-0.3208033290212749	0.0000192798491407	-0.0020832436737715	
-0.4286563061122496	-0.2402730989756934	0.0013031511720051	-0.0016228287562233	-0.3794207648438397	-0.1730324169828392	0.0011635006044841	-0.0017262001598958	-0.3508643462396890	-0.0976664669171859	0.0012023543299063	-0.0016992305694374	
-0.1293011513227305	-0.2041902615823784	0.0001144534407204	-0.0020801712929137	-0.0862459091333296	-0.1385418651762297	0.0001352801360329	-0.0020789144870863	-0.0617901664411317	-0.0687783799635203	0.0001281623342677	-0.0020793676835214	
0.0728295427978599	-0.0519869727702342	-0.0020566380267273	0.0002989022732138	0.1117850692664768	0.0089132287274409	-0.0019786098215501	0.0006370102036925	0.1386456711799254	0.0796627560430989	-0.0019936313563734	0.0005880596242726	
-0.5620919132294157	0.2159225571916413	-0.0020239276921857	0.0004727445994351	-0.5236820634696852	0.2740194841893467	-0.0020165236396649	0.0005035404012651	-0.5039152336209942	0.3533415487938091	-0.0020101052749284	0.0005287028391556	
-0.5549114555277833	0.2142879006496357	-0.0020298708488091	0.0004464017072893	-0.5163620271851873	0.2722482457718054	-0.0020275258587127	0.0004569865114076	-0.4966102724948158	0.3514571450017389	-0.0020226931769307	0.0004780251884448	
-0.3460180070306625	-0.2812483960121752	-0.0003291368456760	-0.0020570377687858	-0.2961696497480810	-0.2135299515879286	-0.0003074224348203	-0.0020604116314225	-0.2694924327512700	-0.1394922144213583	-0.0004035334005039	-0.0020436788785629	
-0.0826571586689276	-0.1238925764855355	-0.0001513918341506	0.0020777977643761	-0.0407057780710868	-0.0593999416736491	-0.0001031256955466	0.0020807665961569	-0.0159562048006496	0.0103668689671644	-0.0001089752445446	0.0020804669479740	
-0.5752309204107611	-0.4108489088059011	-0.0016438209094761	-0.0012745991413048	-0.5116042570185767	-0.3371180562661298	-0.0016563816622837	-0.0012581503956487	-0.4788236860953088	-0.2554008986357413	-0.0016440463806766	-0.0012743068470348	
-0.0823005022184680	-0.1281568218641453	-0.0001898676281867	0.0020746198658194	-0.0404512799487426	-0.0635308615694249	-0.0001534567277827	0.0020776455228114	-0.0156953547650235	0.0062343621975181	-0.0001561953277310	0.0020774404106952	
-0.6431321624466040	0.2377687589858915	-0.0020216654440709	0.0004823747605534	-0.6037870394496031	0.2954055126669364	-0.0020223292933348	0.0004795699812288	-0.5850158692437257	0.3759487688790915	-0.0020173207946046	0.0005003211354692	
-0.4037899371153979	-0.4406910050278488	-0.0003651442419671	-0.0020509217380082	-0.3481590988701031	-0.3645746870177026	-0.0002442336687942	-0.0020688956159186	-0.3183580548597891	-0.2843194525272858	-0.0002945869508199	-0.0020622952883722	
-0.4382442034351414	-0.2237701649039258	0.0010181600731822	-0.0018161602667221	-0.3885676080335247	-0.1572518957045489	0.0011268176298956	-0.0017504865841079	-0.3602314540407471	-0.0819949397841133	0.0011363453010525	-0.0017442857165137	
0.0166758433765682	-0.2703686280044788	0.0020774174708549	0.0000548556280383	0.0561347114182931	-0.2080772890334863	0.0020780813844327	0.0000153764791611	0.0778960533410397	-0.1357408831501589	0.0020778895531760	-0.0000322129236138	
0.5326035247364027	-0.4648191896571710	-0.0006522604736569	0.0019780556550896	0.5746898979791191	-0.3978374703734920	-0.0012135768172803	0.0016911936725509	0.5957725278340138	-0.3309606688913824	-0.0009842013260200	0.0018348777104513	
-0.0827937211780603	-0.1218301077190126	-0.0001265871879819	0.0020794646522324	-0.0407954035687355	-0.0573266946063642	-0.0000781726501722	0.0020818588380419	-0.0160116573113329	0.0114023364409873	-0.0000959090219688	0.0020811134488752	
-0.4217005686471128	-0.3759743483349063	0.0010599760191116	-0.0017919553143699	-0.3690968833590596	-0.3032401284269778	0.0011760991859111	-0.0017175982624419	-0.3388396934914723	-0.2240106222805185	0.0011737636778179	-0.0017192031263928	
0.2819732032055561	0.0283403395920088	-0.0005321225448783	0.0020138783064727	0.3280519754689527	0.0955368151590334	-0.0009742989673383	0.0018401812613889	0.3631800615284766	0.1652385147033900	-0.0006863985600928	0.0019664119952137	
-0.0832702033984505	-0.0948015256142359	-0.0000766420630308	0.0020819160322190	-0.0413860419606912	-0.0312373122621156	-0.0001133455493097	0.0020802322581545	-0.0165173753362380	0.0385488091373699	-0.0000889363297616	0.0020814246345321	
-0.5675418342587296	0.1466190072955238	0.0008563159919272	-0.0018982438545602	-0.5247670658388981	0.2072375219596673	0.0013969802681568	-0.0015423857953180	-0.5027533451264643	0.2845967659694885	0.0013495804439257	-0.0015842323638696	
-0.5469483159717529	-0.0447958912812499	-0.0001060471611400	-0.0020806190129628	-0.4964185336315501	0.0166784524759496	-0.0000172185396438	-0.0020832618211417	-0.4702553217291196	0.0906553651447738	0.0000274855974036	-0.0020831511077455	
-0.5479600591566223	-0.4416881191276350	-0.0005017469803044	-0.0020216991422895	-0.4850077492091261	-0.3645545261688025	-0.0004234755563574	-0.0020396196832717	-0.4507071579195160	-0.2822536780328510	-0.0003889238359225	-0.0020465235824423	
0.3069075680738843	-0.1864197805825263	-0.0001711650766973	0.0020762547107160	0.3521017373567050	-0.1218855087878453	-0.0001862343740466	0.0020749508193499	0.3799478661577325	-0.0562631716682119	-0.0001125321004506	0.0020802766420914	
0.0710544039062763	-0.0516831745010923	-0.0020237807192330	0.0004733765289791	0.1101875884364625	0.0094263824705641	-0.0019619769839269	0.0006867701692931	0.1362955262504741	0.0804165335440858	-0.0019729468123681	0.0006544247317130	
-0.5466843624553549	-0.0385439197944537	-0.0000509321970312	-0.0020827075412613	-0.4964646270656520	0.0229272074320038	0.0000412722306943	-0.0020829224308937	-0.4704111620504413	0.0968959895348318	0.0000841370104421	-0.0020816251588182	
0.1849748990936557	-0.0739190363078805	-0.0017917495892781	0.0010553858485667	0.2255403795518145	-0.0113420153986165	-0.0017539301950277	0.0011174104288077	0.2547254636292985	0.0586098481210604	-0.0017429507923851	0.0011345448157938	
-0.4339259863058451	-0.2320214845124691	0.0009849345725350	-0.0018344822490124	-0.3839390989844702	-0.1652528532088531	0.0009898603956639	-0.0018318157475472	-0.3556174456402137	-0.0897723712856799	0.0010137766719746	-0.0018186229675334	
-0.4582036866764849	-0.2716389958755002	-0.0020725451773595	0.0001527422714858	-0.4071711100322333	-0.2057581173564310	-0.0020081712790650	0.0005360381773594	-0.3791983569424142	-0.1279838402283990	-0.0019578445412674	0.0006985218654759	
-0.5478035339189702	0.1207941868959375	0.0001756912400974	-0.0020758747158608	-0.5029424892293299	0.1812420901102209	0.0002476164761651	-0.0020684914565212	-0.4802542523249934	0.2572407458354878	0.0002886455394687	-0.0020631394592608	
-0.5501129102658016	0.1424780579521038	0.0006750242792637	-0.0019703651599217	-0.5064826783568338	0.1997284363508792	0.0016600298389590	-0.0012533088179268	-0.4852915323481245	0.2770538536841984	0.0020769621435415	-0.0000700729068267	
-0.6476259321166834	0.1786966091048046	0.0016660886144161	-0.0012452027550825	-0.6046479359083569	0.2356337658748715	0.0020767437716823	-0.0000763007580970	-0.5838604533075632	0.3148195341188763	0.0020701682834843	0.0001822807923071	
-0.0104742633508581	-0.1972858377706440	0.0020644616762712	-0.0002386191891044	0.0291206869856491	-0.1362893007574769	0.0020769073911145	-0.0000716853213947	0.0519208833279764	-0.0647834424723219	0.0020778927587987	-0.0000320044353935	
-0.3178287612508571	-0.3897997932668233	0.0013156806288427	-0.0016126364637554	-0.2689670847128429	-0.3178669388486211	-0.0019444638312385	0.0007351257429554	-0.2427552773832589	-0.2378209864729158	-0.0016651107530187	0.0012465166104584	
-0.1218835316919326	-0.2606739366577007	0.0014343436586044	-0.0015075266099669	-0.0812716771739718	-0.1938486807855532	0.0008995007247858	-0.0018780643384169	-0.0565915174625344	-0.1221321446601746	0.0010732588764889	-0.0017839917431022	
-0.5473465204859594	-0.0666534488791541	0.0000317456794955	-0.0020830902391331	-0.4963159691181004	-0.0041366189069519	0.0000939682077642	-0.0020812024285012	-0.4696344064161240	0.0697943240114519	0.0001394359434650	-0.0020786385116276	
-0.4641458364575786	-0.3267453586717254	0.0013673649528971	-0.0015688310116935	-0.4112008442363619	-0.2559222760772509	0.0012618868611629	-0.0016552787024879	-0.3805010323126401	-0.1773321527567550	0.0012442115083946	-0.0016686717812017	
-0.4720899857808262	-0.1696210819957419	-0.0001907099808763	0.0020745422150859	-0.4210343254533129	-0.1051340909495898	-0.0002833933076822	0.0020638711079319	-0.3930768930965344	-0.0311406630852278	-0.0002747090946271	0.0020650508211705	
-0.6303228387512054	-0.4762876488311801	-0.0008937555512556	-0.0018808189187045	-0.5607525929423258	-0.3960493829576846	-0.0009364245147355	-0.0018598378883799	-0.5237158088453466	-0.3114454750990411	-0.0008452679798966	-0.0019032138515319	
0.2989156734495177	-0.1208830272200944	-0.0002044789351334	0.0020732237755166	0.3450778725532049	-0.0562388822606557	-0.0001394534493535	0.0020786373313720	0.3750937882147340	0.0093743591134305	-0.0000669340745644	0.0020822524291227	
0.5271494362260900	-0.4558075333781980	-0.0015137865993734	0.0014273247135135	0.5672580045940301	-0.3918517811654917	-0.0019039912548965	0.0008348332217694	0.5879010500979500	-0.3234091170640391	-0.0018705999875544	0.0009075328496095	
-0.2638781949245289	-0.4527011389701087	-0.0020341992991536	0.0004261399920976	-0.2171125069549991	-0.3797585115562669	-0.0019142229164820	0.0008109773457775	-0.1901489570136572	-0.2979114407631417	-0.0016968356834460	0.0012027519233651	
-0.1662351507740528	-0.3972075886637678	-0.0020750595405033	0.0001133552334934	-0.1225929020008516	-0.3295901955582697	-0.0020740768864363	0.0001301805901662	-0.0997460825563338	-0.2522311664921825	-0.0020731022970334	0.0001449448763696	
-0.6071587133293183	-0.4413084509724115	-0.0013609701999936	-0.0015744094501055	-0.5401556408139416	-0.3647529380986114	-0.0013446235210636	-0.0015884627796192	-0.5049532556042412	-0.2812855793189377	-0.0013232963957336	-0.0016063617013621	
-0.1358740261654567	-0.0354162572170786	0.0001091967093626	-0.0020804552776522	-0.0943728430256797	0.0281187874537180	0.0000494273758814	-0.0020827439789121	-0.0696235314603234	0.0989583981564018	0.0000982015539735	-0.0020810059958051	
-0.0858377002384392	-0.0583352006072068	-0.0001467241120785	0.0020781342686019	-0.0442110654721386	0.0051884615754167	-0.0000780763518165	0.0020818624698528	-0.0191205298156798	0.0750093444726794	-0.0001260467232206	0.0020794976468278	
-0.4296092447914042	-0.2388877239851623	0.0012479117025229	-0.0016658925563718	-0.3802292686490424	-0.1718253814349723	0.0011123638882778	-0.0017597527829996	-0.3513315609951473	-0.0969674322442582	0.0011755640207578	-0.0017179664198845	
-0.1133203985184913	-0.2657825042429042	0.0019995313739524	-0.0005675706524256	-0.0735637865366991	-0.2017415051961244	0.0018438157699853	-0.0009610419623042	-0.0500547714888524	-0.1283998058497697	0.0018160603466533	-0.0010127643389298	
0.3004347656610341	-0.1364561320421369	-0.0002157069607609	0.0020720799566096	0.3463187650369315	-0.0718568510704263	-0.0001663445251008	0.0020766484419133	0.3758341412122526	-0.0062581608731704	-0.0001074181966155	0.0020805483275695	
0.2182749112902383	-0.0416600180241801	0.0002428043858435	-0.0020690646847505	0.2633590758140373	0.0239956941184286	0.0002122726454455	-0.0020724363733949	0.2940942372851685	0.0916688282553871	0.0001658400374444	-0.0020766889929103	
-0.0860606697939181	-0.0541765395105334	-0.0000611998854555	0.0020824297350113	-0.0441965102087212	0.0093128729077254	0.0001292639913658	0.0020792991482671	-0.0192789849144070	0.0791305861993807	-0.0000038162809869	0.0020833298204716	
0.2995607247517490	-0.1270522178481922	-0.0002062482089175	0.0020730476349117	0.3454002666968856	-0.0613996509509273	-0.0001480850187635	0.0020780372523308	0.3753005096966231	0.0031450287656383	-0.0000905062778893	0.0020813566208876	
-0.3510534931147077	-0.3416860029213237	-0.0002110020432842	-0.0020725667728531	-0.3000528104917399	-0.2708553324303938	-0.0001631148317231	-0.0020769059032411	-0.2727685947534014	-0.1958827251155182	-0.0001607677776230	-0.0020770898166726	
0.0237243800843562	-0.3374350526506064	-0.0006647457085777	-0.0019738740397065	0.0670908228344297	-0.2696908727298346	-0.0005746276211323	-0.0020021058479921	0.0890338979787764	-0.1988508532743145	-0.0005462793179801	-0.0020100653506607	
-0.4135193596690966	-0.4833436601745979	-0.0000454272341790	-0.0020828355223365	-0.3572601995198477	-0.4042571935389173	-0.0001593330828746	-0.0020772009177386	-0.3267955391964785	-0.3221498443211301	-0.0001738909111098	-0.0020760270589707	
-0.5466795104394211	0.1041560379000913	0.0000958459458377	-0.0020811163693562	-0.5010299512495638	0.1645570436053432	0.0002035173353604	-0.0020733188651498	-0.4779805184515601	0.2406236859883797	0.0002433706347074	-0.0020689978239302	
0.2231514191067737	-0.1135454577973337	-0.0001583798159061	-0.0020772741836563	0.2684178412631325	-0.0489697032364469	-0.0002360852725519	-0.0020698460068881	0.2963873893776586	0.0166600502691651	-0.0002868274511371	-0.0020633942732621	
-0.2088373568271859	-0.4601035502128725	-0.0020668947215802	0.0002164186184114	-0.1631396906970812	-0.3886303370091638	-0.0020640726947594	0.0002419774382140	-0.1392047372096208	-0.3079299404035196	-0.0020603093291906	0.0002723092776652	
0.1349996524429499	-0.1126538494667700	0.0019569595939610	-0.0007010096543929	0.1743689429322751	-0.0513488326356064	0.0019294375673241	-0.0007738937510323	0.2013505864310897	0.0183914664939541	0.0019219876496922	-0.0007923054851839	
0.0112220111765332	-0.3936607818137652	-0.0008502717530692	-0.0019009724866308	0.0537429373167503	-0.3228239382194815	0.0001444641645728	-0.0020782933871379	0.0747429247498523	-0.2520486943028538	-0.0010113595221172	-0.0018199750167475	
-0.1330063912423076	-0.1114584742714537	0.0000670961728856	-0.0020822471860331	-0.0908777985396781	-0.0468915790546880	0.0000880162445339	-0.0020814639405384	-0.0664353314449904	0.0229186747175529	0.0000778621804292	-0.0020818705310730	
-0.5382492554966184	0.2103504978785045	-0.0020115874851577	0.0005230065542192	-0.5008230606912689	0.2687973947427279	-0.0020206614562158	0.0004865841903864	-0.4800993125219727	0.3476438229488801	-0.0020171759744748	0.0005009076162092	
-0.3463015406195715	-0.2832928075830103	-0.0003465593667212	-0.0020541599537271	-0.2964528190209209	-0.2155468999826100	-0.0003540032894991	-0.0020528838432598	-0.2700022993198726	-0.1416877927254731	-0.0004047263315355	-0.0020434417861909	
-0.4680889697861262	-0.4221833358285751	-0.0009693205643941	0.0018428216509060	-0.4116991771152922	-0.3460008363247920	-0.0010850136772685	0.0017768312994421	-0.3793823513275167	-0.2636350715289156	-0.0011070242327574	0.0017631335607986	
-0.2015989864072255	-0.4608927936419733	-0.0020662030324628	0.0002229577293879	-0.1558546284249458	-0.3894738156289470	-0.0020640379181412	0.0002422753826483	-0.1330303103581697	-0.3087651872571560	-0.0020613987097027	0.0002638934551727	
-0.1756082554686559	-0.3967700158687398	-0.0020759568651687	0.0000954251131825	-0.1319682588063452	-0.3290178891092322	-0.0020750217262813	0.0001140487908566	-0.1091173006946812	-0.2515861538792403	-0.0020737423604055	0.0001354307424654	
-0.5336813573177900	-0.4671606563015342	0.0013500154902609	0.0015838597961396	-0.4695681454600512	-0.3896816139114631	0.0012685218049601	0.0016501740553948	-0.4383214835266037	-0.3075657786160813	0.0016818983671872	0.0012236560259136	
