0.3426151828401729	0.0063615042931265	-0.0005043671196173	-0.0020210438059469	0.2805989434989083	-0.0010598775363046	-0.0003983412902643	-0.0020447023312959	0.2099141162198050	-0.0135539820092939	-0.0007779871832735	-0.0019318342623664	
0.3015746494802132	-0.4224021490440564	-0.0018951691513596	0.0008547694935117	0.2379849673271921	-0.4270064838561290	-0.0019012191773771	0.0008411585189988	0.1621690520035378	-0.4321483642227598	-0.0018906605805651	0.0008647456380270	
-0.1547961256114355	0.0458323090802988	0.0000782215250385	0.0020818569930527	-0.2171251803048098	0.0395821179982746	0.0000646546008267	0.0020823248145177	-0.2895823232373191	0.0364407907629237	0.0001076385990823	0.0020805368795127	
0.2431182973921663	-0.0085618347397682	-0.0020712689510457	0.0001692486969068	0.1797884574224804	-0.0174043446622531	-0.0020722576749600	0.0001566135623617	0.1111562222151925	-0.0242051591142187	-0.0020736929189958	0.0001361894548355	
-0.1761270977301959	0.2041635563019850	-0.0000864679862357	-0.0020815291578168	-0.2393436061065032	0.2010448925233683	-0.0000862777300303	-0.0020815370919878	-0.3097155013418875	0.2031269620681063	-0.0001225202335278	-0.0020797094557404	
-0.3983414169100971	-0.3991391248177532	-0.0007976340803005	0.0019237652077930	-0.4756668162810749	-0.4238134531352801	-0.0009069416313153	0.0018744644031449	-0.5718204875433243	-0.4460134274439853	-0.0008598093237037	0.0018966561954751	
0.6245010557678194	-0.2259214255283091	0.0020613316698905	-0.0002644192247475	0.5476071213775449	-0.2269809331046955	0.0020646241343606	-0.0002372023520276	0.4633512301005094	-0.2327014821237672	0.0020643592763159	-0.0002395078810551	
-0.2057642281528931	0.1197677145338851	-0.0006516843699289	0.0019782464818242	-0.2724974636098898	0.1152925887167845	-0.0020576886207867	-0.0002915449233765	-0.3472525069606875	0.1174011280227765	-0.0019178894856801	-0.0008022239143303	
-0.1538865974849422	0.0770855709034374	0.0000626170125569	0.0020823873939686	-0.2163470899758163	0.0718797977346670	0.0000630067976925	0.0020823755778264	-0.2881564868185767	0.0698044902095366	0.0000951849463545	0.0020811468584098	
-0.1565214976515672	-0.0021098005049282	0.0001003040485808	0.0020809052136569	-0.2187972751261606	-0.0094041281122526	0.0000938679989098	0.0020812069732447	-0.2921423507083217	-0.0135279743412982	0.0001347065104484	0.0020789519213270	
0.6369011551295261	-0.2274978125812817	0.0020622740384281	-0.0002569282313536	0.5600147937238209	-0.2284581460257822	0.0020646428013473	-0.0002370390030144	0.4748946166798982	-0.2340907420674148	0.0020631298749408	-0.0002499275281851	
-0.3976342535882553	-0.4008887661401997	-0.0007865278936064	0.0019283554271209	-0.4746584066071812	-0.4259309376372311	-0.0008558314662859	0.0018984634481081	-0.5711079229812004	-0.4477180339382947	-0.0008469973834156	0.0019024409855890	
-0.1788234270023973	0.1291789390128555	-0.0000170428428175	-0.0020832632731315	-0.2420874544720976	0.1249980541364013	-0.0000329146756807	-0.0020830720050570	-0.3138129614705834	0.1250018910877196	-0.0000537982567001	-0.0020826351183063	
0.2805738761739620	0.0827090802083486	0.0020779276657076	-0.0000296393454589	0.2171721171278462	0.0730126754918493	0.0020780725031695	-0.0000165388269853	0.1486144433422639	0.0649262607322378	0.0020775429282239	-0.0000498523812637	
0.2328158279570131	-0.3186722221141029	0.0016644116291854	-0.0012474546331994	0.1734549738555188	-0.3251159539643358	0.0017666130241240	-0.0010971472495196	0.1073153742465461	-0.3329067343368993	0.0017818713184526	-0.0010720621302506	
0.2212329766585613	-0.0053962021922649	-0.0017522870618547	0.0011199982545573	0.1592768970884682	-0.0121028728743314	-0.0013829317376650	0.0015550572763263	0.0925665076603571	-0.0196654828335365	-0.0014387880278920	0.0015032642134478	
-0.1763448956941468	0.1989569906157214	-0.0000814983529650	-0.0020817306609698	-0.2395656052262409	0.1958302113736556	-0.0000859159497721	-0.0020815521308547	-0.3100230877674354	0.1979266173971799	-0.0001181330820276	-0.0020799645401693	
0.2334739254758056	-0.3191060832719188	0.0016359120976878	-0.0012847846582822	0.1746504682017959	-0.3259064856007892	0.0017567200465815	-0.0011129972332391	0.1073153742465461	-0.3329067343368993	0.0017818713184526	-0.0010720621302506	
-0.1562688987350502	0.0031528045011347	0.0000975801478539	0.0020810353729777	-0.2185649526766666	-0.0041455922063394	0.0000870209630059	0.0020815059978790	-0.2918043920811759	-0.0083472661037472	0.0001279931895417	0.0020793781540491	
0.3189939395282324	-0.0098363670931679	-0.0020762173437491	-0.0000895487870394	0.2545728001279483	-0.0186840704301612	-0.0020767977874300	-0.0000748085947436	0.1828900495647222	-0.0266566731379831	-0.0020774718735762	-0.0000527443934603	
-0.1789789998838348	0.1093854916605717	-0.0000436528532016	-0.0020828736558940	-0.2421450982395356	0.1041684210137084	-0.0000170406979461	-0.0020832632907651	-0.3142529594010762	0.1041865517097553	-0.0000687231319910	-0.0020821938586608	
-0.2068485941382849	0.2516733184972813	0.0020463765621627	-0.0003628447127654	-0.2742641183559104	0.2461015214018601	0.0020440835692749	-0.0003756096872713	-0.3460410998365323	0.2540222217148103	0.0020328407112107	-0.0004326065025839	
0.3697307228780133	-0.4545323504914596	-0.0019098274917540	0.0008213262005870	0.3046077650412076	-0.4569415936991093	-0.0019224157202376	0.0007912610614330	0.2277068308452429	-0.4611234965261894	-0.0019268982967297	0.0007802261471854	
-0.2213158957801586	0.1209092198418000	-0.0020736699398105	0.0001365406450069	-0.2888565633608868	0.1127189769970839	-0.0020649879056183	0.0002339982929042	-0.3636647209082787	0.1171464408657572	-0.0020505445300997	0.0003383710447510	
0.2627439219006473	-0.0109670934360072	-0.0020781218742478	-0.0000082042512603	0.1994630605132243	-0.0196239427176132	-0.0020636776006090	0.0002453407733002	0.1298291115877185	-0.0268030156160946	-0.0020389159147255	0.0004028495966945	
-0.1540048941854458	0.0729207915667464	0.0000578221510694	0.0020825267438190	-0.2164655504225110	0.0677145860916541	0.0000562687153881	0.0020825695087598	-0.2883969811615764	0.0645671871840231	0.0000897129920671	0.0020813911368181	
0.3344338908798749	0.0767927522675663	0.0018058796431494	-0.0010308977171867	0.2690003239790711	0.0684272113091421	0.0019308355838697	-0.0007703815903776	0.2014130500199820	0.0589881504911986	0.0018804957593358	-0.0008867412552384	
0.2649582538182212	0.0822380339804027	0.0020668371862205	0.0002169701472841	0.2025819159923995	0.0724412417890462	0.0020653677627398	0.0002306044265321	0.1340430078331367	0.0646189212371576	0.0020689288642070	0.0001959133647473	
-0.1772612605822679	0.1729094228586775	-0.0000788071093691	-0.0020818347978820	-0.2404459170395647	0.1697947155075106	-0.0000672110701863	-0.0020822434619778	-0.3113912148334100	0.1708249378047937	-0.0001068723946497	-0.0020805765761226	
0.0903466481075376	-0.4056984992727510	0.0018817112897588	-0.0008841459622983	0.0321726133685970	-0.4180948951011799	0.0019623385556975	-0.0006857311719882	-0.0363459795730617	-0.4278724308443820	0.0019795052942354	-0.0006342080664615	
0.3394156126574570	0.0725781170222792	0.0013097894382310	-0.0016174488991113	0.2741488461733897	0.0653956087746398	0.0016055942167698	-0.0013226636809214	0.2072760265456509	0.0546821081373538	0.0014058328949923	-0.0015342807651156	
-0.1553992874909339	0.0301914380651648	0.0000679774882958	0.0020822184576281	-0.2177023306017025	0.0239368714805095	0.0000722295307421	0.0020820745794841	-0.2904857434333689	0.0197670287494802	0.0001009203567177	0.0020808752656346	
0.3313317801399229	-0.4367195102145034	-0.0018661458030909	0.0009167024342535	0.2668196406025389	-0.4400569611742012	-0.0018806651204457	0.0008863802064617	0.1910827456171291	-0.4450232465840320	-0.0018882364017216	0.0008700526429292	
-0.2233909345066969	0.1210786371617263	-0.0020698523978603	0.0001858510352384	-0.2909459491771641	0.1130334635232454	-0.0020559206062539	0.0003038219434183	-0.3667922838636572	0.1176600810983513	-0.0020364738758722	0.0004150781628452	
-0.2431199272994715	0.1243358647658320	-0.0020501132093210	0.0003409875618908	-0.3117336212536888	0.1164902635505350	-0.0020563002535210	0.0003012287572049	-0.3875994517261195	0.1215942319220345	-0.0020532884963822	0.0003212130293046	
-0.1560796435728474	0.2663822152276055	-0.0015916550494342	0.0013394884541758	-0.2224557103724948	0.2623107021736433	-0.0018379764064205	0.0009722183949008	-0.2897413921762115	0.2679833289075813	-0.0017780580025711	0.0010784063736152	
0.2712645601727646	-0.0097427784766205	-0.0020594549803508	-0.0002787286837378	0.2089002906570704	-0.0189574512618730	-0.0020511410307525	-0.0003347178770683	0.1381239026095556	-0.0268043118629763	-0.0020508093819443	-0.0003367540270468	
-0.1964607250273682	0.2496700542875256	0.0020309247750280	-0.0004415577874408	-0.2638511972075968	0.2440887758390248	0.0020350395380875	-0.0004220889040573	-0.3344795947576049	0.2514640109532147	0.0020234374426227	-0.0004748490378845	
0.3718787236873375	-0.4554310577575273	-0.0019084742187702	0.0008244815344428	0.3063763995885431	-0.4576152304886579	-0.0019245303043767	0.0007860780190259	0.2294849079544951	-0.4617896103952342	-0.0019295825389762	0.0007735304057550	
-0.1760858233100972	0.2052123105383678	-0.0000866382938094	-0.0020815220407049	-0.2393011387687102	0.2020860837118260	-0.0000848246343614	-0.0020815971123443	-0.3096534714512827	0.2041669592248009	-0.0001226553918204	-0.0020797014489783	
-0.1546794861434486	0.0489533169655579	0.0000737271523591	0.0020820218232153	-0.2170315529008236	0.0427052123581834	0.0000572290674802	0.0020825432085103	-0.2894230884739076	0.0395596284009261	0.0001016451866993	0.0020808398089486	
0.3023663400723445	0.3229247224835045	-0.0018985950301512	-0.0008470943540574	0.2369733968380828	0.3091787342091721	-0.0018993444556125	-0.0008454042364296	0.1693412222707972	0.2969655698098435	-0.0019225462016249	-0.0007909423871301	
-0.1780682942602810	0.1541960890957629	-0.0000960153458598	-0.0020811085216263	-0.2411955612190907	0.1500070554289557	-0.0000904577977112	-0.0020813587389981	-0.3125814465957976	0.1510270535837537	-0.0001309501593923	-0.0020791931095108	
0.2304632044286150	-0.3169689944088175	0.0017337945446441	-0.0011485578998696	0.1714667066923944	-0.3239199581526209	0.0017815058140382	-0.0010726724390420	0.1040987501898848	-0.3309068112183507	0.0017889761717950	-0.0010601036992143	
-0.1494665993686758	0.2552450840792201	-0.0004440938408271	0.0020352078785714	-0.2138003385728843	0.2532402533775620	-0.0008871995008380	0.0018839358506066	-0.2808368206622226	0.2561707078185824	-0.0005305115190511	0.0020143054223620	
0.2930193492645500	0.3187444966283070	-0.0019005350939136	-0.0008427107399068	0.2276127515415535	0.3050428893412586	-0.0019044368446744	-0.0008338111392573	0.1598875885354976	0.2931332927574161	-0.0019407929664780	-0.0007448110569939	
0.3188523956238943	-0.4305138865246246	-0.0018608709891235	0.0009274163534628	0.2546009038373337	-0.4343069998004116	-0.0018881281462615	0.0008702887223014	0.1788059581858185	-0.4393796073645835	-0.0018954838803272	0.0008540678463242	
-0.2660097008330145	0.2362473563077483	-0.0020511628557449	0.0003345834369103	-0.3356142064218307	0.2313432672396417	-0.0020490343673856	0.0003474435047172	-0.4104606321825303	0.2413552898481608	-0.0020375107365415	0.0004099324086796	
0.2971738075269369	0.0823305106090950	0.0020765217133138	-0.0000821504117123	0.2327524133842185	0.0727267816663742	0.0020768955987764	-0.0000720278666491	0.1652104807837730	0.0644173957862623	0.0020755322775264	-0.0001042950026824	
0.6565850193256708	0.4691815645625058	-0.0020128286224561	-0.0005181852924758	0.5737594009377842	0.4463867812177840	-0.0019354417395088	-0.0007586764560849	0.4936184317541608	0.4175380971052712	-0.0019652565995902	-0.0006772805689480	
-0.1560410482734788	0.0083439582893061	0.0000843169679211	0.0020816178408895	-0.2183668473341697	0.0010493257357139	0.0000738897554717	0.0020820160300082	-0.2915006628704092	-0.0031583486595819	0.0001130916914942	0.0020802461437300	
0.2732962440320809	-0.0095281133492033	-0.0020686777084282	-0.0001985609042624	0.2109109864148346	-0.0186448851720030	-0.0020590857484032	-0.0002814569042340	0.1403427920336028	-0.0263648651173715	-0.0020505139196537	-0.0003385574214443	
-0.3970894787296979	-0.4021570003936295	-0.0007810473031178	0.0019305928884422	-0.4740602731659257	-0.4272116757721614	-0.0008347669256757	0.0019078661963699	-0.5701414057556633	-0.4498479741024071	-0.0008331947291523	0.0019085567623136	
-0.1759580981948852	0.2083360711821143	-0.0000845254725310	-0.0020816093425137	-0.2391768196461846	0.2052096447441425	-0.0000769702395238	-0.0020819038644685	-0.3094675762039960	0.2072870834604723	-0.0001212125593617	-0.0020797864647555	
0.3422291861113134	0.0050333420995159	-0.0006134898122598	-0.0019904833149192	0.2803862808013341	-0.0020201772049680	-0.0004695416139086	-0.0020294592200920	0.2093034024004111	-0.0148763554047021	-0.0009185476822243	-0.0018687760729215	
0.2170188537124519	-0.0011897308892789	-0.0012227152986030	0.0016845653946578	0.1558539277660966	-0.0072959915866994	-0.0009853281480329	0.0018342698254968	0.0894571581576463	-0.0155497564169406	-0.0010802934730086	0.0017797194515010	
-0.2743115899406116	0.2375701584164969	-0.0020531131514903	0.0003223374806492	-0.3449926295743332	0.2329098705396245	-0.0020513224875974	0.0003335984268396	-0.4197393236291608	0.2431994037837255	-0.0020403744016120	0.0003953585979619	
0.6421405807795182	-0.2281682587758379	0.0020637321618318	-0.0002448790949216	0.5642381527873870	-0.2289352808647102	0.0020657831064369	-0.0002268346624734	0.4789846208916371	-0.2346029118489917	0.0020649252548706	-0.0002345532744545	
0.3231608077903221	-0.0096007713021998	-0.0020709366450897	-0.0001732873105465	0.2587239984394155	-0.0184905454610378	-0.0020745387268573	-0.0001225618036238	0.1870291437819074	-0.0265301347470421	-0.0020767897406622	-0.0000750327670136	
-0.2150929628232806	-0.1003802946936915	0.0020781280105942	-0.0000064558399279	-0.2826240572232566	-0.1142559177734671	0.0020781202545861	0.0000086066919061	-0.3615920278944542	-0.1174511721690184	0.0020780984902884	-0.0000128446556494	
0.3842406998602366	-0.4608821168567063	-0.0018996423961868	0.0008447311905054	0.3188848271516970	-0.4627434224624014	-0.0019203864191328	0.0007961980342347	0.2411610738603250	-0.4664459375054541	-0.0019301560931594	0.0007720909510587	
-0.2327444614171367	0.1223848544948054	-0.0020395531187474	0.0003995947576717	-0.3013182365264574	0.1148801581459757	-0.0020445449949041	0.0003730771962783	-0.3761519379938407	0.1196367441136921	-0.0020393475135372	0.0004006479901840	
-0.1483587090431847	0.2385338900807460	-0.0000121724479298	0.0020832975945651	-0.2112718252423085	0.2354204488172859	-0.0000385293691646	0.0020829752359666	-0.2798394373816968	0.2375139361705652	0.0000361468311457	0.0020830181572043	
0.2235741395780858	0.0756958852036073	0.0018598383815567	0.0009294957555021	0.1631488869623933	0.0655980160213502	0.0018137297084382	0.0010169531381206	0.0946541519374658	0.0571531409362360	0.0016495101181009	0.0012671908792243	
-0.1531005331512759	0.2632604299869590	-0.0012638395712103	0.0016537807837336	-0.2188731462831448	0.2598429898639641	-0.0015791694869738	0.0013542588533010	-0.2856212369294457	0.2647076312017729	-0.0014305132811794	0.0015111799691326	
0.2795836682096464	0.3133363988251597	-0.0019826370477359	-0.0006242990458082	0.2140869306037944	0.2998869568034326	-0.0020204791847523	-0.0004873442792109	0.1466057888274021	0.2892418459680925	-0.0020682168624250	-0.0002033284247285	
-0.1509366544137500	0.1520979062192599	0.0000942760109187	0.0020811884384077	-0.2135296587990170	0.1478910358954871	0.0000795526216802	0.0020818063011504	-0.2839951718396769	0.1479390167298124	0.0001212752328567	0.0020797827928271	
0.3150593877971695	-0.4286765730543672	-0.0018683610952822	0.0009121561884729	0.2512615680305230	-0.4327483627278196	-0.0018977537330134	0.0008489868616610	0.1754417191873646	-0.4378838634310177	-0.0019030042623334	0.0008370918678966	
-0.1496153814993882	0.1895831301604427	0.0000798937837315	0.0020817931708317	-0.2122189302151137	0.1864629314443824	0.0000796760245947	0.0020818015582330	-0.2820541427187923	0.1864733152237055	0.0001116970076730	0.0020803218734539	
0.3603429594338849	-0.4504514777568514	-0.0019006953132919	0.0008423475003947	0.2951794722042156	-0.4529376781809341	-0.0019041802440707	0.0008343999053027	0.2182621184673161	-0.4571613155890134	-0.0019079382576715	0.0008257272487257	
-0.3252579154884370	0.2451532500465107	-0.0020455335033921	0.0003675911810897	-0.3979560873007063	0.2414329889875442	-0.0020393889489878	0.0004004359645154	-0.4769281809574757	0.2543999474755181	-0.0020262759682429	0.0004625244270171	
-0.1501478661656966	0.1739448253014838	0.0000622867825475	0.0020823973472979	-0.2128263277370930	0.1697877412470238	0.0000645957138325	0.0020823266512299	-0.2828045267866622	0.1708408303186590	0.0000957838872687	0.0020811192408440	
-0.1788303367590803	0.1281377371883559	-0.0000134570228362	-0.0020832896533428	-0.2421020234337604	0.1239582033879478	-0.0000277738015137	-0.0020831472660342	-0.3138382709077778	0.1239635218212695	-0.0000488625631351	-0.0020827573730584	
0.2785047801289043	0.0827383966285195	0.0020779848481596	-0.0000252914179064	0.2150965577444577	0.0730251982532225	0.0020781313100465	-0.0000052816510224	0.1465458639183257	0.0649715374301160	0.0020777188072918	-0.0000418422952434	
-0.2774476864806326	0.2380825270736487	-0.0020539049142520	0.0003172276599248	-0.3480849814013288	0.2333935411868840	-0.0020518980722465	0.0003300217206624	-0.4239189134967914	0.2439840390298334	-0.0020412772013045	0.0003906469756323	
0.2048425045915301	-0.3017169739963257	0.0018496490043080	-0.0009497099288392	0.1475413536327759	-0.3104335016981427	0.0018788739519045	-0.0008901896148860	0.0790803370546427	-0.3173919593612944	0.0018950392427337	-0.0008550589060315	
-0.1797967266072732	0.2416358265635845	0.0012767563869070	-0.0016437792381413	-0.2465113704581596	0.2382036331249588	0.0016901233676341	-0.0012122129935513	-0.3154454176628624	0.2442546875292510	0.0016010030655368	-0.0013282450405602	
0.2275135046865362	0.0772058732151817	0.0019927173034299	0.0005911650335295	0.1661323814120214	0.0669510063001653	0.0019459044609326	0.0007312846367483	0.0978134838438712	0.0590914747193267	0.0018753294823654	0.0008976696645384	
-0.3941370355632219	-0.4095128651266766	-0.0007745383566164	0.0019332265294432	-0.4706288166649637	-0.4353861285580241	-0.0007925541139805	0.0019258741179487	-0.5670071180032041	-0.4571431172886373	-0.0008199974678574	0.0019142924930049	
0.2618261965166111	0.0818943981102893	0.0020652195695913	0.0002319344535152	0.1974224016988515	0.0718031730625769	0.0020649964686862	0.0002339223347563	0.1278110223182936	0.0640347778740252	0.0020685324654961	0.0002000758393619	
-0.1757333045583986	0.2145836879022203	-0.0000644662266259	-0.0020823306841028	-0.2389903812855741	0.2114583118258481	-0.0000413232135845	-0.0020829214150045	-0.3091161582247204	0.2135531226589915	-0.0001046748762755	-0.0020806888511802	
-0.1538558989942473	0.0781266315618186	0.0000638511210448	0.0020823497309073	-0.2163150203888736	0.0729209482730152	0.0000647130899071	0.0020823229885584	-0.2881072623710105	0.0708445152078387	0.0000963022034200	0.0020810952008159	
-0.2795154074361134	0.2383806802263335	-0.0020542688028703	0.0003148507370684	-0.3501447454300605	0.2337414552284828	-0.0020521769582653	0.0003282743318679	-0.4260533284537440	0.2443985330584044	-0.0020415637172778	0.0003891393119748	
0.2193825622790990	-0.0039486091120638	-0.0015000334048145	0.0014418436108033	0.1578991999127628	-0.0104571504955071	-0.0012640001616044	0.0016536574317544	0.0916078999079213	-0.0185489404445366	-0.0013300292329234	0.0016007635904261	
0.2233702094265947	-0.3125654304735760	0.0017692588171309	-0.0010928540926137	0.1642895229040418	-0.3194903678821759	0.0017805007534306	-0.0010743482286962	0.0968432891080335	-0.3265660504072125	0.0017974118301999	-0.0010456647895910	
0.2961347489118605	0.0823733728857392	0.0020767364837216	-0.0000764998537786	0.2317130821839989	0.0727658282166938	0.0020770750317701	-0.0000666252409575	0.1641718947536610	0.0644616440065340	0.0020758481600606	-0.0000977728698202	
0.3284044995305049	-0.4352991258497815	-0.0018640596196594	0.0009209583073166	0.2638735521690873	-0.4386508936769785	-0.0018781637847136	0.0008916944727243	0.1881078510936314	-0.4436690988152277	-0.0018860181163823	0.0008748747848274	
0.3083829553611205	-0.4254970569694578	-0.0018863144275779	0.0008742325256203	0.2443626065922127	-0.4298039181684448	-0.0019084955174687	0.0008244319845560	0.1685527520713683	-0.4349190983384416	-0.0019124740664703	0.0008151135367850	
0.3106905265494876	-0.0101091138155158	-0.0020771245979491	-0.0000650537016944	0.2462540122009994	-0.0189804583043028	-0.0020766696697823	-0.0000783014834865	0.1756118786906314	-0.0268653145966429	-0.0020774354912710	-0.0000541654218073	
-0.1552521726047393	0.0343933293401320	0.0000757315365397	0.0020819495190752	-0.2175450639206863	0.0281422401009699	0.0000765399833230	0.0020819198063976	-0.2902129523051933	0.0250191472300611	0.0001097545222922	0.0020804257778278	
-0.1483668835887766	0.2395767251513009	-0.0000195207884509	0.0020832414187771	-0.2112941474430995	0.2364599733801145	-0.0000462027415782	0.0020828183784574	-0.2798211617632719	0.2385536523134145	0.0000304653079663	0.0020831094537524	
0.6401344767717474	0.4633748433137399	-0.0019331207624802	-0.0007646003924009	0.5590208385581756	0.4406207325719673	-0.0019395948314608	-0.0007479411837313	0.4790302422979724	0.4124476863616425	-0.0019622057456727	-0.0006861130143161	
-0.1499124266250119	0.1812557318490230	0.0000707137883967	0.0020821268704035	-0.2125751355500206	0.1770756941607424	0.0000763374303969	0.0020819272804449	-0.2824714115518320	0.1781196845228805	0.0001021357613462	0.0020808156670558	
0.2189811022804726	-0.0035082973883890	-0.0014371194115012	0.0015048674711244	0.1574943769750411	-0.0097998057111177	-0.0012182517542343	0.0016878123351075	0.0916078999079213	-0.0185489404445366	-0.0013300292329234	0.0016007635904261	
-0.4069496774400953	-0.0293477002595152	-0.0013184709081440	0.0016103445437834	-0.4834914185110659	-0.0385065486084168	0.0000531822051733	0.0020826510200748	-0.5782960100028296	-0.0386802974387877	-0.0001720211238052	0.0020761836068763	
0.3586254948577579	-0.4496896519579804	-0.0018971248018660	0.0008503983520020	0.2939293753552085	-0.4523677205142844	-0.0019023431361202	0.0008386007423158	0.2173810076492211	-0.4568045699103785	-0.0019063202820213	0.0008294743891088	
-0.3552575858826845	0.3793808789015586	0.0018703850633453	-0.0009079779328486	-0.4313439930934305	0.3809730979491125	0.0018618757735812	-0.0009253873828912	-0.5080330604555120	0.3990957442492657	0.0018289513025016	-0.0009891757628844	
0.6224717430349738	-0.2256450916912442	0.0020615113931631	-0.0002630073118436	0.5455663620988616	-0.2267633235167062	0.0020651727851508	-0.0002323527409372	0.4613179930056008	-0.2324531478599260	0.0020651140463252	-0.0002328768322015	
-0.1498413086332709	0.1833374913434797	0.0000737357075332	0.0020820215187309	-0.2124974655758677	0.1791578542547543	0.0000787551237858	0.0020818367749761	-0.2823719289147293	0.1801999173468132	0.0001049125056576	0.0020806768230491	
0.3035597244597672	0.3235156137005453	-0.0018974590876610	-0.0008496484751296	0.2378940505762808	0.3095331927505802	-0.0019014481704090	-0.0008406381566377	0.1702812758825994	0.2972999308231253	-0.0019233612472292	-0.0007889483996166	
0.3096295259198288	-0.4260710138229161	-0.0018830968163884	0.0008811763313611	0.2461287557429737	-0.4305070329109531	-0.0019070963187180	0.0008276796455835	0.1703001148216415	-0.4356623901389772	-0.0019124148814442	0.0008152530817469	
-0.3573414683169354	0.3804148580313417	0.0018734245648493	-0.0009016582744303	-0.4334552385851579	0.3819355009648167	0.0018723346731972	-0.0009039306131818	-0.5112982931696359	0.4008906102750512	0.0018301182254652	-0.0009870042865523	
-0.3523102483378822	0.3779917359051255	0.0018887528319128	-0.0008689253623003	-0.4271945308946993	0.3788862016336921	0.0018633439575556	-0.0009224126624137	-0.5051779442097237	0.3975547914168426	0.0018310172775500	-0.0009853270684580	
0.3178206689473692	0.3295537815957188	-0.0019282403270562	-0.0007768868816663	0.2515578540866390	0.3153173147444195	-0.0019331692104279	-0.0007644772779526	0.1840154757160564	0.3027935882103918	-0.0019510499537363	-0.0007173737414827	
-0.2753443047203190	0.2377411366011236	-0.0020534376993630	0.0003202530357341	-0.3460240237876008	0.2330592637096220	-0.0020515472760322	0.0003322062846557	-0.4208541728531304	0.2433979033052708	-0.0020407111934216	0.0003936077537452	
-0.2244300592810836	0.1212193363260373	-0.0020665946720614	0.0002192794539110	-0.2930196662646264	0.1133204066755744	-0.0020475030546572	0.0003564007203603	-0.3678276126858138	0.1178449157842995	-0.0020336628695314	0.0004287054220307	
0.6370964267334169	0.4621422832077058	-0.0019322984120911	-0.0007666866390735	0.5559596091193331	0.4394397562178636	-0.0019415499868081	-0.0007428255411904	0.4768576900019725	0.4116601236163658	-0.0019609457772134	-0.0006897237575463	
-0.1599407782705243	0.2689062869448404	-0.0018546459685127	0.0009398649119511	-0.2266765329640589	0.2641137746227930	-0.0019621242194173	0.0006863472925715	-0.2939597529897832	0.2700384533523586	-0.0019324913852202	0.0007661976692012	
0.2142141957737177	-0.3068410030369181	0.0017942247393865	-0.0010511512878787	0.1549514734723747	-0.3142147992085584	0.0018453994260071	-0.0009579822319302	0.0883457138707350	-0.3218029639176709	0.0018632661160438	-0.0009225706785829	
0.3199813625890212	0.3303581993200115	-0.0019297873374206	-0.0007730167778100	0.2546384158651306	0.3164673780893651	-0.0019395736262339	-0.0007479964470344	0.1859111211032175	0.3033991915918580	-0.0019552079862822	-0.0007059046848328	
-0.1537260219524720	0.0822902202246462	0.0000693392138088	0.0020821733312872	-0.2161820921152477	0.0770848250317249	0.0000708975558302	0.0020821205898369	-0.2879030174130702	0.0750034591669922	0.0001006939381671	0.0020808862892714	
-0.3020053572558336	0.3545840468233099	0.0019761752188232	-0.0006445607278461	-0.3733678354030440	0.3537591970451357	0.0019466388577906	-0.0007293176517378	-0.4482733321118056	0.3692859186829729	0.0019478760015973	-0.0007259903867891	
-0.1525419949075328	0.1124897301581636	0.0000822375103169	0.0020817014465012	-0.2150880938145218	0.1072917049813231	0.0000733622281562	0.0020820347781768	-0.2862805000120623	0.1062164248449640	0.0001112965102279	0.0020803434458292	
0.3117477028664274	0.3270057548327661	-0.0019162966011133	-0.0008060404455225	0.2463653740839763	0.3132280646017868	-0.0019208909561938	-0.0007949739243992	0.1775826603416371	0.3003232748388672	-0.0019349973367862	-0.0007598148521841	
-0.1758895596542541	0.2301670105697298	0.0001984671919844	-0.0020738108301312	-0.2400184569844113	0.2281269705681588	0.0004997122341641	-0.0020222055628738	-0.3090847851542604	0.2311745863043099	0.0002324677885065	-0.0020702574624822	
-0.2050619051550180	0.1174547562497726	-0.0005342752375893	0.0020133054199665	-0.2708735529431655	0.1138922104782284	-0.0012174917580468	0.0016883633796292	-0.3472525069606875	0.1174011280227765	-0.0019178894856801	-0.0008022239143303	
-0.3946549948948495	-0.4082524925808018	-0.0007757891635091	0.0019327224182157	-0.4715329130396676	-0.4332409462152929	-0.0007968621571869	0.0019240866833514	-0.5673521508857318	-0.4562593568241008	-0.0008203616029066	0.0019141356917025	
0.3024311039710933	-0.4227844951761252	-0.0018949150853888	0.0008553353957043	0.2388404880267201	-0.4273814799875708	-0.0019043036083606	0.0008341169096547	0.1630255038699061	-0.4325060626084300	-0.0018960584481880	0.0008527851321714	
-0.1554323740086175	0.0291515443364904	0.0000659168691052	0.0020822850409635	-0.2177376700092845	0.0228972997139983	0.0000706805866675	0.0020821280033889	-0.2905345739923789	0.0187285912224537	0.0000989708799831	0.0020809693667369	
-0.3272787221960802	0.3687948156430094	0.0019262512449598	-0.0007818302306134	-0.4010309594268711	0.3688352824953877	0.0019725534054312	-0.0006556155026156	-0.4770090144368252	0.3863329988271849	0.0019743961753755	-0.0006500168883590	
0.2921223556118093	0.3183367820503575	-0.0019021447168350	-0.0008390529589422	0.2266964639866647	0.3046891964110842	-0.0019061608626103	-0.0008298425081917	0.1589428316558229	0.2928212553653832	-0.0019435256518854	-0.0007376149065526	
0.6423093307791163	0.4641732613707680	-0.0019370537040504	-0.0007545305752811	0.5611912914705575	0.4414333692225082	-0.0019412099360744	-0.0007437181791070	0.4811984097034308	0.4132461532051904	-0.0019619193922188	-0.0006869354996341	
0.2566052881314421	-0.0101103235263625	-0.0020439330339655	0.0003764320772951	0.1932579002271797	-0.0186003158554650	-0.0020551836395485	0.0003087923054822	0.1236370587008803	-0.0255905465462410	-0.0020473096604955	0.0003575155253404	
-0.1772199672167694	0.1739513533416581	-0.0000771656860834	-0.0020818965931904	-0.2404108075014078	0.1708357437003884	-0.0000666248174107	-0.0020822623968675	-0.3113392869780151	0.1718659443628910	-0.0001053512639826	-0.0020806545424801	
-0.4078969121097132	-0.0272221530951312	-0.0004054603825051	0.0020432955336660	-0.4835601671605947	-0.0354397895451579	-0.0002042707209695	0.0020732444035628	-0.5782494370302276	-0.0365324926320629	0.0002696816246499	0.0020657167045990	
0.1112121685930787	-0.4155158498741946	0.0017914777817629	-0.0010558494747411	0.0529453374017544	-0.4275112875750659	0.0019628095567695	-0.0006843750696568	-0.0155479883159539	-0.4370775576007633	0.0019574739607525	-0.0006995648655177	
-0.1539467803909127	0.0750032818935389	0.0000601480939995	0.0020824605333568	-0.2164078644076399	0.0697973151801577	0.0000596456049088	0.0020824750585222	-0.2883049272683168	0.0666841717217830	0.0000919068937598	0.0020812949366869	
-0.3097234398831727	0.3582393692101593	0.0017693707138237	-0.0010926720114113	-0.3835111106318930	0.3592606635328224	0.0017040515425960	-0.0011924550351929	-0.4571533223517933	0.3740003642433563	0.0016788153289417	-0.0012279035586780	
-0.2628712140018862	0.2357480428010247	-0.0020507508169057	0.0003371122740349	-0.3325254855853458	0.2308312050244825	-0.0020481927454016	0.0003523954717587	-0.4073062854371153	0.2407194432586573	-0.0020365656104840	0.0004146255805493	
-0.1796672265663520	0.0874964022930346	-0.0000572889932259	-0.0020825415526170	-0.2427150951699947	0.0822765594650798	-0.0000647678866044	-0.0020823212763714	-0.3152232993712277	0.0812654423454663	-0.0000860569782158	-0.0020815462759627	
0.6128384134104341	0.4525922160559627	-0.0019244546982365	-0.0007862640241984	0.5329199980004775	0.4305036704588975	-0.0019250678168513	-0.0007847541564182	0.4552012822455673	0.4039356086910596	-0.0019430080843536	-0.0007389840081710	
-0.1758389711519042	0.2114597879669084	-0.0000774801760816	-0.0020818848543288	-0.2390703603384082	0.2083335836065507	-0.0000626664648053	-0.0020823858989134	-0.3092855815938431	0.2104078611240438	-0.0001155932205038	-0.0020801079521691	
-0.1787602607091367	0.1343801731893141	-0.0000360082839392	-0.0020830205688325	-0.2419779673916284	0.1301929424917375	-0.0000574726369971	-0.0020825364672941	-0.3136532949904369	0.1301881846347140	-0.0000754210627805	-0.0020819608458929	
0.3213039556458869	-0.4318059558939835	-0.0018592905343177	0.0009305966227703	0.2575724672754488	-0.4356861881434328	-0.0018830358751934	0.0008813072044272	0.1809095975222287	-0.4403636136787228	-0.0018899558581096	0.0008662924690108	
0.6184014842021208	0.4548259956226327	-0.0019346549143436	-0.0007606906723076	0.5381226991929178	0.4325776042966966	-0.0019368251693904	-0.0007551199485752	0.4601160284033914	0.4057191795859007	-0.0019537542837641	-0.0007099382650771	
-0.1759179048466841	0.2093773232100381	-0.0000827847044344	-0.0020816796490142	-0.2391393235726673	0.2062509003403324	-0.0000729013835388	-0.0020820510463917	-0.3094057439323731	0.2083272211158311	-0.0001198242630783	-0.0020798673142171	
0.2805471585185778	-0.0094301225788062	-0.0020741684446008	0.0001287061728317	0.2171806894760339	-0.0181818415071004	-0.0020780767797171	0.0000159896793878	0.1475329707736885	-0.0257206975582728	-0.0020778545510427	-0.0000344072748916	
0.0882670685515932	-0.4046331995414215	0.0019121063678317	-0.0008159800310813	0.0301674572873941	-0.4173480207049383	0.0019797399088686	-0.0006334716445224	-0.0394732274173308	-0.4269508787262019	0.0020016431287645	-0.0005600398607939	
0.3075701923183912	-0.0102056275135841	-0.0020768163391809	-0.0000742891867468	0.2431326371183179	-0.0191271487258375	-0.0020765970022175	-0.0000802149675342	0.1724929333548505	-0.0269348013180931	-0.0020776900136368	-0.0000432553589078	
-0.2618393181443476	0.2355635051599795	-0.0020505449775197	0.0003383683197797	-0.3314390922465151	0.2306298851982318	-0.0020480109396859	0.0003534558105044	-0.4062861626155985	0.2405148953513140	-0.0020363535442603	0.0004156710534444	
0.3348488799940134	0.0765377928377318	0.0017784336795517	-0.0010777836173307	0.2690003239790711	0.0684272113091421	0.0019308355838697	-0.0007703815903776	0.2017868054426002	0.0587846601962758	0.0018616793020227	-0.0009257845556710	
0.3075797614587732	0.0817678639187805	0.0020732162596199	-0.0001432973357018	0.2431481802071521	0.0722451268760099	0.0020745730348168	-0.0001219767827160	0.1735351172402538	0.0639006201429249	0.0020721948818218	-0.0001574463525783	
-0.3904699794705615	-0.4186632069508950	-0.0007746905089985	0.0019331652581228	-0.4667145476451939	-0.4448641279824267	-0.0007924726623668	0.0019259078034774	-0.5624102489886081	-0.4678279787159362	-0.0008109335588151	0.0019181690135904	
-0.2545709023364682	-0.1000890975889299	0.0020781376512337	0.0000011866822689	-0.3231537329606863	-0.1144355991065775	0.0020778670640970	0.0000336392548412	-0.4052422880116843	-0.1174118374709583	0.0020779024905777	0.0000313630058345	
-0.2046921751329310	-0.1003279765477355	0.0020778755375316	0.0000331090586717	-0.2712031361134671	-0.1141390360400186	0.0020777754864543	0.0000389110345926	-0.3501667118512995	-0.1174965201198112	0.0020781302123680	0.0000056992031152	
0.3335990332391039	0.0772097836140171	0.0018537230217056	-0.0009416930575107	0.2680777681132939	0.0687438819497109	0.0019572923455541	-0.0007000753827090	0.2005385741655517	0.0593705541760611	0.0019157769126944	-0.0008072810253633	
0.3433791407869173	0.0102680064326371	-0.0002750065942603	-0.0020650110254131	0.2812308997281072	0.0032171001993700	-0.0002038765082829	-0.0020732834006015	0.2111207256694060	-0.0094477426360737	-0.0004424076420079	-0.0020355769231802	
0.3096560712427805	0.0816170200677069	0.0020721479923911	-0.0001580653430143	0.2452258053538453	0.0721143265799732	0.0020738252711158	-0.0001341487483669	0.1756094163663604	0.0637267203594112	0.0020710438117194	-0.0001719953130920	
0.2253561236835693	-0.3137842841356692	0.0017797791565437	-0.0010755491922238	0.1662896797276302	-0.3207403789421144	0.0017767220935118	-0.0010806169273074	0.0997149865073143	-0.3282020287074612	0.0017850149658299	-0.0010667933460421	
-0.3875151625411292	-0.4260201298643327	-0.0007683151067106	0.0019357206525313	-0.4636873004696502	-0.4521889857828680	-0.0007888243337031	0.0019274124727635	-0.5590006475433641	-0.4760341564727065	-0.0007787176563123	0.0019315384525234	
0.3160270291150261	0.3287363799312912	-0.0019249340495375	-0.0007850838609119	0.2503414860499470	0.3148040475375076	-0.0019322796136406	-0.0007667342527284	0.1818778775500400	0.3019490665236739	-0.0019468123787106	-0.0007288520149503	
0.2617065184999842	-0.0109510975236427	-0.0020756397374871	0.0001021231099755	0.1984021076565381	-0.0194997624145894	-0.0020560792959516	0.0003027407711937	0.1289165389725488	-0.0265188147545494	-0.0020278384373233	0.0004555905019291	
-0.1484905825677389	0.2260363133614499	0.0000456967959624	0.0020828295961455	-0.2112539271890838	0.2229307690453073	0.0000256487833342	0.0020831746504504	-0.2802187545360916	0.2249776763905119	0.0000825233502551	0.0020816900781242	
0.3960942750340271	-0.4662159119643310	-0.0018876512240950	0.0008713278533720	0.3304566364845408	-0.4676341013581497	-0.0019103027610248	0.0008202146352943	0.2524037352110127	-0.4710398812532345	-0.0019197883555721	0.0007976462098046	
-0.2420892881190561	0.1242072310752195	-0.0020487351150480	0.0003492125356662	-0.3107052820995290	0.1163341283723228	-0.0020553952590030	0.0003073734774368	-0.3865715269433834	0.1214688406707917	-0.0020530126573569	0.0003229801213276	
0.3054785589498603	0.0819071920625301	0.0020741223495549	-0.0001294505768738	0.2410690707154953	0.0723649103527239	0.0020751709659112	-0.0001112863546761	0.1714584591114583	0.0640610023114048	0.0020731919381148	-0.0001436505418448	
-0.1537594728739122	0.0812494352866541	0.0000679695270715	0.0020822187188214	-0.2162166025909828	0.0760439742100893	0.0000694017972267	0.0020821712357941	-0.2879544258177013	0.0739638499489880	0.0000996133571523	0.0020809385576543	
0.2316674923676384	-0.0076581688876736	-0.0020753714200413	0.0001074639204897	0.1693643493239965	-0.0166894376980413	-0.0020697601160200	0.0001868810605784	0.1008699825692322	-0.0235940666086064	-0.0020581184678253	0.0002884794931420	
-0.4152743190271342	-0.0037710324114067	-0.0012171777577221	0.0016885908965479	-0.4945161444337469	-0.0133936844864807	-0.0018811836814315	0.0008852736054191	-0.5868186836507373	-0.0111361176020080	-0.0014985046129755	0.0014434403651755	
-0.1492060604916310	0.2010297131323909	0.0000710736743255	0.0020821145553711	-0.2118276732955692	0.1979116290948934	0.0000647442566377	0.0020823220148953	-0.2813704279121995	0.1989481915565068	0.0001041355538791	0.0020807160487082	
0.2702557815897312	-0.0098562858262086	-0.0020561452158741	-0.0003022904893309	0.2079108823631146	-0.0191499948918155	-0.0020501516691580	-0.0003407550914981	0.1371210237778642	-0.0269477252485592	-0.0020581950414449	-0.0002879299202301	
-0.2067724684977718	-0.1003547392877388	0.0020780125230035	0.0000228924319262	-0.2732778137425035	-0.1141738547732694	0.0020779140019719	0.0000305869154643	-0.3532818022317165	-0.1174955337448807	0.0020781339942805	-0.0000040845559199	
0.2215812393647256	0.0745875684217557	0.0017302591596003	0.0011539035156245	0.1612074094538445	0.0643648166462292	0.0016682862087301	0.0012422421721627	0.0935396143984630	0.0562216941286193	0.0015356909046309	0.0014036113246810	
-0.3543930719176912	0.3790215017162656	0.0018768457166071	-0.0008944792723564	-0.4301381334922781	0.3802843082860390	0.0018605482629364	-0.0009280668643043	-0.5072346290093082	0.3986340995750282	0.0018262025519072	-0.0009942666113946	
-0.1757034119743384	0.2156251027630933	-0.0000586555460547	-0.0020825033207240	-0.2389717303133773	0.2125001223332659	-0.0000323652329549	-0.0020830806574363	-0.3090647093939115	0.2145928809412037	-0.0000996893777032	-0.0020809348989765	
0.2150481143674171	0.0666874737863992	0.0008580043566839	0.0018974774947907	0.1559742826805519	0.0582624231558747	0.0010007980864665	0.0018258331588273	0.0882212765151290	0.0479592359778880	0.0006846058471360	0.0019670399733440	
0.2722843342227484	0.0827337067923973	0.0020774419143176	0.0000539172731770	0.2088539149648100	0.0729262738117680	0.0020756969532337	0.0001009476035827	0.1403220559745143	0.0649864124892005	0.0020773050294770	0.0000589800083383	
-0.2108819223808199	0.2523637557814477	0.0020481359746912	-0.0003527269258483	-0.2784711683044221	0.2468713089544499	0.0020451285417749	-0.0003698487943622	-0.3502308583887294	0.2549062310529145	0.0020333764499207	-0.0004300686577473	
-0.4353737139322185	-0.0156244476671714	-0.0000745938848395	-0.0020819907958748	-0.5115656308597172	-0.0249064387941506	-0.0006036981574461	-0.0019934898488143	-0.6090924799158021	-0.0239408287213346	-0.0002044110730907	-0.0020732305010279	
0.6545938422075179	-0.2294843012972439	0.0020705780513015	-0.0001775416805408	0.5766857144405468	-0.2301643226611378	0.0020695841064073	-0.0001888299302334	0.4914566104187668	-0.2358393478361938	0.0020692411416429	-0.0001925702988673	
-0.1505399351647523	0.1614527720662677	0.0000744253935723	0.0020819968559663	-0.2131930240319013	0.1572983113271603	0.0000609842523798	0.0020824360926809	-0.2834567655438208	0.1572785450471509	0.0001084784674274	0.0020804930397494	
-0.1515489264953859	0.1385353059757243	0.0000882091897527	0.0020814557318581	-0.2140736972258931	0.1343762128096440	0.0000901998973015	0.0020813699876156	-0.2848297311296851	0.1333404651804341	0.0001176927829166	0.0020799896254787	
0.2848289197881361	0.3152839627114321	-0.0019259261380137	-0.0007826347480153	0.2203242941417756	0.3019662596704176	-0.0019369517270444	-0.0007547936315812	0.1517761312406212	0.2903962128912615	-0.0019935579203995	-0.0005883097744156	
0.6327852367012186	0.4604355496309078	-0.0019326487084610	-0.0007657987645205	0.5516297417580769	0.4377889804792882	-0.0019420832794461	-0.0007414231606211	0.4728311864863706	0.4102677035387653	-0.0019627717741962	-0.0006844839640578	
-0.4116899926804845	-0.0105316412675016	-0.0008174852249739	0.0019153720519781	-0.4895370468207151	-0.0188662577260841	-0.0009806651865017	0.0018367795289773	-0.5824417695711355	-0.0184622575289788	-0.0008479516569370	0.0019020137121812	
0.3252313711164504	-0.0094093424104538	-0.0020633175964625	-0.0002483651915826	0.2607895520679816	-0.0183434293213419	-0.0020711223872264	-0.0001710417654209	0.1891154755863029	-0.0264531508819379	-0.0020755795662998	-0.0001033448782744	
0.2504185065324822	-0.0092120307261874	-0.0020641651397883	0.0002411836125822	0.1870197642805933	-0.0178961629563877	-0.0020696508979432	0.0001880927766588	0.1174393436898480	-0.0246811048537466	-0.0020686919792125	0.0001984114250864	
0.2144896038629983	0.0654258255357897	0.0007348619288893	0.0019487309300764	0.1555782548209370	0.0574521053343983	0.0009221202714954	0.0018670070003319	0.0877793755317755	0.0466941846653506	0.0005779634051928	0.0020011406206927	
-0.4009880858724822	0.1408991057184228	-0.0019734787134890	0.0006528109317838	-0.4791677552122615	0.1349067506489061	-0.0019787962665505	0.0006364278963279	-0.5671637237695889	0.1453037034058883	-0.0019741799131956	0.0006506766922213	
0.3272777435398956	-0.0091423705239368	-0.0020477046494813	-0.0003552348065342	0.2629193887654955	-0.0181181462693353	-0.0020633634177015	-0.0002479823221983	0.1912001231259934	-0.0263436836890337	-0.0020727962246487	-0.0001492793183565	
0.2452273336516833	0.0801489823713996	0.0020641925731358	0.0002409475323082	0.1828196359326851	0.0702272679541795	0.0020628813166390	0.0002519810664730	0.1153059162494807	0.0627690560337026	0.0020655443230675	0.0002290095958912	
-0.3606826874828819	0.3820149321059724	0.0018830502161194	-0.0008812764089831	-0.4364054532009320	0.3833413498459521	0.0018897115587284	-0.0008668279153898	-0.5145703208944052	0.4026478623989147	0.0018546093044159	-0.0009399376202939	
0.2170810008281392	-0.3085537262518553	0.0017698029882181	-0.0010919682098487	0.1578960388242651	-0.3157438564611555	0.0018263882857009	-0.0009939236835355	0.0904137344449776	-0.3228750767890738	0.0018451158989890	-0.0009585309362994	
0.3126475732567290	0.3274054344520829	-0.0019182817792714	-0.0008012807057385	0.2472916727705133	0.3135616973550233	-0.0019225123463789	-0.0007910250861085	0.1787905953744309	0.3008095156582682	-0.0019365338268984	-0.0007558705313887	
0.6597994697206484	0.4698457617000075	-0.0020446431020599	-0.0003725364510606	0.5768315934697881	0.4475361338837028	-0.0019340806265439	-0.0007621569321873	0.4954913729903934	0.4181149700526511	-0.0019644585825017	-0.0006796033022592	
0.3624794231002135	-0.4513674408835230	-0.0019043767928721	0.0008339489715403	0.2973181485518374	-0.4538448051160442	-0.0019092501356081	0.0008226741361750	0.2204019498229054	-0.4580639212166814	-0.0019129285881687	0.0008140409355978	
0.2057231593467980	-0.3021145290401763	0.0018461198033943	-0.0009565863038228	0.1475413536327759	-0.3104335016981427	0.0018788739519045	-0.0008901896148860	0.0790803370546427	-0.3173919593612944	0.0018950392427337	-0.0008550589060315	
-0.1620655929708206	0.2698659051478944	-0.0019276682084190	0.0007783124745339	-0.2285510820112041	0.2647298364927034	-0.0019858222895501	0.0006140403198991	-0.2970667413863919	0.2711677003475287	-0.0019754508562713	0.0006467884289077	
0.2233186695343541	-0.0064839973888383	-0.0019487667644442	0.0007235839139244	0.1609473831339729	-0.0137342957639877	-0.0015961916795117	0.0013340520367371	0.0943386943408460	-0.0212404355244165	-0.0016953013901188	0.0012049243866857	
-0.1629852848332533	0.2701984321743381	-0.0019482970568867	0.0007248540023074	-0.2297741728014547	0.2651193005639079	-0.0019957799859767	0.0005806887651571	-0.2983006296775782	0.2715803267576117	-0.0019843002958944	0.0006189654805575	
0.3396980353554921	-0.4407817828802802	-0.0018733390405540	0.0009018368407672	0.2752536070589396	-0.4439608280674033	-0.0018912047477469	0.0008635489266924	0.1986644333354132	-0.4485201764167747	-0.0018972777018189	0.0008500554621186	
-0.1787413598460045	0.1354194254317436	-0.0000411324098127	-0.0020829252105371	-0.2419495755814549	0.1312313786212987	-0.0000618677551271	-0.0020824099012046	-0.3136135007743426	0.1312244635208967	-0.0000801775081604	-0.0020817822082584	
-0.3929004419182818	-0.4125545937176344	-0.0007763817321991	0.0019324832660106	-0.4693974362259701	-0.4384285199988683	-0.0007928053991937	0.0019257701696736	-0.5651532226650720	-0.4614131272997951	-0.0008178399684077	0.0019152198496241	
0.3221251003250426	0.0803210307692105	0.0020570161292597	-0.0002962758836660	0.2577022787544084	0.0709614820499674	0.0020606331843253	-0.0002698352701674	0.1890765399193783	0.0622105463626904	0.0020547689549138	-0.0003115534535812	
0.2990446107797086	-0.4212575441282381	-0.0018942378400884	0.0008568416843995	0.2350128106962491	-0.4257001051952232	-0.0018838965510721	0.0008794566788063	0.1600728968369045	-0.4311493497314503	-0.0018686999162134	0.0009114583801752	
0.3628820189232058	-0.4515685786402054	-0.0019051630619023	0.0008321421564788	0.2981874018268790	-0.4542232853012926	-0.0019106159438619	0.0008194811840919	0.2212750919936340	-0.4584386024126368	-0.0019142205276934	0.0008109830124548	
0.3074911811981105	0.3252128923146523	-0.0019059095598100	-0.0008304224035282	0.2421210832475517	0.3114048482914672	-0.0019091627920375	-0.0008228778267785	0.1735902900824319	0.2987413417715804	-0.0019253220501248	-0.0007841270867605	
-0.2060171299664436	0.1205864357475990	-0.0006938714933630	0.0019637743839655	-0.2724974636098898	0.1152925887167845	-0.0020576886207867	-0.0002915449233765	-0.3472525069606875	0.1174011280227765	-0.0019178894856801	-0.0008022239143303	
0.3423839525451222	0.0054285454550941	-0.0005725241623421	-0.0020027113853675	0.2803862808013341	-0.0020201772049680	-0.0004695416139086	-0.0020294592200920	0.2095324431291461	-0.0143675444952102	-0.0008704568823116	-0.0018917688501240	
-0.1529691542862192	0.1020943929985723	0.0000845119434386	0.0020816098945797	-0.2154703562826895	0.0968938614587143	0.0000749018209086	0.0020819796849451	-0.2868169111540237	0.0958355742902538	0.0001116022665946	0.0020803269836002	
-0.1544736406021459	0.0551999981612510	0.0000616217899208	0.0020824172307266	-0.2168777556173254	0.0489545324327670	0.0000445077033334	0.0020828554738778	-0.2890921407900491	0.0468830653215271	0.0000870861565479	0.0020815032576775	
0.3158657144681692	0.0810767546662171	0.0020675238594797	-0.0002102923610572	0.2504087868673420	0.0717226217523901	0.0020708559133490	-0.0001742542397752	0.1818104483250611	0.0631152355979159	0.0020662010507777	-0.0002229761853074	
-0.1499588213779346	0.2571875999231208	-0.0006166128801309	0.0019895132319975	-0.2149298044759217	0.2553076611977649	-0.0011096363646172	0.0017614825449627	-0.2815524793087851	0.2583471077604039	-0.0007590882603048	0.0019393757022730	
-0.1758012781596817	0.2125010370537070	-0.0000738529850738	-0.0020820173411783	-0.2390400037410793	0.2093750497131742	-0.0000564182519481	-0.0020825654428217	-0.3092283020285413	0.2114484502223993	-0.0001126476897394	-0.0020802703547748	
0.2131886614649808	0.0603703466653491	0.0003543644637963	0.0020528212169772	0.1539439890502026	0.0530704290975940	0.0005253454911400	0.0020156657035250	0.0869779825124164	0.0427823913511058	0.0003340066106807	0.0020562487355539	
-0.1757388187303328	0.2281115258498582	0.0001197207029766	-0.0020798733077381	-0.2396149682980652	0.2261347846276637	0.0003507209466390	-0.0020534499752056	-0.3088598722648983	0.2281033234644526	0.0000949830856035	-0.0020811561272303	
0.3138677001416075	0.3279275378667307	-0.0019192204247573	-0.0007990185745552	0.2482203877131298	0.3138897447386856	-0.0019260191412553	-0.0007824046983165	0.1797322031786109	0.3011295561162849	-0.0019394140031385	-0.0007484122931504	
-0.1764263627095151	0.1968741992622708	-0.0000785501528084	-0.0020818445576161	-0.2396496603963792	0.1937477156326801	-0.0000834570741933	-0.0020816526668964	-0.3101424301393981	0.1958460889632219	-0.0001155764378508	-0.0020801088893949	
-0.1514203082516270	0.1416538793282706	0.0000932055721806	0.0020812368938694	-0.2139422787091547	0.1374946554873469	0.0000914092319470	0.0020813169627982	-0.2846570805560921	0.1364554780600040	0.0001203297454442	0.0020798379848934	
0.1091252761921803	-0.4144706543775543	0.0019064904920751	-0.0008290811386773	0.0509261018538907	-0.4269213469339623	0.0019597752903070	-0.0006930591524843	-0.0166372005943226	-0.4366180240507632	0.0019542294644912	-0.0007086226393949	
0.3489446015859161	-0.4451752096393474	-0.0018795751796262	0.0008887006400436	0.2845806539213632	-0.4481869121456046	-0.0018960649943692	0.0008527705045619	0.2080138480243260	-0.4526821291533463	-0.0019008177334090	0.0008420698307932	
-0.1571835346318525	0.2672772869984920	-0.0016876403279336	0.0012156847663420	-0.2232968555322147	0.2627215027394132	-0.0018730112053743	0.0009025209257265	-0.2909643921641505	0.2687003173701040	-0.0018430911148410	0.0009624379277275	
-0.1790841567108696	0.1052208771191629	-0.0000604078811735	-0.0020824529760123	-0.2421962885128633	0.1000028082882319	-0.0000359191858847	-0.0020830221148274	-0.3144054682754546	0.0999856813361324	-0.0000832411362621	-0.0020816613562900	
0.3435381969876761	0.0115640355799942	-0.0002259643724722	-0.0020709809901442	0.2813894956182349	0.0052535681710305	-0.0001543868337216	-0.0020775762700581	0.2113015294277170	-0.0084659256553656	-0.0003876578972089	-0.0020467649596477	
-0.2057322441042339	-0.1003400696457100	0.0020779523993445	0.0000278421654674	-0.2722403758865982	-0.1141610971652624	0.0020778509611804	0.0000346244662209	-0.3522433796513922	-0.1174988060821661	0.0020781376584046	-0.0000011739936827	
0.2608195527585624	0.0817529859803521	0.0020653670178567	0.0002306111312458	0.1974224016988515	0.0718031730625769	0.0020649964686862	0.0002339223347563	0.1278110223182936	0.0640347778740252	0.0020685324654961	0.0002000758393619	
0.3459836652068597	-0.4438045755629682	-0.0018768906459615	0.0008943845210003	0.2816020335900843	-0.4468441314995635	-0.0018943633050725	0.0008565628731667	0.2046516684106343	-0.4511401027467655	-0.0019000015457147	0.0008439190199031	
-0.1550032171519665	0.0406332541153707	0.0000810194810665	0.0020817494468975	-0.2173056727055023	0.0343806741382007	0.0000742108318109	0.0020820045532039	-0.2898639975443367	0.0312477623812643	0.0001128847901036	0.0020802574377750	
0.2744156763007272	0.3121767916420198	-0.0020735543897599	-0.0001382930178105	0.2108280184433307	0.2992814461964660	-0.0020736731987823	-0.0001364908934676	0.1453243929071286	0.2890478870694145	-0.0020777144540366	-0.0000420589811377	
0.0851616546204130	-0.4034732920463622	0.0019502642861311	-0.0007195175925738	0.0270362820413838	-0.4164491642104485	0.0020031959711793	-0.0005544318067813	-0.0426065753596805	-0.4260968353877257	0.0020161717052099	-0.0005049547358301	
-0.3967537629127855	-0.4030493410035815	-0.0007798554704920	0.0019310770437909	-0.4737094611568816	-0.4280706028340334	-0.0008263454273581	0.0019115471510908	-0.5695635190161296	-0.4511152666537467	-0.0008282517656851	0.0019107177965294	
-0.2805489757194778	0.2385323203344835	-0.0020544409912273	0.0003137195767912	-0.3512288195667875	0.2339057186863231	-0.0020522354103330	0.0003279068839131	-0.4270752615280553	0.2445917713462708	-0.0020416472625340	0.0003886985508337	
-0.2410594600847253	0.1240451049322238	-0.0020473240173698	0.0003574328893937	-0.3096094460401466	0.1161133299978216	-0.0020544557287077	0.0003136225676265	-0.3854561955381496	0.1212656369843812	-0.0020524305613774	0.0003266770339500	
0.2285651495659344	-0.0074661097116474	-0.0020700260191319	0.0001838973572328	0.1661235506814379	-0.0161066215448671	-0.0020268679558223	0.0004599102332806	0.0986490261636593	-0.0231294684658324	-0.0020164855883087	0.0005036935233290	
-0.1557376418958117	0.0177039237229659	0.0000575278337082	0.0020825349356456	-0.2180896019917373	0.0104130900508018	0.0000567746819527	0.0020825557078499	-0.2910126173436822	0.0072952174816372	0.0000874992575483	0.0020814858465181	
-0.1756879959825903	0.2270764419567152	0.0000891520694789	-0.0020814153588730	-0.2394243976005579	0.2249197976116006	0.0002759110007256	-0.0020648897760563	-0.3088214234258801	0.2270689082813322	0.0000619640948600	-0.0020824070224102	
-0.2036492032851336	0.2510859574101249	0.0020438590479605	-0.0003768355905557	-0.2712507628243784	0.2455520505777667	0.0020426879478669	-0.0003831641639918	-0.3418547460141005	0.2531202396572924	0.0020312238777197	-0.0004401729176832	
0.2369488806765886	-0.0079321230806705	-0.0020730536265050	0.0001456427925596	0.1745159346591657	-0.0171224446344609	-0.0020748641765001	0.0001168940266493	0.1059864120644438	-0.0239473599248292	-0.0020753367322058	0.0001081350733291	
-0.1756014675493230	0.2229167036085702	0.0000082347602903	-0.0020833169770874	-0.2390654527485636	0.2208262800020082	0.0001052505746962	-0.0020806596638208	-0.3087955133995583	0.2229137338977996	-0.0000252415424952	-0.0020831796496344	
-0.1782155771895375	0.1509955261286772	-0.0000917932147141	-0.0020812999785894	-0.2413321404486911	0.1468925714676237	-0.0000918264588474	-0.0020812985047897	-0.3127703560779143	0.1479176373393971	-0.0001264162077667	-0.0020794751056510	
0.3065296986628294	-0.0102544948982402	-0.0020767941013138	-0.0000749113684216	0.2420924004609488	-0.0191497982679461	-0.0020766945492275	-0.0000776355048033	0.1714529705647935	-0.0269615544452049	-0.0020778589096210	-0.0000341417176603	
0.3367935289059629	-0.0043702007684803	-0.0014088893010635	-0.0015314605655245	0.2742524988921307	-0.0134427543124051	-0.0014381856918644	-0.0015038433680772	0.2015874050836384	-0.0239806919314448	-0.0018144030323118	-0.0010157453159786	
0.3391070674811165	-0.0014006289379502	-0.0011841426379643	-0.0017120351217444	0.2773832522994683	-0.0093333039863493	-0.0011104098134048	-0.0017609926371202	0.2049804707620192	-0.0212711347845106	-0.0014087313967461	-0.0015316065439867	
0.3273491700602051	0.0793624798688268	0.0020255498282407	-0.0004657099609549	0.2617707528597140	0.0703593186469140	0.0020456009241632	-0.0003672139269093	0.1942679868277535	0.0612645441572112	0.0020312882590408	-0.0004398742299559	
-0.1502986585971837	0.1687378021902359	0.0000627026094489	0.0020823848054304	-0.2129814834295821	0.1645825999311398	0.0000584704083610	0.0020825085531189	-0.2830887001356552	0.1646071820278255	0.0000979460143923	0.0020810180991464	
-0.1829624996174083	0.2446767071286967	0.0016866667975502	-0.0012170418592264	-0.2505139666044894	0.2404182233693676	0.0019089026231954	-0.0008234842028714	-0.3191122370740086	0.2466610692241060	0.0018513693514218	-0.0009463350557354	
-0.1490737833952096	0.2530502862593345	-0.0002938746025591	0.0020623974264370	-0.2129235845999523	0.2510702477460198	-0.0006512846319878	0.0019783787798301	-0.2802577336002382	0.2531727583544290	-0.0002871656275531	0.0020633470004439	
-0.1756324263426716	0.2187497811509851	-0.0000364752997457	-0.0020830124026835	-0.2389472120989368	0.2156260238013066	0.0000017471693879	-0.0020833325970413	-0.3088944102290143	0.2187528104591420	-0.0000717990360558	-0.0020820895438170	
-0.1763847851729639	0.1979156266378819	-0.0000799214831645	-0.0020817921022926	-0.2396060724405984	0.1947889291955669	-0.0000848573527388	-0.0020815957721439	-0.3100807821207201	0.1968863632531385	-0.0001170050008249	-0.0020800286226745	
0.1100764457655946	-0.4148546325530777	0.0018637276217590	-0.0009216333420487	0.0519401167699589	-0.4272315404581604	0.0019674480373364	-0.0006708558313358	-0.0166372005943226	-0.4366180240507632	0.0019542294644912	-0.0007086226393949	
0.3168967838483893	0.0809804530013586	0.0020664844429586	-0.0002203210050938	0.2514427437860227	0.0716368838528752	0.0020699892865185	-0.0001843124328335	0.1829121190099947	0.0630032744599664	0.0020650353385377	-0.0002335772277060	
-0.1503981819816513	0.1656148440557827	0.0000663361815862	0.0020822716582719	-0.2130708539790051	0.1614601990420600	0.0000577441745340	0.0020825289182378	-0.2832453919935831	0.1614342332386756	0.0001018178932134	0.0020808313230989	
0.2576694772162810	-0.0103022473850394	-0.0020445673121275	0.0003729542597848	0.1943090471419708	-0.0187866488717699	-0.0020524863581449	0.0003263245267807	0.1246745829404918	-0.0257699398423631	-0.0020402188570553	0.0003961645019296	
-0.3585689142931017	0.3810568352960945	0.0018737983851802	-0.0009008772630219	-0.4343026769875392	0.3823535391010985	0.0018771185987237	-0.0008939036025188	-0.5124645823396492	0.4016738088026613	0.0018372717860113	-0.0009735559700031	
0.2202203572057162	-0.3105701924909812	0.0017625909348049	-0.0011036294320385	0.1611047230792030	-0.3175737633948214	0.0018011474354002	-0.0010391846599537	0.0936468581356451	-0.3246502144137040	0.0018206581052528	-0.0010044337431605	
-0.4162881364135905	-0.0026313664203942	-0.0014427673240611	0.0014994263332297	-0.4958049939016971	-0.0128592476840734	-0.0020008199406254	0.0005629883838028	-0.5884062162396929	-0.0098110713654304	-0.0017821739084670	0.0010715565163155	
-0.1487002724820616	0.2177145335670028	0.0000548757137576	0.0020826068659919	-0.2114050404977297	0.2146072430679656	0.0000439646872452	0.0020828670642900	-0.2805995795334201	0.2156286848067541	0.0000915433105006	0.0020813110403819	
0.3356164555836513	0.0760369092909399	0.0017224890622395	-0.0011655281300088	0.2702239529057628	0.0678609354582253	0.0018807356140086	-0.0008862298733613	0.2026289974893927	0.0583542374798486	0.0018186007713856	-0.0010081725038827	
-0.1489394340560364	0.2093897936080819	0.0000602736776990	0.0020824568841317	-0.2115996902866842	0.2062319168118515	0.0000547196440821	0.0020826109930609	-0.2809684098599832	0.2073175488385542	0.0000952928265892	0.0020811418967985	
0.2846748137801783	-0.0097474882757891	-0.0020677886055595	0.0002076597902191	0.2202930218937182	-0.0182844232272715	-0.0020735845869463	0.0001378372224911	0.1506721054038739	-0.0257604198424133	-0.0020751807641353	0.0001111025790714	
0.3054141138857899	-0.4241171978283964	-0.0018919468942426	0.0008619135920998	0.2409842676053024	-0.4282951592180723	-0.0019079096991292	0.0008257935637314	0.1660156971293304	-0.4338361655957444	-0.0019094318084138	0.0008222502724711	
