-0.1729985805036830	0.3239479088195553	-0.0000251962424155	-0.0020831802007808	-0.1617631145398872	0.3198000308195428	-0.0000208044248982	-0.0020832289328964	-0.1640225954126829	0.2833378504758832	-0.0000042218268893	-0.0020833290341962	
-0.1730643208841561	0.1729150528707402	-0.0000388079174238	-0.0020829700390639	-0.1619943392176056	0.1687495261001892	-0.0000439171561557	-0.0020828680720428	-0.1631132165881134	0.1322917077005871	-0.0000294114451326	-0.0020831246756018	
-0.1736706059593310	0.1354150522062266	-0.0000317899851971	-0.0020830895600734	-0.1627110784515492	0.1302112026085299	-0.0000400330661450	-0.0020829467367516	-0.1635012386110534	0.0947856744850694	-0.0000273322831339	-0.0020831531350669	
0.2129788928526334	0.2052505500657167	0.0016468883759779	0.0012706133545355	0.2234044784680553	0.1999953281764248	0.0013978042297011	0.0015416353713769	0.2206382799971955	0.1705517077347941	0.0011972436562026	0.0017028533362848	
0.2617952505359177	0.2141115357561025	0.0020707725536202	0.0001752470070742	0.2733166054590124	0.2108984017772428	0.0020695644123905	0.0001890467325931	0.2691201147392003	0.1833521205854967	0.0020649999770823	0.0002338912065373	
0.4416230989360583	-0.3041847379557955	0.0013414959138670	0.0015911182190054	0.4575216672771387	-0.3159812147038842	0.0014203647634503	0.0015207701756823	0.4705456227020530	-0.3477626699466719	0.0013734939276444	0.0015634410734405	
-0.1734087697714402	0.1552078684555072	-0.0000331770490407	-0.0020830678219233	-0.1623764563505729	0.1510432818571952	-0.0000360722586394	-0.0020830194564052	-0.1633191191258069	0.1145830144157493	-0.0000174093937502	-0.0020832602270138	
-0.3049077398580561	-0.3217464562813884	-0.0001566704740883	0.0020774044523706	-0.2928785969926435	-0.3312897788281831	-0.0002471263235417	0.0020685503666083	-0.2900966044680828	-0.3791310272101608	-0.0003364546921754	0.0020558475871476	
-0.6568051387079324	0.2845330140202760	0.0012176547568741	-0.0016882452394529	-0.6480622389841963	0.2811495834978051	-0.0004414117798445	-0.0020357941887180	-0.6505093550198838	0.2375090187475729	-0.0001546204427450	-0.0020775588101507	
-0.3248464594251351	-0.3259214914479976	0.0000533438426389	-0.0020826468655578	-0.3127451472331256	-0.3354123719468782	0.0000013263736030	-0.0020833329089955	-0.3107650197467938	-0.3843873766952777	-0.0000214445393646	-0.0020832224094642	
-0.6522217781678515	0.1427511402263051	0.0000477677186127	-0.0020827828979038	-0.6453298109711286	0.1395773824733080	0.0000849258118692	-0.0020815929662667	-0.6482216369792210	0.0958455639455197	0.0000507717339561	-0.0020827114787826	
0.1838034574832715	-0.3788344467152582	-0.0020039053254209	-0.0005518495664878	0.1953452142327119	-0.3885424149477124	-0.0020130106335684	-0.0005174742327308	0.2057875869096203	-0.4251513502419734	-0.0020021645303084	-0.0005581635989368	
0.3208023743017053	0.1296282832367200	-0.0015084248848333	-0.0014330182118582	0.3324664388093739	0.1240493532995940	-0.0017733902420852	-0.0010861034051116	0.3313889644897324	0.0970936738214947	-0.0018538230670799	-0.0009414951060920	
0.1278829479234983	-0.1927092392635768	0.0000513958495708	0.0020826960940685	0.1427734282077786	-0.2010446405159711	0.0000506793586093	0.0020827137398955	0.1500395651616380	-0.2364493350097367	0.0000117724877602	0.0020832999045952	
0.4206681132842889	-0.3173760999207068	0.0020005519382567	0.0005639447366777	0.4332504159311446	-0.3279934018081075	0.0020430417446337	0.0003812637171146	0.4448459956804396	-0.3609037486935916	0.0020544172527625	0.0003138757702472	
0.1295315904507832	-0.2749496331277541	0.0001405409300893	0.0020785637210665	0.1441259877024561	-0.2843273546591137	0.0001670714033550	0.0020765897970553	0.1524185170849960	-0.3218196644384214	0.0001756908659009	0.0020758747476894	
0.2147087204651279	-0.2614404020321991	-0.0000542761842729	-0.0020826226556114	0.2299085116297865	-0.2708264324152543	0.0000590748380727	-0.0020824914094158	0.2395364769245338	-0.3063093073298538	0.0001559476080766	-0.0020774591141663	
0.3271828643051604	0.1396435419598058	-0.0006445217304666	-0.0019806034128839	0.3403515352882511	0.1336112869146911	-0.0008617492011670	-0.0018957711866980	0.3390252173493127	0.1049833317300981	-0.0010510614037392	-0.0017972248463707	
-0.6618872451386764	0.0671867834704025	-0.0020779835245265	0.0000254004790524	-0.6639650476727171	0.4860304721096085	-0.0020781379883000	0.0000000161539709	-0.6639650426635915	0.4463789794708540	-0.0020781379883580	-0.0000000042905300	
-0.1732763215143857	0.1624984954487605	-0.0000421414212154	-0.0020829049396935	-0.1622310394017560	0.1583344370685481	-0.0000452197853181	-0.0020828400591184	-0.1632490133073307	0.1218750946679226	-0.0000231633998731	-0.0020832039143145	
-0.6524667393903798	0.1812490738287098	0.0000078614992732	-0.0020833184262625	-0.6463378649167043	0.1781253684271226	0.0000526266174610	-0.0020826652039630	-0.6490041990802690	0.1343689256676643	0.0000072485124255	-0.0020833206603431	
-0.1733284961468796	0.2874923280128134	-0.0000363975407677	-0.0020830137696662	-0.1621730280177458	0.2833368750236901	-0.0000430733065954	-0.0020828857817682	-0.1642353816158111	0.2468783423234734	-0.0000212479704610	-0.0020832244337387	
0.3990134216333896	-0.3195604759598409	0.0020768937883529	-0.0000720803117330	0.4156262232783112	-0.3290484708775251	0.0020779172257013	0.0000303660180486	0.4301747141896739	-0.3615447655869521	0.0020777089845743	0.0000423296540001	
-0.6528066196424599	0.1937224977014256	0.0000832457255764	-0.0020816611718494	-0.6469068936457689	0.1906467602013246	0.0001104368379224	-0.0020803894887508	-0.6492238851479423	0.1468761877705083	0.0000798162417975	-0.0020817961601330	
0.2846562882436395	0.4522114693066743	-0.0019225439529663	-0.0007909478802927	0.2950222165720062	0.4491539006633392	-0.0019438374839851	-0.0007367886244782	0.2845689806810571	0.4180684070892176	-0.0019925635319105	-0.0005916857168302	
0.3728769604774631	-0.3291630474646771	-0.0000574413444552	0.0020825373349745	0.3916056395906538	-0.3406307896795266	-0.0001967813493185	0.0020739722808714	0.4061496687957373	-0.3750137863433285	-0.0002996922597962	0.0020615558902432	
0.1033172468150525	-0.3374740293447521	-0.0000199476254587	-0.0020832373551736	0.1177990723360254	-0.3479116775410240	-0.0000362524187316	-0.0020830163130688	0.1273060820382691	-0.3874872982305776	-0.0000250813142110	-0.0020831815946196	
-0.1955619326576130	0.1947707477937381	-0.0000373931132008	0.0020829960472596	-0.1844046849455038	0.1905821838535142	-0.0000338613831926	0.0020830567549574	-0.1855332070557714	0.1542016079300637	-0.0000436462425250	0.0020828737951236	
-0.1734570196698470	0.2593689980304382	0.0000433156551452	-0.0020828807308247	-0.1623206110712155	0.2552273211443412	0.0000514233927303	-0.0020826954107848	-0.1639204078510468	0.2187364456787833	0.0000719019275434	-0.0020820859753732	
0.4748945461960059	-0.3967150927901014	-0.0018947930337918	0.0008556070912886	0.4915428232735830	-0.4060051592467726	-0.0018629070567818	0.0009232991237500	0.5080808044449727	-0.4396861350480840	-0.0018991907317082	0.0008457512470642	
0.5507851985203807	-0.4205758795243871	-0.0019987770467230	0.0005702346687313	0.5703505098435213	-0.4315684100654640	-0.0019982766659749	0.0005719944395655	0.5911309553105504	-0.4659539233871016	-0.0019994424324105	0.0005678854646747	
-0.1738883705617960	0.1229111031369285	-0.0000401789895022	-0.0020829439130074	-0.1629891735788890	0.1177094772370814	-0.0000514947190365	-0.0020826936396373	-0.1636937807329092	0.0823012598496375	-0.0000341311683474	-0.0020830523299142	
0.5881663223088482	-0.0734502908022235	0.0020659910760201	-0.0002249230511919	0.6036878432335553	-0.0792648826154306	0.0020662110625070	-0.0002228829277926	0.6109963738945816	-0.1039385521505011	0.0020673061774757	-0.0002124322509028	
0.5435016264977068	-0.4185229174922535	-0.0020012910993044	0.0005613028157903	0.5630754018465607	-0.4294956547622384	-0.0019983456242208	0.0005717522707505	0.5838543358702264	-0.4638855013986600	-0.0019999949596953	0.0005659267089501	
-0.1728348723555152	0.3468609846964684	0.0000317961362865	-0.0020830894657227	-0.1614831283855059	0.3426967152782175	0.0000062752755514	-0.0020833238350177	-0.1638889333591973	0.3062591388673370	0.0000027088051927	-0.0020833315634863	
0.2142760267466112	-0.3281306447707481	-0.0000218739605692	-0.0020832179224185	0.2292937064271511	-0.3385377671546709	-0.0000331225637365	-0.0020830686933395	0.2398770093497333	-0.3750025984935972	-0.0000028300795608	-0.0020833314014651	
-0.1486480284752534	0.0854166861021222	0.0000049717787968	0.0020833273711652	-0.1379071470528322	0.0802072717985992	0.0000161120922544	0.0020832707165995	-0.1382725154211580	0.0447910573135969	0.0000079461265442	0.0020833181035913	
-0.3940567999896122	0.1206934249029010	-0.0007078894098096	0.0019587398225015	-0.3856352857315724	0.1165974424417830	-0.0005001066352003	0.0020221075725112	-0.3887421633663078	0.0770527590401557	0.0004152364310052	0.0020413214592618	
0.1298702712662561	-0.2552086084281418	-0.0000599804219032	0.0020824653937162	0.1446610596284890	-0.2645847028474007	-0.0000347638425914	0.0020830418149545	0.1529386434061696	-0.3010439509933751	-0.0000451487320723	0.0020828416082338	
0.1277528793167838	-0.1979172008996513	0.0000472898412590	0.0020827938575550	0.1426322505482109	-0.2062457855190949	0.0000462389067026	0.0020828175718818	0.1500267906771964	-0.2416516519717036	0.0000111834180536	0.0020833031663233	
0.3309327405468935	0.1844041610426989	-0.0000217228911620	-0.0020832195110953	0.3451279586054616	0.1791723160696819	-0.0000418554640208	-0.0020829107344197	0.3439976860005276	0.1510444427794509	-0.0000106052942377	-0.0020833062046775	
0.2742975425485336	0.2143673864580465	0.0020778979661879	-0.0000316628287736	0.2857303868301687	0.2112900338620110	0.0020780746168381	-0.0000162697296294	0.2815596763300059	0.1840097878306057	0.0020780855181373	0.0000148043823204	
-0.1729101115863161	0.1854182372224618	-0.0000109316901152	-0.0020833045091088	-0.1618157020545749	0.1812489640412166	-0.0000139998751082	-0.0020832860581464	-0.1629861222919479	0.1447923588791687	-0.0000082879160858	-0.0020833167652442	
0.5653253504077473	-0.4247352268360562	-0.0020041837545045	0.0005508324506107	0.5861261713126547	-0.4361356611302794	-0.0019987185445209	0.0005704407160181	0.6069297985286812	-0.4704186298575364	-0.0020041246581975	0.0005510485012518	
-0.1999453644215972	0.2588765397948594	0.0003039811388196	0.0020609247062490	-0.1915345795396610	0.2547152823920947	0.0013892314832950	-0.0015494036855362	-0.1926082405731519	0.2172440118444678	-0.0013101870449553	0.0016171252288729	
0.1296026840368629	-0.2739205234431581	0.0001259644436801	0.0020795026574476	0.1442104544269759	-0.2833006452689297	0.0001507802372079	0.0020778424585021	0.1525080683823011	-0.3207950142522112	0.0001596970536963	0.0020771728271088	
-0.1481198186948570	0.1510386399557347	0.0000031135473271	0.0020833309950820	-0.1372037865933569	0.1468756031029959	0.0000092036808646	0.0020833129015988	-0.1380738746182881	0.1114570207269422	-0.0000001049752323	0.0020833333306753	
0.0610701017654787	-0.4395961494452500	0.0000607672793580	0.0020824424671877	0.0748939485045320	-0.4499978219768229	0.0000631376331708	0.0020823715951619	0.0848707541273886	-0.4947943602861317	0.0000177915828690	0.0020832569819099	
0.4331752778676372	-0.3783875832442083	-0.0019002858530837	0.0008432754315412	0.4520584735031403	-0.3884004398274526	-0.0018978620910022	0.0008487433928928	0.4697353448013841	-0.4227461459179964	-0.0019066087125169	0.0008288078736894	
0.4116299101563712	-0.3683995981114437	-0.0018662951751965	0.0009163967695822	0.4293056283265178	-0.3777468893761355	-0.0018601164175780	0.0009289364349584	0.4468532590702123	-0.4123792727967519	-0.0018725261164891	0.0009035319783199	
0.2148974993254930	-0.2864626531040961	-0.0000572355926597	-0.0020825430282880	0.2301741390596447	-0.2958337892458157	-0.0000515305268085	-0.0020826927495462	0.2399788907033107	-0.3322903967400915	-0.0000265020077703	-0.0020831639170238	
-0.1487388166497938	0.0770836264726494	0.0000452723033438	0.0020828389125447	-0.1380507128061523	0.0718743773366681	0.0000614595899379	0.0020824220481373	-0.1384301720193467	0.0364577369665571	0.0000735520275101	0.0020820280482528	
0.2147437002858034	-0.2656399859691180	0.0000751883153150	-0.0020819693065151	0.2300874725876757	-0.2749602073028364	0.0001169639539467	-0.0020800309427792	0.2398046836857451	-0.3104491391048758	0.0001211176322062	-0.0020797920227412	
-0.1827403581089523	0.0654098841271954	-0.0017953270255134	-0.0010492580753093	-0.1745583806310737	0.0604033141542501	-0.0019624973107401	-0.0006852744219795	-0.1766967587978787	0.0272772004141322	-0.0020154220605176	-0.0005079534213969	
0.2245599641621219	0.2099331259617215	0.0020371333782875	0.0004118129161253	0.2358271102318704	0.2064028539470374	0.0020297411430356	0.0004469940440885	0.2317416356605367	0.1780393910274146	0.0019951397587989	0.0005828956413547	
-0.1478603099826338	0.1802100629741933	0.0000176759803971	0.0020832579709053	-0.1368619190648401	0.1760379359763880	0.0000258016289899	0.0020831727535032	-0.1379759438975614	0.1406231310858523	0.0000111126333655	0.0020833035469975	
-0.1733097619477947	0.2885341343107297	-0.0000354972136056	-0.0020830293846866	-0.1621513085061816	0.2843773202833557	-0.0000420331602443	-0.0020829071381707	-0.1642249449391038	0.2479192228722295	-0.0000220652914654	-0.0020832158945395	
0.5194421118924448	-0.4117710270088946	-0.0019956232612313	0.0005812298386226	0.5393518406363442	-0.4226714932097073	-0.0019913318229941	0.0005958385289635	0.5610323777525217	-0.4575120350232626	-0.0020013879277707	0.0005609557357349	
0.2107886723341236	0.2032727489569086	0.0014260880239415	0.0015153776360017	0.2219923557648155	0.1982099202342001	0.0012114671368135	0.0016927131234359	0.2190463839335507	0.1678203383775256	0.0009187830574960	0.0018686597827020	
-0.6532267612004017	0.2105012053272126	0.0000421905041182	-0.0020829039410932	-0.6475145745226295	0.2072722604633942	0.0000672051776803	-0.0020822436531210	-0.6497856782128506	0.1634980260298989	0.0000460090112532	-0.0020828226883932	
0.3129359396591852	0.4651449501685127	-0.0019053120907092	-0.0008317991675407	0.3230076562729117	0.4618492732862498	-0.0019010777443907	-0.0008414797184160	0.3126172210050007	0.4305966229577340	-0.0018879959670613	-0.0008705768685044	
-0.1526442717252892	0.0468249298580222	0.0010249717461857	0.0018123055194564	-0.1435660717520962	0.0407542277956303	0.0013266516278984	0.0016035779411163	-0.1456276592536586	0.0064190961447963	0.0015345277139839	0.0014048892763924	
0.2629111765747201	0.1247235564493983	-0.0020745072020848	-0.0001230969059022	0.2742995567248354	0.1209341772222782	-0.0020665466830979	-0.0002197335137000	0.2722400210931304	0.0937309131047370	-0.0020542195825904	-0.0003151733173179	
0.1291641522544872	-0.2792268295143550	0.0002049999595310	0.0020731720639631	0.1437001916713325	-0.2886034700674517	0.0002353824434378	0.0020699264509506	0.1519825870422543	-0.3260990439436270	0.0002403691115991	0.0020693504343899	
-0.6533669074581921	0.2281296217882726	0.0000145198725330	-0.0020832824809968	-0.6479383722924968	0.2250092705629639	0.0000457277457181	-0.0020828289134844	-0.6501048530679057	0.1812651902391502	0.0000241423452274	-0.0020831927436120	
0.1280789472833375	-0.2875573805426244	0.0003495747102864	0.0020536463969121	0.1422776028994588	-0.2979018179058402	0.0004174552911946	0.0020408665864897	0.1504564157687294	-0.3353830452226643	0.0004635347465515	0.0020308465356368	
0.1021003433073571	-0.3174989645749732	0.0004563683691967	-0.0020324770668404	0.1167937542826556	-0.3267434225306704	0.0006126832158880	-0.0019907329818442	0.1269855472633490	-0.3654349403083212	0.0006064310065310	-0.0019926560467818	
0.4507241338377446	-0.3858764368855470	-0.0019189532151585	0.0007996633127240	0.4708724477206081	-0.3965603943382879	-0.0019085707653845	0.0008242568974236	0.4894375468233818	-0.4311866127472319	-0.0019190930948343	0.0007993258793285	
0.5238263959253391	-0.4130713105373789	-0.0020011574335498	0.0005617815586263	0.5434567120550593	-0.4238793048919671	-0.0019967879175369	0.0005771958597009	0.5632337284969027	-0.4581331566205505	-0.0020032039076826	0.0005544029873499	
0.2148790438069809	-0.2875021425063207	-0.0000538965444722	-0.0020826325643111	0.2301669909157303	-0.2968692284799402	-0.0000507682265436	-0.0020827115647104	0.2399683198448084	-0.3333310965858353	-0.0000259928757713	-0.0020831703640884	
0.1422242497056055	-0.3890816067671166	-0.0020137700203396	-0.0005144962478477	0.1537655650351343	-0.3988860857708509	-0.0020168672095967	-0.0005021555998565	0.1641817521906811	-0.4364935037353979	-0.0020061074955959	-0.0005437490271733	
0.1025539908826252	-0.3190025635191392	0.0006089753971290	-0.0019918760429502	0.1172869433344494	-0.3282296688688878	0.0006290301206565	-0.0019856026837281	0.1275319126572940	-0.3679241368455381	0.0002346524649785	-0.0020700097452487	
-0.1494934698627465	0.0624957740631153	0.0001591066700913	0.0020772183593521	-0.1389298881253851	0.0572782798898219	0.0001739670592156	0.0020760206473549	-0.1393788456335878	0.0218859289964231	0.0001994859756181	0.0020737125888899	
-0.1735721049617385	0.1427080530922760	-0.0000257112571900	-0.0020831738764578	-0.1625700713240739	0.1385406964445188	-0.0000312836309582	-0.0020830972643560	-0.1634200681414046	0.1020795363699570	-0.0000195460828070	-0.0020832411804182	
0.1030694017728612	-0.3500108991133712	-0.0000445826448569	-0.0020828538631099	0.1175352882991775	-0.3604222453835504	-0.0000469001763041	-0.0020828027125391	0.1271574212961375	-0.4010634275850355	-0.0000219889449269	-0.0020832167058394	
-0.2015531635395777	0.2698239822361351	-0.0007869544247197	0.0019281805294762	-0.1914111613819495	0.2632260105433166	-0.0020664367341917	-0.0002207702628838	-0.1942823945823671	0.2302478506506380	-0.0010325506919430	-0.0018079765977973	
0.3087107366229893	0.4632465631053131	-0.0018939636876573	-0.0008574505326824	0.3190953601338358	0.4601391935606252	-0.0018912840866820	-0.0008633742802438	0.3084237394688973	0.4286213286598876	-0.0018804602820075	-0.0008868168640655	
0.1296857761059298	-0.2510564182055978	-0.0001207015801959	0.0020798163310502	0.1445421895227621	-0.2604116262413264	-0.0000859541029466	0.0020815505478488	0.1528118921571294	-0.2968728430723316	-0.0000836657743775	0.0020816442473239	
0.1058213116842186	-0.2853772458010199	-0.0004578619382184	-0.0020321394453387	0.1198123525473720	-0.2959468406126920	-0.0004757100578783	-0.0020280149910541	0.1280459462211300	-0.3334354848513102	-0.0004574799339609	-0.0020322259077922	
-0.1466149711042838	0.2968760124882116	0.0000153005544636	0.0020832768656165	-0.1354251089190134	0.2927129917120377	0.0000164354228426	0.0020832681782118	-0.1375135294507380	0.2562546641214178	0.0000096978245992	0.0020833106487389	
-0.1507163153120071	0.0520945636834173	0.0004379906919425	0.0020365366565187	-0.1406880052240583	0.0459637640287631	0.0006562539285031	0.0019767277307019	-0.1423371283583688	0.0104085337477585	0.0010631023944630	0.0017900930365465	
0.0947285972782794	-0.3993769447758592	-0.0018909004284973	-0.0008642184204421	0.1061433519506831	-0.4097852355940145	-0.0019188309726626	-0.0007999580630684	0.1162352940466178	-0.4486084458861201	-0.0019044593035648	-0.0008337595841224	
-0.6512616031396772	0.1052596845519385	0.0001836917003684	-0.0020751785978315	-0.6435746736749609	0.1020148873504051	0.0003625938257640	-0.0020513764408730	-0.6459901949570549	0.0594841108262939	0.0007795081018794	-0.0019312179925560	
0.3168772028950788	0.4667728017763726	-0.0019160130758791	-0.0008067175440576	0.3272415716814527	0.4637197457812950	-0.0019118489438360	-0.0008165860132411	0.3159192884587688	0.4321777503701509	-0.0018947540101556	-0.0008556939388019	
0.1286593722444588	-0.2396164703560348	-0.0001895012917586	0.0020746535277148	0.1436175952159852	-0.2489188533690748	-0.0001987879009704	0.0020737799589346	0.1518990535486522	-0.2853824492464483	-0.0002269487214781	0.0020708728123850	
-0.6525093322607034	0.1697921688502916	-0.0000076047650416	-0.0020833193840126	-0.6461688358220644	0.1666673968860321	0.0000264314161730	-0.0020831648183837	-0.6489430657305147	0.1229283026611525	0.0000250903589663	-0.0020831814851567	
-0.6533395914882238	0.2229357481324105	0.0000089399423233	-0.0020833140558007	-0.6478310697273290	0.2197699872332340	0.0000411799726905	-0.0020829242660446	-0.6500411212997292	0.1760715658679106	0.0000304462670852	-0.0020831097335303	
0.2348257426133099	0.2114844959708165	0.0020628839628510	0.0002519592934484	0.2462910461450173	0.2081320593788668	0.0020602338907050	0.0002728822940813	0.2421256876608728	0.1800858497128932	0.0020557779703799	0.0003047903952999	
-0.1730850149385844	0.3145938238397562	-0.0000116454936577	-0.0020833006219267	-0.1618319418448849	0.3104229018358483	-0.0000121424720037	-0.0020832977703708	-0.1640392028252862	0.2739613076272797	-0.0000040630607848	-0.0020833293514635	
-0.1792399201499763	0.0683027006821115	-0.0013581446564484	-0.0015768597137724	-0.1704350108004580	0.0625360886663620	-0.0016719226578354	-0.0012373189994265	-0.1723524910383493	0.0289400400155397	-0.0018211735040007	-0.0010034942711542	
0.5153319850941775	-0.4105667071417636	-0.0019868990753304	0.0006105295480167	0.5362079648744746	-0.4217215191611394	-0.0019841102991385	0.0006195772961455	0.5578664261500688	-0.4566277312087130	-0.0019971184636825	0.0005760453810187	
0.2100849370381074	-0.3626077868749869	-0.0008675297920468	-0.0018931196724425	0.2236691772321665	-0.3741583860445496	-0.0011257199127259	-0.0017511962508461	0.2337997400024918	-0.4114661012519332	-0.0012573565858366	-0.0016587397580698	
0.1237407130652527	-0.3062605634839528	0.0003364373290073	0.0020558504429088	0.1378918429400587	-0.3166253565442964	0.0002857224517479	0.0020635483424225	0.1465897802077644	-0.3541789696574131	0.0002032521144307	0.0020733450124016	
0.2125949629574529	-0.3540757178992299	-0.0003588147828130	-0.0020520441477940	0.2271649144415113	-0.3655092217627203	-0.0004630490403941	-0.0020309578902106	0.2377676110914823	-0.4030623005650901	-0.0005352366479436	-0.0020130487640989	
0.4966977218806323	-0.4041051873266661	-0.0019559973923055	0.0007037033736186	0.5163848429526883	-0.4146689598375670	-0.0019488022057606	0.0007234879777694	0.5360786381617586	-0.4491732727110267	-0.0019457090620210	0.0007318069716997	
0.2142508806522631	-0.3302107229239052	-0.0000297096045858	-0.0020831204233921	0.2292565854638204	-0.3406234663051526	-0.0000445612890478	-0.0020828543224007	0.2398557487609931	-0.3781276395181021	-0.0000219412084795	-0.0020832172116839	
0.2919781548277384	0.1239454012563910	-0.0020759198319623	-0.0000962313840691	0.3034171166541315	0.1201695228092403	-0.0020762855294867	-0.0000879455872238	0.3013272616310129	0.0936171515626164	-0.0020762198446583	-0.0000894904933657	
-0.1472800248699401	0.2562461799938893	0.0000217968851022	0.0020832187343357	-0.1361259889140840	0.2520834488589723	0.0000211222445513	0.0020832257186941	-0.1379080688889038	0.2166638995743275	0.0000033729940882	0.0020833305891606	
-0.2028636932516035	0.0879688805498885	0.0018004426307917	0.0010404114007023	-0.1943918832521072	0.0835613268179595	0.0019741428751551	0.0006507896188816	-0.1974655538964693	0.0501757078742894	0.0020254835552818	0.0004659995555251	
-0.1478372816150859	0.1989559140232672	-0.0000050938016347	0.0020833270749132	-0.1367734187028226	0.1947936353428641	0.0000047835602780	0.0020833278140450	-0.1380484148384856	0.1593773594880509	-0.0000186144405006	0.0020832497559654	
0.1279987026206766	-0.1885482945716923	0.0000591038975479	0.0020824905807436	0.1428879531443394	-0.1968591929272388	0.0000572575071566	0.0020825424228695	0.1500649181485808	-0.2322909516045147	0.0000155180070585	0.0020832752491418	
0.4869802967036467	-0.2082572964417328	0.0004776078369593	0.0020275666598020	0.5041864143061618	-0.2188369980092450	0.0007396226019768	0.0019469200182458	0.5148491862545450	-0.2470640885833628	0.0007494633023217	0.0019431342077808	
0.4674148264889499	-0.2572130991047096	0.0007368517107495	0.0019479756642435	0.4845291924047608	-0.2678605346879032	0.0007289963518895	0.0019509437708020	0.4965759689114475	-0.2978731881923165	0.0006604602899402	0.0019753192698696	
-0.1477262401835145	0.2208353324217023	0.0000276999283689	0.0020831482545706	-0.1366194702414167	0.2166724407573764	0.0000253991686536	0.0020831777241485	-0.1381061026359152	0.1812500477022555	0.0000077675700299	0.0020833187803552	
-0.1463571862441637	0.3562459162727735	-0.0000169313609414	0.0020832641867146	-0.1349598138802370	0.3520798198327207	-0.0000076724063730	0.0020833191347610	-0.1374495124522624	0.3156314317574801	-0.0000203247325653	0.0020832336918762	
-0.1736551577798548	0.1364569820951939	-0.0000307517249097	-0.0020831052241640	-0.1626917140801627	0.1312528578594300	-0.0000387155603965	-0.0020829717663280	-0.1634876926197594	0.0958275783368500	-0.0000261713842330	-0.0020831681179006	
0.3218266509183400	0.1306155102049775	-0.0014068434450697	-0.0015333495643181	0.3336167323981667	0.1248412882033092	-0.0016651752867908	-0.0012464299692746	0.3325599986050845	0.0977762457950782	-0.0017581160289389	-0.0011107797388030	
0.1018479459500612	-0.3093738544468490	0.0004428506637337	-0.0020354801050679	0.1164971514999583	-0.3197549252371137	-0.0000581779504338	-0.0020825167848873	0.1253531973550078	-0.3585625757811398	-0.0000690240644142	-0.0020821838547365	
-0.3243845781339003	-0.3728223559852232	-0.0004078434964329	-0.0020428188218746	-0.3130050591340315	-0.3832223676567240	-0.0004679212809949	-0.0020298352968909	-0.3120515152577070	-0.4342758308102376	-0.0004200939450945	-0.0020403223660652	
-0.6528472027174876	0.1947542610428099	0.0000775629989473	-0.0020818817548742	-0.6469624621008464	0.1916887258368786	0.0001055566867347	-0.0020806440788741	-0.6492653082784249	0.1479185221469934	0.0000853792302735	-0.0020815743251661	
-0.1730133277682374	0.2093680858076216	0.0000143464303552	-0.0020832836886337	-0.1618275958679187	0.2052044207395438	0.0000073522004322	-0.0020833202951813	-0.1631403382290783	0.1687500193158470	0.0000255500137875	-0.0020831758702705	
0.2144980672691212	-0.3177731861343826	-0.0000937599250921	-0.0020812118692395	0.2294778508276799	-0.3281068020599927	-0.0000736901426631	-0.0020820231400077	0.2397998375640695	-0.3645719735742759	0.0000108213018382	-0.0020833050883079	
0.6297082713806854	-0.0777973553897299	0.0020666578049601	-0.0002186806537984	0.6462681687846399	-0.0836867441251825	0.0020682226151686	-0.0002032696074150	0.6536100738950028	-0.1078130839502140	0.0020728941478736	-0.0001479064676885	
0.6265214917372839	-0.0774473640848370	0.0020666043130432	-0.0002191881185687	0.6442076569674442	-0.0834901283380005	0.0020677826074785	-0.0002077198068255	0.6525039778604298	-0.1077162511599044	0.0020723027709210	-0.0001560127215857	
-0.1732231514958162	0.2499851243565331	0.0000541868663852	-0.0020826249930929	-0.1620429917651223	0.2458314226643261	0.0000607422923964	-0.0020824431998260	-0.1635975488913332	0.2093767988653654	0.0000632494249724	-0.0020823681856402	
-0.6518494587995231	0.1218621320377864	0.0000469696076109	-0.0020828011401068	-0.6447385392690004	0.1176969589645329	0.0000780375490185	-0.0020818639320004	-0.6477621803663759	0.0749952136358941	0.0000823540921825	-0.0020816968145980	
-0.1958176360820209	0.2072403041629296	-0.0000556499514053	0.0020825862183221	-0.1846449487072232	0.2031581574458198	-0.0000499171607892	0.0020827322393070	-0.1858410708953391	0.1666834977195170	-0.0000550601866702	0.0020826019726662	
0.1996946588082270	-0.3732937615541259	-0.0018438504803864	-0.0009609750320028	0.2119704422236466	-0.3833342079025193	-0.0019206540942464	-0.0007955488744148	0.2232100492293336	-0.4193611345472369	-0.0019051619831176	-0.0008321446386824	
-0.3050800010012075	-0.3188839232894788	-0.0000188595653895	0.0020832475402438	-0.2930916583813873	-0.3281017887542186	-0.0000853291959137	0.0020815763870772	-0.2906002938601621	-0.3761282290464047	-0.0002895181344622	0.0020630165777242	
0.2143218814271843	-0.3239759865696184	-0.0000304031970895	-0.0020831103657357	0.2293467422844797	-0.3343631136703935	-0.0000261411696594	-0.0020831684991742	0.2398589863877432	-0.3708340543595598	0.0000188791532602	-0.0020832473619352	
-0.3253591710987289	-0.3198504770476000	0.0003186098190303	-0.0020587028356370	-0.3130757053848748	-0.3293072419947241	0.0002656107643976	-0.0020662467213020	-0.3107538388613962	-0.3781481966755697	0.0000482651686243	-0.0020827713722546	
-0.1490213964174822	0.0697948413392889	0.0001094565026010	0.0020804415572918	-0.1383877650596875	0.0645853601478482	0.0001253090491326	0.0020795424520924	-0.1388169728961631	0.0291604793713549	0.0001376406394712	0.0020787587616195	
0.6390599399816739	-0.0788479257887270	0.0020653836086482	-0.0002304617502789	0.6566774200934629	-0.0846164852730123	0.0020734216194584	-0.0001402794013659	0.6639660288520655	-0.1082515838622422	0.0020779416852999	-0.0000286345162835	
0.1280229397231719	-0.1875088371793185	0.0000624948105932	0.0020823910833486	0.1429000202579901	-0.1958146251830754	0.0000600510938980	0.0020824633467823	0.1500873240536960	-0.2312519416508620	0.0000171878490642	0.0020832620758477	
0.2154352610052047	-0.2542487721574933	-0.0003994333603003	-0.0020444882088781	0.2301357338076154	-0.2636122001509566	-0.0002225647056379	-0.0020713509467850	0.2391178647528122	-0.2979203522936644	-0.0000129979779459	-0.0020832925825611	
-0.1958745831102693	0.2094274453251418	-0.0000604961368408	0.0020824504011905	-0.1846981040296807	0.2052343507043812	-0.0000553640614563	0.0020825938762570	-0.1858994503980230	0.1687603171288795	-0.0000595115996022	0.0020824789115386	
0.2151170941139136	-0.2749963717453873	0.0000256756423280	-0.0020831743179234	0.2304397041367821	-0.2844022786624090	-0.0000108709632830	-0.0020833048284654	0.2400196164841222	-0.3197921968213877	0.0000067629595230	-0.0020833223013212	
-0.2026828925975706	0.2728391556096219	0.0019916977175364	0.0005946081801273	-0.1916775245403163	0.2724030421237429	0.0020593095691524	-0.0002798063472167	-0.1942823945823671	0.2302478506506380	-0.0010325506919430	-0.0018079765977973	
0.3201242226920032	0.1289933764048465	-0.0015836960794499	-0.0013489360117402	0.3315815913492552	0.1236160363625469	-0.0018406243931625	-0.0009671705929803	0.3304696453803614	0.0967218378220367	-0.0019062797302913	-0.0008295680464661	
0.5662613312600273	-0.0710239051967324	0.0020660332405828	-0.0002245334757788	0.5819193033484871	-0.0768321067848977	0.0020658136838447	-0.0002265546250301	0.5892193187177517	-0.1016522790656563	0.0020678698731098	-0.0002068448961554	
0.2523877780321010	0.1232833723574538	-0.0020709459133648	-0.0001731759559200	0.2629428659640338	0.1195661306941074	-0.0020748051996597	0.0001179413967036	0.2618427274698338	0.0927190959532717	-0.0020662489138273	0.0002225299920508	
-0.1730520662261108	0.2426981041174334	0.0000397141652654	-0.0020829528719879	-0.1618576666965232	0.2385399059384944	0.0000389536486720	-0.0020829673052200	-0.1634217257535208	0.2020788597039216	0.0000364601430621	-0.0020830126693631	
-0.1961145320431071	0.1561957254757101	0.0000361569871040	0.0020830179800597	-0.1849839881858755	0.1520887175829244	0.0000270363667097	0.0020831570159877	-0.1858768602673269	0.1156056035395526	-0.0000143218446833	0.0020832838586435	
-0.1961694423077240	0.2187572563412222	-0.0000531953208614	0.0020826506834367	-0.1849747082626979	0.2145825672264975	-0.0000584276600144	0.0020825097589278	-0.1862181842595941	0.1781085695484552	-0.0000794580632240	0.0020818099304662	
0.2024798560121158	-0.3716581919545018	-0.0017177283723415	-0.0011725679603473	0.2149346873533353	-0.3819914324317671	-0.0018428232464686	-0.0009629532945473	0.2252815769135347	-0.4183591936030818	-0.0018533517943302	-0.0009424271174249	
0.2089405697875379	0.2009744611217082	0.0011846092692960	0.0017117106620722	0.2204474658935953	0.1957374701369076	0.0009539028430908	0.0018508894627947	0.2181362584946039	0.1656549621492208	0.0007156577563891	0.0019559007445008	
-0.3047867548778424	-0.3072054966951618	-0.0001079268276564	0.0020805218729559	-0.2928369979257117	-0.3167147199399852	-0.0000089510020920	0.0020833140080738	-0.2909107203579758	-0.3645918182859352	0.0000796275025412	0.0020818034240275	
0.4860338470060825	-0.2113655717101595	0.0007543797267084	0.0019412212663795	0.5028279722436952	-0.2218323463455698	0.0009907936873209	0.0018313085897352	0.5134528235281994	-0.2500811509372369	0.0009880054863200	0.0018328218848559	
-0.1481228789288501	0.1489541947210879	0.0000037693510574	0.0020833299063378	-0.1372133346228959	0.1447925486376018	0.0000108900802938	0.0020833047281227	-0.1380756868071294	0.1093731086510076	0.0000041752557815	0.0020833291285210	
0.3728586708682666	-0.3281157059100050	-0.0000012809286663	0.0020833329375751	0.3915231328249598	-0.3395858984135332	-0.0001415339923816	0.0020784960000501	0.4060041717432474	-0.3739785710177667	-0.0002509443595867	0.0020680883557599	
-0.1489153336125414	0.0718766397958042	0.0000903478125769	0.0020813635400590	-0.1382667051793629	0.0666672076291479	0.0001071492607514	0.0020805622646587	-0.1386892495888323	0.0312536089927184	0.0001219493080165	0.0020797431795623	
-0.6506069111500219	0.2888968230786047	-0.0020193959676079	-0.0004918357613740	-0.6423864049109920	0.2887816891232418	-0.0020780616942794	-0.0000178516355712	-0.6497330448503260	0.2428290165678882	-0.0004693977379378	-0.0020294926689017	
0.1028563905598936	-0.3604158372190318	-0.0000427297647511	-0.0020828928931673	0.1172964867197215	-0.3708225681662311	-0.0000454165455674	-0.0020828357565977	0.1270612137826355	-0.4114950951044211	0.0000084066409928	-0.0020833162871646	
0.3735447106409491	-0.3188711405349808	0.0001730944519269	0.0020760939508565	0.3918514986438215	-0.3302352210991442	0.0002019079658346	0.0020734769982289	0.4057385725560860	-0.3646686441455703	0.0000861701598018	0.0020815415701944	
0.3779040588421463	-0.3470650683871908	-0.0010855543129959	0.0017764993963707	0.3970322189835787	-0.3572259360477155	-0.0011333579268616	0.0017462379729922	0.4129562653146392	-0.3924047215191943	-0.0012973666082120	0.0016274800586622	
-0.1729754705643611	0.2375036573197341	0.0000190108358276	-0.0020832461584222	-0.1617892241175275	0.2333344451740885	0.0000146915296187	-0.0020832812714996	-0.1633557242240339	0.1968708256764437	0.0000172390349626	-0.0020832616507948	
-0.1480448779942140	0.1645915593958810	0.0000224457058165	0.0020832118101314	-0.1370991983909662	0.1604154515750852	0.0000288834083292	0.0020831321009553	-0.1380813428500809	0.1249991347878256	0.0000064644075858	0.0020833232538443	
0.2131465056751907	-0.3500184355348290	-0.0002428898086607	-0.0020690546084164	0.2280015735254013	-0.3604925929314433	-0.0002741568249634	-0.0020651245806290	0.2386208273700388	-0.3988780259386808	-0.0003270072745360	-0.0020573790810287	
-0.6530926659300815	0.2042912124014534	0.0000456083804840	-0.0020828315437848	-0.6473164451699739	0.2010443896218767	0.0000659856311118	-0.0020822828521922	-0.6496340596757259	0.1572730418352969	0.0000627410558900	-0.0020823836416185	
0.2005059445522150	-0.3728532995650012	-0.0018137903545029	-0.0010168444271214	0.2128501650947473	-0.3829722976347771	-0.0019024716510621	-0.0008383076890543	0.2232100492293336	-0.4193611345472369	-0.0019051619831176	-0.0008321446386824	
0.2263182671534893	-0.2425323713420213	-0.0018368318860316	0.0009743898378736	0.2338215532133479	-0.2500146354509449	-0.0006303978414576	-0.0019851667054209	0.2417261420908774	-0.2831807825742271	-0.0006891884740130	-0.0019654310348298	
0.1020458896809353	-0.3124167623125116	-0.0001261702817114	-0.0020794901162538	0.1162539233050234	-0.3229895985274755	-0.0000494830303727	-0.0020827426507679	0.1254655860173050	-0.3606187827991529	0.0003595897969334	-0.0020519078009145	
0.2919128679609275	0.4553872996975555	-0.0018874491048761	-0.0008717677834504	0.3022960456850725	0.4522808321352252	-0.0018915945002261	-0.0008626905658548	0.2910430243024977	0.4205641241231340	-0.0019088748286011	-0.0008235489525128	
-0.1955873274671989	0.1729419544486555	0.0000676265404289	0.0020822299425085	-0.1845066946395331	0.1686984671370491	0.0000711197173889	0.0020821129752952	-0.1856500149333096	0.1322466023330364	0.0000548214369683	0.0020826083026083	
-0.6533603093179760	0.2270904973906451	0.0000132475352947	-0.0020832910027175	-0.6479170798174217	0.2239699669310013	0.0000440338761718	-0.0020828655953991	-0.6500937119987567	0.1802259639294648	0.0000244697301986	-0.0020831889046606	
-0.1480572687046665	0.1635495159855460	0.0000209750544387	0.0020832272133291	-0.1371127186101355	0.1593741294874725	0.0000269521720848	0.0020831581124724	-0.1380858594232364	0.1239576740249414	0.0000045266252469	0.0020833283910277	
0.3116788884069683	0.1253651010072186	-0.0020432243585141	-0.0003802789467878	0.3231190737253469	0.1213410194476455	-0.0020639926029796	-0.0002426630583514	0.3221107975104243	0.0948016383222389	-0.0020664045409956	-0.0002210728939102	
0.1000950539641285	-0.3043213259836123	0.0002937176069963	-0.0020624199028731	0.1148854595796153	-0.3133904389842995	0.0006491588607781	-0.0019790808172794	0.1248664295072127	-0.3520944500031748	0.0007612242780090	-0.0019385340963471	
-0.1967488624315714	0.1126174634850474	0.0001419180690859	0.0020784696798061	-0.1857748984692171	0.1072198805654964	0.0001470197669999	0.0020781132685051	-0.1865012554020026	0.0709997149187558	0.0001392569896197	0.0020786505682464	
0.0997888473255925	-0.3969558944832373	-0.0018588847135150	-0.0009314110484474	0.1112644243216103	-0.4074815423988311	-0.0018666170440629	-0.0009157376895300	0.1204205078324866	-0.4466269037094647	-0.0018554677014266	-0.0009382334824193	
0.3733744937677970	-0.3343238757988027	-0.0003328333015483	0.0020564399307450	0.3922656843038685	-0.3448866040015531	-0.0004120284906192	0.0020419746331097	0.4072453164643248	-0.3802279474024144	-0.0005493841924186	0.0020092147186277	
0.4850854833807334	-0.2134646287494541	0.0009279232160044	0.0018641152577012	0.5016547765438464	-0.2238207932919444	0.0011139260732678	0.0017587593835977	0.5122880586747518	-0.2521007889916569	0.0010977483969222	0.0017689526408431	
0.2147135611735556	-0.2197702869346815	-0.0000436299822681	-0.0020828741374963	0.2304642711824418	-0.2291478006872250	0.0000128913983384	-0.0020832932481164	0.2396947567278284	-0.2624640313680143	0.0001568338244946	-0.0020773920648976	
-0.1736866099118943	0.1343731290134060	-0.0000328203713947	-0.0020830735004755	-0.1627314385263214	0.1291695695559271	-0.0000413348117653	-0.0020829211837231	-0.1635147965773209	0.0937437330232029	-0.0000284369516776	-0.0020831382741436	
-0.2007166955728683	0.0898205610635708	0.0012916100392889	0.0016320752357397	-0.1922641315049721	0.0844423689338739	0.0018516635284637	0.0009457564363570	-0.1952444416728858	0.0507766986556607	0.0019814392892769	0.0006281091260815	
-0.1961390599740553	0.1457818558213982	-0.0000265292807727	0.0020831635681403	-0.1849608171474036	0.1416678463645560	-0.0000331850815156	0.0020830676933339	-0.1856800528193538	0.1051573145896463	-0.0000452185657146	0.0020828400857290	
-0.3248226499926376	-0.3374831466126448	0.0000261555379630	-0.0020831683179175	-0.3127911283269821	-0.3468754458969800	0.0000341293151656	-0.0020830523604301	-0.3106023233655798	-0.3968794558209418	0.0000499855449978	-0.0020827305909982	
0.1273546112237990	-0.2187517797411248	-0.0000206972298532	0.0020832300060003	0.1422744480577282	-0.2270837987878777	-0.0000330659025351	0.0020830695980366	0.1500785866064274	-0.2635285090460107	-0.0001094627116184	0.0020804412289773	
-0.1729178610896280	0.1843765547414960	-0.0000133325109252	-0.0020832904579151	-0.1618222012869180	0.1802074118749682	-0.0000164087324521	-0.0020832683896613	-0.1629903055449725	0.1437506940418213	-0.0000109652800535	-0.0020833043316983	
0.4677252984281794	-0.2563169337710515	0.0007304626476975	0.0019503924950763	0.4850399696765832	-0.2665712704303215	0.0007201511716381	0.0019542424971982	0.4968585844893090	-0.2969540248716284	0.0006560362027983	0.0019768003619491	
0.2462506837151729	0.2126490153834233	0.0020703963624776	0.0001796585195489	0.2576852283672310	0.2094269256808433	0.0020685508039967	0.0001998852014997	0.2545305641748430	0.1816852889271552	0.0020648950612197	0.0002348202656532	
0.1280640263766729	-0.1864703576086957	0.0000668390397037	0.0020822554971332	0.1429447848653701	-0.1947718631190894	0.0000634092433363	0.0020823633008788	0.1500810186375738	-0.2302127121193610	0.0000190829070896	0.0020832454961843	
0.2982082672539398	0.4583460500450084	-0.0018833682458686	-0.0008805931405928	0.3085984085992258	0.4552224057450602	-0.0018769366907885	-0.0008942874044582	0.2973445926669337	0.4235044221341736	-0.0018796999491063	-0.0008884353868824	
-0.6534180071045276	0.2364464799737951	0.0000023207820199	-0.0020833320342146	-0.6481481399030816	0.2333301762881586	0.0000556566630149	-0.0020825860380687	-0.6502144070419166	0.1895844548559176	0.0000333322333829	-0.0020830653321158	
0.1284007517732085	-0.2365308481928256	-0.0001522421621844	0.0020777353220733	0.1433547288386978	-0.2458396410505673	-0.0001642141741147	0.0020768188372565	0.1514670620236546	-0.2812951147652699	-0.0002087822713078	0.0020727926858091	
0.1031128622977007	-0.3479296817570777	-0.0000455013587499	-0.0020828338962389	0.1175792554247536	-0.3583410625740124	-0.0000457501274172	-0.0020828284195215	0.1271805923280137	-0.3989809583044929	-0.0000202005054438	-0.0020832349062228	
0.2537040257777914	-0.2444769746254413	-0.0017365499625172	-0.0011443666934430	0.2638198726761494	-0.2523503940084765	-0.0018383022771134	-0.0009715990008522	0.2700489609378058	-0.2826462719958344	-0.0019111611112687	-0.0008182025863018	
0.4770106988902434	-0.3975875812883968	-0.0019414771015922	0.0007430169693605	0.4955437312412061	-0.4076738357880915	-0.0019516686938558	0.0007156802550241	0.5142869900761280	-0.4418866902465259	-0.0019909102131997	0.0005972528025035	
-0.5848818005148971	0.1207073098138295	-0.0017665119587356	-0.0010973107815893	-0.5770342361324303	0.1170622288707422	-0.0018072670982413	-0.0010284512276868	-0.5836617653759378	0.0778022578395088	-0.0019254677290644	-0.0007837675043140	
-0.6532398762184612	0.2509482692067164	0.0000076347776017	-0.0020833192736917	-0.6484541610650714	0.2479233394942575	0.0000486347234890	-0.0020827627325223	-0.6504172173324680	0.2041632473428818	0.0000136215848770	-0.0020832885784993	
0.1269903806220504	-0.2927450867077740	0.0004942646151352	0.0020235506550602	0.1410155390403668	-0.3030831425213876	0.0005652776207853	0.0020047791145552	0.1490888622480206	-0.3406692669733947	0.0005572496031206	0.0020070366417194	
-0.3253745678405258	-0.3770249595153262	-0.0005057600791670	-0.0020206939291002	-0.3142377864025981	-0.3884023008720761	-0.0004477562281908	-0.0020344012526194	-0.3127245579099265	-0.4385473081368313	-0.0001778273406487	-0.0020756919097590	
-0.2023931854011966	0.2534251865391667	0.0005255168053108	-0.0020156208223525	-0.1923414045815620	0.2487926180249153	-0.0015851239254137	-0.0013472494667665	-0.1963045800132339	0.2136931368204187	-0.0017064377047309	-0.0011890207272750	
-0.6514493119645157	0.1083387196258450	0.0000899784729352	-0.0020813796196171	-0.6438984584936611	0.1042028113773754	0.0002324487139778	-0.0020702596149812	-0.6465965349701642	0.0613827460916361	0.0005176119965456	-0.0020176754727660	
0.5953601348607556	-0.0742669139900099	0.0020663697944898	-0.0002213990577760	0.6120158718050486	-0.0801618426642763	0.0020665067386233	-0.0002201107361881	0.6182097225973233	-0.1046250900294514	0.0020683477663650	-0.0002019857540695	
-0.1516474073538067	0.0489378081807001	0.0007498764426749	0.0019429740118272	-0.1422310834869427	0.0426424842846018	0.0010819812447149	0.0017786887389372	-0.1440687330659077	0.0080455890500993	0.0013619708239465	0.0015735395884253	
0.1048697348852240	-0.2895516828490944	-0.0004883533343938	-0.0020249925587794	0.1187570692886819	-0.3001605748067632	-0.0005824683797104	-0.0019998274667867	0.1269227567018302	-0.3375897841484621	-0.0006629251218543	-0.0019744892922780	
-0.3049894806393305	-0.3147451086433179	0.0000913084034905	0.0020813214107868	-0.2930733987355007	-0.3239403055368353	0.0000740544450105	0.0020820101494403	-0.2909713974282880	-0.3718655711467898	-0.0001141182047899	0.0020801898030941	
-0.1733856611918685	0.2562392823853884	0.0000511029975258	-0.0020827033364159	-0.1622346594950193	0.2520930342160896	0.0000595861295669	-0.0020824767696702	-0.1638087692072044	0.2156115680631738	0.0000730514759741	-0.0020820457592694	
0.2982166066273007	0.1242225653336551	-0.0020758401008423	-0.0000979446830654	0.3096371786920791	0.1204653922961653	-0.0020757778441257	-0.0000992618808424	0.3075667645361518	0.0939620229674776	-0.0020752724134374	-0.0001093686089840	
-0.1479286190718384	0.1739642096229757	0.0000256824210280	0.0020831742339449	-0.1369518027299468	0.1697870268212394	0.0000345994279779	0.0020830445660805	-0.1380222610831862	0.1343722021461354	0.0000171971496469	0.0020832619987087	
-0.1729361791822989	0.2000028961940077	0.0000148244504769	-0.0020832803251725	-0.1617984172654628	0.1958298009719540	0.0000044163388125	-0.0020833286289223	-0.1630389244002399	0.1593749777855081	0.0000189141070798	-0.0020832470432904	
0.4021237321284887	-0.3196763295805450	0.0020773430771725	-0.0000576174907118	0.4187467675010521	-0.3290671535871015	0.0020778677811545	-0.0000335947115991	0.4343297758514695	-0.3615691929427254	0.0020780096676172	-0.0000231514556287	
-0.1481396045573296	0.1437409865195409	0.0000131866586295	0.0020832913908729	-0.1372633738687462	0.1385447288296378	0.0000251625728867	0.0020831806097818	-0.1381015029082394	0.1041639456808015	0.0000178807054857	0.0020832562150520	
-0.1732051559742221	0.2958305477804697	-0.0000249813001121	-0.0020831828023952	-0.1620181009718100	0.2916655996909323	-0.0000325921950622	-0.0020830771009984	-0.1641488821196681	0.2552078255378589	-0.0000203308582115	-0.0020832336318041	
-0.1481114969202285	0.1552055679001590	0.0000065999892216	0.0020833228266038	-0.1371851982652444	0.1510419824433999	0.0000111898061355	0.0020833031318498	-0.1380797650950513	0.1156245745462699	-0.0000043104915473	0.0020833288517233	
-0.6515226222243139	0.1104148329320446	0.0000649025071388	-0.0020823170638355	-0.6440929011208492	0.1062593172155055	0.0001668546776403	-0.0020766073095092	-0.6470499911303426	0.0635895998654912	0.0003076917534916	-0.0020603712286434	
0.2597966125498931	0.2139142038598920	0.0020682782125322	0.0002027002797926	0.2712173359153740	0.2107111593653506	0.0020673647160262	0.0002118589433609	0.2670311965118120	0.1831274095285714	0.0020636853352792	0.0002452753787764	
0.2504054860000059	0.2129835203736233	0.0020704517423310	0.0001790159659212	0.2618283229288472	0.2098259745344610	0.0020695546700110	0.0001891538893316	0.2587350336506870	0.1821636682105893	0.0020661803571543	0.0002231688178561	
0.5849739890571086	-0.0731042359554478	0.0020657307865944	-0.0002273130141622	0.6016343694068771	-0.0790560200204133	0.0020659496132564	-0.0002253054777788	0.6089431387082236	-0.1037333086437148	0.0020670011515492	-0.0002153946270997	
0.3309334259495894	0.1833575371586377	-0.0000318266108879	-0.0020830889980077	0.3450994234410039	0.1781285280200622	-0.0000498830498344	-0.0020827330606613	0.3439899513546651	0.1500020076209685	-0.0000158785950810	-0.0020832725183642	
-0.1960697488419659	0.1416013398867492	-0.0000348429779759	0.0020830404861429	-0.1848950008287513	0.1374894292019134	-0.0000320304804817	0.0020830858575506	-0.1856004660270086	0.1009782530615371	-0.0000261961845210	0.0020831678046199	
-0.6524814146439178	0.1833328764853723	0.0000224574882747	-0.0020832116825114	-0.6463986188129899	0.1802089405760100	0.0000682464428727	-0.0020822096157252	-0.6490134930024424	0.1364515238913669	0.0000125680407680	-0.0020832952338455	
-0.6535400157549363	0.2593732698840222	0.0000352695386392	-0.0020830332714447	-0.6486868299577256	0.2562593417153133	0.0000390524007041	-0.0020829654468558	-0.6505154867911682	0.2125056760545216	0.0000465122247072	-0.0020828114557670	
-0.0686169965927280	-0.4415086846088923	-0.0020149599542411	-0.0005097925726205	-0.0582661352300463	-0.4517592003520601	-0.0020162180830903	-0.0005047685958025	-0.0514183020616723	-0.5010415399801875	0.0000157084897914	-0.0020832738144086	
-0.1976497389452816	0.1021825108565608	0.0002301783955393	0.0020705145356644	-0.1866964007113902	0.0967231882645645	0.0002427602375170	0.0020690698910055	-0.1874707228725708	0.0606378809254433	0.0003203239929327	0.0020584354832568	
-0.6531844880441008	0.2084339672190854	0.0000481274435155	-0.0020827745752308	-0.6474479809849767	0.2051957218129931	0.0000681279930530	-0.0020822135140793	-0.6497400119062083	0.1614221801535003	0.0000473094993652	-0.0020827934088899	
0.2857349378153924	0.1237413950516025	-0.0020778534355502	-0.0000344749102041	0.2971866739514933	0.1200307325450014	-0.0020781379447055	-0.0000004270349138	0.2950802744157619	0.0934685275729334	-0.0020780948715458	0.0000134201590033	
-0.1478416439375144	0.2010394403835852	-0.0000036634628630	0.0020833300961751	-0.1367679786621449	0.1968766452939320	0.0000064594632730	0.0020833232692571	-0.1380662461739698	0.1614602864169828	-0.0000170416829557	0.0020832632826673	
0.5912459580253655	-0.0737963134298410	0.0020661609073564	-0.0002233497186788	0.6067725059461579	-0.0795852309269215	0.0020665399416786	-0.0002197972233706	0.6140830399078703	-0.1042389412322778	0.0020676912688040	-0.0002086315840280	
0.3281966180650492	0.1438032141689802	-0.0003947230841615	-0.0020454074066680	0.3417581711978086	0.1375407298853472	-0.0005300033066111	-0.0020144398724179	0.3409731988660503	0.1092965639344393	-0.0006583835406219	-0.0019760159001391	
0.5913112004245782	-0.4308775639292855	-0.0020319764152579	0.0004366682711760	0.6120266140623170	-0.4426418676372186	-0.0020274035413292	0.0004575315759646	0.6348611733093013	-0.4771299417999488	-0.0020312101684103	0.0004402364926275	
-0.6535064063472861	0.2656331384214390	0.0000081056114475	-0.0020833174861085	-0.6487307452477212	0.2624887071876467	0.0000106673760310	-0.0020833058861316	-0.6506396978497089	0.2187554325357272	0.0000173071312194	-0.0020832610833572	
0.4411296709492118	-0.3047353557767198	0.0013598472941101	0.0015753842812973	0.4570580174012469	-0.3165186900908398	0.0014435152364122	0.0014987027175138	0.4700267234891631	-0.3482910171813658	0.0013982980293343	0.0015411852555127	
-0.5801187247262979	0.1233833458879828	-0.0018805934060536	-0.0008865331111380	-0.5724515027160109	0.1196859349954995	-0.0018612839949513	-0.0009265830372953	-0.5788450457285192	0.0803073671609507	-0.0017904444529330	-0.0010576095434863	
-0.6533615391718908	0.2881251808318711	-0.0018923238710439	-0.0008610814805409	-0.6465524229826044	0.2855523547730797	-0.0009399165804162	-0.0018580667001553	-0.6500279035149353	0.2415314642298911	-0.0003669814062000	-0.0020505921600352	
0.2147480384965178	-0.3134721570519911	-0.0001224601908553	-0.0020797130098198	0.2296649970470582	-0.3239636035448231	-0.0001192436046842	-0.0020799008525563	0.2398147062971001	-0.3603949251710396	-0.0000285207618486	-0.0020831371226273	
-0.1581414992571473	0.0409355362132766	0.0017161388296049	0.0011749047730815	-0.1498128151926144	0.0358321305352780	0.0018817331874216	0.0008840991230863	-0.1515878937801415	0.0028054640885686	0.0019564864073263	0.0007023358145651	
0.1290576843731781	-0.2437144682798582	-0.0002107785542837	0.0020725896272935	0.1439313924895675	-0.2521556575315154	-0.0001969177169011	0.0020739592728061	0.1523307786095250	-0.2896340617107412	-0.0001859268190698	0.0020749785386271	
-0.1480966790237088	0.1583291496235875	0.0000118917685320	0.0020832992237469	-0.1371654381358715	0.1541667773629590	0.0000163848472147	0.0020832685785960	-0.1380844222794327	0.1187497661505447	-0.0000031934852031	0.0020833308734751	
0.1018565487344203	-0.3156067940651885	0.0000832598434480	-0.0020816606044005	0.1163754221178890	-0.3250002254190574	0.0003577750571640	-0.0020522265886770	0.1264250725286116	-0.3638449366887674	0.0007347760607669	-0.0019487634706796	
0.1945019898388317	-0.3755127411136437	-0.0019543878852321	-0.0007081834078161	0.2067111811739398	-0.3852324481450386	-0.0019786503081492	-0.0006368838053543	0.2170830058123477	-0.4216448297018070	-0.0019700075520664	-0.0006632639881618	
0.1250184537247830	-0.3000294796805350	0.0005188141489915	0.0020173651463424	0.1390176868175638	-0.3103978120941669	0.0004639067420641	0.0020307611676560	0.1474204918080695	-0.3479070479921297	0.0003497044928180	0.0020536241903003	
-0.1473407455041627	0.2499961590994650	0.0000220419090791	0.0020832161433122	-0.1361922782636900	0.2458349258465435	0.0000234178846032	0.0020832010548779	-0.1379237102130826	0.2104120313508823	0.0000079498371540	0.0020833180893643	
-0.6533360523030068	0.2447373585865408	-0.0000444164447315	-0.0020828574316986	-0.6483395301683864	0.2416641100915927	0.0000373063830056	-0.0020829976101847	-0.6503535634206846	0.1979124864310530	0.0000304136772860	-0.0020831102119839	
0.5974856851044930	-0.4321962292330675	-0.0020340614728784	0.0004268006714667	0.6203920932355045	-0.4444900027943839	-0.0020319547620219	0.0004367695237179	0.6442385808146234	-0.4790918188155450	-0.0020385386604392	0.0004047638022016	
-0.3029169245647125	-0.3898055682671190	-0.0002451976775701	0.0020687810158218	-0.2908564523015560	-0.4000562438158926	-0.0005956064643386	0.0019959345592842	-0.2910993440333040	-0.4517470931325535	0.0019226592870300	0.0007906660775814	
-0.1466324794947668	0.2947932760587419	0.0000184792071954	0.0020832509659519	-0.1354428289900818	0.2906308312168546	0.0000186923728875	0.0020832490546658	-0.1375253246767453	0.2541726218829418	0.0000135553915373	0.0020832890124144	
0.5964896012259753	-0.4319999635224197	-0.0020338612032166	0.0004277587791760	0.6193973309554588	-0.4442923838929774	-0.0020316537548133	0.0004381745266758	0.6432423505003955	-0.4788907492053862	-0.0020372270320835	0.0004113470411798	
-0.1730043869928843	0.2083394840149009	0.0000155714027588	-0.0020832748487263	-0.1618246027723081	0.2041627402884927	0.0000074696947411	-0.0020833198751291	-0.1631277634307919	0.1677083162330382	0.0000251276827332	-0.0020831810330333	
0.3013337573310572	0.1243415538010649	-0.0020756451232756	-0.0001020130370061	0.3127571007287352	0.1206394282172017	-0.0020759414372084	-0.0000957618307319	0.3106858949934117	0.0941151321630232	-0.0020756289607241	-0.0001023430056028	
-0.6524998341620429	0.1718752484484585	-0.0000110020674928	-0.0020833041367752	-0.6461937951938287	0.1687498499145026	0.0000233917840713	-0.0020832013495863	-0.6489644491696180	0.1250070335842263	0.0000189507595338	-0.0020832467085273	
0.5901058233691905	-0.4306006465324393	-0.0020315392813930	0.0004387076155901	0.6120266140623170	-0.4426418676372186	-0.0020274035413292	0.0004575315759646	0.6348611733093013	-0.4771299417999488	-0.0020312101684103	0.0004402364926275	
0.4498664354441688	-0.3855173316007814	-0.0019185516811634	0.0008006310114296	0.4695844063043038	-0.3959723989771914	-0.0019096088745070	0.0008218369075589	0.4885989026999817	-0.4308377653043654	-0.0019160186604884	0.0008067042136710	
0.5621632070114315	-0.4238633739050221	-0.0019993404765615	0.0005682461098327	0.5839358446513909	-0.4354890240373616	-0.0019974926722534	0.0005747399236500	0.6078924777840804	-0.4706963766459215	-0.0020051151681019	0.0005474151789966	
-0.3048923806316797	-0.3679448485218031	0.0002904450471652	0.0020628856326729	-0.2931205886924312	-0.3781841240755041	0.0000639731021658	0.0020823459682794	-0.2905003870912172	-0.4278433116092058	-0.0005878842421183	0.0019982341444853	
-0.1747568638972093	0.0843817229478028	-0.0001188394881618	-0.0020799240975199	-0.1639760122233176	0.0791549646996436	-0.0001396384827493	-0.0020786248472285	-0.1646798752766664	0.0427775244183931	-0.0002346194805054	-0.0020700135027585	
0.1281646554993756	-0.2332830321854973	-0.0001293884391221	0.0020792913692229	0.1430634687178459	-0.2417117097814870	-0.0001219814470268	0.0020797412853514	0.1511506659067252	-0.2780322013642518	-0.0001691025327289	0.0020764245601867	
0.4330449409441517	-0.3121379655524248	0.0017517945452291	0.0011207723000410	0.4467384420913845	-0.3238565942782761	0.0018911666854526	0.0008636326969578	0.4593815936816081	-0.3564151336082783	0.0018606620246100	0.0009278376227596	
-0.1731052303384815	0.3104258876950809	-0.0000087069859814	-0.0020833150473803	-0.1618584557147682	0.3062545508839079	-0.0000137754894221	-0.0020832875614428	-0.1640504191126111	0.2697936487128412	-0.0000069665166720	-0.0020833216272237	
0.3259716407076478	0.1366485353406029	-0.0009151183882061	-0.0018704661640918	0.3385857247957509	0.1303406185508271	-0.0011486504581427	-0.0017361666588132	0.3373543954183913	0.1024508896484134	-0.0012452632151683	-0.0016678831519619	
-0.1481165411488111	0.1531224309942876	0.0000041645693771	0.0020833291500176	-0.1371949926727598	0.1489587658908521	0.0000093544735931	0.0020833122266055	-0.1380757458872220	0.1135408729431275	-0.0000030137675021	0.0020833311425485	
0.6317636298987750	-0.0780267319132226	0.0020666059211934	-0.0002191728797626	0.6484214987485530	-0.0838898255145928	0.0020688878596459	-0.0001963480716800	0.6556750790465915	-0.1079440080343196	0.0020741058342324	-0.0001297162447575	
-0.1466942697248330	0.2895872459420394	0.0000283340532356	0.0020831396832893	-0.1354988303036316	0.2854263216560223	0.0000290592407158	0.0020831296433088	-0.1375768783467596	0.2489677327722392	0.0000244171869556	0.0020831895242722	
-0.6532723401751198	0.2478344023650548	-0.0000437792450497	-0.0020828709898576	-0.6483923581847659	0.2447927570391694	0.0000359529381893	-0.0020830215296213	-0.6503922220652025	0.2010375719496255	0.0000208406467333	-0.0020832285690351	
0.1023088536787948	-0.3183639202814432	0.0005685047527883	-0.0020038618005192	0.1170577775668850	-0.3273734946609370	0.0006387310739813	-0.0019824878199186	0.1272080689634414	-0.3662975911681864	0.0004834198024602	-0.0020261819114404	
-0.1478149366600930	0.2125001636255370	0.0000152245505738	0.0020832774252255	-0.1367043153074531	0.2083321589811067	0.0000177918562475	0.0020832569795635	-0.1381187349150310	0.1729172570577232	-0.0000019656938689	0.0020833324013420	
-0.1959905328047130	0.1332562043660775	0.0000090627990964	0.0020833135223162	-0.1848750409435317	0.1281109734509450	0.0000315476035366	0.0020830932633975	-0.1856133786443517	0.0926471786239112	0.0000325712695434	0.0020830774299362	
0.2068176150176195	-0.3677498280507519	-0.0013496562263383	-0.0015841674797865	0.2192323306975759	-0.3791517580641749	-0.0016120060974139	-0.0013148022894583	0.2303023003810453	-0.4151439601592687	-0.0016061922239013	-0.0013219337828621	
0.2123482992335161	-0.3553058687996409	-0.0004076499230150	-0.0020428576521945	0.2268547330816094	-0.3667824600013473	-0.0005320914064343	-0.0020138865750446	0.2375186705974575	-0.4040017643406216	-0.0005960629863617	-0.0019957975894563	
-0.1729603489684066	0.2354190998109466	0.0000099274870151	-0.0020833095615843	-0.1617788589214045	0.2312517628402485	0.0000056486693911	-0.0020833256371905	-0.1633413507896688	0.1947879268168539	0.0000118735008547	-0.0020832993284629	
-0.2013591153767195	0.2690269566444305	-0.0007867449306190	0.0019282664456569	-0.1914111613819495	0.2632260105433166	-0.0020664367341917	-0.0002207702628838	-0.1942823945823671	0.2302478506506380	-0.0010325506919430	-0.0018079765977973	
0.2144172756047289	-0.3198347779786121	-0.0000698181328390	-0.0020821572473712	0.2294173644805578	-0.3301891045762859	-0.0000510073353444	-0.0020827056932069	0.2398156404712486	-0.3666608169991165	0.0000211100517229	-0.0020832258429026	
0.4843982281522119	-0.2146908070239753	0.0010182951508248	0.0018160841549147	0.5008481593349874	-0.2250121525764771	0.0011609617794132	0.0017279172258247	0.5114707075743044	-0.2533055937485751	0.0011420284491603	0.0017405514938552	
-0.1738689203862601	0.1239531680776170	-0.0000398356720613	-0.0020829505401443	-0.1629637833212716	0.1187513309766519	-0.0000511278424042	-0.0020827027235997	-0.1636758072691877	0.0833429599016057	-0.0000343019270708	-0.0020830495109603	
-0.6516122930094542	0.1135379452254905	0.0000603588710596	-0.0020824544042369	-0.6443097732499671	0.1093719567800520	0.0001275573604051	-0.0020794050691220	-0.6473643602752089	0.0666645869776196	0.0001532294338033	-0.0020776623824269	
0.1070229304048710	-0.2791666056803426	-0.0003009399638172	-0.0020613732135681	0.1212582123007022	-0.2895493977900477	-0.0003941847496560	-0.0020455117407869	0.1294430667392541	-0.3270155172400049	-0.0004175041463748	-0.0020408565426165	
-0.6529542596734829	0.1978422628107742	0.0000547906600058	-0.0020826091165913	-0.6471019357344598	0.1948113247233059	0.0000860953273817	-0.0020815446822075	-0.6493966479124249	0.1510423935559242	0.0000916982332217	-0.0020813041864222	
0.2149508457612725	-0.3030971290869676	0.0000631196443162	-0.0020823721432374	0.2301185331292296	-0.3126003343112077	0.0000147026234522	-0.0020832811928433	0.2400969951450057	-0.3489728024022365	-0.0000149200114803	-0.0020832796395612	
-0.1478802290673121	0.1781280543432514	0.0000211055395439	0.0020832258888501	-0.1368888329605907	0.1739538836771366	0.0000296561761873	0.0020831211885176	-0.1379891352924827	0.1385391382112022	0.0000144190859930	0.0020832831845160	
-0.3248125098125795	-0.3280166042865121	-0.0000028830512810	-0.0020833313284692	-0.3127579681235619	-0.3374995765219044	-0.0000350347020462	-0.0020830372542533	-0.3107742627380260	-0.3864671686334016	-0.0000034894845411	-0.0020833303963406	
-0.1469128907563676	0.2781364957941919	0.0000445078672958	0.0020828554703566	-0.1357357471331468	0.2739468823048614	0.0000513387968274	0.0020826975082534	-0.1377497188433258	0.2374909739822477	0.0000336689645001	0.0020830598895678	
-0.1728573111545573	0.3343656207562588	-0.0000255190742248	-0.0020831762514110	-0.1616140560715189	0.3302183271986232	-0.0000346593064576	-0.0020830435656529	-0.1639712608792880	0.2937563050991399	-0.0000159950304652	-0.0020832716231865	
0.2148316623203295	-0.2156181417505194	-0.0000756870615105	-0.0020819511444887	0.2305067041358907	-0.2249909526384108	-0.0000433594695969	-0.0020828798146330	0.2395194529706359	-0.2583001501740048	0.0000477237138697	-0.0020827839117185	
0.2753376338513829	0.2143576615555352	0.0020778418487780	-0.0000351697538321	0.2867705027619695	0.2112848643508738	0.0020780617192290	-0.0000178487164790	0.2826029133869233	0.1840248460924676	0.0020781103414374	0.0000107462896735	
-0.6530685888198882	0.2032522806480567	0.0000433391629702	-0.0020828802393744	-0.6472841386973117	0.2000062919840741	0.0000663035853307	-0.0020822727016524	-0.6496004347643806	0.1562357951754629	0.0000689122044444	-0.0020821875784175	
-0.1729078790839295	0.1947937922703439	0.0000078128636215	-0.0020833186101396	-0.1617903169226850	0.1906221842488278	0.0000006988159724	-0.0020833332155441	-0.1629988843774476	0.1541669320182524	0.0000123318958362	-0.0020832966521343	
0.3240496473806185	0.1334652319369470	-0.0012102308527592	-0.0016936016689605	0.3363572114197737	0.1274806684259433	-0.0013711490170648	-0.0015655082728414	0.3348659443414922	0.0995235275994523	-0.0015098254593638	-0.0014315351019501	
0.1975650314981677	-0.3742773678394842	-0.0019031252658804	-0.0008368153526741	0.2098203629513113	-0.3841855049538435	-0.0019530937544840	-0.0007117624932584	0.2201677603392930	-0.4205352269023612	-0.0019487002942901	-0.0007237638030956	
0.2930179776125540	0.1239893806430724	-0.0020757991929130	-0.0000988121760905	0.3044565063838945	0.1202287385571275	-0.0020760103238819	-0.0000942490436099	0.3023677754698317	0.0936731552739363	-0.0020758545803004	-0.0000976357808609	
0.1294514311766913	-0.2759764280839916	0.0001567818979663	0.0020773960040882	0.1440331983149290	-0.2853511851628429	0.0001827384960455	0.0020752631747185	0.1523212255810731	-0.3228416515570087	0.0001904318489282	0.0020745678925006	
-0.1729875531729049	0.2062551964695667	0.0000171099254119	-0.0020832627205066	-0.1618170046970783	0.2020793853182473	0.0000072843059832	-0.0020833205348738	-0.1631033793693822	0.1656249306786825	0.0000239778439657	-0.0020831946530505	
0.4778316173235413	-0.2290622587531299	0.0004417284507012	0.0020357251567864	0.4952525907671943	-0.2393234278700243	0.0005250045989470	0.0020157549645310	0.5066465931543624	-0.2684989315106903	0.0005217008475115	0.0020166168311155	
-0.1730275383853068	0.1749983738343948	-0.0000351577761810	-0.0020830351702456	-0.1619520306115314	0.1708328005969256	-0.0000401566086477	-0.0020829443467638	-0.1630845110375194	0.1343751391265156	-0.0000283379458459	-0.0020831396300748	
-0.6532932092503916	0.2468016791391960	-0.0000476350902111	-0.0020827859506602	-0.6483749507645914	0.2437496846787783	0.0000353109754154	-0.0020830325659181	-0.6503810184872152	0.1999957973024176	0.0000243615834629	-0.0020831901785209	
0.1253122392363022	-0.2989163418760427	0.0005420480973203	0.0020112162292800	0.1392488437471557	-0.3093761537103741	0.0004984523873260	0.0020225180267657	0.1475951518721222	-0.3468782555476917	0.0003832599781317	0.0020475971790943	
0.1030062784221495	-0.3531324056423729	-0.0000445272654630	-0.0020828550536774	0.1174669045357107	-0.3635441608474551	-0.0000502981482966	-0.0020827230273671	0.1271221260597056	-0.4041884009821018	-0.0000232085772275	-0.0020832034089748	
0.3729138448811240	-0.3260289645681109	0.0001050661184965	0.0020806690330474	0.3914375458807524	-0.3374844133566555	-0.0000298268041191	0.0020831187402024	0.4057907014003652	-0.3718777776405947	-0.0001523792156837	0.0020777252248931	
0.4892526633838647	-0.4014949797155712	-0.0019741201244242	0.0006508589736677	0.5089656876262560	-0.4119744673276100	-0.0019677133913698	0.0006700732108500	0.5289892089855965	-0.4465939196843160	-0.0019577340049631	0.0006988331538378	
0.2149950422851812	-0.3051878235869690	0.0000265332841805	-0.0020831635168974	0.2300872100415166	-0.3157258109230871	-0.0000537694196966	-0.0020826358667470	0.2400384130916393	-0.3520859301692730	-0.0000601778621461	-0.0020824596690395	
-0.1734868991795266	0.2781221106241319	-0.0000319364909183	-0.0020830873078807	-0.1623621607338390	0.2739806236616572	-0.0000370798947129	-0.0020830016745072	-0.1642974727573567	0.2375109009415345	-0.0000023855066655	-0.0020833319607415	
-0.2014117857960010	0.2543704629816860	0.0006682971610193	0.0019726684428693	-0.1915717984131711	0.2494936360276648	-0.0019075203637012	-0.0008266969993240	-0.1955757960258701	0.2141980144525451	-0.0016067892061171	-0.0013212044622414	
0.4876407817854258	-0.2031256961373512	0.0000534305889188	0.0020826446307433	0.5056296386414314	-0.2124730475282288	0.0001786734582792	0.0020756188842209	0.5162341842140683	-0.2416468314441807	0.0002614358655863	0.0020667817725208	
0.4550243919543657	-0.3876647403044415	-0.0019239008708135	0.0007876249809023	0.4747196763618180	-0.3981586752377471	-0.0019197585029149	0.0007977184155525	0.4937757209497340	-0.4329322114794737	-0.0019363912290621	0.0007562375921366	
0.0624521874403208	-0.4301408444596547	0.0010995787383946	0.0017678097895786	0.0752813548786567	-0.4425522010546961	0.0002714893907844	0.0020654787085219	0.0850129667331166	-0.4854487300983129	0.0000480279504652	0.0020827768833735	
0.3730605112927368	-0.3239639915171306	0.0001906638554056	0.0020745464760488	0.3914638152640313	-0.3353865564968411	0.0000764199181482	0.0020819242391039	0.4056753589255058	-0.3698127878749105	-0.0000594608673983	0.0020824803679638	
-0.1465334187597023	0.3104164482008653	0.0000146508700726	0.0020832815592719	-0.1353080222711862	0.3062498255275011	0.0000229272429178	0.0020832065398640	-0.1374871354678753	0.2697893266586048	0.0000048674440004	0.0020833276187769	
0.3296794923454670	0.1572415645432416	-0.0001519739831043	-0.0020777550532796	0.3436306355346279	0.1510997368224569	-0.0001675027194536	-0.0020765548766144	0.3430709559937957	0.1228815300101169	-0.0001433987307713	-0.0020783675414351	
0.1031575779547047	-0.3458474048933711	-0.0000466617690098	-0.0020828080941073	0.1176227507421927	-0.3562597235645881	-0.0000458757793439	-0.0020828256419005	0.1272146150214600	-0.3958575051903340	-0.0000182601618772	-0.0020832529071177	
0.2825234447632683	0.4513143021043943	-0.0019436612143422	-0.0007372558278444	0.2928275178797616	0.4484265141407134	-0.0019791431255635	-0.0006353430155894	0.2826462955610048	0.4176534248526181	-0.0020347085478390	-0.0004236895485052	
0.5476207845602932	-0.4196886262276413	-0.0019998141711511	0.0005665684245447	0.5693958666391921	-0.4312951665009695	-0.0019986340830808	0.0005707380510109	0.5923768856075291	-0.4663098150398907	-0.0019996216527954	0.0005672509137372	
-0.1468917612583611	0.2791776274072273	0.0000439188860379	0.0020828680353851	-0.1357073537914403	0.2749874819523131	0.0000507216268256	0.0020827127057887	-0.1377359431676682	0.2385318740800043	0.0000342783460813	0.0020830499010823	
-0.6533215461957966	0.2187844933244685	0.0000117288651832	-0.0020833001518764	-0.6477441172230398	0.2155977279599758	0.0000467524702829	-0.0020828060499412	-0.6499720170566389	0.1719210159206392	0.0000403308390131	-0.0020829409636745	
-0.1735613733162359	0.2677120588354303	0.0000060725427644	-0.0020833244388220	-0.1624485010590735	0.2635783110327710	0.0000078730915437	-0.0020833183822671	-0.1641801523408138	0.2270839794953000	0.0000480519551884	-0.0020827763269245	
-0.1956369389556498	0.1989267531034091	-0.0000402409669012	0.0020829427105810	-0.1844776026282531	0.1948416126354089	-0.0000352981629521	0.0020830327841590	-0.1856316893121757	0.1583680665642745	-0.0000482214562606	0.0020827723898344	
-0.1498402165337617	0.0583487569345641	0.0001936806210622	0.0020742656048435	-0.1393103989589378	0.0531322227128468	0.0002265282997056	0.0020709190740196	-0.1399147355912385	0.0176475671158879	0.0003365530327069	0.0020558314099920	
-0.1731694143891780	0.1677065471124212	-0.0000437387919851	-0.0020828718439902	-0.1621118804098141	0.1635417916848605	-0.0000481413551116	-0.0020827742521144	-0.1631855171848916	0.1270833277174769	-0.0000278670818504	-0.0020831460140379	
-0.1492737730533872	0.0656190038765735	0.0001420097161906	0.0020784633887672	-0.1386822179791959	0.0604276742547427	0.0001549069493846	0.0020775373604389	-0.1391128880711807	0.0249950502025194	0.0001642882661188	0.0020768129481323	
-0.6518932700849207	0.1239394923376124	0.0000385391967338	-0.0020829750532499	-0.6448081116540690	0.1198046854889423	0.0000629417306844	-0.0020823775554036	-0.6478402724653922	0.0770772020751883	0.0000732517513387	-0.0020820386874580	
0.5923044269259949	-0.4310886384685673	-0.0020325399883994	0.0004340242610679	0.6130179794789368	-0.4428537904101118	-0.0020280467451241	0.0004546576770298	0.6348611733093013	-0.4771299417999488	-0.0020312101684103	0.0004402364926275	
0.3044529666913997	0.1245307980490153	-0.0020741937263727	-0.0001282960480051	0.3158766729310003	0.1207905635842946	-0.0020755560848623	-0.0001038177560921	0.3148373216074322	0.0943238839787763	-0.0020754885053569	-0.0001051668027538	
0.2265460008982347	0.2102867703452654	0.0020467681931159	0.0003606178841513	0.2380510877839104	0.2068479480089421	0.0020439965660729	0.0003760852215086	0.2336592731519523	0.1785679859391687	0.0020211877649288	0.0004843823533889	
0.1291539210803010	-0.2447426935003690	-0.0002078927057453	0.0020728825421787	0.1441293980138673	-0.2542043377119912	-0.0001776372440078	0.0020757082683142	0.1524233205977367	-0.2906603380313077	-0.0001708856974852	0.0020762778388387	
0.5206764862057252	-0.4121477287927982	-0.0019976483966394	0.0005741957195543	0.5403040350505985	-0.4229555862231584	-0.0019932705054094	0.0005892877068616	0.5600685816536395	-0.4572565234969763	-0.0020002697022004	0.0005649499934385	
-0.1759055359215973	0.0750855899919566	-0.0005058481528697	-0.0020206717726990	-0.1654217429554026	0.0698678238529984	-0.0006293262261334	-0.0019855083847876	-0.1674798190719575	0.0334602340238760	-0.0011138611824067	-0.0017588006868730	
-0.1463234753488434	0.3499945910634155	-0.0000070915430266	0.0020833212032788	-0.1349511745225291	0.3458295421680326	0.0000007204356485	0.0020833332081431	-0.1374025384784670	0.3093802265541993	-0.0000116874818039	0.0020833003856158	
0.5881165789157725	-0.4301921411110923	-0.0020307235623451	0.0004424868655591	0.6110352036692495	-0.4424311961327150	-0.0020269056086658	0.0004597434311005	0.6348611733093013	-0.4771299417999488	-0.0020312101684103	0.0004402364926275	
0.1028914123201414	-0.3687555056722067	0.0001482017181449	-0.0020780288911603	0.1175012557361487	-0.3791927323976284	0.0002881712704659	-0.0020632060886478	0.1278276100390596	-0.4198003874503075	0.0005935335441660	-0.0019965550574989	
-0.1961068575339895	0.1436919761843908	-0.0000334144346098	0.0020830640085549	-0.1849278191529609	0.1395785895215236	-0.0000355772005251	0.0020830280132499	-0.1856352982741845	0.1030669389307992	-0.0000377247300761	0.0020829900378656	
-0.6566135873586575	0.2863264912171897	-0.0020273993250688	-0.0004575503520889	-0.6474422691534967	0.2833764041047676	-0.0006490053530542	-0.0019791314148367	-0.6503133676312524	0.2395485266700697	-0.0002502445017243	-0.0020681735817363	
-0.1996147917982574	0.0917842305144450	0.0007812846840249	0.0019304963549467	-0.1899042110923034	0.0861528558154108	0.0014197274161184	0.0015213681718628	-0.1934687431932106	0.0514306477300132	0.0019204828154444	0.0007959643274352	
-0.6533555710170913	0.2437044208082269	-0.0000399858237197	-0.0020829476487314	-0.6483203987487951	0.2406215968654337	0.0000394848697103	-0.0020829572529994	-0.6503377583239055	0.1968709943708157	0.0000326419145823	-0.0020830763185870	
0.4010873745933996	-0.3196413741461903	0.0020768105089625	-0.0000744528109147	0.4177076300273970	-0.3290531233179952	0.0020780004813327	-0.0000239657947764	0.4322512991348344	-0.3615409322742808	0.0020780501645632	-0.0000191530565822	
-0.1957975276123940	0.1667364772059136	0.0000747537496862	0.0020819850333622	-0.1847296286753209	0.1624647252562694	0.0000711331137679	0.0020821125153746	-0.1858005098483244	0.1260114466829491	0.0000396366438045	0.0020829543559831	
0.1273734160481494	-0.2145859155624996	0.0000311735961081	0.0020830989221936	0.1422690249480203	-0.2229171987658112	0.0000228484609557	0.0020832074097617	0.1499367990000874	-0.2593702558001037	-0.0000400189687020	0.0020829470090050	
-0.1963129457534772	0.1208171957456595	0.0000847680789308	0.0020815994277300	-0.1852732584283172	0.1156991453599021	0.0000992006810023	0.0020809583699070	-0.1859966969460469	0.0802091487466089	0.0000905802826988	0.0020813533854072	
0.6275495248202907	-0.0775606449236261	0.0020666395063359	-0.0002188543822745	0.6452381002796916	-0.0835831452610780	0.0020679626374147	-0.0002059107397677	0.6525039778604298	-0.1077162511599044	0.0020723027709210	-0.0001560127215857	
-0.6533620770978238	0.2551652536863324	0.0001151735979659	-0.0020801313449912	-0.6485728341405480	0.2520975076293481	0.0000654315320195	-0.0020823004248212	-0.6504473408291265	0.2083322983525642	0.0000215638992344	-0.0020832211711944	
0.3274350134674718	0.1405665140901416	-0.0005773484152350	-0.0020013190265224	0.3407315423036688	0.1344214681724727	-0.0007749391454453	-0.0019330651028669	0.3397295250788015	0.1062806395379643	-0.0009401772457988	-0.0018579341574474	
0.1002719815460288	-0.3039492954059732	0.0001665177775974	-0.0020766344871858	0.1145195533317339	-0.3125977781846901	0.0003795381416599	-0.0020482937852004	0.1243784348216158	-0.3509909949128358	0.0008891338230326	-0.0018830191413651	
0.3012146739603513	0.4597016853858930	-0.0018825190796674	-0.0008824160882494	0.3115704888476870	0.4566706671954563	-0.0018768725085964	-0.0008944227723063	0.3003437230419163	0.4248571792021520	-0.0018780677685912	-0.0008918976942586	
0.2151037604379219	-0.2083331502755461	-0.0000786255324407	-0.0020818416978524	0.2307460540632644	-0.2177084852619223	-0.0000730025762524	-0.0020820474829958	0.2394713942489463	-0.2510483003412230	-0.0000200133182483	-0.0020832367219552	
0.4443964439307477	-0.3007672678942199	0.0012756948747907	0.0016446073105483	0.4604413684307389	-0.3126231630065793	0.0013166407468779	0.0016118487436834	0.4729062003778925	-0.3449066422969595	0.0012935548018201	0.0016305265635107	
0.5257578299439769	-0.4135801880166339	-0.0020020821593910	0.0005584604622354	0.5466168694656184	-0.4247753957967909	-0.0019990428864115	0.0005692973543579	0.5683234911554744	-0.4595387239986060	-0.0020031125984273	0.0005547344567576	
0.2150716144849208	-0.2802097565159384	-0.0000540960379071	-0.0020826273661565	0.2303348311142221	-0.2896070981424362	-0.0000510421615382	-0.0020827048357194	0.2400268213404960	-0.3260415962531707	-0.0000042392588234	-0.0020833289986206	
0.1243392643906355	-0.3030924944067413	0.0004260612030045	0.0020390784324733	0.1383794924584646	-0.3135603056591154	0.0003579015215223	0.0020522044270954	0.1469437986866670	-0.3510889457026263	0.0002652170755950	0.0020662975440335	
-0.1466432749447218	0.2937519933152014	0.0000202931269834	0.0020832340015337	-0.1354495784707933	0.2895898037538658	0.0000202151436806	0.0020832347635179	-0.1375359338896388	0.2531316417000381	0.0000157213813052	0.0020832737166762	
-0.3045124659785214	-0.3656559893478692	0.0004300276708335	0.0020382414492236	-0.2929549882782265	-0.3760087860236005	0.0003162852320949	0.0020590630448748	-0.2909722073593549	-0.4250202359729736	-0.0001680065763107	0.0020765139683209	
-0.1609741355155729	0.0393900361051331	0.0019087122287992	0.0008239276204003	-0.1528441106344385	0.0347316404638299	0.0020047431971859	0.0005487826491068	-0.1547846200852929	0.0019202643126144	0.0020353831566921	0.0004204204655524	
-0.1486563143250630	0.0979163754190520	-0.0000028707566746	0.0020833313455320	-0.1378744741108094	0.0927084605182368	-0.0000002043841321	0.0020833333232577	-0.1383259757381897	0.0572907506773540	-0.0000150798762203	0.0020832784827469	
-0.6521303173141582	0.1385937809898408	0.0000444423091509	-0.0020828568772233	-0.6451774262164771	0.1354237114006936	0.0000697535512510	-0.0020821594227307	-0.6481352639632191	0.0916822565122005	0.0000348858500502	-0.0020830397649889	
-0.2034946888437315	0.2700272698923146	-0.0010375351076743	-0.0018051065216846	-0.1914111613819495	0.2632260105433166	-0.0020664367341917	-0.0002207702628838	-0.1942823945823671	0.2302478506506380	-0.0010325506919430	-0.0018079765977973	
0.2204412734605469	0.2089024416367609	0.0019921797181951	0.0005929831727517	0.2316855144387235	0.2052792784362342	0.0019656526859726	0.0006761243929978	0.2273902430304362	0.1763656491525994	0.0018553026405136	0.0009385614721569	
0.2659748088944408	0.2143566262612011	0.0020766106014376	0.0000798603648699	0.2774020935501772	0.2112077257874030	0.0020758773232690	0.0000971485990233	0.2733105053475399	0.1837230175354204	0.0020721730715707	0.0001577345750291	
-0.3022143593249932	-0.3928461455319365	-0.0004401472761995	0.0020360693244824	-0.2916510989989973	-0.4046600732811198	0.0016327074198342	0.0012888750639871	-0.2919952817873963	-0.4520443760673532	0.0019511659756723	0.0007170565359714	
-0.1775526896131794	0.0707600343642467	-0.0009919382161019	-0.0018306857994909	-0.1682793673874669	0.0645401208590751	-0.0013524580373540	-0.0015817641698806	-0.1704130001996022	0.0302153254903282	-0.0016330825322977	-0.0012883973607566	
0.3304420993343455	0.1697906035141355	-0.0001003017087332	-0.0020809053270059	0.3444985308828352	0.1646190400216835	-0.0001202583771100	-0.0020798421333693	0.3437189017938438	0.1364730879734674	-0.0000709761200177	-0.0020821178997914	
-0.1492052092319125	0.0666607594778330	0.0001345860312986	0.0020789597633791	-0.1386055397183160	0.0614658697872596	0.0001487251913408	0.0020779913043805	-0.1390352049512019	0.0260352609342012	0.0001579560484221	0.0020773066114660	
-0.1494178753869171	0.0635363038122174	0.0001541857405403	0.0020775912784752	-0.1388432109980700	0.0583193364614735	0.0001668277852259	0.0020766094809467	-0.1392856864909310	0.0229198078856472	0.0001837960746834	0.0020751693098618	
0.5985349934820567	-0.0746068611930562	0.0020665742045176	-0.0002194732289607	0.6151036777383994	-0.0805072087966248	0.0020663934312768	-0.0002211772332394	0.6224131216123465	-0.1050511212559108	0.0020690084519047	-0.0001950668318288	
-0.3047034555669073	-0.3238927779289554	-0.0002489579039720	0.0020683296285318	-0.2926270573446796	-0.3334350919949718	-0.0003131612117892	0.0020595428790264	-0.2897582418893292	-0.3812714454444739	-0.0003119924731235	0.0020597211387965	
-0.1477977497976326	0.2145840653931997	0.0000191394726600	0.0020832449746675	-0.1366863582513864	0.2104146122395416	0.0000197969815086	0.0020832387993816	-0.1381193869436180	0.1750004789651310	0.0000007225120193	0.0020833332074204	
0.4874431014111698	-0.1989400334196883	-0.0002212478748917	0.0020714927218268	0.5056743119919687	-0.2083662827752755	-0.0001246783488514	0.0020795805506154	0.5164194926853394	-0.2374998581475847	-0.0000697067637215	0.0020821609974581	
-0.1731073848593346	0.3093837578492886	-0.0000086643014197	-0.0020833152262293	-0.1618671054418314	0.3052123637063521	-0.0000147296845307	-0.0020832810007287	-0.1640535432260801	0.2687517236565452	-0.0000077633036478	-0.0020833187963375	
0.1073844523112965	-0.2561897827645258	0.0002057942997643	-0.0020730929701288	0.1222750461707307	-0.2656708832500537	0.0001327769284243	-0.0020790766715796	0.1306590406258806	-0.3031567823117829	0.0000916087464739	-0.0020813081468356	
0.3731897569640210	-0.3125295036209999	-0.0004562890514424	0.0020324949642179	0.3916373638817814	-0.3228986572093975	-0.0004509683006995	0.0020336880872993	0.4054181467693978	-0.3573270578290720	-0.0004187926943652	0.0020405911947642	
-0.1486576536395748	0.1062498312329679	0.0000034739507362	0.0020833304224311	-0.1378729312162890	0.1010423291240669	0.0000034969479584	0.0020833303837637	-0.1383873075189980	0.0656229130496441	-0.0000135860836038	0.0020832888114825	
0.0630286899262528	-0.4294352329327617	0.0013559245640618	0.0015787787072332	0.0756564427974600	-0.4407232988644126	0.0006676684881318	0.0019728823775255	0.0850429485943928	-0.4844096308576524	0.0000685782674653	0.0020821986588032	
-0.3248033261826327	-0.3385312410520790	0.0000363806340923	-0.0020830140664950	-0.3127717052144265	-0.3479166536342146	0.0000410397297872	-0.0020829270478183	-0.3105775921102734	-0.3979230616240343	0.0000491123330157	-0.0020827514689329	
0.1030093900324123	-0.3207187997270057	0.0005623525691278	-0.0020056056908601	0.1177409939793912	-0.3299521487232669	0.0004657052874303	-0.0020303474088083	0.1276228245790604	-0.3699145477674037	-0.0000024242270474	-0.0020833319158214	
0.2062408699724511	0.1956285693989860	0.0006699420827398	0.0019721076204003	0.2185210393708845	0.1905230174421886	0.0004977852030955	0.0020226831610825	0.2166538232246754	0.1594889939458515	0.0002852153378453	0.0020636188459760	
