-0.0125487833275306	-0.1341348174187095	0.0020025256663888	0.0005568600585672	0.0642510225012088	-0.1120567448541377	0.0019328632579316	0.0007652543709737	0.1246391306449577	-0.1040637220481510	0.0016221946210305	0.0013021475973805	
-0.3122103061260640	-0.3918981818733536	-0.0002011188278846	0.0020735540740787	-0.2318831747490442	-0.3573794422732963	-0.0001155365359578	0.0020801111171646	-0.1734384007976630	-0.3385018321223679	-0.0001046856987921	0.0020806883039692	
0.3876064612481682	-0.1290937621036891	0.0012810060138436	-0.0016404530569737	0.4823482853103391	-0.1162582557610062	0.0011220220787706	-0.0017535796806727	0.5623543565133478	-0.1152668517779922	0.0010414510387460	-0.0018028387702358	
0.2555572617789054	0.3383875777495848	0.0019823368358399	-0.0006252564194197	0.3513529164370852	0.3722830777832637	0.0019738818641644	-0.0006515848100762	0.4300625789470736	0.3934260100359446	0.0020687546475535	-0.0001977536564355	
-0.0872681625601756	-0.0793968749823714	-0.0020588147937534	-0.0002834419500272	-0.0103756854169186	-0.0554713953403198	-0.0020468014867270	-0.0003604279211613	0.0498841326404389	-0.0449653012209844	-0.0020381536237642	-0.0004067078433047	
0.0404436906621513	-0.4586274872629764	-0.0020366790571655	0.0004140651670772	0.1133578737037548	-0.4382193380409655	-0.0020174547593197	0.0004997779657743	0.1672006736477413	-0.4336213908636836	-0.0020167521011415	0.0005026200101225	
0.2649792696575193	-0.3395042489070271	-0.0019165790273253	0.0008053653059232	0.3469681528058859	-0.3284727640438473	-0.0019384281770800	0.0007509746844554	0.4114519888351247	-0.3314908406624076	-0.0020720512255543	0.0001593351226916	
0.3376278192264826	-0.3243153281071682	-0.0020097728771122	0.0005299713012938	0.4239346733819231	-0.3166897132867427	-0.0019881348936385	0.0006064728488944	0.4936822140804520	-0.3224797515851479	-0.0019613626437375	0.0006885314786057	
-0.1226137632923332	-0.3760347615457851	-0.0019929686125893	-0.0005903130042896	-0.0488483461037068	-0.3489286079150684	-0.0020217189445045	-0.0004821493584302	0.0051921998253405	-0.3385286852331265	-0.0020469954876579	-0.0003593189529689	
0.0291152460265485	-0.3574642725890311	-0.0020693246813693	-0.0001916659972847	0.1028809970788884	-0.3365853596912583	-0.0020744009798703	-0.0001248829882047	0.1589840618665515	-0.3313113978447739	-0.0020769034599404	-0.0000717996964185	
0.3648114549458565	0.4058208346991848	-0.0018813283763926	-0.0008849645272161	0.4695435703787740	0.4431650686349056	-0.0018738900374302	-0.0009006856495950	0.5599628329344757	0.4659777680587714	-0.0018773519617706	-0.0008934109410889	
0.0365155971818596	-0.3076884156042566	0.0020615182478910	0.0002629533083060	0.1110456431961971	-0.2870321854518519	0.0020780400140478	0.0000202296126922	0.1683106755392222	-0.2811661763282126	0.0020739225417198	-0.0001326288541840	
0.4518239109466919	-0.3793137291252925	0.0015556825951548	-0.0013813086451980	0.5467958235791426	-0.3779153005752729	0.0016802325656645	-0.0012259538126702	0.6227872924920417	-0.3901895922198892	0.0020762912576834	0.0000878095692550	
0.0372192685782808	-0.1702043003157425	0.0019681482351053	-0.0006687884979619	0.1144576431128296	-0.1486366313354039	0.0019390919253439	-0.0007492505554785	0.1734127575813179	-0.1397307986753436	0.0018588860759717	-0.0009314083156759	
0.4530116893763803	-0.4592889188474471	-0.0020679453925181	-0.0002060847231614	0.5434360553161450	-0.4610599823704020	-0.0020436147747475	0.0003781646747324	0.6181629316458361	-0.4774642043349921	-0.0019549100800791	0.0007067334037796	
-0.2649336141264347	-0.4163752946001840	-0.0019724325461054	-0.0006559808400662	-0.1881297600827311	-0.3825694333648214	-0.0020036811547567	-0.0005526670108549	-0.1330360772861954	-0.3667761526947452	-0.0020417311815820	-0.0003882552957534	
-0.1028535016331243	-0.3965143387058463	0.0020717588613657	0.0001631111525227	-0.0301276231822574	-0.3697122406702035	0.0020758819530530	0.0000970491232045	0.0238894343621386	-0.3594918755627640	0.0020776329576129	0.0000459271073940	
0.0177105580625095	-0.3784716932511732	0.0020700057418494	0.0001841266055140	0.0914089439145584	-0.3570385154048073	0.0020763475866571	0.0000864606010698	0.1465382431904664	-0.3513581109511492	0.0020781153007721	-0.0000097348568526	
0.0737740635820019	0.4145847851135268	-0.0020681145343357	0.0002043717939221	0.1610220252105833	0.4475802548656505	-0.0020697447196728	0.0001870523539578	0.2316977124944061	0.4675415785927786	-0.0020713109305060	0.0001687315842807	
0.1495090373305367	-0.4367726312062234	0.0020200581317819	-0.0004890953319678	0.2246147979385669	-0.4214575016410725	0.0019941108583340	-0.0005864234126357	0.2824616728580842	-0.4211888007513147	0.0019784721524713	-0.0006374397969083	
-0.0738811500321124	-0.2048317500274803	-0.0020510568180831	-0.0003352361014340	0.0021484956402611	-0.1805309777239990	-0.0020644928351872	-0.0002383481059062	0.0592314496143451	-0.1708781170723644	-0.0020752543163422	-0.0001097131766947	
-0.0082962215200184	0.3523406771003376	0.0020711987731194	-0.0001701096310188	0.0758799576526900	0.3828057369042254	0.0020733986619153	-0.0001406200122744	0.1423370212559991	0.4007087329489512	0.0020749918072653	-0.0001145945575278	
0.0197615896831403	0.4199382858795877	-0.0020652217606486	0.0002319148451201	0.1049583310018130	0.4521993685488804	-0.0020697528582006	0.0001869618277812	0.1746042758783930	0.4713261599728412	-0.0020742384086807	0.0001275679679432	
0.0291160808936505	-0.3975275793113761	-0.0020661130235938	0.0002237944508661	0.1028161948266785	-0.3764619194812828	-0.0020519792977331	0.0003295137749657	0.1579343174735443	-0.3708505741082362	-0.0020308663058553	0.0004418279734761	
0.0581478837127642	0.4162493480973418	-0.0020664288404181	0.0002208445068426	0.1444453176487702	0.4491632147639533	-0.0020710446934456	0.0001719846424946	0.2150904323439667	0.4688085967930941	-0.0020740387457721	0.0001307898695982	
-0.1725684556690375	-0.0839772200174536	-0.0020780843775801	-0.0000149644183542	-0.0945993662866028	-0.0579582036673076	-0.0020768271598711	0.0000739845454856	-0.0353269059474465	-0.0455101922916014	-0.0020756646543688	0.0001016128643242	
-0.2670668853819001	0.3969303766840516	0.0015241260765702	-0.0014162232029268	-0.1840164384918244	0.4220418102016432	0.0012559198385917	0.0016598333064688	-0.1160956882730442	0.4381323835804761	0.0010424122379185	0.0018022803878007	
0.0944935631365784	-0.4691528509191158	-0.0020449367322376	0.0003709131592299	0.1672299201017784	-0.4513625533705716	-0.0020319719722522	0.0004366890490853	0.2222697672962981	-0.4493727180563252	-0.0020145044724491	0.0005115984782875	
0.1951955538534759	0.3335882648006067	0.0015829958304837	0.0013497618077752	0.2865508887417566	0.3639631307642625	0.0016685364270147	0.0012419043845543	0.3635745891843707	0.3814468908352345	0.0017616542476985	0.0011051314693243	
0.0992572815981715	-0.1809289166673105	0.0020488238268975	-0.0003486890781950	0.1762319038414968	-0.1623050372870137	0.0007779641532612	0.0019318435832704	0.2393316846246617	-0.1563946942841256	0.0001875679746419	0.0020748300904062	
0.3995448114864411	-0.1526018862807204	0.0011389215377739	-0.0017425962498775	0.4948581288433407	-0.1414038988569287	0.0011924964495802	-0.0017061977812687	0.5744816376042559	-0.1407543288567615	0.0012186008547800	-0.0016875590398904	
-0.2518077864540530	0.3882345917370217	0.0008024542276634	-0.0019217495418929	-0.1659474991965353	0.4138102621781347	0.0007484793945455	-0.0019435153113147	-0.1017238229081602	0.4334787868003536	0.0014843924626690	0.0014580212338138	
-0.1714594591063351	-0.1646556254469376	0.0020752414264093	-0.0001099579400708	-0.0936045371437673	-0.1379551239329318	0.0020710975513465	-0.0001713437370221	-0.0363949433535808	-0.1251178070397685	0.0020522474658881	-0.0003278310463938	
-0.1298689265427778	0.4335587274118769	-0.0020716394883411	0.0001646278658426	-0.0467773999519496	0.4631408195460559	-0.0020741531049063	0.0001289543775064	0.0197567346373406	0.4796009751505336	-0.0020763420806915	0.0000865933864073	
0.1798143231860597	-0.3710289828781067	0.0020646464805173	-0.0002370067942822	0.2566949263901113	-0.3565314587696697	0.0020547254945454	-0.0003118413838766	0.3169070161973208	-0.3566357095733571	0.0020254032656551	-0.0004663501454848	
0.0675824658875609	0.3440577143626521	0.0020610813786020	-0.0002663728513928	0.1537498382597206	0.3757441869057547	0.0020695364887013	-0.0001893537026003	0.2233839741584764	0.3946153200364326	0.0020709030617462	-0.0001736901988466	
-0.1080553046461074	-0.1552081828367031	0.0001930640806780	0.0020743233684439	-0.0302052580004886	-0.1322868821470966	0.0002844501395341	0.0020637249891369	0.0304171458389152	-0.1198057837171339	0.0002670286397082	0.0020660630474962	
-0.0634024922792664	0.3569770976721047	0.0020721565519084	-0.0001579525302991	0.0197511866583938	0.3866495511357401	0.0020742291683589	-0.0001277188769362	0.0852001796083063	0.4040627384275832	0.0020752058127466	-0.0001106313752934	
0.1454025098854997	-0.3649987473986750	0.0020781298717968	-0.0000058226716323	0.2213474469961000	-0.3488178660031702	0.0020775908374910	-0.0000478037018751	0.2795501335055971	-0.3476744611753598	0.0020778475339018	-0.0000348305569925	
0.3294076144116247	0.3964284624037422	-0.0020770873296635	-0.0000662388068289	0.4312306783477524	0.4330317451902372	-0.0020772657253905	-0.0000603552025155	0.5164000204655248	0.4554963479032201	-0.0020781310849932	0.0000053699069438	
-0.1538173248913018	-0.0810008479159257	-0.0020661250200478	-0.0002236831148391	-0.0757875777246132	-0.0556580492590775	-0.0020667962099757	-0.0002173620793720	-0.0165851553101355	-0.0439801152517132	-0.0020606884765004	-0.0002694105702809	
0.0779601283184991	-0.0725692749823680	-0.0020188862656482	-0.0004939342476493	0.1569372495731032	-0.0518669299066924	-0.0020575062591949	-0.0002928355388159	0.2191705722482986	-0.0440369065528158	-0.0020763224739257	0.0000870645881019	
0.0457009498942637	0.4175055353484339	-0.0020717085161211	0.0001637525458703	0.1319649835602589	0.4500454327248454	-0.0020747298586777	0.0001192659557741	0.2015615603890820	0.4695219432906239	-0.0020761761720402	0.0000905030511735	
-0.1797306900177936	-0.0838866492033756	-0.0020780029227502	0.0000237520943034	-0.1018765380803585	-0.0577001097775492	-0.0020745326989007	0.0001226643034408	-0.0426351788191764	-0.0449789078118147	-0.0020617693932129	0.0002609668824833	
0.0270758002420908	0.4191706784803101	-0.0020659164961970	0.0002256104576567	0.1132966920488299	0.4513458441391215	-0.0020684479863461	0.0002009516850286	0.1818283674544674	0.4707529184446509	-0.0020714663537054	0.0001668029987471	
-0.0311656128145050	-0.4044538565372554	0.0019389152622300	-0.0007497098942232	0.0426166894084595	-0.3807446192571627	0.0019067296266067	-0.0008285282716007	0.0966343334858925	-0.3720388059405030	0.0019078467861938	-0.0008259396298421	
0.0945843313984346	0.4129687160745849	-0.0020719126079458	0.0001611365365194	0.1828927017653444	0.4462317464237383	-0.0020745716191843	0.0001220009778270	0.2545567141564871	0.4661935168076045	-0.0020763532918545	0.0000863227950843	
0.1842416512214187	-0.0706210486607315	-0.0015938790958281	0.0013368279900508	0.2673178052494536	-0.0508279915235317	-0.0018196925097007	0.0010061907613681	0.3336211849053734	-0.0436643268155895	-0.0019639763671997	0.0006810025576195	
0.3688663396314853	-0.4466950900973829	-0.0020697168718166	0.0001873617766470	0.4540690505013882	-0.4431770188619190	-0.0020611728310657	0.0002656607203708	0.5226507570114118	-0.4546672342852735	-0.0020559823160070	0.0003034019750763	
0.0414193895801158	-0.4588419019455185	-0.0020330441756795	0.0004316445082278	0.1143284657717425	-0.4384449792956158	-0.0020126764018746	0.0005187791723915	0.1684582831750636	-0.4339785189809978	-0.0020083216368803	0.0005354717482341	
-0.2116445441707548	-0.3363965732774072	0.0000893822474301	-0.0020814054376212	-0.1337275822440144	-0.3072386896650836	0.0000489383456622	-0.0020827555848742	-0.0757219121491552	-0.2916445785922505	0.0000403819092653	-0.0020829399692495	
-0.1153362233068908	0.3625182634295940	0.0020364003172744	-0.0004154407009818	-0.0322143864527256	0.3914155393982465	0.0020436437913936	-0.0003780070488045	0.0322113677059727	0.4086292350284210	0.0020496809852952	-0.0003435890250558	
-0.3095331937827769	0.3890852968733202	0.0016160567957256	-0.0013097952856017	-0.2223096982356188	0.4143293895182817	0.0016379976454935	-0.0012821113605009	-0.1601883263340711	0.4305919308951807	0.0017896983035367	0.0010588780105055	
0.0145999391121076	-0.1977984815007236	-0.0020726890201511	-0.0001507678825319	0.0904440836077672	-0.1759518440060738	-0.0020350470127821	0.0004220526838810	0.1495758758372647	-0.1678128220318029	-0.0020295566908734	0.0004478349809074	
-0.1600513555259852	-0.2718308164245385	-0.0005581315757997	-0.0020067903280240	-0.0833051070035988	-0.2455233110974254	-0.0008739228104259	-0.0018901622206627	-0.0249597778900700	-0.2343261155535031	-0.0012372696855963	-0.0016738511743226	
0.0052293326319791	-0.0747694788859161	-0.0020695789443807	0.0001888867808702	0.0831058586624710	-0.0522189633809536	-0.0020666869156227	0.0002184039870697	0.1433898224894121	-0.0427228466964647	-0.0020677082996202	0.0002084618814982	
0.3355548272339753	-0.4647774243892985	0.0020421977167640	-0.0003857814663483	0.4186424564679725	-0.4596514113239933	0.0020259753550761	-0.0004638459917950	0.4840919388150242	-0.4690526188324063	0.0020139017255946	-0.0005139778865593	
-0.1933047708281385	0.4381990398750938	-0.0020724235136599	0.0001543924167093	-0.1101494086778151	0.4665772926707760	-0.0020748209345555	0.0001176628753841	-0.0446773952738725	0.4823225133470027	-0.0020754310289138	0.0001063006626670	
0.0518983359090774	-0.3975180910914812	-0.0020764003270969	-0.0000851781740144	0.1256625452039382	-0.3776385919428997	-0.0020781310591176	-0.0000053799614068	0.1807249775043553	-0.3735321900509612	-0.0020770378265605	0.0000677809052120	
0.1682309487171527	-0.3410728218261631	-0.0020758211685765	0.0000983471137779	0.2452827265086551	-0.3257359630793926	-0.0020699210740747	0.0001850807392246	0.3054829163690387	-0.3250221807424963	-0.0020682405025590	0.0002030866129330	
-0.0644461282611501	0.4278550077250418	-0.0020694066910297	0.0001907740531615	0.0197612224090890	0.4586131564352720	-0.0020725301075916	0.0001529476365893	0.0862570758635790	0.4763206284669494	-0.0020747124186897	0.0001195704675642	
-0.3241351497575455	0.4492713223177792	-0.0020672822389726	0.0002126662469203	-0.2379573538603180	0.4749324776006772	-0.0020713581783316	0.0001681476599380	-0.1725019126277217	0.4874028249019580	-0.0020769884731742	0.0000692841448956	
-0.2118505709479084	-0.0827274395405276	-0.0020654400177875	-0.0002299531160885	-0.1329626561467470	-0.0563612533228805	-0.0020620007867978	-0.0002591229876987	-0.0738426332693177	-0.0436018498983454	-0.0020529435375783	-0.0003234213696455	
-0.2046466459874001	0.4390001304562591	-0.0020718965548750	0.0001613438479874	-0.1205754082478945	0.4672415980483280	-0.0020740455706406	0.0001306810549852	-0.0551089676988752	0.4828402577967950	-0.0020755253530919	0.0001044334008327	
-0.1642131729603885	0.4360445649382444	-0.0020718413427683	0.0001620548275586	-0.0810160092092439	0.4649894550530056	-0.0020746896507864	0.0001199668406476	-0.0156035710219375	0.4809792090730018	-0.0020759613959900	0.0000953260009157	
-0.2222251451901185	-0.1645604897251247	0.0002668706950033	-0.0020660835571104	-0.1424117866045205	-0.1375091314685963	0.0002370755000573	-0.0020697322555845	-0.0821047745319629	-0.1229192049476878	0.0001958728237021	-0.0020740587127921	
-0.3941637398559202	-0.4316960920710883	-0.0018345340837256	0.0009787307405177	-0.3105263800281485	-0.3904487219719583	-0.0017343464171208	0.0011477202167736	-0.2522292938772734	-0.3674344986774257	-0.0015799078389653	0.0013533930890823	
0.2012633357223402	-0.4223701697626180	-0.0020698121387186	0.0001863011029988	0.2782256923862859	-0.4097134889297311	-0.0020459926975804	0.0003650137882253	0.3376070824455251	-0.4115616841751394	-0.0019241178412314	0.0007870921321954	
0.1152271191867388	-0.4304772991043970	0.0019999621719121	-0.0005660431487077	0.1901232975577205	-0.4135996851901414	0.0019716135546431	-0.0006584505854703	0.2462819935397006	-0.4114122027140197	0.0019390368830503	-0.0007493937046900	
0.0685917359162640	-0.3730288083537461	0.0020704964979504	0.0001784949790311	0.1423066534414649	-0.3537883544327222	0.0020731407924185	0.0001443904668170	0.1994995973712523	-0.3499879294295696	0.0020742497123953	0.0001273831164626	
-0.1610569294055174	-0.4291794525093435	-0.0020776868199153	-0.0000434092574135	-0.0873646566943959	-0.3993850868274857	-0.0020754667939997	0.0001055965456465	-0.0343153622834403	-0.3865397112496804	-0.0020397758045079	0.0003984507675676	
-0.5735645865301562	-0.4510542879152394	-0.0020561802904252	-0.0003020506246930	-0.4790228358175659	-0.4019286521063657	-0.0020667353127850	-0.0002179432361466	-0.4145765614236886	-0.3742373014998621	-0.0020731730250060	-0.0001439246032375	
0.1434477992044307	0.3328072334910457	0.0020632061818470	-0.0002492936523434	0.2317137223960379	0.3645969996722319	0.0020661607049766	-0.0002233516002157	0.3044461772547503	0.3833216980447725	0.0020652821553643	-0.0002313736932224	
0.0166229375472887	-0.1552483426267200	0.0020756570831617	-0.0001017681780419	0.0935200365617367	-0.1334560077654900	0.0020707930186284	0.0001750038056714	0.1528001777816831	-0.1262825811775397	0.0018043150305650	0.0010336473951028	
-0.0093986558198433	-0.3132255480523191	0.0020671472463701	0.0002139809431949	0.0644198428190197	-0.2906034726569321	0.0020739736007061	0.0001318239937537	0.1205241695977390	-0.2832189725135265	0.0020776556693835	0.0000448826555827	
0.2140310104134575	-0.4230399368178843	-0.0020641074265186	0.0002416795064867	0.2910425255408140	-0.4109544769920343	-0.0020546614603131	0.0003122651237146	0.3510435895855755	-0.4140169131381847	-0.0020577573780662	0.0002910567966443	
-0.3367255910801163	0.4506509917254259	-0.0020675922277123	0.0002096157227427	-0.2504258817456311	0.4759757545025077	-0.0020716825303071	0.0001640826154358	-0.1848961871476710	0.4878240191677281	-0.0020773154251134	0.0000586108798811	
0.1903561038419432	-0.4420126454903745	0.0020778932803453	-0.0000319703862665	0.2659159941167144	-0.4289861362673648	0.0020629817044423	-0.0002511537338271	0.3251823831840350	-0.4310923775618296	0.0020392012871639	-0.0004013953028154	
-0.0280094220937989	-0.3664646220076742	-0.0020443870049003	-0.0003739463047745	0.0447635042242945	-0.3434670968223477	-0.0020617077202716	-0.0002614561030824	0.0998404718844672	-0.3362055223648728	-0.0020741105766523	-0.0001296400134382	
0.0736668032876096	-0.1700624283877786	-0.0019645190385713	0.0006794276479215	0.1517558784601895	-0.1498656798217292	-0.0019639742439392	0.0006810087116178	0.2111053935318002	-0.1422192701204288	-0.0017788367255499	0.0010771149448904	
-0.1076828442550396	-0.0944088796668304	-0.0010052265300826	0.0018233865974087	-0.0288770878873051	-0.0695790486409931	-0.0009504363274124	0.0018526808342083	0.0321319131962307	-0.0573638417807965	-0.0007745511461004	0.0019332213796933	
-0.2775204882272488	0.3866729028602723	0.0016286783208369	0.0012939880837717	-0.1932890755997606	0.4115192297639340	0.0017314664452772	0.0011520820756573	-0.1266847670282676	0.4257786265233204	0.0018265332858478	0.0009936558573507	
0.1413060827095138	-0.1450446747903061	0.0020717695176888	-0.0001629750663450	0.2202840850366348	-0.1262711325158343	0.0020650794035086	-0.0002331853700652	0.2836797480250667	-0.1209492898921560	0.0020660681880136	-0.0002242100632938	
-0.2192374696766607	-0.1968750156071224	0.0000693549512577	-0.0020821728045252	-0.1398106146312112	-0.1697968567560120	0.0000550325890653	-0.0020826027057652	-0.0799644507985940	-0.1552094139874157	0.0000267169962446	-0.0020831611570973	
0.0737664051185238	-0.3520287183962279	-0.0020731458092279	-0.0001443180572285	0.1485478550412370	-0.3329983413921825	-0.0020771079606619	-0.0000655854044141	0.2047114430415414	-0.3292915547991395	-0.0020780788614100	-0.0000157154285284	
0.1267577777375204	0.4102950611564015	-0.0020762589918055	0.0000885730032119	0.2161475188634162	0.4441158675855369	-0.0020770968845580	0.0000659370004356	0.2888506101227852	0.4643636495326758	-0.0020766418706722	0.0000790389694674	
-0.1673393045524570	-0.4039196466037302	0.0020610523760119	0.0002665982877375	-0.0934043392299089	-0.3743891624798906	0.0020670631675241	0.0002147956793372	-0.0393227405651637	-0.3618917742774956	0.0020697852761780	0.0001866007979024	
0.0488513176201161	-0.4195822739220549	0.0020751870067010	-0.0001109853342847	0.1216288623853459	-0.3994817833573329	0.0020698105701433	-0.0001863186163418	0.1765847322102271	-0.3951364316743682	0.0020612359274572	-0.0002651682617874	
0.1547721742624895	-0.3658519936824047	0.0020496577441718	-0.0003437283350812	0.2307195844259202	-0.3498190620442407	0.0020428732926436	-0.0003821697897687	0.2900111712067909	-0.3485643790125022	0.0020472098514342	-0.0003580894677501	
0.4167076829462373	-0.4539557273243972	-0.0020670349113199	0.0002150687856967	0.5049373305606435	-0.4533355074824333	-0.0020549091587788	0.0003106227247284	0.5767134907189559	-0.4676113486850191	-0.0020364946308371	0.0004149758110449	
-0.1747899067257387	-0.4265525339201692	-0.0019450873045701	0.0007334662134257	-0.0998550559031326	-0.3960438424577331	-0.0019150643533282	0.0008089783812350	-0.0465179115726647	-0.3818560916073173	-0.0019335709750277	0.0007634554419719	
0.4344002885835627	-0.3159480049321938	-0.0020470319961738	-0.0003591098645634	0.5268610448553697	-0.3119757014434417	-0.0020685193422547	-0.0002002121495384	0.6047499199287869	-0.3223430870548469	-0.0020774138745102	-0.0000549923352648	
-0.3241899637337446	-0.4239546474698713	-0.0019705369850177	-0.0006616815091556	-0.2452326952560644	-0.3870387985442720	-0.0020192464121177	-0.0004924524759690	-0.1891126245720420	-0.3687785150683329	-0.0020556628038425	-0.0003055700507675	
-0.0592272585645416	-0.3987160868489072	0.0020640557389726	-0.0002421227512768	0.0135371002614222	-0.3735133034768716	0.0020531991209859	-0.0003217866786272	0.0675524134464289	-0.3644899580369741	0.0020379211990744	-0.0004078766885410	
0.4083513590717860	-0.0197966517019253	0.0012619351781214	-0.0016552416829654	0.5072381223037319	-0.0028464045619316	0.0012156501550506	-0.0016896964862136	0.5903178563966263	0.0034410889800843	0.0015028546451145	-0.0014388880140366	
-0.2264044559882811	-0.1104107114943763	0.0001056928893598	-0.0020806371298628	-0.1460970005921615	-0.0843569148227155	0.0000996844006302	-0.0020809351385961	-0.0848940077782472	-0.0697845098959231	0.0000490012926944	-0.0020827540974516	
0.0021047017941380	0.3515042977683551	0.0020708974004766	-0.0001737580225781	0.0862308498077033	0.3820267618532517	0.0020731329619633	-0.0001445034139988	0.1537851958297494	0.4000808798338363	0.0020746728634282	-0.0001202582571351	
-0.1078927075874915	-0.1864542850759397	-0.0003018741424496	0.0020612359327255	-0.0300649679197859	-0.1624991041715797	-0.0002616153773533	0.0020667589436883	0.0295846308391988	-0.1499930906854396	-0.0002669473889846	0.0020660735996980	
-0.0893840832182324	0.3590575268939478	0.0020709602635130	-0.0001730034022361	-0.0062463078257650	0.3883536482582178	0.0020734294501619	-0.0001401630305028	0.0592415372316709	0.4054791846085035	0.0020747761690929	-0.0001184535387049	
-0.1829336008118265	-0.0837827384888098	-0.0020739353349117	0.0001324276518212	-0.1049708578450782	-0.0574463139634466	-0.0020654981850043	0.0002294274340468	-0.0456774807662067	-0.0445706397809586	-0.0020556434197184	0.0003057010777943	
-0.1093369871087414	-0.1666228892650206	0.0001268153143704	0.0020794506829175	-0.0314653847036348	-0.1426525491073629	0.0001289802354963	0.0020793168573233	0.0288016444451039	-0.1311856362623230	0.0001913913615289	0.0020744791496426	
0.1527269545931853	-0.4813959171956556	-0.0020496115645345	0.0003440049691566	0.2265257775808809	-0.4676515379945534	-0.0020272788223057	0.0004580866410083	0.2836436377069158	-0.4688705307029979	-0.0020231292122776	0.0004761671214868	
0.2535229662254307	-0.4296340476771388	-0.0020316049706589	0.0004384017915343	0.3325208386547626	-0.4195709893880409	-0.0020139500863549	0.0005137874100527	0.3947978520912214	-0.4243299782360769	-0.0020005411923857	0.0005639830462894	
-0.3013283137465182	-0.4176998410244476	-0.0020548920643362	0.0003107363570485	-0.2224461401313709	-0.3816171876834578	-0.0020551979112543	0.0003086968287679	-0.1672862691584147	-0.3635243570915183	-0.0020752430133283	0.0001099278360030	
-0.5382555989080466	-0.4467300605302817	-0.0020598943603775	-0.0002754462891439	-0.4467756152463829	-0.3992876514892450	-0.0020706666940427	-0.0001764996297232	-0.3834201355171304	-0.3728023505490812	-0.0020759474173458	-0.0000956314543434	
0.3116697553129254	-0.4203806894049997	-0.0019928009589719	-0.0005908815592319	0.3928173041827481	-0.4139523823968631	-0.0020158193523337	-0.0005063665482440	0.4592800341445928	-0.4230112481451796	-0.0020201339827611	-0.0004887803771088	
0.3962657242609020	-0.1474521343348356	0.0010233993537735	-0.0018131983519111	0.4915689620308890	-0.1363557876083674	0.0010891319938597	-0.0017742972753813	0.5707107474826838	-0.1351069792663301	0.0010588771840655	-0.0017926080929077	
0.2940616271640315	-0.4145724727991143	-0.0009125712255555	0.0018717164314990	0.3762618464820060	-0.4060572058108298	-0.0011932532148771	0.0017056659631084	0.4416722759365317	-0.4103646931556255	-0.0014707614201939	0.0014718387843958	
0.2254183794663873	-0.4244714136057181	-0.0020585111267875	0.0002856499504621	0.3034807750424765	-0.4130853371956710	-0.0020441467838598	0.0003752637840148	0.3636992829993917	-0.4165034643532285	-0.0020351399551975	0.0004216020411877	
0.1194876746522073	-0.3437403185416644	-0.0020647155937942	0.0002364009264765	0.1955988595875437	-0.3265078887816346	-0.0020480255869091	0.0003533705053695	0.2535666214745304	-0.3240141608951525	-0.0020773248268120	0.0000582750291100	
0.0981338071233917	-0.1793860599912750	0.0019824955616605	-0.0006247504447457	0.1758908770665568	-0.1615781030732182	0.0005320676229016	0.0020138928902281	0.2392855234497943	-0.1542786187397523	-0.0003190330070124	0.0020586369693996	
0.4322313137884348	-0.3444565173558917	-0.0020118116041776	0.0005221394653334	0.5257716001039234	-0.3419201011615418	-0.0020017978792631	0.0005594836991737	0.6016048921187724	-0.3523873562229993	-0.0019677192958023	0.0006700557850467	
-0.0198006333445734	-0.0744873940207726	-0.0020681683649071	-0.0002038235928314	0.0571068451487736	-0.0517443772031750	-0.0020667072933799	-0.0002182101065291	0.1173936850019396	-0.0425747354880096	-0.0020601611706050	-0.0002734335056544	
0.0997787872311625	-0.3710926774277953	0.0020581275189813	0.0002884145881580	0.1745719156202221	-0.3532602019618238	0.0020700710476076	0.0001833872472678	0.2317110060372599	-0.3507300716909308	0.0020767883511889	0.0000750714080319	
0.0798224394163216	-0.1722175975235923	-0.0018764108778699	0.0008953956670323	0.1580476887225900	-0.1518702160301436	-0.0019410443754451	0.0007441523339750	0.2182469051259004	-0.1446934458055194	-0.0019901980499721	0.0005996334736509	
0.1361439663397549	0.4098821628895609	-0.0020763354797602	0.0000867523102744	0.2254808182656024	0.4438240196245985	-0.0020775123814146	0.0000511157413290	0.2992709245125602	0.4640527421982261	-0.0020778510870073	0.0000346168765846	
0.2918471959465418	-0.3143253309758881	-0.0016575335394186	-0.0012566248783745	0.3748740579050642	-0.3059471779670441	-0.0014386148063359	-0.0015034308161286	0.4446674456480473	-0.3103469137558835	-0.0014891719323440	-0.0014531148296916	
0.0970690663191077	-0.0721294322973720	-0.0002035902261074	-0.0020733116730618	0.1791058921043700	-0.0523041988505821	0.0000569876354370	-0.0020825498622925	0.2387876377464372	-0.0435238499311227	-0.0015397159348304	0.0013991726751817	
-0.1070052589517582	-0.3739988508314276	-0.0020698518727252	-0.0001858569129368	-0.0330998037347626	-0.3472032645470000	-0.0020775928421482	-0.0000477160611694	0.0208955538027763	-0.3366890882683310	-0.0020737230899668	0.0001357269671077	
0.2327521611151229	-0.3791568407561678	0.0020780436432108	-0.0000198514134272	0.3116992429665726	-0.3669907604611407	0.0020759974344259	-0.0000945339476730	0.3730347042839950	-0.3695920078629476	0.0020720529106474	-0.0001593130978999	
0.3126019896816542	-0.3889858193685895	0.0020578317761037	-0.0002905276824060	0.3950070892856639	-0.3808121001949523	0.0020479490068410	-0.0003538162720806	0.4611611316432844	-0.3869668772829988	0.0020442512341856	-0.0003746915201159	
0.4477396356149979	-0.3486755331556141	-0.0019587726107817	0.0006959020810337	0.5423356178127430	-0.3465777155666516	-0.0019443618989596	0.0007353966543889	0.6192826921792991	-0.3574409462329698	-0.0019889808942771	0.0006036785814555	
0.0790997070520313	-0.1064256735460375	0.0019578558007653	0.0006984901481114	0.1571067060392314	-0.0867171454772562	0.0018640632838551	0.0009209508536592	0.2203777544130826	-0.0803238867647229	0.0017722654295219	0.0010879470440037	
0.1954662688973288	-0.3467721340055680	-0.0015622341514464	0.0013738573807042	0.2742460783992714	-0.3323459986938277	-0.0014878165666908	0.0014545094760741	0.3369006987008292	-0.3310853785432743	-0.0012381616833846	0.0016731881604523	
-0.2088260806420917	-0.0824677450391924	-0.0020738233509123	-0.0001341785783545	-0.1299230660904580	-0.0560490873736288	-0.0020728239787138	-0.0001488915077099	-0.0705249363406628	-0.0431998890141852	-0.0020705922663031	-0.0001773749894572	
0.1974532888706181	-0.4417090215455889	0.0020757886562176	-0.0000990343836957	0.2732802829956097	-0.4291745455232990	0.0020779214089799	-0.0000300769510999	0.3334643183631909	-0.4321517720070903	0.0020749342118174	-0.0001156379091851	
0.2399464755099396	-0.3793792839020569	0.0020771332021109	-0.0000647770117809	0.3190227619279977	-0.3676094711093720	0.0020662290402010	-0.0002227153695522	0.3814017060940067	-0.3704565993193580	0.0020601056272792	-0.0002738537584779	
-0.6608553190481755	-0.4622180548956046	-0.0020772252565228	-0.0000617391262096	-0.5589992323863009	-0.4096038386853353	-0.0020667879318137	-0.0002174411721236	-0.4904254025456111	-0.3785474321859539	-0.0020747165070450	-0.0001194991524913	
0.0592763681593397	0.3452272713817847	0.0020614784456355	-0.0002632667249488	0.1454230186030077	0.3765899077927696	0.0020671891773833	-0.0002135734516909	0.2140183494828068	0.3954679320263367	0.0020700265435112	-0.0001838914249524	
0.2358746160459095	0.3396282468961545	0.0020775818529638	0.0000481945336090	0.3293580625634911	0.3726948578286531	0.0020751380535449	0.0001119014435307	0.4073791523018959	0.3920574057114691	0.0020766100686001	-0.0000798742884014	
-0.0508447437123101	-0.2742039655994381	-0.0017710532536238	-0.0010899290795897	0.0250497220095782	-0.2503747836466160	-0.0018129334428566	-0.0010183790694828	0.0789789919509000	-0.2437602509418074	-0.0018258240729495	-0.0009949649388191	
-0.0586077601940694	-0.2788773703110072	-0.0013584670821781	-0.0015765805613398	0.0164668244674374	-0.2561524384485527	-0.0010439619337303	-0.0018013786843697	0.0757643301123848	-0.2468177144754879	-0.0010938762173379	-0.0017713617062852	
0.0800119116206853	-0.4239019287201354	0.0020593244764485	-0.0002796960615979	0.1537718166298312	-0.4052983648467574	0.0020441336479729	-0.0003753356892623	0.2088667373479438	-0.4019968898266472	0.0020210157944173	-0.0004851029624027	
0.1693874679786732	-0.4853062988897767	-0.0020211969060834	0.0004843440174298	0.2442471113995124	-0.4736986304346123	-0.0019155464758159	0.0008078303980556	0.3013480178234323	-0.4749370866587809	-0.0019083054673618	0.0008248739976779	
-0.2112257720611243	-0.3489885568533509	0.0000776256623530	-0.0020818794076372	-0.1335273234694389	-0.3197502964885937	0.0000511642533105	-0.0020827018249610	-0.0756734714268935	-0.3041533659665763	0.0000137335151201	-0.0020832878399574	
0.4458986879708300	-0.1045400003998756	-0.0020528468839536	-0.0003240373567167	0.5445623209466954	-0.0931131223012383	-0.0020762590554172	-0.0000885715045984	0.6275928034560003	-0.0946651601694705	-0.0020699895871119	0.0001843090399752	
-0.2950502864935743	0.3856351673481546	0.0018561224733762	-0.0009369309771714	-0.2098008193269392	0.4119172229151937	0.0019028838489498	-0.0008373669263992	-0.1455083370240199	0.4279037109083642	0.0020780471189160	0.0000194823240821	
0.2098937521470242	0.4043778205965067	-0.0020741180945989	0.0001295190750304	0.3034099803746987	0.4392847868523239	-0.0020757908170367	0.0000989888550878	0.3813332842760369	0.4607513988339625	-0.0020763190316014	0.0000871470527512	
0.1621459139573942	-0.3674344885847573	0.0020154308982501	-0.0005079181788122	0.2390293588194157	-0.3519005120969971	0.0019915292302087	-0.0005951750758802	0.2980655341110324	-0.3504976726911908	0.0019897543374657	-0.0006011115521949	
0.3894623358590765	-0.1316028466561698	0.0010117232524842	-0.0018197718321435	0.4844541649927716	-0.1204260315701872	0.0007986338931846	-0.0019233482824510	0.5641563738656881	-0.1188348208254553	0.0007667340272138	-0.0019363505957577	
0.2224877363426644	0.3420809060953879	0.0019380563389991	-0.0007519385728819	0.3170379028524053	0.3753703040346639	0.0019075021770642	-0.0008267391719685	0.3917162951667901	0.3968266319431759	0.0020442459260114	0.0003747206243987	
-0.3127928586235389	-0.3854271956783031	-0.0001494933375753	0.0020779359082589	-0.2324092827687121	-0.3509283422926128	-0.0001371137270708	0.0020787937572676	-0.1738181923548269	-0.3323813848033122	-0.0000955783970726	0.0020811287356975	
-0.2130574649680048	-0.3052057761601730	-0.0000344563012597	-0.0020830469503776	-0.1349986484864298	-0.2760464542343943	-0.0000572422064169	-0.0020825428455982	-0.0764880507035043	-0.2614901343454694	-0.0000926835702232	-0.0020812603221794	
0.0529789039976386	-0.1791685003860309	0.0010650873818911	-0.0017889067893519	0.1313454467160748	-0.1582795718356245	0.0010996340279527	-0.0017677752260682	0.1914195764889937	-0.1488631600709515	0.0017382614438785	-0.0011417522855513	
0.3491015753059561	-0.3272527757897626	-0.0020169749504554	0.0005017205009612	0.4363100417444301	-0.3202989507002568	-0.0019965555424127	0.0005780031658275	0.5061267685097872	-0.3266683750672810	-0.0019780483698921	0.0006387602000404	
-0.1319315426738672	-0.4300011013051345	-0.0020700721052682	0.0001833752482545	-0.0582540726393569	-0.4013697320866855	-0.0020575686536684	0.0002923946125810	-0.0051783811403234	-0.3895140665772981	-0.0020425718609330	0.0003837856120846	
0.1714469242656437	-0.3697807413172011	0.0020311958108970	-0.0004403030632232	0.2483954481322219	-0.3547635112784506	0.0019980430703976	-0.0005728139619086	0.3076385279827604	-0.3538426044618072	0.0019568126181305	-0.0007014218739234	
0.0831326119310734	-0.3512068483278056	-0.0020642770648416	-0.0002402189534483	0.1579411992868039	-0.3325844424687657	-0.0020731806855019	-0.0001438136616511	0.2150888221916644	-0.3292952349271858	-0.0020780328906138	-0.0000209521109536	
0.1444762008040105	0.3327086028811338	0.0020630803275352	-0.0002503382428792	0.2327422430161293	0.3644892273767017	0.0020665099004441	-0.0002200809008215	0.3054750752876886	0.3832080162678787	0.0020660920913952	-0.0002239885831873	
0.0987527095944247	-0.3712280652466953	0.0020597146435415	0.0002767936555305	0.1735372191426197	-0.3533501463945848	0.0020709625203632	0.0001729762489158	0.2306734197030285	-0.3507636083741207	0.0020770993821110	0.0000658578830468	
-0.1704396077338798	-0.3831038592669919	-0.0020579505492145	-0.0002896809325753	-0.0955535409665380	-0.3536215404340565	-0.0020664489464584	-0.0002206553520696	-0.0415520267886250	-0.3411231643915701	-0.0020705099087893	-0.0001783385688809	
-0.1880580302842736	-0.0832477237222122	-0.0020645754696603	0.0002376276668572	-0.1090480496013565	-0.0569575257120734	-0.0020613419849918	0.0002643383962370	-0.0509257068326039	-0.0438288740658521	-0.0020633818255558	0.0002478283424065	
0.0187192602488746	-0.4164811818726596	0.0020582583831183	-0.0002874745042095	0.0914267888628958	-0.3948818834551358	0.0020452804965505	-0.0003690033358024	0.1465802865035024	-0.3891098259833539	0.0020327922895422	-0.0004328351145244	
0.0529869772504266	-0.4198684980327895	0.0020713770339153	-0.0001679140577658	0.1257402646617419	-0.3998844750639420	0.0020651971662137	-0.0002321348514729	0.1808197647753245	-0.3956906262288551	0.0020596212483951	-0.0002774912246446	
-0.0176435866376241	-0.3641697173313813	-0.0020230474348638	-0.0004765161801498	0.0550596772285440	-0.3417510880829985	-0.0020379433710950	-0.0004077653375245	0.1112835301602040	-0.3349062176938235	-0.0020542170688869	-0.0003151897825797	
-0.0385326830530024	-0.1579980541095721	0.0020746997841884	0.0001197905877937	0.0375769555013531	-0.1348417484300632	0.0020688823750910	0.0001964061421940	0.0965326303530526	-0.1258408530517157	0.0020324523178312	0.0004344366737616	
0.2526147214778244	-0.3832446814869323	0.0010758896462330	-0.0017823984738650	0.3343132713471193	-0.3720523276173017	0.0010114431580292	-0.0018199283050951	0.3947139003765860	-0.3720216782240839	0.0020780464109874	0.0000195580647914	
0.2243832974579405	-0.4472381634676333	0.0020558508147492	-0.0003042961988659	0.3012520418166525	-0.4357864724696378	0.0020386373841775	-0.0004042637832234	0.3616136446412892	-0.4395201120661288	0.0020186833209884	-0.0004947671637487	
0.3967277330767593	-0.2428540230648292	-0.0010382101042404	0.0018047164373876	0.4896815580264449	-0.2352105936458417	-0.0010242865328719	0.0018126948183795	0.5669187977523302	-0.2378097535492628	-0.0010413456348572	0.0018028999598926	
0.4011201485578548	-0.4519846823839263	-0.0020488008385045	0.0003488248022095	0.4881922275200621	-0.4503837107555110	-0.0020288684364292	0.0004509582939230	0.5590595628140265	-0.4634604812373863	-0.0020035922198564	0.0005529909542706	
0.3520753484731474	-0.4681989337238486	0.0020352411735192	-0.0004211106997295	0.4352530114562523	-0.4638570769715011	0.0020122387149148	-0.0005204827584491	0.5027259142777765	-0.4744282520496835	0.0019834446653794	-0.0006217155182421	
0.3811343119998489	-0.2230663216324850	-0.0017813657883030	0.0010729061248694	0.4731456851651277	-0.2132688574473523	-0.0017180034425401	0.0011721628824341	0.5467388403945861	-0.2155451402488658	-0.0020727625449114	-0.0001497485732776	
0.0975113013610251	-0.0686711773270182	-0.0001712018459437	-0.0020762516639789	0.1791981612354099	-0.0492121801634383	-0.0001454737593064	-0.0020782226102589	0.2381330872337144	-0.0429460165524826	-0.0017147142225610	0.0011769933355245	
-0.0052476122397158	-0.4534214853182462	-0.0020388599828602	0.0004031339938318	0.0674216059820661	-0.4307276388319118	-0.0020154026776600	0.0005080307061029	0.1205219690316082	-0.4239942370286972	-0.0019798052399266	0.0006332664116443	
0.2008320746863976	0.3391384534276966	0.0015680842716390	0.0013671428913429	0.2928163095027402	0.3700762219110519	0.0014296049248546	0.0015120436210108	0.3709766101809751	0.3885031383096842	0.0013671768565013	0.0015689957538858	
0.0833934762544247	-0.1747719913618289	-0.0016887026354830	0.0012142012932403	0.1620430595886438	-0.1542192995527625	-0.0016795645896530	0.0012268733634936	0.2222652549515487	-0.1460152221910105	-0.0019258315236390	0.0007828687021970	
0.2665160759547311	-0.4132259914134315	0.0013353036058943	-0.0015963444914212	0.3478434220923794	-0.4032826544794407	0.0013117610981960	-0.0016158422753045	0.4126845010587721	-0.4061428714044726	0.0012075977642801	-0.0016954895580200	
0.1769676927485991	-0.3401153584269502	-0.0018311908009348	-0.0009850029298073	0.2536098643810600	-0.3259006914475751	-0.0020455195046343	-0.0003676694613122	0.3148302671712698	-0.3260601815717175	-0.0020741147271597	0.0001295732597825	
-0.1464788205769156	0.4347002344324307	-0.0020737469191757	0.0001353605699562	-0.0633485884907045	0.4639865884273744	-0.0020757510839004	0.0000998227078955	0.0031150142946305	0.4801760460293443	-0.0020768479025296	0.0000733970256700	
-0.1435445450565004	-0.0796929356521096	-0.0020254204965501	-0.0004662749290302	-0.0665752923484850	-0.0548208487055050	-0.0020559017582533	-0.0003039500960942	-0.0072160602184989	-0.0431121737489580	-0.0020690788046940	-0.0001943154277181	
0.0125007435597246	-0.3595388211733732	-0.0020575580445217	-0.0002924696326321	0.0861766232406457	-0.3380879415893986	-0.0020683248007781	-0.0002022219611207	0.1413135385419929	-0.3322934828336313	-0.0020753198411284	-0.0001084603804579	
0.3958938326594710	-0.4510217939682760	-0.0020385275641047	0.0004048199631303	0.4821369339965298	-0.4489393632716279	-0.0020176335572469	0.0004990520391804	0.5526934616970367	-0.4616413392900948	-0.0019964046908625	0.0005785265935403	
0.4177212323699699	-0.3718454914311229	0.0020486226126587	-0.0003498752138901	0.5093426199357518	-0.3694202060273205	0.0020375729379553	-0.0004096215750612	0.5841326644854550	-0.3808568683482274	0.0020011668714110	-0.0005617477700254	
-0.1086510561693357	-0.1812564425911732	-0.0002760933890847	0.0020648652750390	-0.0307928861477211	-0.1572971941606539	-0.0002682880184072	0.0020658990717814	0.0289733346589716	-0.1447867218018807	-0.0002168248779656	0.0020719626905673	
0.2649559859488506	-0.4322070363955515	-0.0020243457518651	0.0004709422084712	0.3439396697651103	-0.4226099543321054	-0.0020064487480575	0.0005424821239680	0.4073146793703355	-0.4281280156173039	-0.0019814537343683	0.0006280633274879	
-0.5985550634383391	-0.4547463668125964	-0.0020614830330503	-0.0002632306214023	-0.5018681298577841	-0.4042000563386761	-0.0020707779911782	-0.0001751824215684	-0.4364226534668902	-0.3755434213124774	-0.0020756027172193	-0.0001028765233642	
0.0042001524302445	-0.3606901299302297	-0.0020619860293712	-0.0002592409822238	0.0779579101633413	-0.3387805290079997	-0.0020717849253431	-0.0001627781010603	0.1330267042693238	-0.3326415073165798	-0.0020763174534604	-0.0000871848327240	
0.1257329241448144	-0.3664932727508972	0.0020628259238290	0.0002524364008601	0.2005584803654145	-0.3497295615487566	0.0020693852891212	0.0001910072272215	0.2587104204733108	-0.3481363593998018	0.0020715821272202	0.0001653516973982	
-0.0093307846134886	0.3524046751691127	0.0020711136706526	-0.0001711478085774	0.0747865522633465	0.3828474184672210	0.0020734118743265	-0.0001404240869534	0.1413011829923811	0.4007843995332265	0.0020750089550944	-0.0001142820757972	
0.3953241858992984	-0.0976234141138277	-0.0018960031058848	0.0008529087839222	0.4908566464682489	-0.0841545076433811	-0.0018001211790124	0.0010409702611633	0.5709600596928137	-0.0821519967460451	-0.0013822710917302	0.0015556474851910	
0.2608070668550342	0.4001576782259039	-0.0020673359063193	0.0002121412919185	0.3574432626277309	0.4360248925289408	-0.0020712283820726	0.0001697469281093	0.4384807713818322	0.4577701342783104	-0.0020732741180179	0.0001424535576354	
0.0288488971461328	-0.1658561512438633	0.0015225141795420	-0.0014179646031999	0.1071935261244413	-0.1446400603380382	0.0015227418411400	-0.0014177188922010	0.1677309548132786	-0.1350833018424867	0.0011529473672411	-0.0017333018779035	
-0.1684686262421878	-0.4285945355803668	-0.0020352712657136	0.0004209645086657	-0.0937047274661428	-0.3984319722708846	-0.0019918872846679	0.0005939696546023	-0.0405600472584415	-0.3844505151061072	-0.0018939920794617	0.0008573875032280	
0.1962634459989844	0.3345705716584444	0.0015277040221656	0.0014123435183385	0.2876634839745995	0.3648509465736369	0.0015866599868578	0.0013454310387384	0.3647277881142563	0.3822653571003266	0.0016751892739139	0.0012328705689184	
0.1153554005850786	-0.3682272226642836	0.0020348315290259	0.0004230955579196	0.1901515585670903	-0.3511378183938761	0.0020494611654943	0.0003449043370924	0.2483438261124605	-0.3493768722445805	0.0020604771682730	0.0002710299821242	
0.1973223165307672	0.3355742520555200	0.0014970492777120	0.0014449572477938	0.2887308544399980	0.3658314862847621	0.0015222872649827	0.0014182094290241	0.3669345896006322	0.3841525323542405	0.0015139005995768	0.0014272031925791	
0.2150897008386244	-0.3521654727332587	-0.0020777149160855	0.0000420360353793	0.2929880221907164	-0.3390162360868459	-0.0020612913542189	0.0002647348953243	0.3553976066815074	-0.3404359031869077	-0.0020182123097682	0.0004966945625440	
0.4425686282437860	-0.1048785347000877	-0.0020763106074537	-0.0000873485334676	0.5414027256914293	-0.0931064927056451	-0.0020766422454631	0.0000790290724276	0.6234273200001377	-0.0942064052901659	-0.0020611891637048	0.0002655333354425	
-0.1548305304397657	-0.4028810117795489	0.0020738800057637	0.0001332956374583	-0.0810429722898891	-0.3737136811990154	0.0020778214400802	0.0000363613510406	-0.0270141029444531	-0.3614270167733136	0.0020778985471489	-0.0000316244886610	
-0.0863318705391938	-0.2069422186533926	-0.0019333575515340	-0.0007639984534654	-0.0103312864972773	-0.1825283277842775	-0.0018961180269510	-0.0008526519907860	0.0488771104891311	-0.1730423061500957	-0.0017861968928824	-0.0010648032683616	
0.0072996478246127	0.4211581717442546	-0.0020713565558787	0.0001681677452754	0.0924754220540960	0.4530936250654459	-0.0020745079623560	0.0001230840285103	0.1610569271071157	0.4719133542834554	-0.0020762326317717	0.0000891918421212	
0.3990369049413904	-0.3370875785219145	-0.0020705658999701	0.0001776840472826	0.4894442154742438	-0.3329729768866945	-0.0020594600550897	0.0002786909974808	0.5631912642484291	-0.3426042001105919	-0.0020465692662391	0.0003617507562806	
0.1651311627613670	-0.3682256980624383	0.0020100004018967	-0.0005291033957929	0.2421630667816825	-0.3528459249107027	0.0019822801634967	-0.0006254369664368	0.3011875448690396	-0.3515508576010906	0.0019714564947305	-0.0006589230395920	
0.3418640450720014	0.3978400717356957	-0.0020405948500824	-0.0003942134874825	0.4446884977526946	0.4346205581220786	-0.0020385031823430	-0.0004049433360214	0.5320342622194039	0.4570230514009615	-0.0020406416463179	-0.0003939699621580	
0.0301449837785723	-0.4572119181064799	-0.0020721266165663	0.0001583467190705	0.1028922397577394	-0.4363294579081019	-0.0020636545494640	0.0002455355596825	0.1568049983132630	-0.4317057911267413	-0.0020565488942958	0.0002995179838787	
-0.2413899719280669	0.3672466098116648	0.0017037714026597	-0.0011928572662155	-0.1566215097613709	0.3941179014596035	0.0016185027291174	-0.0013067565060111	-0.0904876344969097	0.4113569424785181	0.0013076352581167	-0.0016191996704327	
-0.1601089225809124	-0.3817892853636675	-0.0020622080417019	-0.0002574600572791	-0.0862885698628345	-0.3528050431564608	-0.0020711310423313	-0.0001709364045439	-0.0311883438326011	-0.3404603599421613	-0.0020756117485056	-0.0001026932352446	
0.1412509332013767	-0.1665410994193721	-0.0018514852106925	-0.0009461072243427	0.2202089204961685	-0.1487741525351707	-0.0019574643416679	-0.0006995919151302	0.2826192482911846	-0.1447501604174369	-0.0020659846460595	-0.0002249824002156	
0.0966599078774864	-0.3491889938692382	-0.0020472040523130	-0.0003581227859047	0.1714458811032787	-0.3312326150727633	-0.0020652640321540	-0.0002315362162473	0.2296157629667651	-0.3284973679516739	-0.0020732496778155	-0.0001428105924174	
0.2702140545343905	-0.4335786704547617	-0.0019900298841452	0.0006001941285282	0.3502183308583304	-0.4243672408257919	-0.0019867110571885	0.0006111441564956	0.4125352210717557	-0.4298038789127982	-0.0019834203093461	0.0006217936043477	
-0.3968351982454307	-0.4301028655821699	-0.0017282148824028	0.0011569783047139	-0.3123537019707682	-0.3891319000833498	-0.0016566679053314	0.0012577715742739	-0.2538308987218064	-0.3659261488833896	-0.0015043478757345	0.0014373189589489	
0.1246897072148661	-0.3666182265929781	0.0020607321830884	0.0002690743769898	0.1995120679220981	-0.3498259818392236	0.0020675456043990	0.0002100773910291	0.2576670053106530	-0.3482199326649481	0.0020697797948075	0.0001866618918309	
0.2368879668240150	-0.4490849430030394	0.0020562691157031	-0.0003014423024156	0.3148560071350528	-0.4384481083301188	0.0020422290707399	-0.0003856146206297	0.3751079583898826	-0.4426877902799033	0.0020254623720510	-0.0004660920804617	
0.3316656122814469	-0.4414555739447126	-0.0019310851969311	0.0007697525465820	0.4144443834476028	-0.4355404782414222	-0.0018953427034439	0.0008543826674491	0.4808383634496616	-0.4438626326354708	-0.0019166245399782	0.0008052564456959	
-0.2169597499906923	-0.2395861980867618	0.0000019582814421	-0.0020833324083576	-0.1380330696308185	-0.2114624167704873	-0.0000065634925676	-0.0020833229424832	-0.0787960099445858	-0.1968830669798277	-0.0000629789471927	-0.0020823764245351	
0.2035478280960569	-0.4435023908440287	0.0019266457845691	-0.0007808525974272	0.2805099864856276	-0.4311572018223526	0.0018979709335133	-0.0008484987511238	0.3397037531614977	-0.4331905929185174	0.0019500833754199	-0.0007200102174107	
0.4364168810375868	-0.3156540322771887	-0.0020516395689328	-0.0003316329668583	0.5289308478241874	-0.3117836725798769	-0.0020659695434690	-0.0002251217360120	0.6068336518844457	-0.3222899969106460	-0.0020770245521424	-0.0000681884882575	
0.0104449228573549	-0.3956138179728336	-0.0020742009798452	0.0001281781378687	0.0852279001383119	-0.3738751844710679	-0.0020671427962119	0.0002140241444361	0.1412562765146211	-0.3678936440255505	-0.0020578167336916	0.0002906347423459	
0.3248303133427410	-0.4386664095117359	-0.0014856372785862	0.0014567464670103	0.4076313316326363	-0.4322282675787123	-0.0011823476589972	0.0017132814491337	0.4762430520828242	-0.4395507249018289	-0.0003956570025573	0.0020452260543480	
0.1787190082703624	0.4072649304027762	-0.0020709011206199	0.0001737134571348	0.2701601771615705	0.4418600616556780	-0.0020749240780082	0.0001158205096050	0.3460082280245029	0.4627888478557983	-0.0020771558644434	0.0000640425175732	
0.1452302380167152	-0.1632537573883365	-0.0010100792300655	-0.0018206894435592	0.2245998128132399	-0.1460486424367279	-0.0014035675319769	-0.0015363637718205	0.2887953517226541	-0.1425958609246413	-0.0017164173807323	-0.0011744957627508	
-0.2961331833794423	0.4468837998121442	-0.0020693329159616	0.0001915766262971	-0.2108957079611919	0.4731495982323321	-0.0020731566898757	0.0001441608869669	-0.1454230068074982	0.4867505194901314	-0.0020772043075858	0.0000624434647238	
-0.3782188426489780	0.3873572898088644	0.0007161483110508	-0.0019557202834026	-0.2909643324254043	0.4106538072325058	0.0003356066606857	-0.0020559868880853	-0.2254411243609448	0.4267203215505409	0.0020719642626288	-0.0001604676327622	
0.3906725308892078	-0.3667482562085023	0.0020565584376722	-0.0002994521217581	0.4799842503860201	-0.3627355869563723	0.0020499964966123	-0.0003416920366925	0.5527982483892604	-0.3728762374669505	0.0020441607868740	-0.0003751871164675	
-0.1766310027003779	-0.4260182137052912	-0.0019580757837201	0.0006978701428152	-0.1015845726913540	-0.3953454866991572	-0.0019352852061208	0.0007590776615718	-0.0487178263133397	-0.3810358978226145	-0.0020005454759246	0.0005639677755779	
0.4439582931977548	-0.3767395103517132	0.0020773611535740	-0.0000569587320264	0.5372334024387004	-0.3759949803075729	0.0020777830389463	-0.0000385035929566	0.6130718986795018	-0.3895467052815034	0.0020341991589860	-0.0004261406645432	
-0.1413420831975309	-0.3797336672788813	-0.0020655372937538	-0.0002290733049780	-0.0675238487519884	-0.3514953264481419	-0.0020738912093451	-0.0001331203381647	-0.0135033136635949	-0.3398969555044095	-0.0020777807121165	-0.0000386295789130	
0.3222110510245804	-0.4620509487666666	0.0020015204174684	-0.0005604804530957	0.4042324034309797	-0.4561156004155827	0.0019769712566590	-0.0006421027361548	0.4696395834867761	-0.4646610583531052	0.0019106550150025	-0.0008193896278485	
0.3564028118590963	-0.4458620964625343	-0.0020747510633525	0.0001188946564029	0.4405656337258437	-0.4417028166166254	-0.0020656981353041	0.0002276110239379	0.5080743633499230	-0.4524859116250707	-0.0020492059624647	0.0003464249276715	
-0.2192695914577523	-0.1958332537238651	0.0000668719441978	-0.0020822544353713	-0.1398475176421982	-0.1687558462912944	0.0000507085150626	-0.0020827130266649	-0.0799771375165717	-0.1541674922318646	0.0000227193247471	-0.0020832088291854	
0.2838717947115404	-0.4377632289097258	-0.0020612532741831	-0.0002650327099891	0.3634894031996638	-0.4299398171113091	-0.0020548926893894	0.0003107322028653	0.4272505103516999	-0.4358840868615396	-0.0018344151309065	0.0009789547891366	
-0.2683471161372543	0.3963513732715002	0.0019785985831484	0.0006370452848483	-0.1842068721232872	0.4213341189063899	0.0013025491240241	0.0016233144434198	-0.1171871922387567	0.4361135510118402	0.0010805859852175	0.0017795409739759	
-0.0779461875622028	-0.1172393446399647	-0.0020739793192648	-0.0001317335426803	-0.0010511471163840	-0.0929435913201992	-0.0020695933053707	0.0001887285770404	0.0572184494823330	-0.0819002910727299	-0.0019095142526127	0.0008220578351996	
0.4702979269919310	-0.2895085009646612	-0.0000205631242336	-0.0020832313406932	0.5662620242254208	-0.2874930081362607	-0.0000788363726752	-0.0020818336843773	0.6457414764323204	-0.2949173107520500	-0.0006227779504709	-0.0019875823797342	
-0.0072031709079412	-0.3129620482524960	0.0020652260604264	0.0002318763603047	0.0664809877606786	-0.2904626796190504	0.0020729449555908	0.0001471890894192	0.1236359487905825	-0.2831607339779348	0.0020772730137271	0.0000601025723765	
0.2130094164675731	-0.4229150168305443	-0.0020660571664173	0.0002243121109030	0.2898166419465551	-0.4107730397053863	-0.0020590409840493	0.0002817858355241	0.3500337011204482	-0.4138880381688684	-0.0020621846451444	0.0002576483277078	
0.0706225265472057	-0.1688378641867637	-0.0017921476727419	0.0010547063367360	0.1486796989519166	-0.1487013325312479	-0.0018173307807416	0.0010104714313101	0.2108215239731728	-0.1408508165236445	-0.0007177627945468	0.0019551253697652	
0.1454524328377509	-0.0675865754785634	-0.0020564496402762	-0.0003002020952855	0.2265216349187903	-0.0479492477952936	-0.0020641890503338	-0.0002409778612333	0.2909414945991904	-0.0416876220280970	-0.0020779969761861	-0.0000242693145265	
0.0522708690183479	-0.1876006436962457	-0.0013291367542481	-0.0016015084147294	0.1286418736962220	-0.1686221668279004	-0.0016320239517253	-0.0012897447193104	0.1903491391072093	-0.1626700481102660	-0.0016818629033088	-0.0012237050130572	
-0.0696449022080344	-0.4418056835952968	-0.0020479123839195	0.0003540292470245	0.0030145002830795	-0.4160433232673585	-0.0020214069491239	0.0004834622586137	0.0560239708618631	-0.4065398683456360	-0.0019870393345156	0.0006100706166074	
0.0353878395755928	0.4181995558985877	-0.0020704847121875	0.0001786323220759	0.1215358385434619	0.4507045543558229	-0.0020730091072660	0.0001462782507193	0.1912113194545392	0.4700088368025503	-0.0020736010227095	0.0001375885042668	
0.3231601236323123	-0.4354144562154603	-0.0005722353954226	0.0020027943271043	0.4069961838998934	-0.4302585194100014	-0.0005037485692745	0.0020211988416804	0.4725543923933397	-0.4334327947624901	-0.0017063948272334	0.0011890825691226	
0.0766349699014021	-0.1935525420695487	0.0009721189931377	0.0018413395824586	0.1539691243032336	-0.1751369920550670	0.0005119044015465	0.0020191383788847	0.2168234848596010	-0.1684803808112099	0.0005769092047228	0.0020014463135393	
0.1258960441262453	-0.1470398663870745	0.0015188792366223	0.0014218770175176	0.2050838197364169	-0.1295179300465524	0.0012560023919444	0.0016597705261654	0.2705001919077997	-0.1242761566533075	0.0012815975598368	0.0016399886418187	
0.1339643228202753	-0.1446075085025959	0.0020769953337802	-0.0000690771396000	0.2128776077966351	-0.1257766744778956	0.0020778597614420	0.0000340895766272	0.2763724877686039	-0.1208013906919741	0.0020511280819295	0.0003347976145608	
0.4024535445382040	-0.1569752959104667	0.0012232598882816	-0.0016841679985821	0.4978995368812338	-0.1456617558836839	0.0012531430898787	-0.0016619411906716	0.5780125963082172	-0.1455596516434226	0.0012630311305323	-0.0016544013819515	
-0.0041609126117972	-0.0741132264326037	-0.0020768319475733	0.0000738493529480	0.0737583814783966	-0.0514676024939054	-0.0020757775344259	0.0000992683895363	0.1340302358803936	-0.0420792164861774	-0.0020764352522569	0.0000843181877319	
-0.2149484038344730	-0.2729079684150950	0.0001736939510670	-0.0020760436297529	-0.1362702598637633	-0.2448028883097118	0.0001821332702260	-0.0020753166456437	-0.0776331508936166	-0.2291586003746400	0.0001175060400835	-0.0020800002364607	
0.0675679605201285	-0.3731181167861736	0.0020677978734486	0.0002075670215537	0.1412681325701522	-0.3538669817666308	0.0020708500579128	0.0001743241606430	0.1984705447749923	-0.3500494979489011	0.0020734306323350	0.0001401454539792	
-0.0281276935688685	-0.4472170990149398	-0.0019801316422759	0.0006322399423269	0.0448077714842832	-0.4234614730427314	-0.0019460669375808	0.0007308499844371	0.0977891560036456	-0.4152402196143287	-0.0019196344178259	0.0007980184627931	
0.1641850504518680	0.3303206491683488	0.0020646140155098	-0.0002372908513388	0.2535045426627868	0.3622127404496142	0.0020664274986841	-0.0002208571238535	0.3272805407648974	0.3809481016278794	0.0020682782341674	-0.0002027000579296	
0.0792782083305607	-0.1908890062552548	0.0018114395683822	0.0010210472041583	0.1558909454819078	-0.1719034494822149	0.0015207475135674	0.0014198686413010	0.2183944504933925	-0.1658186285087414	0.0015028352558316	0.0014389083663894	
0.2442072097401753	-0.4277291727154152	-0.0020401377537313	0.0003965840387535	0.3231957391062332	-0.4173145483527919	-0.0020234161744944	0.0004749401106087	0.3845135964748274	-0.4215672263433487	-0.0020087976634275	0.0005336742119476	
0.1352377238069049	-0.4338932548141176	0.0020596157425919	-0.0002775322918210	0.2097943110433067	-0.4179775217810676	0.0020491301792234	-0.0003468751512811	0.2671598756685958	-0.4173999138670916	0.0020405830959128	-0.0003942746310947	
0.1652268381601959	-0.4395024878893143	0.0020668751728063	-0.0002166061704654	0.2410010099347701	-0.4252642093952914	0.0020519210910810	-0.0003298778532409	0.2982550322655456	-0.4259140054186900	0.0020267366487677	-0.0004604914268672	
-0.0218425529446625	-0.3144359632148550	0.0020654044276827	0.0002302741600579	0.0519140434178179	-0.2913535843333292	0.0020715012979501	0.0001663662908967	0.1080846288644438	-0.2835379816008042	0.0020751475076543	0.0001117251063058	
-0.0197273317209773	0.3533168542356975	0.0020708466645670	-0.0001743646683009	0.0644343817540539	0.3835181543820173	0.0020738366094298	-0.0001339724739048	0.1309429545071011	0.4013717372570298	0.0020748519747115	-0.0001171114892387	
-0.0727096736699996	0.3577347377594274	0.0020719147423695	-0.0001611089520781	0.0103792618597870	0.3872349161623074	0.0020737100121538	-0.0001359276296073	0.0758659632553524	0.4045455945146974	0.0020751101072361	-0.0001124210737640	
-0.1339815091181249	-0.4298245454437480	-0.0020684708119253	0.0002007154189893	-0.0602799835950106	-0.4011102038877514	-0.0020562688359202	0.0003014442204852	-0.0071655514266782	-0.3891270874864297	-0.0020451334162515	0.0003698217043267	
0.0695201671103314	-0.1679383519503968	-0.0014264472189772	0.0015150378324350	0.1476012169026366	-0.1477803633312137	-0.0012848226659328	0.0016374505583866	0.2108215239731728	-0.1408508165236445	-0.0007177627945468	0.0019551253697652	
0.2670598151326993	-0.3405603177831634	-0.0017963056733565	0.0010475733713308	0.3481274991268839	-0.3290279820249104	-0.0018691752983294	0.0009104782062530	0.4124599159300937	-0.3316116475102623	-0.0020495088419241	0.0003446194990803	
0.0745603830608828	-0.1313415223927605	-0.0009957180609005	0.0018286223918841	0.1546182411185701	-0.1115385936852820	-0.0009590434461160	0.0018482177566659	0.2174104948505847	-0.1020195468443058	-0.0010097269491515	0.0018208858149806	
-0.0862382509670391	-0.0792532703618469	-0.0020648699873761	-0.0002350417508379	-0.0093454418930664	-0.0553220519108200	-0.0020545033538419	-0.0003133088660178	0.0498841326404389	-0.0449653012209844	-0.0020381536237642	-0.0004067078433047	
-0.1527691951972037	-0.4027413905458851	0.0020735443437304	0.0001384443181248	-0.0789692352377932	-0.3736748234164585	0.0020777399664354	0.0000407726813346	-0.0249381984612049	-0.3614677549694416	0.0020777321468985	-0.0000411712045357	
0.0051996425872273	-0.4551815852267920	-0.0020586355220467	0.0002847475666370	0.0779812294438580	-0.4330943989831944	-0.0020409206880906	0.0003925145894654	0.1309630328314763	-0.4269294115818353	-0.0020174566758648	0.0004997701904575	
0.0768523760455626	0.4142217939981676	-0.0020699947642687	0.0001842505944846	0.1642110295347119	0.4472673560337660	-0.0020713864713646	0.0001677970141122	0.2347957255818758	0.4673253509529682	-0.0020723913394755	0.0001548258440582	
-0.2139012214594679	-0.2812222515970604	0.0002477073879036	-0.0020684805170734	-0.1353772173138840	-0.2531719844159580	0.0001797837040449	-0.0020755225329114	-0.0768031143308824	-0.2374863795042618	0.0002014682465318	-0.0020735199836175	
0.2036385631872364	-0.4875395376585677	-0.0020296668770619	0.0004473328297851	0.2795990298441535	-0.4768968355191950	-0.0020239560436963	0.0004726225958850	0.3377687599480215	-0.4800903149424452	-0.0019875067858497	0.0006085383711936	
0.3325192529710536	0.3966052228467497	-0.0020721746493281	-0.0001577137427415	0.4343402444174393	0.4331869083947412	-0.0020731372083469	-0.0001444421747989	0.5205517071911452	0.4555584548701973	-0.0020764925300926	-0.0000828884505039	
0.1005015239345622	-0.1810282352716882	0.0019506045270406	-0.0007185900683974	0.1762319038414968	-0.1623050372870137	0.0007779641532612	0.0019318435832704	0.2393316846246617	-0.1563946942841256	0.0001875679746419	0.0020748300904062	
0.0041009839916406	-0.1971098522462403	-0.0020768212677636	-0.0000741505848613	0.0800010634923101	-0.1750338740711249	-0.0020777340963830	-0.0000410722109246	0.1382887473673156	-0.1672151018744457	-0.0020780815188757	-0.0000153582078146	
0.2886960726178186	-0.3871221619472475	0.0020774469459985	0.0000537220774993	0.3696763561791563	-0.3776341303386134	0.0020763560097932	-0.0000862570671721	0.4350842959249595	-0.3828480480922348	0.0020650595671226	-0.0002333618520463	
0.0872775325079501	0.4134848528326210	-0.0020725898636484	0.0001521316649673	0.1745513066188342	0.4466772497991602	-0.0020746102435676	0.0001213390979883	0.2462549447224479	0.4665913990131759	-0.0020759546242103	0.0000954740963096	
0.0872718631358301	-0.3506866544989160	-0.0020572589368499	-0.0002945766808461	0.1620957385573930	-0.3322400635045333	-0.0020682485475232	-0.0002030042557411	0.2192430195548120	-0.3291867410716813	-0.0020765533289730	-0.0000813432886459	
0.2796015074132244	-0.4550861608024704	0.0020371562376337	-0.0004116992543481	0.3596263415028249	-0.4467490251371781	0.0020188404683377	-0.0004941223368424	0.4226429375045404	-0.4534089502821024	0.0020418071535189	-0.0003878535641877	
0.3096364947019951	-0.4579106354735743	0.0020496661258294	-0.0003436781011328	0.3906898647649706	-0.4510492495678297	0.0020514327839738	-0.0003329160944243	0.4551084738821145	-0.4595389757908988	0.0020756098092507	-0.0001027326196642	
0.3324812732000291	-0.3709803735983783	-0.0020256278440550	0.0004653688102492	0.4166454692709132	-0.3636719638883065	-0.0020066648036895	0.0005416783716763	0.4841387985231014	-0.3702521646714363	-0.0019868767182178	0.0006106026661591	
0.3523269008754759	0.4006534775531020	-0.0019678393402370	-0.0006697013871871	0.4551679524931920	0.4372490035626102	-0.0019827056599859	-0.0006240800152675	0.5443818146494588	0.4597707492516642	-0.0019958329745882	-0.0005805057046052	
-0.0061768799476706	-0.3128677649354557	0.0020641771298151	0.0002410804600950	0.0675093432083469	-0.2903784531977397	0.0020724099745482	0.0001545749547581	0.1246714876023550	-0.2831244673011657	0.0020769511375222	0.0000703999942983	
-0.0453924757149661	-0.1779336951364056	-0.0011819926914198	0.0017135275864946	0.0325414166976303	-0.1550045597428542	-0.0012122802096674	0.0016921280002846	0.0917310421448053	-0.1426140840700735	-0.0008937107580841	0.0018808403100938	
0.0416911482948162	-0.4589284062427172	-0.0020319415068546	0.0004368314939980	0.1143284657717425	-0.4384449792956158	-0.0020126764018746	0.0005187791723915	0.1684582831750636	-0.4339785189809978	-0.0020083216368803	0.0005354717482341	
-0.0114401656147948	0.4227569051767133	-0.0020689575549486	0.0001956086223033	0.0737856504068063	0.4544149476488346	-0.0020715472785100	0.0001657898952415	0.1413171908250693	0.4730156207720037	-0.0020748023040037	0.0001179925804727	
0.2479830806774760	-0.3442932982918431	-0.0017597445212228	-0.0011081850655573	0.3275429148690698	-0.3337650242832994	-0.0019978703213401	-0.0005734192018021	0.3916974081978355	-0.3374105982619658	-0.0020575485376825	-0.0002925368413064	
-0.0487320447811699	-0.3682865399956787	-0.0020774060325319	-0.0000552892580774	0.0248703389964584	-0.3440246772620612	-0.0020777812910680	0.0000385982700873	0.0789353525616814	-0.3355717839395757	-0.0020763607101164	0.0000861432806940	
0.0852369839975622	-0.4245750703771583	0.0020650300746146	-0.0002336239938169	0.1589855950506311	-0.4061890023146610	0.0020523455067624	-0.0003272136343299	0.2150481194644666	-0.4033662831183342	0.0020364271176790	-0.0004153086516795	
0.0114875957312018	-0.3596808879907745	-0.0020577115341150	-0.0002913823480500	0.0851538541761953	-0.3381840016504856	-0.0020687064471111	-0.0001982597651378	0.1402787047829502	-0.3323447283271900	-0.0020756642542350	-0.0001016210785182	
0.3283312934925299	-0.3700250354860503	-0.0020266889713974	0.0004607022665276	0.4125040938652804	-0.3625748884859109	-0.0020085127403010	0.0005347508947306	0.4790123795225723	-0.3687241329507085	-0.0019918479577750	0.0005941021821510	
0.2317280440784630	0.3396705311776257	0.0020727511422566	-0.0001499071102546	0.3252061756238910	0.3728038204769265	0.0020608855885467	-0.0002678909784670	0.4031776091461134	0.3927807393069184	0.0019929710259179	-0.0005903048157472	
-0.0665007152438802	-0.3979205121714909	0.0020660473547111	-0.0002244029167851	0.0063001909977756	-0.3724477300763233	0.0020548684169250	-0.0003108934790587	0.0603659638776652	-0.3630502199934120	0.0020404411675138	-0.0003950121487390	
-0.6338226748287948	-0.4594591184924111	-0.0020609600857481	-0.0002673143713451	-0.5340921289921676	-0.4071339733430513	-0.0020701654157239	-0.0001823135216351	-0.4675784924285545	-0.3771758708671083	-0.0020757063127805	-0.0001007540018914	
0.3803347873310636	-0.3350697754839020	-0.0020491667215959	0.0003466581303540	0.4696982752627497	-0.3299507576889746	-0.0020316286488440	0.0004382915002273	0.5412671224626289	-0.3379490281984591	-0.0020034379109331	0.0005535525372334	
-0.0093501461789098	-0.3625144944054399	-0.0020505132384275	-0.0003385615680024	0.0633726607090496	-0.3402713922914153	-0.0020566385404774	-0.0002988987205673	0.1194773441292750	-0.3337297053878105	-0.0020616474814432	-0.0002619330513859	
0.3365332242216439	-0.4649578634418906	0.0020410788051587	-0.0003916874237816	0.4195990731762593	-0.4598714839002266	0.0020242873031878	-0.0004711946366756	0.4854006676996254	-0.4693865449099027	0.0020130387093104	-0.0005173644569733	
-0.0508674409441027	0.4264631302093733	-0.0020672223524964	0.0002132504936503	0.0332710412492917	0.4575227649202515	-0.0020708210105712	0.0001746706036883	0.1007522604140577	0.4755217282285661	-0.0020742009409909	0.0001281787697610	
0.0176635595013401	0.3499918849564922	0.0020662990320237	-0.0002220618036467	0.1018062602181271	0.3808445360318556	0.0020702926947415	-0.0001808551588128	0.1704094030296289	0.3990050009486313	0.0020725877668182	-0.0001521603717540	
-0.1652144104409685	0.3645451463185709	0.0020771303608231	-0.0000648685116579	-0.0820914022642071	0.3926061469370896	0.0020777542967223	-0.0000400320371535	-0.0176805979596538	0.4089192435814962	0.0020778896125392	-0.0000322090750000	
-0.3533145859120505	0.3927725535125017	0.0019136290237901	-0.0008123847423064	-0.2673168576607225	0.4171505415709316	0.0018995578471252	0.0008449222515296	-0.2003365562776773	0.4298973402021417	0.0014599335528147	0.0014826332816860	
-0.1714792803943743	-0.1894215841053773	-0.0020601960872794	-0.0002731689817619	-0.0945472210523526	-0.1625526091979814	-0.0020710420695881	-0.0001720163943020	-0.0373756870477501	-0.1502643655256160	-0.0020746291851570	-0.0001210131813237	
0.2420846933089081	-0.4273069371810300	-0.0020420346218479	0.0003866481502084	0.3210553699144469	-0.4167952983339464	-0.0020253603888315	0.0004665372563659	0.3823466871009604	-0.4209794536689473	-0.0020110685434356	0.0005250084099044	
-0.3136206901972117	0.3912460939152647	0.0020633484456122	0.0002481074906871	-0.2286791929622713	0.4158155645734538	0.0018273215889260	0.0009921981647205	-0.1618602973195662	0.4296973304264168	0.0016755275954542	0.0012324084326347	
0.1112058375504225	-0.3690699325321752	0.0020339716081485	0.0004272308696790	0.1859791478231907	-0.3518394823606090	0.0020518196083635	0.0003305116362751	0.2441764847019607	-0.3498808026657017	0.0020654826113603	0.0002295682991869	
-0.0820898950276946	-0.0789481824106201	-0.0020771445216874	-0.0000644111882626	-0.0052008503424180	-0.0549101184706721	-0.0020748482340187	-0.0001171780754928	0.0540165057891084	-0.0443738412928125	-0.0020667649529036	-0.0002176605692151	
0.2213409047705747	-0.4467618439685867	0.0020554979815758	-0.0003066823422608	0.2982546127921599	-0.4352314489796748	0.0020378577419440	-0.0004081952046431	0.3584231998400906	-0.4387447805956491	0.0020238881443677	-0.0004729147280335	
0.3191056746776564	-0.3192902741419228	-0.0020001910883307	0.0005652296535159	0.4041668312764191	-0.3105392674653738	-0.0019829963352741	0.0006231511558389	0.4728667828884257	-0.3152973188067164	-0.0019605445675699	0.0006908690744265	
-0.1984723268621506	0.3654699008112737	0.0020781309475711	0.0000054230915783	-0.1153219032043489	0.3930007149214242	0.0020778938058659	0.0000319360409731	-0.0508962514998812	0.4088194257141336	0.0020765254395428	0.0000820556973461	
0.1277158705502593	-0.0699091266013597	-0.0020780951726079	-0.0000133732244510	0.2080572551247361	-0.0497476287541977	-0.0018581598911367	0.0009328634552307	0.2733312247716463	-0.0416167307327412	-0.0014620464584912	0.0014805393179119	
0.3864649382529806	-0.4491438386571614	-0.0020417454126591	0.0003881800761059	0.4728565256044113	-0.4466752594825737	-0.0020211500110109	0.0004845406509130	0.5422572565587305	-0.4586964875236280	-0.0020037065825284	0.0005525743532009	
0.2619107293365113	0.3366851483040632	0.0020492742352389	-0.0003460188074037	0.3573204675015811	0.3704305623383853	0.0020317172544889	-0.0004378785235203	0.4375595292181353	0.3909507858909038	0.0019561881622634	-0.0007031702313570	
-0.0363675347311857	0.4249990029887483	-0.0020684396857471	0.0002010375344791	0.0478008580460424	0.4562856149273891	-0.0020713669013036	0.0001680396315076	0.1153841169022125	0.4744471314142280	-0.0020728785528748	0.0001481259605038	
-0.0736304150435982	-0.1149554515841384	-0.0007650252112896	-0.0019370297437319	0.0030920462523354	-0.0925496052648189	-0.0019220766237639	-0.0007920885351740	0.0623510070569074	-0.0826575062919384	-0.0020754786514509	-0.0001053620634451	
0.1600194040588139	-0.4135248995492047	-0.0020426970821134	0.0003831152213573	0.2359136622782936	-0.3987312782928368	-0.0020256019301657	0.0004654821567410	0.2940823863856546	-0.3988236803540815	-0.0020166280269881	0.0005031200831999	
0.0416332880829128	-0.2854618676217626	0.0011226026867161	0.0017532061844274	0.1169763094164488	-0.2663735482053510	0.0010526466410767	0.0017962921746327	0.1769296851334644	-0.2606318898583636	0.0011262913329115	0.0017508269537642	
0.1402822817436685	-0.3417534952324588	-0.0020738087525021	-0.0001344051444203	0.2161433850874566	-0.3254512384142328	-0.0020770565357910	-0.0000672022478580	0.2753532289268946	-0.3240552407034312	-0.0020777892603766	-0.0000381646909766	
-0.0176254222314030	-0.4092430723154630	0.0019923246377980	-0.0005924936452021	0.0562160059869208	-0.3861450797760085	0.0019637382095263	-0.0006816924392810	0.1101401072857886	-0.3781288243166938	0.0019263077254956	-0.0007816903642576	
-0.1600151592712598	-0.4032185467822328	0.0020734163121028	0.0001403582180440	-0.0862436998771704	-0.3738410619050376	0.0020765515221744	0.0000813896307767	-0.0322116812118667	-0.3614454827232993	0.0020771448314957	0.0000644011467048	
-0.0248762311730151	-0.4068530024442898	0.0019555416513570	-0.0007049751846270	0.0488311431041765	-0.3833634387749255	0.0019207099006531	-0.0007954134557937	0.1028763278647965	-0.3749382952609709	0.0018806324671593	-0.0008864498316294	
-0.1072745586361289	-0.1916683363676979	-0.0001519532575496	0.0020777565767010	-0.0295936910781794	-0.1677040530840416	-0.0000789282841804	0.0020818301843398	0.0301837323934595	-0.1552085305332575	-0.0001476443346129	0.0020780687663655	
0.3968892910267157	-0.3369043017369870	-0.0020715298997132	0.0001660079863111	0.4872788131759420	-0.3326815765463805	-0.0020610626777393	0.0002665182348900	0.5611646362235103	-0.3422749696041656	-0.0020467074469191	0.0003609642175009	
-0.4747806946814718	-0.4378811509618151	-0.0020496461739367	-0.0003437976667951	-0.3875763644011398	-0.3937252155548334	-0.0020617706856680	-0.0002609566201150	-0.3273117970948476	-0.3697386307130803	-0.0020711130153290	-0.0001711557783694	
0.1870031351235050	-0.0739717572448551	-0.0010396237262947	0.0018038984014994	0.2716057781278991	-0.0550159558239223	-0.0010920959861678	0.0017724653204925	0.3378853247609472	-0.0457054036376877	-0.0016990411135168	0.0011996188255862	
-0.0852378143557961	0.4297742348073734	-0.0020702524984137	0.0001813170052556	-0.0010564379977001	0.4601215994709795	-0.0020733126607336	0.0001418886720816	0.0654775475504682	0.4774465906434051	-0.0020760977863034	0.0000922925281637	
0.0675385948377810	-0.4218880919573894	0.0020459860040687	-0.0003650514928357	0.1413689114054434	-0.4026344211896550	0.0020267133683161	-0.0004605943907450	0.1964177302898906	-0.3987319242498759	0.0020130962006819	-0.0005171395890231	
0.2909639949046773	0.3975236915780646	-0.0020773793359423	0.0000562883286760	0.3896186506762063	0.4337073983955957	-0.0020780189895779	0.0000222946990952	0.4727289628342526	0.4556872327182733	-0.0020779733601991	0.0000262228587157	
0.4031540033933048	-0.4775476006412332	0.0020357589613317	-0.0004185878096963	0.4904176064627588	-0.4764938936707016	0.0020217895857453	-0.0004818515698818	0.5600726545210475	-0.4893806864483677	0.0020487361668958	-0.0003492063338111	
0.0384773860905807	0.4180012273909961	-0.0020716070318002	0.0001650378225729	0.1246414990732142	0.4505365472058183	-0.0020742662088707	0.0001271128626916	0.1943106329305662	0.4698427840089306	-0.0020748457531998	0.0001172222144182	
-0.1984669397308357	-0.0823886419511060	-0.0020766419030261	0.0000790381151531	-0.1194809747803477	-0.0559928437748401	-0.0020759610837088	0.0000953328354189	-0.0602770093715974	-0.0430587300483555	-0.0020763215530631	0.0000870866560376	
0.1151834978097126	-0.3435335332740302	-0.0020615343505671	-0.0002628264023884	0.1898424175474074	-0.3266130703806139	-0.0019898547993037	-0.0006007772447764	0.2493021970051678	-0.3248722061737376	-0.0019657611099603	-0.0006758075179247	
-0.6109615559979991	-0.4563482710975971	-0.0020592558277204	-0.0002802035646035	-0.5133003199875484	-0.4052047999824845	-0.0020692936870338	-0.0001920020062701	-0.4478363931273711	-0.3761200179190415	-0.0020748456388512	-0.0001172242485159	
-0.1650932636919225	-0.2100389044446938	0.0019792496324197	-0.0006350094809334	-0.0884041058385346	-0.1826770945270788	0.0020543792615944	-0.0003141255777436	-0.0312026061975301	-0.1700592463180068	0.0020766743502707	-0.0000781766289744	
0.2265236032182055	0.3406496538312307	0.0019911763074417	-0.0005963606250664	0.3200880084074574	0.3741413569711419	0.0019377855213753	-0.0007526397002963	0.3980367109597120	0.3949965286304854	0.0018515067152093	-0.0009460649291926	
0.3054289784244751	-0.3150388618117266	-0.0019762019344505	0.0006444784038547	0.3896120439362065	-0.3054764735786410	-0.0019541935190625	0.0007087222575384	0.4582003321506722	-0.3095712581651492	-0.0019410892735647	0.0007440346249120	
0.0332179640663649	-0.4574658242498250	-0.0020659694201210	0.0002251228736561	0.1059325654024046	-0.4366961788354248	-0.0020553911784903	0.0003074008990281	0.1600431754396545	-0.4321757584033084	-0.0020508911256007	0.0003362533393137	
-0.2660044561497531	0.3947993817944269	0.0006457415973304	-0.0019802040425329	-0.1842068721232872	0.4213341189063899	0.0013025491240241	0.0016233144434198	-0.1165408748884148	0.4367197250092461	0.0011267117437729	0.0017505550814551	
0.2906989930038004	-0.4106198853733063	-0.0014952085147948	0.0014468714731262	0.3727375776358370	-0.4022939039130477	-0.0014451452275263	0.0014971231655121	0.4379660786884374	-0.4060097965014398	-0.0012134998896729	0.0016912491484087	
0.0249789039309279	-0.4173867184124803	0.0020556914316284	-0.0003053764361027	0.0976359566516867	-0.3960460024778523	0.0020407200047411	-0.0003935618388196	0.1527712688837243	-0.3904763361317643	0.0020256596127488	-0.0004652298153785	
0.1299315410698375	-0.1448579216270420	0.0020256140904725	0.0004654289715808	0.2085479461596828	-0.1267019550709149	0.0018785482709817	0.0008908801251795	0.2725940598338400	-0.1222755940564220	0.0017110017424593	0.0011824106237776	
0.1537716400375766	0.4089743636967709	-0.0020739790769216	0.0001317373771152	0.2441828130078347	0.4429381172023682	-0.0020756797779747	0.0001013019081276	0.3189947311907624	0.4634706572182042	-0.0020764754880623	0.0000833164122560	
-0.0093756454833452	0.4225384604057058	-0.0020689745665324	0.0001954277051412	0.0758552469459216	0.4542381058299031	-0.0020715262635370	0.0001660535811723	0.1433903094792992	0.4728822674789750	-0.0020745325630367	0.0001226666126912	
0.4363928078329178	-0.4563445174564559	-0.0020432522271902	0.0003801284290113	0.5257202279930453	-0.4564773481891132	-0.0020417391524411	0.0003882131669154	0.5994969540992363	-0.4720806244524509	-0.0020353897386166	0.0004203884396607	
-0.2181732213113584	0.3650252562005385	0.0020765249222780	0.0000820688518762	-0.1350455727377095	0.3921711428613313	0.0020746729187368	0.0001202572981823	-0.0706208667358031	0.4077243689441009	0.0020752982088146	0.0001088755762315	
0.1008038128627537	-0.3709599658757955	0.0020563951802417	0.0003005767872158	0.1756049132253881	-0.3531593886221848	0.0020690426320011	0.0001947021361357	0.2327477664407669	-0.3506800270332172	0.0020764315590589	0.0000844095428529	
-0.5216479505783560	-0.4444684744223731	-0.0020588266189853	-0.0002833556126253	-0.4312139664078185	-0.3979117665825764	-0.0020691566031181	-0.0001934810727248	-0.3688642505157885	-0.3720308509061136	-0.0020749667474290	-0.0001150496872357	
-0.3136019727505724	-0.3635241569311624	-0.0000413276956921	0.0020829213256337	-0.2330238870657099	-0.3302366901039812	-0.0000361430221117	0.0020830182236302	-0.1741177485811600	-0.3114224115897863	0.0000051754277089	0.0020833268727286	
0.2058262706214404	-0.3508287491163209	-0.0020403369548001	0.0003955527722269	0.2839052799077650	-0.3370633588751876	-0.0020171128630432	0.0005011629718565	0.3450818062880137	-0.3373662788836209	-0.0019408915762897	0.0007445527665553	
-0.0260586266043059	-0.3660651713361152	-0.0020374707637144	-0.0004101320320062	0.0466365274827130	-0.3431857852556391	-0.0020569607598124	-0.0002966619763900	0.1019613537881221	-0.3360655255414435	-0.0020713396780223	-0.0001683765435536	
-0.1037848719291178	-0.2748972511894591	-0.0010385095794864	0.0018045432606954	-0.0270988696473108	-0.2490266917456443	-0.0010116225345720	0.0018198281040899	0.0308705437945268	-0.2366585772521386	-0.0007593419120705	0.0019392759045331	
0.3533787671993349	-0.4684720143370812	0.0020359409492369	-0.0004176973122455	0.4375014296009192	-0.4644407300425952	0.0020140295614478	-0.0005134742214083	0.5040110268111164	-0.4748390265179297	0.0019833391269911	-0.0006220537994802	
-0.0229097844604439	-0.4075755833341820	0.0019672835810465	-0.0006713403587616	0.0509504578343027	-0.3842141486687662	0.0019358184444591	-0.0007577099322389	0.1049733327223086	-0.3758990204246114	0.0018930459266579	-0.0008594849535021	
-0.1620492554231131	0.4358804263418137	-0.0020719703184178	0.0001603890293641	-0.0789479496032740	0.4648594174533519	-0.0020747680435496	0.0001185964878488	-0.0135317430141125	0.4808802542092072	-0.0020758851977316	0.0000969793468976	
0.0093964229213918	-0.3106152745193575	0.0020492012646807	0.0003464528544137	0.0831757887119959	-0.2888354052654339	0.0020631328659123	0.0002499027131220	0.1402587368660495	-0.2821662108783903	0.0020712850299687	0.0001690508211847	
-0.0654687266244897	-0.3980262226755005	0.0020660175690598	-0.0002246783511090	0.0073154500580133	-0.3725961167756278	0.0020547385520423	-0.0003117549049363	0.0613616437574259	-0.3632534161970917	0.0020398324961812	-0.0003981589839622	
-0.0862119736857547	0.3587645911419911	0.0020713365995143	-0.0001684146001010	-0.0031427106545718	0.3881200314210132	0.0020734656789750	-0.0001396233716340	0.0623480296093418	0.4052829525441083	0.0020752260021742	-0.0001102501104709	
-0.0072735438137864	-0.0740410742219649	-0.0020779277626549	0.0000296325139520	0.0706527919950550	-0.0513422325859395	-0.0020773111900568	0.0000587615384816	0.1309211573697511	-0.0419869271693639	-0.0020777226951875	0.0000416478194813	
0.4467799524135212	-0.4587255062636977	-0.0020320263930757	0.0004364344764570	0.5371974714624834	-0.4593816592459634	-0.0019903147893507	0.0005992439351466	0.6109798230667121	-0.4749731094781192	-0.0019840729938678	0.0006196973464097	
0.2828973735505395	-0.4558179967185386	0.0020305348299476	-0.0004433564643389	0.3628523034083180	-0.4476337020945424	0.0020078975191731	-0.0005370678450726	0.4259634274015922	-0.4542246210647575	0.0020000925853219	-0.0005655798563018	
-0.5610596294787890	-0.4494235110981291	-0.0020647540915245	-0.0002360627606364	-0.4675870475187195	-0.4008979279977931	-0.0020719849615986	-0.0001601988023402	-0.4042025212996972	-0.3736247971006353	-0.0020756919825692	-0.0001010502703395	
0.0819988045985440	0.3433571237380613	0.0020633164460361	0.0002483747965172	0.1683615751961617	0.3751647481175993	0.0020727415656017	0.0001500401293183	0.2379522832911769	0.3937849545645188	0.0020781352942302	0.0000033546397329	
0.0154977996666775	-0.3786798183287025	0.0020705539701627	0.0001778237069224	0.0883013964625684	-0.3571488698068880	0.0020771339357115	0.0000647533661317	0.1444582671835440	-0.3513360721914385	0.0020779612927102	-0.0000271669116076	
0.3980047567348750	-0.3370000912994935	-0.0020710956177722	0.0001713672242612	0.4883037792662006	-0.3328052617927185	-0.0020606522224821	0.0002696891146299	0.5621779728555700	-0.3424370591008010	-0.0020467083633686	0.0003609589950770	
-0.3191558081970155	0.3879260979123037	0.0017463720113177	0.0011292450746004	-0.2346676667400973	0.4120180436813109	0.0018140741210186	0.0010163355591239	-0.1682214524495491	0.4256460513825174	0.0019178918437107	0.0008022182487034	
-0.1953544521740473	0.3654805595286943	0.0020781114681015	-0.0000105250478928	-0.1122044946505265	0.3930069030544525	0.0020780330206597	0.0000209391443974	-0.0478126816866292	0.4089812622538090	0.0020772616137228	0.0000604972563284	
0.3250974044802269	-0.3909774306806984	0.0020550487757565	-0.0003096930488830	0.4083073235170656	-0.3834477867760034	0.0020378321198215	-0.0004083237388521	0.4750534516740346	-0.3901709737828151	0.0020172402202425	-0.0005006475289260	
-0.5164189794088831	-0.4437333370515686	-0.0020594833139616	-0.0002785182049566	-0.4259860342691759	-0.3973885771628869	-0.0020688118286080	-0.0001971515503077	-0.3647150300121167	-0.3718092799593177	-0.0020750279499181	-0.0001139349331440	
0.1257015176879656	-0.3436493855643030	-0.0020562933528313	-0.0003012760959242	0.2015259107640164	-0.3268722182902398	-0.0020722981818945	-0.0001560739702752	0.2597805961397104	-0.3250388747849803	-0.0020689168591262	0.0001960407364433	
0.4702257779006929	-0.2915703659752454	-0.0001586138573288	-0.0020772562367273	0.5661770860644013	-0.2895538141171215	-0.0002541217849901	-0.0020676983830219	0.6451684877215937	-0.2968466995016668	-0.0006840230304019	-0.0019672437342206	
0.1402769836383093	-0.1449761087224583	0.0020719435383001	-0.0001607363394104	0.2192516628506026	-0.1261679003372239	0.0020673643670302	-0.0002118623659597	0.2826299321876853	-0.1208502039343723	0.0020678068174020	-0.0002074774556591	
0.1620787925832198	-0.3408681102770606	-0.0020779996148047	0.0000240411862975	0.2389623234608281	-0.3253112159701976	-0.0020763688637960	0.0000859455366534	0.2982359254750153	-0.3245010780980763	-0.0020757519136016	0.0000998053668926	
0.1090886501558751	-0.4059216645792519	-0.0020518041281388	0.0003306082043041	0.1839155080273708	-0.3886087195774493	-0.0020374161240822	0.0004104047375964	0.2400288413479060	-0.3863164448606282	-0.0020265280684566	0.0004614130664320	
0.0603283644959478	-0.0713824208286012	-0.0020694477060270	0.0001903263891874	0.1392525022325640	-0.0498507652959756	-0.0020703819541675	0.0001798253150856	0.2005633697937601	-0.0414244337598238	-0.0020730433356383	0.0001457899295456	
0.0900298532149159	-0.0714277773075018	-0.0018673446016351	0.0009142457238711	0.1703747478116433	-0.0499516069266697	-0.0019891222662390	0.0006032102634933	0.2318483631625933	-0.0421555350225609	-0.0020520568956182	-0.0003290277633422	
-0.2846712514508323	0.3831015178499959	0.0020406204907361	0.0003940800741025	-0.2004987096865048	0.4088969599336016	0.0020774503612848	0.0000535891818112	-0.1361313521132459	0.4247171446754944	0.0019838586758459	-0.0006203865389616	
0.3053381301014391	-0.2423030823048447	0.0017554469437860	0.0011150141593297	0.3906041003268172	-0.2321186025038337	0.0017400251321274	0.0011390491459959	0.4614348114852134	-0.2355738406029750	0.0017480168873374	0.0011266844398056	
0.2483787997374743	-0.4508648722730361	0.0020497402861207	-0.0003432333055790	0.3272266385912939	-0.4409166155882382	0.0020333936092074	-0.0004299871139379	0.3876431188321297	-0.4456011975209279	0.0020206226347089	-0.0004867461848810	
0.1985743554394227	-0.3488399715576111	-0.0018694840667178	0.0009098408680208	0.2771850601361129	-0.3346158803815591	-0.0017843276277434	0.0010679483462823	0.3387935357054364	-0.3332902851470343	-0.0014527589035352	0.0014896991686714	
0.0444044750137516	-0.2810901178074350	0.0009511129746808	0.0018523318152721	0.1199337348934968	-0.2617384339460082	0.0011003164803483	0.0017673484014803	0.1800268075936072	-0.2564374679518882	0.0012023187532428	0.0016992558685029	
-0.0820158638206251	-0.3703067459556617	-0.0020705789632738	-0.0001775309911042	-0.0083294971845227	-0.3446450983609455	-0.0020758155722535	-0.0000984657554848	0.0456935154163048	-0.3351881758440658	-0.0020775062881934	-0.0000513640263712	
0.2483231123733707	-0.4285013594941063	-0.0020369239672554	0.0004128526390081	0.3273523238758748	-0.4182598079324751	-0.0020202875562000	0.0004881420379678	0.3886530087303000	-0.4226454151060455	-0.0020061028726650	0.0005437661681088	
0.1360912374126519	-0.4793137372036755	-0.0020571524892283	0.0002953228450231	0.2099275567832197	-0.4644363854202475	-0.0020285559682553	0.0004523688161847	0.2659679101160017	-0.4646906597885829	-0.0019915042598836	0.0005952590415104	
0.1423478822631630	-0.3416206551546564	-0.0020745739911961	-0.0001219604341493	0.2182220267343757	-0.3253857706677414	-0.0020775517191657	-0.0000494828238689	0.2774316567533461	-0.3240303878845263	-0.0020781288030876	-0.0000061941564126	
0.1122251201475488	-0.4064440301169327	-0.0020495449774783	0.0003444034495059	0.1870321450078644	-0.3892418601632294	-0.0020343052480757	0.0004256313912661	0.2431575637546669	-0.3870370428335539	-0.0020196103724308	0.0004909501995140	
-0.0384471642321010	-0.2708937678432908	-0.0020737500569315	-0.0001353122496873	0.0363445634625607	-0.2471976181422739	-0.0020774104632858	-0.0000551216920075	0.0924718098200040	-0.2385869380900187	-0.0020763027042236	-0.0000875371330232	
0.4094034283735286	-0.3384273006301310	-0.0020469647359873	0.0003594949740212	0.5007638375702745	-0.3348881686547484	-0.0020335556576094	0.0004292162347706	0.5756045180738190	-0.3450312897888044	-0.0020260629883474	0.0004634611451271	
-0.1060127253319985	-0.3738952247373616	-0.0020640804588254	-0.0002419108697321	-0.0320891384788189	-0.3471599173474112	-0.0020757119117750	-0.0001006380085519	0.0219585159546155	-0.3367549897661077	-0.0020750068031382	0.0001143213375092	
-0.2129752632535055	-0.3010437640130585	-0.0000423464773299	-0.0020829007600717	-0.1348560243882473	-0.2718917834134006	-0.0000738687828289	-0.0020820167779372	-0.0762822827929932	-0.2572516799273590	-0.0000934164447939	-0.0020812273921697	
0.0488340443466662	-0.0709113237378199	-0.0020781255814497	-0.0000071989272620	0.1267537834963383	-0.0493524811664562	-0.0020781369336956	-0.0000020989116324	0.1890957506571724	-0.0409737288015259	-0.0020781159730426	0.0000095895431829	
-0.0041972968370453	-0.2185139527944358	0.0020773678293484	0.0000567135104450	0.0717584512359527	-0.1961607394485674	0.0020778816163904	0.0000327234019592	0.1287841649806138	-0.1883123033199183	0.0020723372312101	0.0001555520131147	
0.1436206777963589	-0.1649125204215675	-0.0015536933184845	-0.0013835569912247	0.2223094114542400	-0.1478204128038349	-0.0018149528001954	-0.0010147577320083	0.2858447736512307	-0.1440061063946634	-0.0019626381663732	-0.0006848688838996	
0.3273062276176529	-0.3698042140788467	-0.0020270879310505	0.0004589348411070	0.4114842374838092	-0.3622969823518916	-0.0020083157449916	0.0005354939562803	0.4779865310585321	-0.3684134013424031	-0.0019924219129016	0.0005921648102220	
0.2534913969050744	-0.3405428692257031	-0.0018369462960516	-0.0009741730518261	0.3337349720401334	-0.3305513847493947	-0.0017857582734220	-0.0010655423843276	0.4002398418173498	-0.3347255219960079	-0.0018138422878240	-0.0010167513220078	
-0.1870227819916576	-0.4249667699891738	-0.0020420994521235	-0.0003863038842535	-0.1132018970465192	-0.3945208642692843	-0.0020486242060848	-0.0003498658370725	-0.0592255044177075	-0.3812372934654842	-0.0020753197879344	0.0001084614033806	
-0.1074721105905118	-0.1999769497424689	0.0002025281452322	0.0020734162108844	-0.0300390407479961	-0.1760468038353692	0.0002368201197387	0.0020697616382800	0.0298429233460830	-0.1645613491729759	0.0002471206743978	0.0020685510448731	
0.1153156344183152	-0.3682375367290546	0.0020347543409105	0.0004234684727068	0.1901515585670903	-0.3511378183938761	0.0020494611654943	0.0003449043370924	0.2483438261124605	-0.3493768722445805	0.0020604771682730	0.0002710299821242	
-0.2178865470126953	-0.2145646032771087	0.0002172689405489	-0.0020719159397166	-0.1385706372180959	-0.1875130428903708	0.0001812316815412	-0.0020753959683614	-0.0790446883710567	-0.1718783514770448	0.0001684326080035	-0.0020764792821774	
-0.1497012406773027	-0.2591480891460953	-0.0019039541752544	-0.0008349182069475	-0.0736701099154728	-0.2325346169267773	-0.0018841080349843	-0.0008790012447110	-0.0166737316625962	-0.2217913754925843	-0.0017750162188748	-0.0010834307065321	
-0.0116186482231601	-0.4109242577446188	0.0020032752686168	-0.0005541437854639	0.0611800366538218	-0.3878031992322236	0.0019762020115661	-0.0006444781662068	0.1153591494590636	-0.3801549433268890	0.0019488807861907	-0.0007232752166696	
-0.4935417481108396	-0.4407502810826819	-0.0020591168693173	-0.0002812279948703	-0.4052534905438356	-0.3955917104283860	-0.0020706028445570	-0.0001772508419301	-0.3439328449702999	-0.3707885122059362	-0.0020758374198654	-0.0000980017714878	
-0.3792821792092805	0.3893117180429379	0.0013859798159024	-0.0015523276141211	-0.2919841095757791	0.4127438245057157	0.0015258575969221	-0.0014143481230424	-0.2276479603447121	0.4275161900880403	0.0016880677221511	-0.0012150882561392	
-0.0841940402714958	-0.1157694347565184	-0.0016574439116413	0.0012567436836674	-0.0062581958476919	-0.0907137722175170	-0.0012053211437926	0.0016971168618607	0.0549386645990823	-0.0795674645121026	-0.0007254231932746	0.0019522818662780	
-0.2315981048877187	0.3650301413917524	0.0020726325899761	-0.0001515455268065	-0.1484468802662753	0.3920989789802242	0.0020754961120649	-0.0001050158226148	-0.0843424079685557	0.4079702905873623	0.0020684977539932	-0.0002004361817208	
0.1313970525679540	-0.2494578767810608	0.0015434005402412	0.0013950868202339	0.2085624915350056	-0.2330487395824741	0.0013934250830866	0.0015456144451586	0.2717354772004588	-0.2297056384265108	0.0014085387451710	0.0015317846043955	
-0.3459136839211809	-0.4247659899715843	-0.0020011166207309	0.0005619276478696	-0.2648621053861716	-0.3862574892440514	-0.0019527454328041	0.0007127223486196	-0.2087502167701835	-0.3654643538769032	-0.0017895199955140	0.0010591808341710	
0.3866314736280851	-0.3662100493426542	0.0020569365358499	-0.0002968307295859	0.4760006560381187	-0.3621293788518057	0.0020501145968818	-0.0003409791776145	0.5475859710512621	-0.3718853939457213	0.0020361239907761	-0.0004167996595236	
0.3147068512054790	-0.2378540595616409	0.0019340942018514	0.0007621223095618	0.4000354887773188	-0.2271514468968510	0.0019847186262332	0.0006176160562267	0.4707091733907363	-0.2303084249696474	0.0018903266017194	0.0008654791216212	
0.1860043918992740	0.3291198206501620	0.0020461983350638	0.0003638534662882	0.2763954683285705	0.3603963407708802	0.0020726196222700	0.0001517236639932	0.3512258746315771	0.3787482005834187	0.0020774951813606	-0.0000518135420952	
0.0165651780234725	-0.3960483857686397	-0.0020694247736096	0.0001905768189923	0.0892514514951230	-0.3742897873935980	-0.0020627817781026	0.0002527986871129	0.1445608469125581	-0.3683532208028340	-0.0020577045620355	0.0002914318263461	
0.0238590137344016	0.4195076814016875	-0.0020645555735189	0.0002378013311849	0.1100848322449041	0.4516152237558255	-0.0020679352751281	0.0002061867282854	0.1787382379200586	0.4710172043388471	-0.0020724734031353	0.0001537179117030	
-0.0446564655390594	0.3554893935012398	0.0020703692425088	-0.0001799723402910	0.0384425542666627	0.3853719073173530	0.0020724277168112	-0.0001543357045024	0.1049387613164282	0.4029927558531460	0.0020744355194698	-0.0001243050449519	
-0.2088779903673100	0.4393502350617139	-0.0020716451056114	0.0001645568100901	-0.1247084727211012	0.4674904687181516	-0.0020737548199700	0.0001352388675387	-0.0602829782118307	0.4831024684503418	-0.0020756398943723	0.0001021199052892	
0.4486211362539703	-0.3773265973038079	0.0019568297684006	-0.0007013737870597	0.5413650210886891	-0.3760309722235524	0.0020764609999155	-0.0000836785164927	0.6195725194308044	-0.3902342569490642	0.0020780813474036	0.0000153815077594	
0.4177029814132327	-0.3205935828157010	-0.0016111552674105	-0.0013158499731016	0.5081147592211321	-0.3153749868623415	-0.0018327687120719	-0.0009820490955451	0.5850388604227674	-0.3245316896350796	-0.0019812861797166	-0.0006285943388776	
-0.0488659121113473	0.3558709102465255	0.0020706565500746	-0.0001766191922000	0.0343039153038537	0.3856552497346704	0.0020728494167158	-0.0001485351657770	0.1007959472031009	0.4032555635509533	0.0020749530173828	-0.0001152982843430	
0.2744995546652388	0.3359215121273557	0.0020765122649296	-0.0000823900846456	0.3709378727363242	0.3697576019063935	0.0020780215984248	0.0000220489649204	0.4508767345571720	0.3901406675644052	0.0020763025430582	-0.0000875409747762	
0.3242055262222595	0.3964644524474074	-0.0020773864378645	0.0000560242929738	0.4249937443990008	0.4330484713642641	-0.0020773275315047	0.0000581780517375	0.5101577464616380	0.4556268280526855	-0.0020764322878465	0.0000843915233743	
-0.1995034011497753	-0.0823507703493637	-0.0020772343099681	0.0000614322328815	-0.1205219972722708	-0.0559435070937962	-0.0020767025786968	0.0000774193456134	-0.0613098481965094	-0.0430276918320525	-0.0020769889649203	0.0000692693280276	
0.1776985959121821	-0.3395588381160916	-0.0016623199118578	-0.0012502545661986	0.2548388777989060	-0.3256050503683637	-0.0019785066717098	-0.0006373321104210	0.3148302671712698	-0.3260601815717175	-0.0020741147271597	0.0001295732597825	
-0.2524357614786161	0.4432286957617120	-0.0020694771810910	0.0001900040226080	-0.1683595991366432	0.4705215674636942	-0.0020731027704261	0.0001449380715216	-0.1028714708035842	0.4853795240361393	-0.0020759507212066	0.0000955593485432	
0.3688380161639586	-0.3325414771509392	-0.0020100442336034	0.0005289360224962	0.4572638645077629	-0.3266575422560511	-0.0019925501564139	0.0005917309838287	0.5289367052006515	-0.3341397776558618	-0.0019725099958695	0.0006557467484331	
-0.2827493965750819	-0.4201759028159602	-0.0020751772220013	-0.0001111690505406	-0.2047975150204249	-0.3846511995612295	-0.0020779246777659	0.0000298491274301	-0.1508307853238442	-0.3670979236137757	-0.0020558804799684	0.0003040947066207	
0.4425904515549324	-0.4576763930934232	-0.0020181558564108	0.0004969250403754	0.5330774051756135	-0.4581744233117668	-0.0020032239582838	0.0005543301714111	0.6058749440862592	-0.4735690361747750	-0.0020155769793982	0.0005073352680009	
-0.0779099985779828	-0.3699904505809004	-0.0020725609619916	-0.0001525268663853	-0.0041803984517411	-0.3444849595408293	-0.0020770071898810	-0.0000687179334920	0.0498533943816127	-0.3351167520404960	-0.0020781126720911	-0.0000102833618566	
-0.1237039459916823	-0.4306108975864066	-0.0020700528968823	0.0001835930415724	-0.0499541045054626	-0.4025078303993082	-0.0020603819524117	0.0002717564841334	0.0030434542202803	-0.3909495061482486	-0.0020495102967661	0.0003446108034681	
-0.0799893023215729	-0.1809510505398701	0.0020767953235287	-0.0000748773071463	-0.0041709988917146	-0.1565099898120001	0.0020764345308681	-0.0000843360398299	0.0540144036890220	-0.1461109157838726	0.0020724297032495	-0.0001543088946305	
-0.2607777937365617	0.4439628403108277	-0.0020724852255582	0.0001535576360883	-0.1766147543199461	0.4710588663639620	-0.0020753246517805	0.0001083678313014	-0.1111471630053880	0.4856804180048933	-0.0020774461252199	0.0000537539666492	
0.1746990240378469	-0.4162672699563666	-0.0020502295408964	0.0003402838962605	0.2504149984124993	-0.4020851612927795	-0.0020318708960486	0.0004371614573092	0.3096641678110253	-0.4030619095978897	-0.0020070834588575	0.0005401172738434	
0.3897380301845785	-0.4497854984451152	-0.0020379690276151	0.0004076364473838	0.4761008449468644	-0.4474451004417161	-0.0020172911824660	0.0005004411156171	0.5454336177156434	-0.4595558688696808	-0.0019973515687434	0.0005752325515279	
0.4693751178782000	-0.2957570691316151	-0.0003831397457997	-0.0020476197926292	0.5665624823621949	-0.2938387478408079	0.0012546225578296	0.0016608190113205	0.6435012539458207	-0.3011756942026474	-0.0007759434382389	-0.0019326601755828	
0.0249134206215933	-0.3970227353026269	-0.0020605549394932	0.0002704351105592	0.0977693964717126	-0.3756337530009476	-0.0020466878925591	0.0003610756302509	0.1527572563553413	-0.3697489173566135	-0.0020364246455310	0.0004153208341253	
0.1691605973083677	-0.2254476787780682	-0.0020691980999972	-0.0001930345486716	0.2493530720926002	-0.2094419565438779	-0.0020681699242698	0.0002038076903666	0.3138464861202898	-0.2071195362714576	-0.0020518517878515	0.0003303108029920	
