-0.3148433294379925	-0.4715939575855473	0.0019896615014686	-0.0006014203028613	-0.2503945033862330	-0.3784685853060293	0.0019468294422127	-0.0007288062073835	-0.1683171212920884	-0.3460640821373964	0.0019875598869792	-0.0006083640455871	
-0.1754166255629794	-0.3455193062575962	0.0019897142302698	-0.0006012449605043	-0.1214300596398267	-0.2591972116730731	0.0018150461808525	-0.0010145898609800	-0.0446426244725687	-0.2322498299354414	0.0015910476242527	-0.0013402135094719	
-0.1734999584815037	-0.0297805473910471	-0.0020666372934305	0.0002188753823100	-0.1288454897645028	0.0487807810421272	-0.0020533167945318	0.0003210311808707	-0.0550511527028542	0.0735668823101995	-0.0020171171354612	0.0005011456895516	
0.3438148697557251	-0.4876728951115426	0.0018708330777194	-0.0009070498420500	0.3875127008869164	-0.3959047915310130	0.0015390292340202	-0.0013999317611493	0.4727992548756250	-0.3770643025503089	0.0012576115243662	-0.0016585455112570	
-0.1959087677562349	-0.0214752273374738	-0.0011521012390198	0.0017338672182852	-0.1528283790067546	0.0529751132140696	-0.0016753440056042	0.0012326592435132	-0.0790536743621024	0.0768710027429073	-0.0019129295616352	0.0008140386365764	
-0.0924310725317278	-0.4613266352248780	-0.0019759053655837	0.0006453916273892	-0.0393317478478027	-0.3682798574555510	-0.0019768611657035	0.0006424432925119	0.0362333079280598	-0.3399844297413763	-0.0019667105182736	0.0006730256971967	
-0.1970776096076290	-0.0195667695331230	-0.0009775736900956	0.0018384349958044	-0.1545776211743485	0.0544911988436540	-0.0014564958908078	0.0014860273677868	-0.0798967515555425	0.0773318447751317	-0.0018455889892928	0.0009576151513264	
-0.0115312404916075	-0.4858093902448608	-0.0020168264488408	0.0005023201031012	0.0395092026696097	-0.3915756421335702	-0.0020091715148395	0.0005322579459639	0.1144528845443806	-0.3640730277008253	-0.0019957587889283	0.0005807619773996	
0.2369441845848341	-0.2339867491027907	0.0020703590665365	-0.0001800899501623	0.2836886335051778	-0.1476185492811246	0.0020716169263673	-0.0001649129535201	0.3636557922500239	-0.1221188953329285	0.0020713707338632	-0.0001679921455989	
0.3146508968338533	-0.2450999362542443	0.0017194985428776	-0.0011699575562406	0.3599741340094316	-0.1610513062321349	0.0013054675726073	-0.0016209566049707	0.4437299601389806	-0.1385123719050703	0.0010147719057320	-0.0018180650458657	
-0.1766660862797139	-0.0294915029123977	-0.0020704463406996	0.0001790787414449	-0.1319577272136156	0.0491088547727416	-0.0020658371331934	0.0002263396310268	-0.0581888965153893	0.0740966441096695	-0.0020513859560887	0.0003332059634573	
0.3407855890724623	-0.4865015446261231	0.0019918584783594	-0.0005940667320262	0.3852846507497538	-0.3940805396184274	0.0016975453137233	-0.0012017451372057	0.4713722739811153	-0.3753817948233960	0.0014442538273897	-0.0014979874090180	
-0.6370851863560559	0.3268240596581315	-0.0018563768176760	0.0009364244100747	-0.6006511263905343	0.3968108975810946	-0.0013816889179446	0.0015561671693059	-0.5133756504026878	0.4051658123743509	-0.0010316787968561	0.0018084767568146	
-0.1736299499784448	-0.3459882658575709	0.0019708699970719	-0.0006606839733483	-0.1194945362173059	-0.2604184773877523	0.0016815096101321	-0.0012241928623589	-0.0435495263313811	-0.2332359736340979	0.0015158764065205	-0.0014250939371758	
-0.1318893423354399	-0.4477155491607068	-0.0019043965219579	0.0008339036918794	-0.0780397232822213	-0.3555587637874590	-0.0019629153558599	0.0006840700392187	-0.0019885932138101	-0.3267891668430714	-0.0019639102947547	0.0006811940309540	
-0.1248071410536360	-0.4503685511408552	-0.0019688590528027	0.0006666824960866	-0.0705682304082009	-0.3580368472415144	-0.0019786523217123	0.0006368775183291	0.0051720433439010	-0.3292407213250046	-0.0019654610563145	0.0006766840356379	
-0.1266758940341212	-0.4497274685684671	-0.0019614618316809	0.0006882474498484	-0.0727469805544882	-0.3573324011260091	-0.0019783071861116	0.0006379541503298	0.0030078555381345	-0.3284793685691277	-0.0019666963174634	0.0006730674009995	
0.2254985761192416	-0.2330781037717963	0.0020722014572694	-0.0001573593538772	0.2722482715836284	-0.1467199992371016	0.0020729168364052	-0.0001475865506107	0.3522154291584856	-0.1211910991473010	0.0020724433803218	-0.0001541241753597	
0.2597868502364392	-0.2361844291025798	0.0020684340662904	-0.0002010956330513	0.3065506997269050	-0.1495389362588652	0.0020711353622722	-0.0001708837922937	0.3875595604456246	-0.1241859692935899	0.0020705422381397	-0.0001779609434691	
-0.0207531056566174	-0.4832272205304952	-0.0019862230898867	0.0006127361156333	0.0302360734306267	-0.3891441283583136	-0.0020058669195874	0.0005446402677908	0.1049483684054344	-0.3614489002285048	-0.0020028014574792	0.0005558623581618	
0.0083198842576495	-0.4906115587596456	-0.0019762415168956	0.0006443564094852	0.0570109662844577	-0.3981273497331387	-0.0017665918923988	0.0010971814451693	0.1328991810193165	-0.3720022725815290	-0.0016829013508210	0.0012222693383288	
0.2701764789137742	-0.2372142017155535	0.0020682431745538	-0.0002030592631658	0.3168968779592226	-0.1503703423486015	0.0020694197051329	-0.0001906321237190	0.3989910253954043	-0.1252017450613426	0.0020683120555665	-0.0002023529288470	
-0.0509304826491498	-0.4740088005670490	-0.0019943498727131	0.0005856059656173	0.0010551142771373	-0.3801561412511031	-0.0019928076064663	0.0005908590272582	0.0758483703104532	-0.3520947513418332	-0.0019823866997309	0.0006250975154046	
0.2805660630974234	-0.2382704324227867	0.0020656255386128	-0.0002282722062014	0.3272850186202348	-0.1514722126268779	0.0020665445695707	-0.0002197534895630	0.4104121578520308	-0.1264324972402348	0.0020663253550296	-0.0002218155020450	
0.2555844459891181	-0.2357658632172975	0.0020681402030791	-0.0002041105733751	0.3023565781276466	-0.1491737290225217	0.0020711459908211	-0.0001707542784862	0.3834257660175073	-0.1238053533719408	0.0020705801385207	-0.0001775172148081	
-0.1974322587367733	-0.0187554766036270	-0.0009183516838696	0.0018688728802072	-0.1550143621355320	0.0549679577791841	-0.0013949711986714	0.0015442121768965	-0.0810940973636727	0.0780375117984731	-0.0017251693381472	0.0011615372938310	
0.0042199471501793	-0.4894356473124746	-0.0020144534723056	0.0005118002628865	0.0541781711506568	-0.3965936931739526	-0.0018621571592270	0.0009248181837561	0.1289710781100404	-0.3695679075030682	-0.0018259308659612	0.0009947679604937	
-0.0676917102375645	-0.4692047893995518	-0.0019950538912952	0.0005831909395382	-0.0144570122019324	-0.3757648597869176	-0.0020039783552019	0.0005515829800325	0.0601133307731154	-0.3473296562831269	-0.0019972748052763	0.0005755003604091	
0.3105818251703703	-0.2430054715220635	0.0019435683319232	-0.0007375018769515	0.3573751115912185	-0.1584200777056498	0.0016022022341241	-0.0013267910440892	0.4416069224320327	-0.1354142448060002	0.0013484303704357	-0.0015852162714885	
0.2899113556688639	-0.2393929048667733	0.0020630197750837	-0.0002508392555269	0.3376760141746518	-0.1525891859731150	0.0020629709029144	-0.0002512428859076	0.4208030198838146	-0.1275459696537272	0.0020634957603062	-0.0002468731225145	
0.3096551971724428	-0.2426650360771206	0.0019723003672481	-0.0006563801361504	0.3562414643727243	-0.1575446807583394	0.0017050392787126	-0.0011910352099632	0.4411323118773038	-0.1348471270685219	0.0014104549390629	-0.0015300115337247	
-0.6327317813306979	0.3240358393733945	-0.0016122377267877	0.0013145168283333	-0.5984236659863297	0.3937991386786390	-0.0010893082825989	0.0017741885086887	-0.5119888509521389	0.4021861514243107	-0.0007235356353623	0.0019529857068503	
-0.0414702458917752	-0.4767947595776489	-0.0019918618882132	0.0005940552417003	0.0104864773869977	-0.3830145640444272	-0.0019819541545811	0.0006264744565209	0.0852181260264143	-0.3551616343808038	-0.0019685771632839	0.0006675185608921	
-0.0892718816049562	0.0566757739005845	0.0020230414351183	-0.0004765417788372	-0.0467975784031975	0.1363371529557237	0.0019626514123137	-0.0006848307336022	0.0261234889313841	0.1617951491800098	0.0018912210429331	-0.0008635130600618	
0.2867531382379326	-0.2390189059485703	0.0020639595321493	-0.0002429455867473	0.3335390914971257	-0.1521338457194495	0.0020645847471065	-0.0002375466442922	0.4166660831505946	-0.1270983970850517	0.0020649588133721	-0.0002342561674894	
0.3138920447870672	-0.2446194492711729	0.0017740662995944	-0.0010849932329509	0.3594650941303279	-0.1604673354064773	0.0013715320535299	-0.0015651710277706	0.4433311714035444	-0.1377350575846852	0.0010878293224687	-0.0017751002460994	
0.3074911853622756	-0.2420153549242858	0.0020169288089236	-0.0005019068871803	0.3550873868616662	-0.1567675930803531	0.0017898159322764	-0.0010586781755961	0.4395291539185444	-0.1333294614661748	0.0015863779261137	-0.0013457652655558	
-0.1018668814211665	0.0589729282338344	0.0020570605200164	-0.0002959659743793	-0.0602906787965771	0.1393503316982280	0.0020535761369058	-0.0003193596649784	0.0124378421250766	0.1653618103943796	0.0020515375298810	-0.0003322667678932	
-0.0260689194390065	-0.4815635743933046	-0.0019799879867274	0.0006326919359785	0.0249045552914384	-0.3876344768927738	-0.0019908008556679	0.0005976190425887	0.0998620261326703	-0.3599732317105269	-0.0019912123587810	0.0005962396380108	
-0.1953207210000801	-0.3384620057995029	0.0019659501097368	-0.0006752547583208	-0.1404391312118939	-0.2525815858393345	0.0019639187638956	-0.0006811694913419	-0.0632333526153620	-0.2245897058919628	0.0019773318817223	-0.0006409857751474	
-0.0166420865707841	-0.4844416309971970	-0.0019990461675783	0.0005692857749915	0.0343771788954358	-0.3902631076638193	-0.0020118822709519	0.0005218657454816	0.1090801800730592	-0.3625818626612020	-0.0020045551140435	0.0005494727040591	
-0.6350666607152518	0.3257240477184629	-0.0017745155356748	0.0010842546674266	-0.5997224516004298	0.3956906335833868	-0.0012721413113770	0.0016473713696183	-0.5129397089714967	0.4043489052332304	-0.0009479987625687	0.0018539355433217	
0.2982240087180257	-0.2404354562728522	0.0020597126942745	-0.0002768082329069	0.3460525793555707	-0.1538241668388780	0.0020478456478477	-0.0003544170014734	0.4302033174679265	-0.1290076645513661	0.0020301251179197	-0.0004452381212309	
-0.1641952710101979	-0.3521028414408955	0.0013894553887198	-0.0015492018922609	-0.1130743421878226	-0.2675769824285637	0.0010804550369038	-0.0017796208808139	-0.0378396626181775	-0.2408971992993943	0.0009297427253172	-0.0018632038890541	
0.3379802434456691	-0.4861127183664659	0.0020738420243293	0.0001338882073399	0.3833417306424187	-0.3928505681178697	0.0017713540052692	-0.0010894377816750	0.4697193921940104	-0.3738761181095063	0.0016081243998282	-0.0013195708427849	
-0.1173422634570753	-0.4528911193775353	-0.0019672217643641	0.0006715223845710	-0.0633775005115580	-0.3603983752723360	-0.0019725923233422	0.0006554978121974	0.0123025417638599	-0.3317423946148152	-0.0019625492560882	0.0006851248972232	
-0.1123643289195001	-0.4546169150753965	-0.0019632305833522	0.0006831602985661	-0.0580748162315676	-0.3621553884819889	-0.0019729853746486	0.0006543078813234	0.0166585542373341	-0.3332374210575028	-0.0019642236518056	0.0006802854085624	
-0.1758839120851130	-0.3452541452101041	0.0019877310217844	-0.0006078018554780	-0.1214300596398267	-0.2591972116730731	0.0018150461808525	-0.0010145898609800	-0.0446426244725687	-0.2322498299354414	0.0015910476242527	-0.0013402135094719	
-0.0799390282922919	-0.4654176522130186	-0.0019767278996983	0.0006428552720499	-0.0271015024877604	-0.3721437920861552	-0.0019909963552165	0.0005969641391610	0.0477931966224846	-0.3437619470231003	-0.0019878803098319	0.0006073109689471	
-0.0455845713025499	-0.4756179456840890	-0.0019930304742873	0.0005901030655039	0.0063860751962521	-0.3817932918910443	-0.0019877396951718	0.0006077733476432	0.0811670633883341	-0.3537884449698330	-0.0019745956924384	0.0006494075142102	
-0.3304288634085480	-0.4681691926026261	0.0020530365827675	-0.0003228272418028	-0.2649639496132090	-0.3738746950714801	0.0020354824426213	-0.0004199370961908	-0.1828716647276526	-0.3409075154382710	0.0020106626899073	-0.0005265683580049	
-0.1610774912359872	-0.0320925332320903	-0.0019779409023484	0.0006390945641805	-0.1163706063172446	0.0458149747617714	-0.0020734943848821	0.0001391942804183	-0.0447951137489183	0.0711956182593732	-0.0020755484027844	-0.0001039719925420	
-0.0664291093549549	-0.4695794144279937	-0.0019964869408796	0.0005782412644380	-0.0134976004257549	-0.3760098543023029	-0.0020035384842213	0.0005531865862373	0.0613697807466487	-0.3477227882584599	-0.0019964673901980	0.0005783091004734	
-0.1950484638745296	-0.0226204146115075	-0.0012618797652724	0.0016552841390333	-0.1516466739137582	0.0522029874784530	-0.0018104273832964	0.0010228498158292	-0.0768624920198052	0.0761395237367190	-0.0020102673469971	0.0005280831752675	
-0.0395816388354019	-0.4773828072879308	-0.0019910192689182	0.0005968873293533	0.0123762360885792	-0.3836428213174721	-0.0019796966812878	0.0006336074006299	0.0873927887196472	-0.3558811501541448	-0.0019668823900872	0.0006725207288597	
0.3367459501654029	-0.4863612966145726	0.0019818459357269	0.0006268184346743	0.3825366590792101	-0.3923840523849696	0.0017831992816934	-0.0010698407486195	0.4685787836542701	-0.3729824274389388	0.0016888711938508	-0.0012139656552080	
-0.2908814899225967	-0.4811160390479784	0.0016292154171733	-0.0012933083925351	-0.2280470177097572	-0.3878882994186232	0.0017901407662056	-0.0010581260635472	-0.1475886260895147	-0.3562740603522191	0.0014365945281376	-0.0015053710577587	
-0.1621341140870247	-0.0318414993504068	-0.0019905627497438	0.0005984156182633	-0.1174359166562927	0.0459136675894586	-0.0020558536066708	0.0003042772413745	-0.0447951137489183	0.0711956182593732	-0.0020755484027844	-0.0001039719925420	
-0.1058470395550331	-0.4568902156749877	-0.0019660492402831	0.0006749646331837	-0.0518291146555293	-0.3642132152969099	-0.0019758413739053	0.0006455884893533	0.0228718466102771	-0.3353817281358554	-0.0019663881598917	0.0006739716638508	
0.2359149932948423	-0.2338821975402017	0.0020704717348102	-0.0001787834284106	0.2826563535249996	-0.1475315964811046	0.0020717945307128	-0.0001626551884205	0.3626228655082424	-0.1220349372166361	0.0020715059991635	-0.0001663074504572	
0.3421741220230297	-0.4870136361442813	0.0019360514305847	-0.0007571114405123	0.3864051348275059	-0.3949688491545705	0.0016306366081742	-0.0012915070779992	0.4718629693791516	-0.3759180014586747	0.0013849414118647	-0.0015532587556543	
-0.1882177820468473	-0.3410397667604120	0.0019523392387540	-0.0007138398345603	-0.1339022785133612	-0.2548643514863322	0.0019859861773568	-0.0006135073958480	-0.0559500970877678	-0.2267721187848249	0.0020053731906807	-0.0005464644555661	
-0.3106796630901377	-0.4729868324920386	0.0019625726846821	-0.0006850574460087	-0.2462839585258038	-0.3797969867273303	0.0019976959186503	-0.0005740295349871	-0.1652103330580581	-0.3469379113846053	0.0020253758802305	-0.0004664696623099	
0.2275650888963971	-0.2332279012183037	0.0020718016496307	-0.0001625640326921	0.2743140440744845	-0.1468771206783994	0.0020726921019681	-0.0001507252969504	0.3542813039362482	-0.1213369616079440	0.0020722842322816	-0.0001562600043386	
-0.3283441796104616	-0.4685145548159584	0.0020490015946271	-0.0003476376925370	-0.2628768997636108	-0.3743793360919629	0.0020244942980854	-0.0004703000243199	-0.1808022733096993	-0.3414960545263482	0.0019936272404937	-0.0005880736475427	
-0.1787286855877038	-0.0292584709860306	-0.0020718750795207	0.0001616207652147	-0.1340276830474486	0.0492859387158177	-0.0020693382773553	0.0001915184158602	-0.0602616382333753	0.0743292921728362	-0.0020618584907817	0.0002602584661670	
-0.6443672102070419	0.3298041072565753	-0.0019655673002174	0.0006763738207848	-0.6070193927414465	0.4017017079923232	-0.0018405637666408	0.0009672865401952	-0.5181265670965077	0.4108715864383571	-0.0015875044004600	0.0013444296017741	
-0.0019120715281340	-0.4880445540896106	-0.0020290954381568	0.0004499306685105	0.0489726280875606	-0.3944323730026050	-0.0019597449494599	0.0006931453713022	0.1238462171579220	-0.3672366613255659	-0.0019350261518894	0.0007597410981385	
0.3416438946623375	-0.4867782697415721	0.0019568056916461	-0.0007014412937244	0.3857008455076663	-0.3944770338963220	0.0016796399554278	-0.0012267696660617	0.4713722739811153	-0.3753817948233960	0.0014442538273897	-0.0014979874090180	
-0.0270171376345769	-0.4812545186626080	-0.0019799771333286	0.0006327260703472	0.0239395198879714	-0.3873349967182402	-0.0019877165579599	0.0006078493921679	0.0996219112333796	-0.3598778305831533	-0.0019901563106845	0.0005997726832744	
-0.2982184151775828	-0.4771890061837377	0.0019796373829439	-0.0006337935748042	-0.2346770195828847	-0.3838766787073223	0.0017070399149584	-0.0011881516602490	-0.1537297016510636	-0.3519833912814052	0.0016952204242385	-0.0012050388659756	
-0.0332884804061488	-0.4792864109591925	-0.0019852796649123	0.0006158012015075	0.0186343057420472	-0.3856677870902119	-0.0019774848135395	0.0006405114509288	0.0936085739364915	-0.3579949023460339	-0.0019720693592626	0.0006570773361156	
-0.1850365722543037	-0.0284836471298189	-0.0020471973784981	0.0003581611255551	-0.1402953748502593	0.0497618946568319	-0.0020741809403089	0.0001285036297362	-0.0664982986836173	0.0750373094863735	-0.0020731677654676	0.0001440007237179	
-0.0185850397280753	-0.4839148496131204	-0.0019927579712933	0.0005910272453001	0.0321898832778816	-0.3896725259957238	-0.0020097380749645	0.0005301039220016	0.1071421096116912	-0.3620466863604593	-0.0020046894957924	0.0005489797682884	
0.3430079199729021	-0.4873257656516986	0.0019017193921173	-0.0008400213359415	0.3868626540335969	-0.3953985199751761	0.0015981389243855	-0.0013317070072781	0.4723377775857145	-0.3764319276872030	0.0013225305737805	-0.0016069954237042	
-0.0934717580427902	0.0575804013203153	0.0020408677839570	-0.0003927909462970	-0.0509061730096676	0.1375375759660784	0.0020179294503657	-0.0004978482344509	0.0208088136692424	0.1636531445330905	0.0020084640891693	-0.0005349345083819	
-0.1892474144928821	-0.0274232403341528	-0.0019149693109333	0.0008092044607086	-0.1444068113344356	0.0501385927552843	-0.0020653845890806	0.0002304529195469	-0.0716402626352601	0.0754163038280948	-0.0020717035462374	0.0001638157246577	
-0.1039167768743778	0.0592598654251052	0.0020596728733203	-0.0002771058586241	-0.0623377976511686	0.1396507022095381	0.0020568430754479	-0.0002974808940137	0.0103964156776869	0.1656814153246022	0.0020557690027823	-0.0003048511773796	
-0.6453000127153329	0.3300979932988390	-0.0019711073837489	0.0006599718592601	-0.6078419413635539	0.4021099268527039	-0.0018660143628197	0.0009169712999637	-0.5186139764084629	0.4113012582303051	-0.0016292467802140	0.0012932686848850	
-0.3054902168892824	-0.4748745243725365	0.0019637272914265	-0.0006817240474735	-0.2410621299564382	-0.3811587566811892	0.0020177511293436	-0.0004985740807170	-0.1600458577638354	-0.3482238398609486	0.0019698411011139	-0.0006637606440650	
-0.0871258494590449	-0.4630880803892013	-0.0019753848165108	0.0006469911051959	-0.0343260264418579	-0.3699068607766424	-0.0019791626184274	0.0006352819865755	0.0405936167866785	-0.3414545480838659	-0.0019723834152854	0.0006561292897351	
-0.0156688138010806	-0.4847002740830694	-0.0020024715672788	0.0005570555414874	0.0353577805630867	-0.3905059178989085	-0.0020121582283805	0.0005207953851359	0.1100428609659598	-0.3628583934980903	-0.0020039788528198	0.0005515811630630	
0.2763723950204305	-0.2378149336657129	0.0020668604177784	-0.0002167476223995	0.3231523831214401	-0.1510051656469107	0.0020676375823417	-0.0002091656292843	0.4062808920701102	-0.1259537492489943	0.0020667954482414	-0.0002173693584908	
-0.0819935489298200	0.0543985397707518	0.0019138465135054	-0.0008118696727812	-0.0405846767547292	0.1332419306957272	0.0017023455616046	-0.0011949013985387	0.0323795502668607	0.1574632205327789	0.0014549553458457	-0.0014875432812146	
-0.1279072106998230	-0.4492567893632384	-0.0019521520588585	0.0007143541211874	-0.0736999147202215	-0.3570450772889410	-0.0019775400716226	0.0006403399703093	0.0020640583826540	-0.3281706965756034	-0.0019670789518521	0.0006719427008285	
0.2431242278928593	-0.2345715426332444	0.0020693384027857	-0.0001915170538075	0.2898874835073273	-0.1480953249297627	0.0020709118432884	-0.0001735849404998	0.3709598211415290	-0.1227403768280176	0.0020704431375625	-0.0001791159565095	
-0.1360891730181285	-0.4457516552035981	-0.0018880423262843	0.0008704758201173	-0.0820640774705317	-0.3540962047922609	-0.0019308628471091	0.0007703129138953	-0.0063023508423935	-0.3252276640514732	-0.0019478209172259	0.0007261389040862	
-0.1706440486879594	-0.3471652133973932	0.0018851047342317	-0.0008768509618720	-0.1177470032354321	-0.2617943931269414	0.0015462461797849	-0.0013919163768176	-0.0415152960773697	-0.2353719778983039	0.0013576513762236	-0.0015772865662305	
-0.3117285172640540	-0.4726481958901297	0.0019694979275426	-0.0006647833011496	-0.2472788499654547	-0.3795044035246759	0.0019847953474318	-0.0006173682227054	-0.1652103330580581	-0.3469379113846053	0.0020253758802305	-0.0004664696623099	
-0.0790616129976089	0.0529572326805963	0.0017932244625081	-0.0010528653461570	-0.0377929815460051	0.1308582902117965	0.0014522001096494	-0.0014902466282423	0.0338252655350600	0.1558771986064124	0.0012665913509027	-0.0016516636560632	
-0.0758671118036348	-0.4667121223613217	-0.0019820071694418	0.0006263058707676	-0.0230105160995980	-0.3733844789450815	-0.0019983612485608	0.0005716973854949	0.0518914918485770	-0.3449753218438170	-0.0019942718923374	0.0005858728004487	
-0.3127507186281271	-0.4723127188146073	0.0019752796457530	-0.0006473137296909	-0.2483358814939666	-0.3791915911850476	0.0019669999501138	-0.0006721750874634	-0.1662597089019923	-0.3466659579235737	0.0020167413208744	-0.0005026634802670	
-0.1745113040461140	-0.3457509535170767	0.0019841407149038	-0.0006194793977740	-0.1206964073425257	-0.2595698540039239	0.0017634857766038	-0.0011021918373447	-0.0440513070624113	-0.2327280065607861	0.0015477150265329	-0.0013902747548664	
-0.3013301592493811	-0.4762516145052505	0.0019881341377864	-0.0006064753391223	-0.2369529689940527	-0.3825670370783874	0.0018743934919768	-0.0008996322036006	-0.1559568270299277	-0.3503086158797959	0.0017128639477646	-0.0011796978523397	
-0.0861846324402291	-0.4633718791147285	-0.0019749502221856	0.0006483231278373	-0.0333762269119584	-0.3701876086636295	-0.0019806782011103	0.0006305170033030	0.0415288621156046	-0.3417696263679901	-0.0019745536103206	0.0006495360960409	
-0.0229276025351361	-0.4825363746597089	-0.0019816605353207	0.0006274072557189	0.0280537394413111	-0.3885463951063541	-0.0019999711289979	0.0005660113418388	0.1027610593594418	-0.3608389166897524	-0.0019991976551395	0.0005687508920394	
-0.0373790952560813	-0.4780401804196024	-0.0019891094582755	0.0006032527083354	0.0145581278332371	-0.3843365751119980	-0.0019771359071297	0.0006415930321277	0.0892705050113098	-0.3565514620937829	-0.0019668377653121	0.0006726518794495	
-0.6422088722835020	0.3290027239576969	-0.0019486794206147	0.0007238202833454	-0.6050261172570657	0.4005841649017282	-0.0017527155326705	0.0011193242517465	-0.5164691672211523	0.4093232994100870	-0.0014312866439156	0.0015104438453008	
-0.0581991032245204	-0.4719091075635061	-0.0019986299855617	0.0005707524715095	-0.0062111244590252	-0.3780505208654073	-0.0019988741142282	0.0005698926151152	0.0695667490078208	-0.3501573035495046	-0.0019890703885852	0.0006033821628712	
-0.0022200921902235	-0.4879409623478663	-0.0020295352210292	0.0004479327566500	0.0477161484306297	-0.3939786502355486	-0.0019730133357870	0.0006542231397492	0.1234928851704358	-0.3670537334729336	-0.0019406530093462	0.0007451774729832	
-0.1817123681166427	-0.3434563735952857	0.0019666361263327	-0.0006732441334712	-0.1275206229546747	-0.2567797658199252	0.0020006270733768	-0.0005636767974084	-0.0505794661508702	-0.2286619237007384	0.0019246303291573	-0.0007858318605684	
-0.0051331070418414	-0.4872902052308322	-0.0020288147321348	0.0004512010514244	0.0458475966291328	-0.3933617687769164	-0.0019864039240288	0.0006121466853463	0.1204248195341227	-0.3659233069943652	-0.0019689503150984	0.0006664115679906	
-0.2870533635400730	-0.4836035505314765	0.0018628023651433	-0.0009235113833799	-0.2257635617934798	-0.3897335655554914	0.0014136917479664	-0.0015270063218405	-0.1459300858474825	-0.3585220048893877	0.0009762386152027	-0.0018391478402468	
0.2846907627397655	-0.2387640197752736	0.0020644709030586	-0.0002385389483996	0.3314703050393356	-0.1519144394774922	0.0020653229921354	-0.0002310070580771	0.4145968997316289	-0.1268811266693217	0.0020655491602664	-0.0002289657442716	
-0.2897337500369539	-0.4819940249269635	0.0016741500186158	-0.0012342884930834	-0.2268602846003346	-0.3887621057310082	0.0016514911107853	-0.0012645950845773	-0.1466692277876745	-0.3573700324546332	0.0011930802474329	-0.0017057875606523	
-0.1641762826597354	-0.0311371644288480	-0.0020145896988134	0.0005112610867913	-0.1194066892146196	0.0464361639057839	-0.0020021209937387	0.0005583205251356	-0.0468856661717503	0.0712753558569599	-0.0020608281269633	0.0002683348695596	
-0.0083399742833240	-0.4865591071349468	-0.0020243331220967	0.0004709967660029	0.0426757727974678	-0.3924584294065455	-0.0020004056582688	0.0005644659919014	0.1172972023072026	-0.3649438067491181	-0.0019856005198774	0.0006147606565232	
-0.3002860832449112	-0.4766052348897098	0.0019902756602804	-0.0005993745326347	-0.2369529689940527	-0.3825670370783874	0.0018743934919768	-0.0008996322036006	-0.1548626466073626	-0.3511429436891759	0.0016755496481067	-0.0012323783001678	
-0.0601086974347065	-0.4714020492855353	-0.0019993056248671	0.0005683693329172	-0.0071686615713299	-0.3777907348168784	-0.0019995906786752	0.0005673606360630	0.0673740142519280	-0.3494657899998998	-0.0019910206515423	0.0005968826942669	
-0.0217106608984764	-0.4829255114852744	-0.0019840397723861	0.0006198042333587	0.0290325975188147	-0.3887996431521416	-0.0020026788489540	0.0005563061440016	0.1039726116264444	-0.3611975505280982	-0.0020016417680435	0.0005600447484823	
-0.0364272089607814	-0.4783098024772144	-0.0019880018317196	0.0006069110622631	0.0155134135662148	-0.3846268953972000	-0.0019763353880457	0.0006440669934261	0.0904895735047010	-0.3569766449673732	-0.0019670760501003	0.0006719512380291	
-0.0654762106028609	-0.4698359603110933	-0.0019972252759395	0.0005756730845124	-0.0125381760842651	-0.3762565922019280	-0.0020034158579842	0.0005536327454058	0.0623146439454567	-0.3480053584636182	-0.0019961920352976	0.0005792635996604	
-0.2901178722859029	-0.4816699052819599	0.0016464380892813	-0.0012711996939082	-0.2268602846003346	-0.3887621057310082	0.0016514911107853	-0.0012645950845773	-0.1470402596512114	-0.3570097249949407	0.0012983379772155	-0.0016267013652397	
-0.6484291220352342	0.3310870610141667	-0.0019899527307849	0.0006004511622244	-0.6108475760407129	0.4034213383485883	-0.0019259226972506	0.0007826432574614	-0.5217116510418024	0.4133623620093881	-0.0018170009409101	0.0010110673875096	
-0.0188313813357369	-0.4838227460719225	-0.0019917817225258	0.0005943253153567	0.0321898832778816	-0.3896725259957238	-0.0020097380749645	0.0005301039220016	0.1071421096116912	-0.3620466863604593	-0.0020046894957924	0.0005489797682884	
-0.1080146049147838	-0.4561061505831082	-0.0019643983440871	0.0006797782736849	-0.0540195527351154	-0.3635057247116454	-0.0019744748548882	0.0006497766573874	0.0206958080472399	-0.3346174409526657	-0.0019652974377515	0.0006771614644147	
-0.0686374388332691	-0.4689259688717651	-0.0019942228035263	0.0005860407058764	-0.0157181071594278	-0.3754056367365703	-0.0020040607456263	0.0005512820572403	0.0591588472425593	-0.3470772523691171	-0.0019972605335610	0.0005755501360460	
-0.1039740232390693	-0.4574845764379178	-0.0019677983475677	0.0006698224301744	-0.0499615838174060	-0.3648397525580957	-0.0019765993467681	0.0006432524052341	0.0250448656270864	-0.3361533215484868	-0.0019660046971045	0.0006750950148350	
0.2504269265043026	-0.2352789848737409	0.0020681879703163	-0.0002036235645857	0.2971889474940247	-0.1487180581020830	0.0020708832916528	-0.0001739269346812	0.3781938852464004	-0.1233426822490079	0.0020703318312356	-0.0001804043449633	
-0.1030422773378703	-0.4577906525414074	-0.0019688609019798	0.0006666770076982	-0.0499615838174060	-0.3648397525580957	-0.0019765993467681	0.0006432524052341	0.0259795842007691	-0.3364501806003214	-0.0019655994942119	0.0006762797881719	
-0.0802459903011962	0.0536662511028471	0.0018539640403743	-0.0009412160852165	-0.0388070219066784	0.1318642024068442	0.0015607745862497	-0.0013755235937785	0.0333772727020917	0.1563601732541338	0.0013249980189932	-0.0016049513874466	
-0.6431213714057887	0.3293315169667468	-0.0019561330412740	0.0007033243241103	-0.6057952163565703	0.4010113381856210	-0.0017887998903560	0.0010604026150571	-0.5170143521905306	0.4098464244300755	-0.0014848330133384	0.0014575703328944	
-0.1967460987444966	-0.0200508731840042	-0.0010324969157439	0.0018080074625234	-0.1545776211743485	0.0544911988436540	-0.0014564958908078	0.0014860273677868	-0.0798967515555425	0.0773318447751317	-0.0018455889892928	0.0009576151513264	
-0.1235727054920229	-0.4508004233040800	-0.0019704990068994	0.0006617951661886	-0.0696210788033560	-0.3583449501772916	-0.0019774760819485	0.0006405385427537	0.0061062889423270	-0.3295709461835903	-0.0019650581626785	0.0006778589772733	
0.3126838192703884	-0.2439168342702875	0.0018488287735289	-0.0009513136923388	0.3584572188496213	-0.1593994622856825	0.0014944715832367	-0.0014476364457546	0.4425042935783792	-0.1365680676792612	0.0012206116801806	-0.0016860978998223	
-0.1070024493946752	0.0596702648442441	0.0020628636757805	-0.0002521261666471	-0.0654240054661336	0.1400550418138888	0.0020610197730704	-0.0002668514783548	0.0073146432346879	0.1661348400952911	0.0020609790400282	-0.0002671674636047	
-0.1935344371913095	-0.0243105412593118	-0.0014419080746258	0.0015002567757755	-0.1495704307093626	0.0511964884893217	-0.0019540769334280	0.0007090452507489	-0.0758762695716297	0.0759461977507965	-0.0020340835335600	0.0004266949939026	
0.3023268025273985	-0.2410662063759763	0.0020542408642983	-0.0003150338825783	0.3500508079120759	-0.1546335908194872	0.0019998418457119	-0.0005664702435539	0.4343229417747290	-0.1302307254678517	0.0019348235130305	-0.0007602595898321	
-0.1851382208611534	-0.3421430639892294	0.0019536079343933	-0.0007103429052204	-0.1307370013689056	-0.2558527037744081	0.0020033685640420	-0.0005538047147543	-0.0541249177677940	-0.2272432059439430	0.0019944684307194	-0.0005852000283098	
0.2379749764122605	-0.2340760151453609	0.0020701894539500	-0.0001820389934286	0.2847219212733191	-0.1476908236374597	0.0020715357515499	-0.0001659345822944	0.3646877382020670	-0.1222155150423513	0.0020712280415180	-0.0001697511042592	
0.2857211667879479	-0.2389007272030619	0.0020641919523639	-0.0002409528770119	0.3325046247081095	-0.1520218718894354	0.0020651482251800	-0.0002325720202891	0.4156314130224423	-0.1269866440047310	0.0020654762089991	-0.0002296261838010	
-0.1370352814180970	-0.4454549343921647	-0.0019562783264526	0.0007029180918651	-0.0829980682078317	-0.3537549993048414	-0.0019255534360615	0.0007835558620793	-0.0072422052840007	-0.3248921267856945	-0.0019461596099618	0.0007306019381894	
-0.3252311903798780	-0.4690447512722175	0.0020405715525222	-0.0003943346686931	-0.2597631164477063	-0.3751430343534422	0.0020031647930410	-0.0005545450068083	-0.1776892404735808	-0.3424803817781445	0.0019624171220239	-0.0006855051735073	
0.2327239306630765	-0.2336279514701700	0.0020709891833166	-0.0001726551277840	0.2794756671832617	-0.1472924840814904	0.0020721540624572	-0.0001579853491208	0.3595258391110714	-0.1217729226566348	0.0020718639982192	-0.0001617634682117	
-0.0073610649272762	-0.4867738987430748	-0.0020260057594096	0.0004637125074441	0.0436385105413232	-0.3927161686498896	-0.0019969249211424	0.0005767193149295	0.1185441345689352	-0.3653602576911145	-0.0019794780527307	0.0006342935126151	
0.2919757468389128	-0.2396302085002209	0.0020623281457736	-0.0002564913790756	0.3397867506264036	-0.1528780053576248	0.0020620897828398	-0.0002584102505392	0.4229159987892461	-0.1278242440287958	0.0020623321014415	-0.0002564594121351	
-0.1672962980271335	-0.0304796718634022	-0.0020479633842597	0.0003537326263300	-0.1226543783057695	0.0472197028333872	-0.0019874121520684	0.0006088489089942	-0.0498940197192865	0.0719697550617732	-0.0019893047624904	0.0006026051270828	
-0.1724690338532753	-0.0298994887051745	-0.0020653698385960	0.0002305857406503	-0.1278035673016682	0.0486161124591803	-0.0020453911016748	0.0003683866820589	-0.0540665327685688	0.0733267921844156	-0.0020023510637694	0.0005574907061784	
-0.1847970351448938	-0.3422884801073199	0.0019545588820108	-0.0007077089624531	-0.1307370013689056	-0.2558527037744081	0.0020033685640420	-0.0005538047147543	-0.0541249177677940	-0.2272432059439430	0.0019944684307194	-0.0005852000283098	
-0.2885170353847072	-0.4828547105359162	0.0017801906097591	-0.0010748646291168	-0.2257635617934798	-0.3897335655554914	0.0014136917479664	-0.0015270063218405	-0.1459300858474825	-0.3585220048893877	0.0009762386152027	-0.0018391478402468	
-0.0914921244069041	-0.4616131055460045	-0.0019760494416908	0.0006449481529318	-0.0383958065714179	-0.3685963397835489	-0.0019769178251270	0.0006422680466602	0.0365370071733436	-0.3401172529535898	-0.0019667500328914	0.0006729096386437	
0.2535208729144968	-0.2355693739009448	0.0020681033869690	-0.0002044851312846	0.3002890257112695	-0.1489900333569144	0.0020710532036654	-0.0001718816180380	0.3813597880913440	-0.1236144483481603	0.0020704916796771	-0.0001785511406821	
-0.0997162173369707	0.0586496970321260	0.0020538395480606	-0.0003176527035124	-0.0571104036179971	0.1388295949207863	0.0020470987067314	-0.0003587274812014	0.0146046711448105	0.1649876122104990	0.0020456867095691	-0.0003667333340294	
-0.1900940329408593	-0.0269604650467773	-0.0018511737753115	0.0009467194895361	-0.1454087737659874	0.0503040846464849	-0.0020582798242709	0.0002873201792047	-0.0716402626352601	0.0754163038280948	-0.0020717035462374	0.0001638157246577	
-0.0766758421251621	0.0513291877608522	0.0016315230205283	-0.0012903815086092	-0.0363464523685987	0.1291833738830924	0.0012639168058225	-0.0016537214617315	0.0354615663442688	0.1532010028592790	0.0009519571639426	-0.0018518959365191	
-0.3086118232781246	-0.4737148213440850	0.0019573015656751	-0.0007000494752193	-0.2441736564156445	-0.3804315202121777	0.0020216964803398	-0.0004822440155278	-0.1631307439443438	-0.3474609997568862	0.0020263901229338	-0.0004620215348841	
0.2785032702506736	-0.2380323165427825	0.0020662464049900	-0.0002225534026344	0.3262522560054909	-0.1513441627654459	0.0020668265464346	-0.0002170719841225	0.4083460013920119	-0.1261917950936141	0.0020665594240948	-0.0002196130540790	
-0.0904623882223392	0.0569499832538653	0.0020296825076356	-0.0004472615487581	-0.0487000133727009	0.1369579428783860	0.0019947899999698	-0.0005840974474851	0.0248768335987432	0.1623372804454504	0.0019314485245758	-0.0007688358681102	
0.2316932591905377	-0.2335401651571899	0.0020710917089790	-0.0001714146947052	0.2784440846463371	-0.1472005424893478	0.0020722728336795	-0.0001564118525524	0.3584938516575664	-0.1216842991716876	0.0020719656211931	-0.0001604500021353	
-0.1963120219259318	-0.0207774486542031	-0.0011005290172543	0.0017672153998860	-0.1535818299758678	0.0534408820362874	-0.0015921045603496	0.0013389514627333	-0.0790536743621024	0.0768710027429073	-0.0019129295616352	0.0008140386365764	
0.2524895334352127	-0.2354696797531583	0.0020680622449155	-0.0002049028823119	0.2992554840954974	-0.1488992540191914	0.0020709943676326	-0.0001725926194756	0.3803262086120065	-0.1235294330648412	0.0020704320862199	-0.0001792442947602	
-0.3273062278145571	-0.4686895779682381	0.0020460930666112	-0.0003644479259814	-0.2618553280123273	-0.3746103263318785	0.0020185038646082	-0.0004955024443390	-0.1797556606514243	-0.3417925742971339	0.0019822156621709	-0.0006256423853903	
-0.0383306707129795	-0.4777677621032838	-0.0019899133730987	0.0006005822347592	0.0136041755945986	-0.3840452329449682	-0.0019780330074416	0.0006388080091196	0.0883305123915723	-0.3562177128138355	-0.0019666523662118	0.0006731964552374	
0.2681113949267475	-0.2370210060485533	0.0020684976590559	-0.0002004371663746	0.3148278392770752	-0.1501951751526640	0.0020699522754270	-0.0001847297045135	0.3969237724477583	-0.1250103035595377	0.0020688691875516	-0.0001965457011185	
-0.0613654459496554	-0.4710143516556071	-0.0019994020902642	0.0005680281952314	-0.0093738784915265	-0.3771534119921728	-0.0020016071621345	0.0005601690369138	0.0654710686581887	-0.3489286419630533	-0.0019926694950145	0.0005913269702638	
0.2410642037629351	-0.2343728739271490	0.0020696973337369	-0.0001875785607146	0.2878208398543367	-0.1479340334879453	0.0020710996060120	-0.0001713187753278	0.3678612712309905	-0.1224792799088875	0.0020708261163559	-0.0001746097579466	
-0.0125053082925832	-0.4855592818771364	-0.0020138717004178	0.0005140961076591	0.0385371397406193	-0.3913192418620935	-0.0020103382443398	0.0005278118629921	0.1132060268339020	-0.3637202256744361	-0.0019984922085919	0.0005712371242459	
-0.1257426194815137	-0.4500467069198416	-0.0019654801526850	0.0006766282890738	-0.0717947036716304	-0.3576255622600046	-0.0019783610165608	0.0006377863611110	0.0042345800690857	-0.3289169857993234	-0.0019667995763982	0.0006727640926138	
-0.0487255241014046	-0.4746509950395414	-0.0019937127692158	0.0005877821667479	0.0032556412456425	-0.3807971069025942	-0.0019909626468034	0.0005970771147263	0.0780313041784217	-0.3528078589916724	-0.0019792101963389	0.0006351330006567	
-0.0841538036754266	0.0552420157853969	0.0019671082403143	-0.0006718565249010	-0.0417697020218715	0.1340134488003561	0.0017772676439923	-0.0010797149421269	0.0301604764830178	0.1594135371670342	0.0016647981436779	-0.0012469361780313	
0.2451846435048525	-0.2347745471030504	0.0020689820947602	-0.0001953475889389	0.2919546077710603	-0.1482584557179661	0.0020708006067111	-0.0001749135441138	0.3730263220538548	-0.1229085274356393	0.0020703024777408	-0.0001807425745062	
-0.1656903088854585	-0.3504448958616221	0.0015221534794287	-0.0014183537379022	-0.1143311266073465	-0.2656522135690689	0.0012322052309111	-0.0016776015344762	-0.0389099157241674	-0.2388827241821730	0.0010822071002664	-0.0017785506428115	
-0.1027231614105175	-0.4579192927726698	-0.0019694015010395	0.0006650703370550	-0.0487142503987390	-0.3652610315200752	-0.0019763989201222	0.0006438710347624	0.0259795842007691	-0.3364501806003214	-0.0019655994942119	0.0006762797881719	
0.0121733559570744	-0.4920717364088559	-0.0019012218328406	0.0008411524869439	0.0600461350129277	-0.4002436538183796	-0.0016453122478071	0.0012726638220490	0.1357547633763692	-0.3742878932183581	-0.0015400356677660	0.0013988189830388	
-0.0780522705213824	-0.4659929796710724	-0.0019788679225298	0.0006362039430853	-0.0249036556796712	-0.3728108307323292	-0.0019955353849866	0.0005815329820149	0.0499891388289031	-0.3444527159399183	-0.0019914208135117	0.0005955395461489	
-0.1070868196768814	-0.4564343106362792	-0.0019648248468920	0.0006785383460531	-0.0530788424177336	-0.3637988699687971	-0.0019747877728303	0.0006488202545018	0.0219449334136310	-0.3350636624133870	-0.0019657809097393	0.0006757496340478	
-0.1889210738921229	-0.0276308997803034	-0.0019352369028755	0.0007592014166469	-0.1444068113344356	0.0501385927552843	-0.0020653845890806	0.0002304529195469	-0.0706146535559951	0.0753721826706253	-0.0020736322694684	0.0001371144053699	
0.0010001056504965	-0.4886477991321125	-0.0020254756189550	0.0004660342223862	0.0508048384878090	-0.3950578583532089	-0.0019371505120373	0.0007542807550968	0.1268918354335116	-0.3684938579990604	-0.0018848765826543	0.0008773437425158	
-0.0477767186149786	-0.4749356402967593	-0.0019937408425921	0.0005876864587982	0.0042068347095041	-0.3810852282483456	-0.0019902576118369	0.0005994347608057	0.0789787782639159	-0.3530952082110562	-0.0019777899480711	0.0006395639028757	
0.2296299078284917	-0.2333820006543191	0.0020714293663653	-0.0001672639895958	0.2763791853050412	-0.1470372813101093	0.0020724822342202	-0.0001535982053027	0.3564294602632978	-0.1215130432739989	0.0020721359863519	-0.0001582234438738	
0.3268941210966279	-0.4834889119516558	0.0001522871823773	-0.0020777320062957	0.3731405006229507	-0.3894698297169951	0.0018640145222761	0.0009210500376672	0.4594749522888335	-0.3673543207308885	0.0019056827292662	-0.0008309454146721	
0.2826285071717426	-0.2385145063553407	0.0020650289162605	-0.0002336342836747	0.3294025877867605	-0.1516997703657324	0.0020659676864088	-0.0002251388631387	0.4125291814352072	-0.1266669925818283	0.0020660068328710	-0.0002247775472317	
-0.6346168653948194	0.3253891031790657	-0.0017470114125575	0.0011282506736041	-0.5992417593505036	0.3950095562469415	-0.0012068022181306	0.0016960587324153	-0.5127252926031314	0.4039462071067819	-0.0009049315285005	0.0018754405037258	
-0.3314656994977177	-0.4680091666629091	0.0020546957607542	-0.0003120382173362	-0.2660066826268392	-0.3736535169964001	0.0020398858381035	-0.0003978842382292	-0.1839151702179090	-0.3406278564496538	0.0020179285077129	-0.0004978520744203	
