0.3160811310447724	-0.4561058904776308	0.0011391045423851	-0.0017424760296079	0.3856443096689741	-0.4488521338704860	0.0011545279535650	-0.0017322442025865	0.4208538433500040	-0.4176865797205478	0.0011605229537137	-0.0017282134609088	
-0.4132841365733052	-0.4989587878655494	0.0000158310510168	0.0020832728820114	-0.3286079089727070	-0.4718648824214808	0.0001227937589934	0.0020796932429458	-0.2803328920236335	-0.4260482415320153	0.0001070847614233	0.0020805656020055	
0.3201591875340064	-0.4624104033347963	0.0011281888565051	-0.0017495987186474	0.3897589546540292	-0.4551325269314939	0.0011368420533553	-0.0017439603770349	0.4249876131260388	-0.4239524098741791	0.0011406457418222	-0.0017414624814203	
-0.2078617324701324	-0.3729317936726423	0.0005511986593053	-0.0020087152155228	-0.1354883518293886	-0.3543293881040016	0.0006536120218728	-0.0019776072383593	-0.0948591827666304	-0.3168034665151376	0.0007165209749113	-0.0019555830971830	
0.1610428160249636	0.0492597171903013	-0.0020770364878898	0.0000678221194617	0.2265288092545987	0.0570109501963609	-0.0020761410230597	0.0000913098168249	0.2659948171530399	0.0846935855822961	-0.0020734083795085	0.0001404759379079	
-0.2035208522862683	-0.4093713817084767	0.0001188728770373	-0.0020799221799772	-0.1303962136033928	-0.3906417047584119	0.0001269454106514	-0.0020794427051704	-0.0895720878418876	-0.3520896374423467	0.0001268249807983	-0.0020794500904364	
-0.1607950991228543	-0.1902410283949558	-0.0017229464327816	0.0011648485275302	-0.0933944275350362	-0.1779307308776363	-0.0017458195810751	0.0011301032204080	-0.0550800103588618	-0.1458495575757028	-0.0017718156626948	0.0010886830395837	
-0.2150510652825998	-0.2021792998393484	-0.0019552306541509	-0.0007058415820838	-0.1454046216197185	-0.1918995225504666	-0.0020048983566320	-0.0005482126846775	-0.1059971599826176	-0.1603596458188486	-0.0020363083065835	-0.0004158937181212	
0.3342619563676863	-0.4845699446569582	0.0010998951610651	-0.0017676119496536	0.4043998420393595	-0.4779863329299680	0.0011213841258875	-0.0017539897516253	0.4388511868230780	-0.4455816034348751	0.0011169505034793	-0.0017568305726660	
0.3699273167939845	0.2394474660684520	-0.0020769864988149	-0.0000693436026717	0.4425899714172818	0.2524447225416335	-0.0020752050905706	-0.0001106449887332	0.4904255619677733	0.2844759474403308	-0.0020745562201221	-0.0001222638586464	
-0.0723406016801927	-0.3363679006318304	-0.0004217218033272	0.0020399848382822	-0.0037608001706299	-0.3217836312094319	-0.0004308467926482	0.0020380675931057	0.0344759802402457	-0.2874569747284026	-0.0004300807483655	0.0020382301941521	
-0.2038875722179337	-0.4031312169325689	0.0001240572390631	-0.0020796178812542	-0.1308087344174189	-0.3843713206089245	0.0001417093141176	-0.0020784839943844	-0.0899886873005545	-0.3458205118373173	0.0001446870454373	-0.0020782778048459	
0.3373669572930011	-0.4897489302185937	0.0010095911253988	-0.0018209615030602	0.4076654983846331	-0.4830915770736604	0.0011267561542098	-0.0017505263536152	0.4420692586658355	-0.4507057962383328	0.0011139876309442	-0.0017587201987863	
-0.0729497237655339	-0.3333830274050324	-0.0004287333138815	0.0020385154679931	-0.0041669819046989	-0.3197941244401156	-0.0004312210823295	0.0020379880361831	0.0338434681907840	-0.2844764040975025	-0.0004279107866838	0.0020386891508486	
0.3719960986285658	0.2395142052995816	-0.0020770156576521	-0.0000684602291294	0.4446516306025214	0.2525585636482575	-0.0020752733993401	-0.0001093498061771	0.4924857154856577	0.2845990410599971	-0.0020746308961856	-0.0001209836972882	
0.0228531413717653	-0.1084730608600098	0.0020780123239629	-0.0000229105826739	0.0872817204238544	-0.1010434531479258	0.0020779636190173	-0.0000269874920760	0.1246887940130332	-0.0729058257684684	0.0020776595422709	-0.0000447021155913	
-0.1095590977268804	-0.2472712887302410	-0.0013109530467113	0.0016165012082909	-0.0422066061356021	-0.2340350585706001	-0.0013109055871146	0.0016165398886816	-0.0041650778624136	-0.2010489999161656	-0.0013010946664393	0.0016244862664208	
-0.1081574349928651	-0.2490387207533739	-0.0012968456670130	0.0016278972753226	-0.0408306023146647	-0.2356822263139962	-0.0013095638926299	0.0016176324311995	-0.0027632763051476	-0.2028259134583502	-0.0013043711471319	0.0016218434370215	
0.1276759185268720	0.0547506145681300	-0.0019792633244108	0.0006349665893673	0.1921233839841224	0.0632193073079294	-0.0019633493076264	0.0006828173103939	0.2307483799893437	0.0918837916932315	-0.0019530971833004	0.0007117530373281	
-0.0798899723384381	-0.3020414064333377	-0.0006619873848143	0.0019748054599670	-0.0114564375966186	-0.2885521476544757	-0.0007310049476518	0.0019501882891960	0.0263247915389389	-0.2540215630445715	-0.0007746212280758	0.0019331931590815	
0.2804832903778514	0.3591155349241512	0.0020636215246170	-0.0002458143529059	0.3501133650118855	0.3726745984021645	0.0020683002150019	-0.0002024745239350	0.3959544715531584	0.4076247042571899	0.0020647172262612	-0.0002363865967612	
0.3907381858552488	0.2401676749471035	-0.0020766204037747	-0.0000796037856854	0.4644093131508795	0.2535841164807890	-0.0020750318225285	-0.0001138640284183	0.5132556779045279	0.2857822131141269	-0.0020744397574767	-0.0001242339454981	
0.2867512822684233	0.1225450121444268	-0.0020735792231149	0.0001379182944860	0.3553471011866212	0.1321340196246031	-0.0020738728289929	0.0001334078088435	0.3990489020408898	0.1609043514539909	-0.0020739817477226	0.0001316951126277	
0.2026330156100914	-0.0062429695473453	-0.0013273579700837	0.0016029903896732	0.2695583640077330	0.0034169850293100	-0.0017175531384998	0.0011728259090162	0.3083158782783646	0.0320427084834840	-0.0018640064926257	0.0009210663691901	
-0.2234958804845370	-0.3375615266332331	0.0005398782621730	-0.0020118026929703	-0.1503967457310285	-0.3206710892628473	0.0005077639871073	-0.0020201887977216	-0.1093144794840392	-0.2834499932680419	0.0004837156906288	-0.0020261109401240	
-0.1011642387606565	-0.2585907673593890	-0.0011422244318474	0.0017404222440477	-0.0336319562285753	-0.2450710171310660	-0.0011896963466769	0.0017081611889357	0.0040491213139793	-0.2115408606151080	-0.0012208801856770	0.0016859025155484	
0.3015075019382281	0.3566772438812122	0.0020026686208935	-0.0005563431475995	0.3710669576723502	0.3711801130345714	0.0020447036085427	-0.0003722025479171	0.4186506844971376	0.4069695611795056	0.0020689267294844	-0.0001959360198678	
0.1933004550470274	0.1273015911825606	-0.0020596846794584	0.0002770176523385	0.2597175994624935	0.1361081224014730	-0.0020635756056894	0.0002462014649182	0.3003412027914300	0.1649631488231690	-0.0020676837982905	0.0002087059795251	
0.1890703122377948	0.1278361727555886	-0.0020658703585542	0.0002260346518921	0.2556154487321429	0.1364987951193705	-0.0020720699287921	0.0001590904925295	0.2961075690282753	0.1652752712774399	-0.0020765454293974	0.0000815457084646	
-0.1188300365534974	-0.2356952011329107	-0.0012566892686332	0.0016592479169388	-0.0508546182847848	-0.2228751793916737	-0.0012256571713998	0.0016824154390320	-0.0130720285448170	-0.1893041556040189	-0.0011977256358147	0.0017025126665255	
-0.2053271049054003	-0.3864220034955377	0.0002592292172194	-0.0020670610953195	-0.1324590393058434	-0.3677659618049168	0.0003023130363184	-0.0020611712856487	-0.0915747509574183	-0.3302265658393890	0.0003177081044659	-0.0020588428825607	
0.2390212889172378	0.1252425277809228	-0.0020567363177849	0.0002982217915429	0.3065348516291140	0.1344597387423726	-0.0020625920513832	0.0002543497360119	0.3480779014624624	0.1634227064245002	-0.0020678556621966	0.0002069876270014	
-0.2304593153191388	-0.3135033559657883	0.0005978178362992	-0.0019952700187919	-0.1570682337020077	-0.2968984674616400	0.0005580977832033	-0.0020067997732151	-0.1157401973802139	-0.2604637657271341	0.0005287758173921	-0.0020147640422317	
0.2680240836582483	0.3611964811113934	0.0020406422101129	-0.0003939670272448	0.3365887575177202	0.3745961201255366	0.0020534357959916	-0.0003202653008611	0.3824061098898330	0.4095652326739400	0.0020606383763713	-0.0002697954189236	
-0.1385873134207064	-0.2096428232004555	-0.0014091125513744	0.0015312541247083	-0.0707253591728589	-0.1969273740779703	-0.0014265089130630	0.0015149794526780	-0.0326990014855739	-0.1639463873253812	-0.0014325335676145	0.0015092553685083	
-0.1465189358925666	-0.4604887978071764	0.0019937455785620	-0.0005876703112274	-0.0779780867933375	-0.4430290572172761	0.0019920497592139	-0.0005934217907516	-0.0404617561689428	-0.4047854559743787	0.0019856903549134	-0.0006144689721337	
0.3005457633220027	-0.4331437477440308	0.0011746060469878	-0.0017186248259025	0.3699615144324198	-0.4260024312691967	0.0011797351932251	-0.0017150903991973	0.4052243363095747	-0.3948007244405486	0.0011710342228828	-0.0017210727614201	
0.3928074773877954	0.2402435076044379	-0.0020765788419213	-0.0000806860676077	0.4665964941581910	0.2537040948126921	-0.0020749615038512	-0.0001151446913384	0.5153188778756026	0.2859118579759290	-0.0020742645581054	-0.0001271399323439	
-0.0688638499271891	-0.3583667787423017	-0.0000761634004955	0.0020819336861748	0.0002385681922227	-0.3447578043380831	-0.0001460566587346	0.0020781815209819	0.0383183068439870	-0.3083554685941072	-0.0002491860364488	0.0020683020186925	
0.2921878375343656	-0.4206915103307943	0.0011542670904640	-0.0017324189077676	0.3615876004126881	-0.4135472187603494	0.0011533441988876	-0.0017330365283793	0.3968696382306565	-0.3823286807761100	0.0011566225249874	-0.0017308393550659	
0.2031139876919260	-0.0070575552502023	-0.0012146829777636	0.0016903953815705	0.2701733183046309	0.0031342486817872	-0.0016570696558835	0.0012572395843103	0.3089758181998936	0.0315629704863056	-0.0018464348446628	0.0009559750131435	
0.0145478684760917	-0.0801880573797150	-0.0020740052521371	0.0001313225745816	0.0790030326411816	-0.0726116479488257	-0.0020670545693499	0.0002148788209157	0.1164439492945449	-0.0443659172410201	-0.0020575072383314	0.0002928286247323	
0.2493451819605621	0.1237708698148982	-0.0020660135406733	0.0002247155762436	0.3168636976744713	0.1330119956451530	-0.0020613560514579	0.0002642281317560	0.3584047017922791	0.1620316602712399	-0.0020569293045173	0.0002968810867814	
0.4876402834023708	0.2932140157141427	-0.0016994809133133	0.0011989925665812	0.5673894436190521	0.3116069822821899	-0.0019127642768199	0.0008144288775186	0.6214517832598356	0.3472932117030556	-0.0020443892258148	0.0003739341019101	
-0.0036777485665169	-0.0706071716746160	-0.0008198203397432	0.0019143687368726	0.0628958286593838	-0.0605741912424722	-0.0005555709974838	0.0020075042763956	0.1015375205309708	-0.0302722753137137	-0.0003756603463077	0.0020490121025769	
-0.0319494731665519	-0.0916155005389637	0.0003313006772042	-0.0020566886376813	0.0353837304728992	-0.0822833471048025	0.0002528018766099	-0.0020678609831384	0.0742121694673281	-0.0510053364908558	0.0001558400895975	-0.0020774672227970	
0.1537860143984046	0.0497263207500119	-0.0020695817488612	0.0001888558965939	0.2192448722590864	0.0575303231848288	-0.0020668978809620	0.0002163882916963	0.2587282119873232	0.0854189694896439	-0.0020633026878655	0.0002484896346002	
-0.1049842869171489	-0.2531552824790719	-0.0012391201515168	0.0016724749139422	-0.0375972935666531	-0.2397418116664997	-0.0012765905853438	0.0016439086507633	0.0004769379063405	-0.2068934556612941	-0.0012851589987332	0.0016371852780862	
0.1122160938838483	0.0604081212218915	-0.0019506092015580	0.0007185773158208	0.1766568339838697	0.0687892799138518	-0.0019627906717895	0.0006844295011083	0.2149494950616577	0.0975833800309090	-0.0019650189504752	0.0006779732085788	
0.3054720725430249	0.2365125996085860	-0.0020778092256197	-0.0000370561836568	0.3750048605587695	0.2483158975410720	-0.0020771673274997	-0.0000636677658830	0.4208857207902903	0.2799242212837398	-0.0020768054034159	-0.0000745958021464	
0.1330120055958939	0.0531807599586619	-0.0020139098926965	0.0005139457244117	0.1984111710707264	0.0612400411329214	-0.0020037219851972	0.0005525182184408	0.2369620938257481	0.0897809040935059	-0.0019865268204002	0.0006117457488715	
0.2851612817293703	-0.4101030352943548	0.0011548117762256	-0.0017320540560666	0.3545490233952127	-0.4029726501304965	0.0011556827922067	-0.0017314700980603	0.3898266472445464	-0.3717591536296935	0.0011492390933337	-0.0017357751228118	
0.3274659831464146	-0.4738507718906829	0.0011209915031866	-0.0017542419627642	0.3971072271925546	-0.4665416594862470	0.0011270721325816	-0.0017503219099506	0.4318859860613211	-0.4346267913895608	0.0011265920453315	-0.0017506325029629	
-0.1274672372320099	-0.2237661330485363	-0.0011926177134635	0.0017061125967099	-0.0594733383997584	-0.2105469043719494	-0.0011964128526632	0.0017034400778768	-0.0212807784399389	-0.1773397013564295	-0.0012180880523078	0.0016879310734509	
-0.2243442966356117	-0.3343212799766652	0.0005253455337174	-0.0020156656923725	-0.1513919352092695	-0.3165082989846514	0.0005177421529932	-0.0020176419109324	-0.1101177393690088	-0.2801970176531370	0.0005096340536942	-0.0020197154877498	
0.3168800221479657	-0.4573170489479026	0.0011378201644988	-0.0017433191864765	0.3864553780529625	-0.4500552376479756	0.0011479056560356	-0.0017366616567706	0.4213016910746679	-0.4184108893238853	0.0011573777455681	-0.0017303319171742	
0.3813086578384568	0.2398279642518749	-0.0020769561481432	-0.0000702512728964	0.4551171477086393	0.2530883130216422	-0.0020753735501765	-0.0001074225688368	0.5029395795051270	0.2851941916126384	-0.0020748757104058	-0.0001166880934152	
0.0313539141396022	-0.0557843020051619	0.0020551276790727	-0.0003091663862947	0.0956089214130914	-0.0478907267286814	0.0020039569312523	-0.0005516611999505	0.1318266341761309	-0.0189104049525061	0.0018500607676579	-0.0009489035343492	
0.1194923814016201	0.1208231588733050	-0.0020692961267986	0.0001919755783346	0.1849753216358380	0.1285953073166030	-0.0020720766443444	0.0001590025636743	0.2233977298834784	0.1572459402298530	-0.0020738754490426	0.0001333668690085	
-0.0747031665176814	-0.3249764964169249	-0.0004115022096967	0.0020420812864604	-0.0059088117402906	-0.3113903965197534	-0.0004018543349865	0.0020440113569656	0.0321392501710029	-0.2760567809410706	-0.0003977856326559	0.0020448110456039	
0.0186996597370194	-0.1084354857024570	0.0020780695202143	-0.0000169113112810	0.0831269283541896	-0.1009940048860341	0.0020780119797695	-0.0000229419361789	0.1205355379577789	-0.0728197977578556	0.0020776530306128	-0.0000450052504912	
0.1340069672901937	0.0529453015539966	-0.0020194624329885	0.0004915614183460	0.1994002135558338	0.0609929581615594	-0.0020101752379737	0.0005284354387721	0.2379229074730798	0.0894917086390971	-0.0019925176659958	0.0005918409262078	
0.3844158973384055	0.2399297938497968	-0.0020768456730498	-0.0000734603996328	0.4582136279999356	0.2532474186305905	-0.0020752898674498	-0.0001090352511494	0.5060338624184917	0.2853614036462095	-0.0020748735919607	-0.0001167259447215	
0.3237695519530687	-0.4679993771312196	0.0011241909892319	-0.0017521830588790	0.3938342557101233	-0.4614395757231886	0.0011308911896025	-0.0017478444803316	0.4282737028659331	-0.4290416420446458	0.0011295198375878	-0.0017487354474339	
0.2452736324459511	0.1242582359788555	-0.0020565390857535	0.0002995856605939	0.3128014201733664	0.1335960793098467	-0.0020564343727411	0.0003003071860196	0.3543424643737823	0.1626408257907130	-0.0020576035267191	0.0002921478776552	
-0.2038328219661840	-0.4041712875546561	0.0001202020333513	-0.0020798454067571	-0.1307292894449600	-0.3854106191249003	0.0001370152052302	-0.0020788002857776	-0.0899039592832482	-0.3468603147817370	0.0001405675170529	-0.0020785619142325	
-0.1114244561931885	-0.2450032825904464	-0.0013176539716238	0.0016110164113293	-0.0436127665620659	-0.2322678037354965	-0.0013065347381456	0.0016200922571663	-0.0060011419590070	-0.1987706988092495	-0.0012868418594048	0.0016358562427804	
0.0135135333936514	-0.0801192223373571	-0.0020727254155285	0.0001502641845798	0.0779882228579587	-0.0724972974261419	-0.0020624403651705	0.0002555829243455	0.1152506703078562	-0.0441640913199736	-0.0020467181078942	0.0003609034606874	
-0.0124848170257285	-0.1074828205337804	0.0020724819069340	-0.0001536026433801	0.0520155209367306	-0.0995947055111221	0.0020596146967035	-0.0002775400922874	0.0893352862023071	-0.0709509280257664	0.0020424998177817	-0.0003841707573812	
0.4820964542347879	0.2957035092774200	-0.0020221984368619	0.0004801242225715	0.5610435625278862	0.3130531242765642	-0.0020723038680880	0.0001559980743660	0.6151222163573686	0.3477464844432396	-0.0020780935810168	-0.0000136195154567	
-0.0247701401256306	-0.1039147615056868	0.0016898569499660	-0.0012125862180767	0.0402432491877568	-0.0940158263459308	0.0014257348761782	-0.0015157115610965	0.0777225026708566	-0.0636824857706625	0.0011858993312240	-0.0017108126659949	
0.1319572176117558	0.1199672816988828	-0.0020776236741368	0.0000463472495046	0.1974271083875263	0.1277950076422865	-0.0020766333768944	0.0000792629314185	0.2369077478675433	0.1562531228754265	-0.0020752916877898	0.0001090004252234	
0.4864232233106625	0.2940238979629652	-0.0018054284222364	0.0010316916975027	0.5661649381545208	0.3120835988382240	-0.0019759606202300	0.0006452215902986	0.6202601957528870	0.3475098343504602	-0.0020622037093467	0.0002574949299778	
-0.2315113406519084	-0.4979148642570534	-0.0001609500293327	-0.0020770756315961	-0.1570428469841406	-0.4729019210147749	-0.0008094527030094	-0.0019187975234222	-0.1149826114202132	-0.4323332809488322	-0.0008484182968478	-0.0019018045652707	
0.1899367336060740	0.0005632394325676	-0.0019689014067396	0.0006665567762686	0.2565699846991311	0.0090947049321787	-0.0019974920410535	0.0005747421283455	0.2971051608090536	0.0361728619799037	-0.0020058407611527	0.0005447370802951	
-0.1535066598192676	-0.1954782740732735	-0.0016323556747314	0.0012893227485968	-0.0860044377770555	-0.1830078444532733	-0.0016749809115326	0.0012331550525998	-0.0476554333446521	-0.1508411481292216	-0.0016939279628148	0.0012068640939047	
0.4572718208454301	0.2647367829725903	0.0018555429945109	-0.0009380838210299	0.5350702349825147	0.2811014372166954	0.0019910394895201	-0.0005968195382325	0.5869964892616968	0.3152046268867146	0.0020607746813767	-0.0002687470678645	
0.0198221357723333	-0.0458119198222044	0.0004024957360181	-0.0020438845206273	0.0868435521308124	-0.0365352132727411	0.0002517865986825	-0.0020679854708912	0.1259368042309931	-0.0062323113185150	0.0001232156619462	-0.0020796681641656	
0.4059930467696209	0.0037600895040967	0.0013881758536057	-0.0015503542731550	0.4812362127337630	0.0137173736034379	0.0012927653156297	-0.0016311557131104	0.5260650511174039	0.0440255509557856	0.0011244722390403	-0.0017520016751097	
-0.0712787024334491	-0.3415745893788072	-0.0004000414538519	0.0020443687159968	-0.0026637144868492	-0.3269795700171538	-0.0004182746513313	0.0020406979766617	0.0355551270023581	-0.2926565298841742	-0.0004169877661806	0.0020409626404972	
0.3189223193886035	-0.4604675722784017	0.0011306768849764	-0.0017479838152219	0.3885119732047264	-0.4531949883965120	0.0011390930625971	-0.0017424835717772	0.4233808089367177	-0.4215346124565512	0.0011472817380526	-0.0017370759591279	
-0.0689783702809654	-0.3563093986302057	-0.0001580301125583	0.0020773009501841	-0.0000518122368035	-0.3416758991020172	-0.0002524644868777	0.0020679024084064	0.0380502989338374	-0.3063250166235920	-0.0002966432276255	0.0020619990391066	
-0.2310547037842480	-0.3115139848250530	0.0005691922535869	-0.0020036656488179	-0.1576402539462560	-0.2947608046927533	0.0005123827333075	-0.0020190164415400	-0.1162987610912607	-0.2583263677771431	0.0004770417241076	-0.0020277005954777	
-0.0691926970713419	-0.3540950445875602	-0.0002325567996178	0.0020702474155007	-0.0003233597339499	-0.3396462384656876	-0.0003023449901358	0.0020611665752491	0.0377047968189640	-0.3041074255232684	-0.0003334087328964	0.0020563462483083	
0.3085654840579596	-0.4448191185603040	0.0011749257178100	-0.0017184052069809	0.3780398165700065	-0.4376376682840463	0.0011853751578692	-0.0017111777112842	0.4128669836899561	-0.4059834281856230	0.0011801760512767	-0.0017147855501822	
-0.2105092979205359	-0.3653897640888384	0.0008223942784302	-0.0019132588794410	-0.1384450280921672	-0.3470357777765353	0.0009141243832735	-0.0018709545825850	-0.0983759729105405	-0.3091270699203728	0.0009814963895323	-0.0018363332808765	
-0.1517295602695148	-0.1969063359357726	-0.0015961895050113	0.0013340546515451	-0.0841658248389446	-0.1843766354509956	-0.0016445970574903	0.0012735925150898	-0.0457834352803350	-0.1521718543948765	-0.0016727323089210	0.0012362187289774	
-0.0752847623853951	-0.3219728621641015	-0.0003972982708947	0.0020449062681709	-0.0064809950207692	-0.3083839532409249	-0.0003914577470085	0.0020460379899947	0.0315142284372470	-0.2728441805428936	-0.0003981849666828	0.0020447329319013	
-0.2028973340697987	-0.4198033289288831	0.0001119592511560	-0.0020803077058805	-0.1297716226387720	-0.4010373309690369	0.0001234447403979	-0.0020796545111111	-0.0889699272160741	-0.3614447055548427	0.0001276974898022	-0.0020793964253396	
-0.0219548200152343	-0.1055212696571535	0.0018984765248122	-0.0008473612397357	0.0429191923294553	-0.0963878091036051	0.0017015704141256	-0.0011960104925511	0.0796396666059481	-0.0659957115555582	0.0014636413876915	-0.0014789547141198	
0.3129342504079532	0.3523994653919302	0.0019508752425244	-0.0007178511042409	0.3833434736135821	0.3675588842542571	0.0019577631122476	-0.0006987511981060	0.4301947932893069	0.4042122805202650	0.0019352505501692	-0.0007591664540277	
0.0062669159710654	-0.0790604086271362	-0.0020078715301085	0.0005371654854652	0.0707644922761179	-0.0706177749765578	-0.0018778082122087	0.0008924467709656	0.1069511658365813	-0.0407145407934642	-0.0015997857976172	0.0013297182448972	
0.2015918533100076	0.1262100050369136	-0.0020665154998599	0.0002200280539418	0.2680362657716095	0.1349864256185301	-0.0020634712304674	0.0002470790951434	0.3086498202108614	0.1638967929815591	-0.0020604065717824	0.0002715688265579	
0.1245386554335718	0.0557931056590267	-0.0019586219447086	0.0006963281407660	0.1890156911241302	0.0643160848037655	-0.0019502776688863	0.0007194811357491	0.2276628911665157	0.0930025340558657	-0.0019478510462702	0.0007260576750895	
0.2722187058252321	0.2356913700826713	-0.0020766254963613	-0.0000794701582060	0.3408290662018867	0.2466990032577215	-0.0020745398391327	-0.0001225428810090	0.3855046888874889	0.2780092988166858	-0.0020734847832457	-0.0001393379518468	
0.3688938323679440	0.2394088100148906	-0.0020769769347906	-0.0000696309035543	0.4415576538873212	0.2523974561887372	-0.0020751858745537	-0.0001110066069349	0.4893957038913657	0.2844136912429777	-0.0020745228686103	-0.0001228312743022	
-0.1581659694337149	-0.1919927635955781	-0.0017039003327484	0.0011926721706491	-0.0902638890624348	-0.1800090290301434	-0.0017187229706851	0.0011711023106515	-0.0526742105729004	-0.1474164123765592	-0.0017379505624282	0.0011422278151031	
0.3234209710957773	-0.4675180676620596	0.0011262446783502	-0.0017508571155919	0.3930446047709411	-0.4602236774668688	0.0011299732142124	-0.0017484410585918	0.4278249903907392	-0.4283151846097327	0.0011303445940346	-0.0017481997873570	
0.0092597624357104	-0.0796722784415352	-0.0020550248793151	0.0003098523718732	0.0738198477295311	-0.0717243237459442	-0.0020072561309201	0.0005394719965424	0.1101535759886199	-0.0426828508271103	-0.0018973281934397	0.0008499421943282	
0.0259678432568261	-0.1085097682904159	0.0020779630765099	-0.0000270294401853	0.0903965456684139	-0.1010899945073626	0.0020778555473203	-0.0000343467552665	0.1278023092950523	-0.0729738636733361	0.0020775618574953	-0.0000490531655889	
0.3051657924182244	-0.4398227095672323	0.0011777336962794	-0.0017164723027259	0.3746234748227319	-0.4326633687108630	0.0011901528404719	-0.0017078415682602	0.4094603553092351	-0.4009910203509322	0.0011813880422880	-0.0017139466035436	
-0.0783073092545375	-0.3073970068194777	-0.0005171150143661	0.0020178035406612	-0.0096841658323064	-0.2938542283219285	-0.0005818089910056	0.0020000203628006	0.0282479759422979	-0.2593092210090128	-0.0006354932691705	0.0019835332868565	
0.3004948880847594	0.3567528685220879	0.0020162317333564	-0.0005047137958599	0.3697753456362580	0.3714582477112892	0.0020546039665755	-0.0003126450819673	0.4176488700019083	0.4070897928475680	0.0020724856558312	-0.0001535517997411	
0.4025950248901029	0.0077834259775731	0.0012211195571613	-0.0016857282759835	0.4777963056347092	0.0185986105756981	0.0010942523887578	-0.0017711281891346	0.5238636715823248	0.0480338571864860	0.0008748150176334	-0.0018897473833802	
0.1934345983590243	-0.0007979383215628	-0.0019312720375714	0.0007692813041625	0.2596599422582847	0.0080960925911061	-0.0019590887513722	0.0006950071299392	0.2983169773531731	0.0357905170075414	-0.0019964417924809	0.0005783979051965	
-0.1734700734922843	-0.1831526803648320	-0.0019794474214780	0.0006343895759580	-0.1059294902990895	-0.1724559741488524	-0.0020638252528227	0.0002440893466061	-0.0664965404260344	-0.1416134809046559	-0.0020741390325509	0.0001291816549106	
-0.2263202723153132	-0.3269992968527533	0.0005814500221447	-0.0020001252750412	-0.1530058835025575	-0.3105187719431695	0.0005733278643438	-0.0020024803018106	-0.1120990141031405	-0.2728760171482613	0.0005842919714455	-0.0019992927626065	
0.1942736965861239	-0.0010828929345547	-0.0019199706691398	0.0007972050747911	0.2609591879579626	0.0075827135364450	-0.0019424916063736	0.0007403473413079	0.2992855834304172	0.0355179605039129	-0.0019853293320014	0.0006156402552723	
-0.0901671452246895	-0.2790502995950699	-0.0008922122043089	0.0018815552003346	-0.0220316754707581	-0.2657318145350696	-0.0009016126332619	0.0018770463046925	0.0156460249891794	-0.2312189696332835	-0.0009204956138208	0.0018678125564783	
-0.2151592875259306	-0.3563104017280895	0.0010445396476905	-0.0018010420782587	-0.1432386102848960	-0.3384046605251355	0.0010442677672379	-0.0018012005209422	-0.1029047513903245	-0.3010752205372191	0.0010254261994864	-0.0018120471353868	
-0.0780612740668818	-0.3083683269928438	-0.0004945764290596	0.0020234740857221	-0.0094162678259931	-0.2948110388303586	-0.0005555027708012	0.0020075232512034	0.0285402333211654	-0.2602583405671100	-0.0006096015114614	0.0019916835547848	
0.3740651747434889	0.2395808080206697	-0.0020770294031372	-0.0000680398247668	0.4468652787162195	0.2526749668478396	-0.0020753353553481	-0.0001081616271086	0.4955777981797802	0.2847752329965868	-0.0020747443015283	-0.0001190131839155	
-0.0051894899466000	-0.1078857362328110	0.0020760866439040	-0.0000925440849959	0.0592189624097919	-0.1001980775259300	0.0020746078760905	-0.0001213797720252	0.0966399733922658	-0.0717618033533677	0.0020733080822335	-0.0001419558931984	
-0.0991551451580395	-0.2617402595041630	-0.0010832704854695	0.0017778999196093	-0.0315609448356959	-0.2481778374939638	-0.0011310946010074	0.0017477121932039	0.0061941203048327	-0.2146120469099254	-0.0011665192645732	0.0017241514557571	
-0.2181909801670607	-0.3510294904628148	0.0010065066680777	-0.0018226767390107	-0.1461838151852163	-0.3330387720991770	0.0009303232252020	-0.0018629126545621	-0.1057126630268769	-0.2955925852267395	0.0008482280883450	-0.0019018898329433	
-0.1318630854191388	-0.2176539877019434	-0.0012596043220573	0.0016570249841576	-0.0634378676881664	-0.2052385343172269	-0.0012883913024575	0.0016346300786684	-0.0257412118059817	-0.1717359370636023	-0.0013372485445831	0.0015947074223749	
0.0405074183701170	-0.0563342231015343	0.0020779797767777	-0.0000257067659897	0.1049221113968106	-0.0490614258968754	0.0020768456469321	-0.0000734611417153	0.1422508924633438	-0.0211958224910703	0.0020735751578434	-0.0001379797074359	
0.3307154489503130	-0.4789750094715718	0.0011147978819326	-0.0017582041466477	0.4007078685500167	-0.4721246023768389	0.0011215929254766	-0.0017538555731672	0.4351595104634054	-0.4397261181931089	0.0011240523345761	-0.0017522724565039	
0.1131300082368829	0.0600958293182917	-0.0019481220000188	0.0007253267086733	0.1775796010658299	0.0684919815233139	-0.0019617433489591	0.0006874405959977	0.2162113679997817	0.0970961126279770	-0.0019671689247686	0.0006716779327549	
0.0218156280930631	-0.0510449034652130	0.0011745026626608	-0.0017186958337805	0.0880998081673995	-0.0417718735645542	0.0007813057634735	-0.0019304877811110	0.1266169596737760	-0.0115033687421885	0.0004640217992040	-0.0020307347489921	
0.3137052848284798	0.2367804145069098	-0.0020759066124277	-0.0000965175593480	0.3845316469306155	0.2486944942089485	-0.0020749020716498	-0.0001162160496237	0.4301519677768335	0.2802900470293266	-0.0020754980107398	-0.0001049781032178	
0.0384352483792648	-0.0562970834252574	0.0020774886163857	-0.0000520774141636	0.1028663238401788	-0.0489639363479595	0.0020742739645231	-0.0001269856060808	0.1402112751435435	-0.0210243515907014	0.0020672042990567	-0.0002134263042220	
0.3167793085579184	0.2369363757100714	-0.0020750221032328	-0.0001140418979978	0.3875962021880468	0.2488770939962292	-0.0020737418229504	-0.0001354390130309	0.4332206370774649	0.2804583550859634	-0.0020744067734118	-0.0001247862337012	
-0.0762933952117800	-0.3167578847490781	-0.0003894093845552	0.0020464307862487	-0.0074877256273594	-0.3031715086962601	-0.0004043110411151	0.0020435244067662	0.0307109050210116	-0.2688563434355063	-0.0004268151034926	0.0020389199716948	
-0.1828637641496217	-0.4488479776400849	0.0020745725837328	-0.0001219844928867	-0.1133506773845088	-0.4305177889054403	0.0017792047387099	-0.0010765038983716	-0.0747683455869184	-0.3915772227269412	0.0018042514059414	-0.0010337590050332	
-0.0753343951974038	-0.3217685444171118	-0.0003963185553927	0.0020450973220766	-0.0064809950207692	-0.3083839532409249	-0.0003914577470085	0.0020460379899947	0.0315142284372470	-0.2728441805428936	-0.0003981849666828	0.0020447329319013	
0.1257396669410125	0.1202598878029812	-0.0020725665499866	0.0001524505364306	0.1911891010521007	0.1281381864171248	-0.0020722648342082	0.0001565183302584	0.2306912072322831	0.1567094303101044	-0.0020713989002806	0.0001676427446677	
0.0353493785353173	-0.0561727369401835	0.0020742906408318	-0.0001267115427328	0.0998424467740746	-0.0486959974302754	0.0020629039390626	-0.0002517948675802	0.1372506762703857	-0.0206186008222898	0.0020445910426858	-0.0003728234918621	
0.3001020891091759	-0.4324314847143947	0.0011745274047284	-0.0017186788409214	0.3695078552532070	-0.4252947486495376	0.0011772493207574	-0.0017168062129324	0.4043959289662684	-0.3936089056286763	0.0011685564466373	-0.0017227644799650	
0.2971706942260091	-0.4281271672362646	0.0011634349708095	-0.0017262446182213	0.3665769796894958	-0.4209827880065455	0.0011650028909653	-0.0017251815557912	0.4015038134558244	-0.3892926144611012	0.0011595616169520	-0.0017288618553566	
0.4930717975137890	0.2872378814307796	-0.0009793966371257	0.0018374596379212	0.5743031554709674	0.3060309079204692	-0.0012272344811821	0.0016812594595908	0.6283037810716672	0.3443125510960430	-0.0016350300731267	0.0012859125603158	
0.4592671936223831	0.2635398692447006	0.0016932203650465	-0.0012078616139387	0.5372337440466897	0.2802813235122594	0.0018890013995337	-0.0008683821490915	0.5892125045548835	0.3147970672623597	0.0020233997065335	-0.0004750106157772	
-0.1619813842573690	-0.1894120492116182	-0.0017332816910573	0.0011493355704327	-0.0945893114675331	-0.1771402216237298	-0.0017614423986043	0.0011054707892175	-0.0562753209175849	-0.1450981064658295	-0.0017970461035404	0.0010462963358652	
-0.2026903369983433	-0.4291708531077895	-0.0000499919685915	-0.0020827304360501	-0.1294610338363642	-0.4103947641152310	-0.0000029880745935	-0.0020833311797430	-0.0885303021068183	-0.3708439407833738	0.0000352874495554	-0.0020830329665847	
-0.2076060323254179	-0.3738974286414262	0.0005210012697800	-0.0020167985884900	-0.1351922024685496	-0.3552505902498997	0.0006207263013616	-0.0019882272814589	-0.0945589412590864	-0.3177098889437976	0.0006848546049296	-0.0019669529448677	
-0.0795844909943094	-0.3029808982887349	-0.0006354116273035	0.0019835595727278	-0.0111271130351689	-0.2894687684815166	-0.0007064456654014	0.0019592635996882	0.0268398067621480	-0.2552788227271282	-0.0007450456980508	0.0019448408034595	
0.3093901990215231	-0.4460140915620832	0.0011699826284064	-0.0017217913854124	0.3788862064318690	-0.4388229475159961	0.0011855231780566	-0.0017110746511717	0.4137107355665750	-0.4071719854090635	0.0011792700105897	-0.0017154118862175	
0.0270342972236540	-0.0807015641245349	-0.0020774684498520	0.0000528797468481	0.0914496756158580	-0.0733291451234493	-0.0020766622811475	0.0000784981744904	0.1288529837736642	-0.0452778690934104	-0.0020756037055593	0.0001028564811591	
0.3064624959061958	0.3550765819846218	0.0019502241782799	-0.0007196268403921	0.3762835461637599	0.3701339974175017	0.0019867476546790	-0.0006110245767555	0.4239242617935648	0.4062057920180358	0.0020164174845833	-0.0005039674554595	
-0.2321215168691453	-0.3073270227596934	0.0004733537318080	-0.0020285690284498	-0.1586084887064902	-0.2906004779341028	0.0004127710163845	-0.0020418239153699	-0.1172125728789817	-0.2541513687102232	0.0004038784897491	-0.0020436103676183	
0.1900900724419918	0.1277157378324340	-0.0020637188054230	0.0002449921938270	0.2566450226507674	0.1364170072046287	-0.0020697259947707	0.0001872604665842	0.2971377819557803	0.1652370999902529	-0.0020748274017104	0.0001175482091538	
-0.1151454909676071	-0.2404681722240136	-0.0012983157497608	0.0016267191944592	-0.0477394265593512	-0.2270388621748460	-0.0012651743246956	0.0016527547825938	-0.0096468252639160	-0.1939630429645453	-0.0012412521197156	0.0016708853310560	
-0.2326031828358364	-0.3051986935173656	0.0004168068100050	-0.0020409997882233	-0.1589925715031294	-0.2885426593509156	0.0003804008276072	-0.0020481329448501	-0.1175892398044528	-0.2520981793685962	0.0003953740563982	-0.0020452810450103	
0.1995415381650151	0.1264316726004241	-0.0020628051998917	0.0002526065395651	0.2659829288522243	0.1352654670622991	-0.0020612729939214	0.0002648785292184	0.3064687490101818	0.1641872855259870	-0.0020597843166319	0.0002762720989053	
0.0176637183904470	-0.0803558898901355	-0.0020757731960072	0.0000993595214099	0.0820886929982243	-0.0728679769642311	-0.0020735644638250	0.0001381411281149	0.1195004907855315	-0.0446984695695846	-0.0020700477272902	0.0001836516122775	
-0.2191596289423883	-0.2034465230965853	-0.0020117947660354	-0.0005222046634112	-0.1496050970562572	-0.1928282951599039	-0.0020464414063005	-0.0003624769809165	-0.1101882736936137	-0.1610693947679235	-0.0020633435665240	-0.0002481482666220	
0.2896705283425546	-0.4168215072698239	0.0011538473607379	-0.0017326998892518	0.3587023264792000	-0.4092265012394626	0.0011551901451470	-0.0017318004632677	0.3939756297297436	-0.3780098015197382	0.0011580526584057	-0.0017298780322762	
-0.2323708954379399	-0.3062232421862419	0.0004424233497065	-0.0020355734921504	-0.1588085421944757	-0.2895722955063785	0.0003941093006010	-0.0020455263516978	-0.1174021988634343	-0.2531240010797588	0.0003970720476397	-0.0020449504273434	
0.1920923744732488	-0.0002283879824025	-0.0019432679073003	0.0007382970713902	0.2587542281839577	0.0084002747190118	-0.0019722846463935	0.0006564276089784	0.2971051608090536	0.0361728619799037	-0.0020058407611527	0.0005447370802951	
0.2917428388632125	-0.4199503102452442	0.0011546158188097	-0.0017321853446373	0.3607739703428403	-0.4123565261379857	0.0011540316799425	-0.0017325765178466	0.3960537251231198	-0.3811354770707485	0.0011573714914243	-0.0017303361213477	
0.3334952595591053	-0.4833621381892710	0.0011068181170541	-0.0017632636062931	0.4036272585681604	-0.4767615985957162	0.0011195226906369	-0.0017551843875598	0.4383999095682596	-0.4448512640477736	0.0011177429164968	-0.0017563240008123	
0.3043258044818675	0.3559770347289166	0.0019722749394076	-0.0006564569196085	0.3740184810740137	0.3707098734966270	0.0020092481531421	-0.0005319671178090	0.4219726617690542	0.4065781123026468	0.0020414490161989	-0.0003897436011616	
0.0135065835223994	-0.1083948948968443	0.0020780491433102	-0.0000192640923439	0.0779321976472640	-0.1009256462439090	0.0020778702230874	-0.0000334425748180	0.1153423152323150	-0.0726937214184308	0.0020772908298843	-0.0000594805034391	
-0.0720725733647741	-0.3375863553784598	-0.0004174744182272	0.0020408626544120	-0.0034861587684096	-0.3230024960003358	-0.0004292701432669	0.0020384019245214	0.0346888374888760	-0.2884494629753802	-0.0004291604670884	0.0020384251339249	
-0.1569270358347816	-0.4575779381301466	0.0019994131237964	-0.0005679891624318	-0.0883441760224506	-0.4397824506139569	0.0019520424819810	-0.0007146549948229	-0.0499411084620661	-0.4015346886004915	0.0019271167963349	-0.0007796836051940	
0.0333253076686922	-0.0560176555112323	0.0020680114603001	-0.0002054173596587	0.0974842064518411	-0.0483259805430484	0.0020401073347934	-0.0003967412732190	0.1349088221031033	-0.0200876668687264	0.0020026997806401	-0.0005562304080190	
-0.2451648578383130	-0.3772263419539634	0.0018854423384604	0.0008761211582768	-0.1714466637727175	-0.3604158878837269	0.0019326441188822	0.0007658104051385	-0.1297781662296968	-0.3232478356217723	0.0019718354327904	0.0006577825081716	
0.2955577678018642	-0.4257186632394352	0.0011589880469803	-0.0017292483404463	0.3649293496509936	-0.4186028130794833	0.0011597332470385	-0.0017287461529494	0.4002174370565770	-0.3873805906756333	0.0011585124358217	-0.0017295686080813	
0.4034669633629802	0.0065978654232174	0.0012664734275899	-0.0016517545324758	0.4786148556235876	0.0173320371384880	0.0011586803990594	-0.0017294555265750	0.5245247322399731	0.0467208248523904	0.0009632425427419	-0.0018460218313099	
0.3077394012342609	-0.4436223626369151	0.0011743514477649	-0.0017187996767840	0.3772007150027503	-0.4364440665391533	0.0011894635233254	-0.0017083241333081	0.4124190472896763	-0.4052768388404340	0.0011820643079485	-0.0017134779358183	
-0.1201137679667080	-0.2340765377354986	-0.0012416402090200	0.0016705955170654	-0.0521943082745485	-0.2209921140340490	-0.0012102256891897	0.0016936053772560	-0.0143821561051687	-0.1873997946795644	-0.0011838680841007	0.0017122259370115	
-0.0689011658447387	-0.3573348993461721	-0.0001179866051016	0.0020799728958797	0.0001635977861562	-0.3437245245580934	-0.0001861215285910	0.0020749609952353	0.0381859566065452	-0.3073390886667576	-0.0002745469734058	0.0020650724892527	
0.2973166294395095	0.3576891206037250	0.0020489623913177	-0.0003478698367136	0.3667857081069255	0.3718555969905232	0.0020710273545972	-0.0001721943540188	0.4145699571691961	0.4072189128959145	0.0020778695131392	-0.0000334868771400	
0.3606231643446856	0.2391232648045037	-0.0020767137656169	-0.0000771171740151	0.4333145387902448	0.2519308680213895	-0.0020748575994694	-0.0001170112941076	0.4811576703415226	0.2839341807873188	-0.0020740584285505	-0.0001304758030108	
0.4830596393325559	0.2954535144505233	-0.0019936689547790	0.0005879315054047	0.5621988454190647	0.3129107369837230	-0.0020646135217419	0.0002372951689697	0.6161584572945067	0.3477494082568773	-0.0020780517190285	0.0000189828005674	
-0.1558212646729369	-0.1936965687400197	-0.0016738591633928	0.0012346848768537	-0.0883559589313083	-0.1813002923152318	-0.0017037923435015	0.0011928272058757	-0.0500056324601107	-0.1491520778768252	-0.0017165821139208	0.0011742537786132	
0.2942683547992473	-0.4238127439998441	0.0011574112540354	-0.0017303093914818	0.3636649705513819	-0.4166728114206383	0.0011550765773674	-0.0017318765920051	0.3989520698392273	-0.3854506997480121	0.0011561637094041	-0.0017311474020875	
-0.0714707715563893	-0.3405747669303805	-0.0004047339734082	0.0020434402650410	-0.0028635502208019	-0.3259832300425085	-0.0004215898173608	0.0020400122555864	0.0353584974825110	-0.2916597377420689	-0.0004210149145730	0.0020401315751340	
-0.0703058797767594	-0.3468018504160728	-0.0003647689240549	0.0020509888581802	-0.0016367088979813	-0.3321947032642734	-0.0003923250124515	0.0020458710384119	0.0365931221838204	-0.2978674255537060	-0.0003892707731248	0.0020464572893714	
-0.1579363145943175	-0.4572680793000979	0.0019919332411695	-0.0005938147451668	-0.0893414110347919	-0.4394223488438379	0.0019397903308768	-0.0007474314684038	-0.0509292875976284	-0.4011547419427016	0.0019120018429842	-0.0008162261491283	
0.2859599122554550	-0.4113104673827984	0.0011567030954278	-0.0017307852421048	0.3553602921129475	-0.4041675430671000	0.0011531311633810	-0.0017331789952918	0.3906338261981930	-0.3729541534627780	0.0011497658941624	-0.0017354244714426	
-0.1086056016395283	-0.2485334911265963	-0.0013012364476623	0.0016243721313134	-0.0408306023146647	-0.2356822263139962	-0.0013095638926299	0.0016176324311995	-0.0032437191777475	-0.2021899712168931	-0.0013042579386350	0.0016219349344620	
-0.0789095923958225	-0.3051899359490849	-0.0005744920764677	0.0020021449406491	-0.0103669902842634	-0.2916584783276420	-0.0006445459390128	0.0019805954954118	0.0274834276044431	-0.2571173527659973	-0.0006965771842606	0.0019628114715004	
-0.0776050941062677	-0.3103370430808904	-0.0004548896595570	0.0020328101876750	-0.0089035977515247	-0.2967524392445813	-0.0005072785125196	0.0020203113677712	0.0291911919711088	-0.2624712364129461	-0.0005507056638709	0.0020088511070853	
