-0.2253617514689529	-0.1514382002279195	0.0020106941489755	0.0005264476176995	-0.1179406786741310	-0.1689712615454742	0.0008695168943628	0.0018922032461326	-0.0030266649412526	-0.1876132254219958	0.0016113304099281	0.0013156344218506	
0.1757899912532571	0.0435236643243296	0.0015752994232029	0.0013587811280221	0.2806719070844828	0.0256331022737135	0.0020122607816117	0.0005203970117516	0.3992188563092547	0.0193779131012812	0.0018921578061380	0.0008614481597867	
0.1728888207518751	0.0403073195276150	0.0011894323853888	0.0017083459219916	0.2762434310221237	0.0243101514060373	0.0019609290920612	0.0006897714305458	0.3959870191785555	0.0175632031693368	0.0017158245742355	0.0011753659591983	
-0.2205602535710908	-0.1495070056142853	0.0017929115681283	0.0010534007482290	-0.1167464359227447	-0.1655356601162766	0.0004717106329431	0.0020289536493589	0.0000746006147760	-0.1844264928357108	0.0012670253056802	0.0016513291172448	
0.1742504875016432	0.0419735632838628	0.0013857991507532	0.0015524897076544	0.2784623488981495	0.0250229138694235	0.0019930841446299	0.0005899208597451	0.3979646120279456	0.0187479611799507	0.0018381844170336	0.0009718230799561	
0.2949049710189137	-0.0340052157579819	-0.0015644593446610	-0.0013713102400237	0.4023476950657496	-0.0469749345170214	-0.0006024092403736	-0.0019938816746037	0.5396980169123564	-0.0576611748200640	-0.0010379308878620	-0.0018048778390882	
-0.2465420955880801	-0.1214789583924463	-0.0016741312814060	-0.0012343140344687	-0.1441846910382175	-0.1386022093079339	-0.0004013661939411	-0.0020441077454939	-0.0260397477324255	-0.1562179401856041	-0.0008938276454607	-0.0018807844866943	
-0.5313893061849106	-0.0451517423309262	-0.0018737971727165	0.0009008797975318	-0.4050883358336236	-0.0698232302365674	0.0020243201757139	0.0004710526843202	-0.2780848891757176	-0.0864330462179078	0.0020305010755725	-0.0004435118019240	
0.1713247316005040	0.0375691050582393	0.0009009736566479	0.0018773546299767	0.2744723546893535	0.0236348408567963	0.0019175322340820	0.0008030817386039	0.3931983452171675	0.0151831564926114	0.0014178264146771	0.0015231488151072	
0.1720203687836660	0.0388515098202769	0.0010367225628304	0.0018055756477296	0.2753444390360167	0.0239777842613250	0.0019410827559894	0.0007440517133144	0.3948272135030555	0.0166905612860787	0.0016092434782592	0.0013181990354998	
0.1697636519117462	0.0332023160844290	0.0005112800720239	0.0020192973518957	0.2711651770106597	0.0219227566319709	0.0017562043534069	0.0011138148417093	0.3901949427829770	0.0107077907224299	0.0009164929881353	0.0018697896495980	
-0.2265989904288683	-0.1517456678541395	0.0020331028225194	0.0004313668056163	-0.1183620482645326	-0.1698364657397585	0.0009878648638726	0.0018328980616298	-0.0049437909365410	-0.1889661045852425	0.0017758295129556	0.0010820904567469	
-0.6619019794372625	0.1151772210999039	-0.0020768327310155	0.0000738272069330	-0.6639650866371998	-0.1406177901812992	0.0020781379883549	-0.0000000056135974	-0.5928174192546396	-0.1833608110672906	-0.0001058820554880	-0.0020806274637681	
0.1701345958774085	0.0344824921961063	0.0006190036468311	0.0019887669648878	0.2719272900130237	0.0223731947172673	0.0018054268555552	0.0010316944528667	0.3913509944703326	0.0127868496073733	0.0011313845058944	0.0017475235972386	
0.2929710524589348	-0.0352969217582442	-0.0018010011094087	-0.0010394395048173	0.4017834376918408	-0.0487801675136454	-0.0007776935825956	-0.0019319530669195	0.5385089175638611	-0.0596898870424062	-0.0011357097022353	-0.0017447016953936	
0.2921007055391907	-0.0357681982750044	-0.0018766774539670	-0.0008948340115516	0.4015793372954284	-0.0492454338377263	-0.0008250515415727	-0.0019121087643901	0.5381186430312852	-0.0602651744312873	-0.0011961935572556	-0.0017035948500837	
0.1724550596469618	0.0396054021973542	0.0011144561282214	0.0017584218751940	0.2762434310221237	0.0243101514060373	0.0019609290920612	0.0006897714305458	0.3955027679293539	0.0171823223860910	0.0016721485365429	0.0012370121949154	
