0.4773836694733948	-0.3813339212424660	0.0004162868852619	0.0020411064278940	0.3972119506604588	-0.3897022778599527	0.0008104135899702	0.0019183898548579	0.3034389526215236	-0.3937587617841630	0.0005960189194565	0.0019958108157902	
-0.4031442531644036	-0.0599943765842347	0.0020768585922024	-0.0000730924026675	-0.4894070090340813	-0.0605422510804998	0.0020761026525269	-0.0000921824498783	-0.6026540734622393	-0.0665091606099834	0.0020761760082364	-0.0000905068276317	
0.2483381646544127	0.0718941547463098	0.0020722860615018	-0.0001562356222827	0.1797480335005205	0.0633351518719398	0.0020681063518707	-0.0002044549927670	0.0966283327566024	0.0509795643329758	0.0020620781735844	-0.0002585033380728	
-0.2167704127253021	0.0541624596991936	0.0000407953730537	0.0020829318720499	-0.2888851220502678	0.0520840807517018	0.0000819982015089	0.0020817109338663	-0.3844448207667737	0.0479160790150113	0.0001303491007983	0.0020792310667806	
-0.2145284129770503	0.1229351672644316	0.0000773265664322	0.0020818905940373	-0.2854434169383652	0.1218589767168820	0.0001068552079054	0.0020805774632975	-0.3795142593797843	0.1208516104387306	0.0001403967749314	0.0020785735117862	
-0.2470937933604514	-0.0395849174607011	-0.0000741632621677	-0.0020820062567147	-0.3219033685177357	-0.0447976994542110	-0.0001131682192655	-0.0020802419610836	-0.4214813268578229	-0.0510598708613062	-0.0001529976782965	-0.0020776795471063	
0.1580604729464896	0.0613457380150207	0.0013266631438608	0.0016035683661115	0.0895059786813712	0.0509537659233372	0.0009706429774115	0.0018421219722939	0.0061791864631598	0.0417065459932511	0.0011191240429775	0.0017554398689070	
-0.2142030570859840	0.1312568649551559	0.0000875709318359	0.0020814828172256	-0.2850012167009054	0.1302246694386739	0.0001140760260902	0.0020801921281500	-0.3788558650602898	0.1301793886444884	0.0001491306406562	0.0020779621004859	
-0.2443356772979906	0.0270884055002711	-0.0000947966576885	-0.0020811646699078	-0.3179468202560684	0.0239579018864138	-0.0001266758169739	-0.0020794592280366	-0.4160214488867364	0.0198206131818269	-0.0001646087304684	-0.0020767874455780	
-0.2132582952341504	0.1552181169172508	0.0000642224155891	0.0020823382556016	-0.2835687316983193	0.1552020386028605	0.0001119627026151	0.0020803075191950	-0.3769520428484863	0.1551890543658501	0.0001476516824816	0.0020780682416815	
0.1530287094628013	0.0052768197427513	-0.0001372474130844	0.0020787848910811	0.0863148022736255	-0.0051878634076203	-0.0002101063791021	0.0020726582178163	0.0014463526818499	-0.0144848880511183	-0.0001451214420273	0.0020782473654622	
-0.2112165440951244	0.2270941106368842	0.0000092629598382	0.0020833126375569	-0.2801036555722349	0.2280969153187721	0.0000751987584233	0.0020819689274579	-0.3718363706940214	0.2312374309721972	0.0001289468455724	0.0020793189386021	
0.1527599444007995	0.0114612976113327	-0.0000613092414454	0.0020824265022044	0.0859709013315594	0.0009868697775767	-0.0000539963951887	0.0020826299649262	0.0012704498374494	-0.0093340323609543	-0.0000311399948947	0.0020830994272811	
-0.2404459170395647	0.1697947155075106	-0.0000672110701863	-0.0020822434619778	-0.3113912148334100	0.1708249378047937	-0.0001068723946497	-0.0020805765761226	-0.4060129214118854	0.1718618657697063	-0.0001533607385616	-0.0020776526459127	
-0.2405442661740597	0.2300032494847374	0.0006706822252420	-0.0019718547730359	-0.3094238229328580	0.2333846637737426	0.0003790422535007	-0.0020483860682822	-0.4022134170532028	0.2364442699399765	0.0002215310816442	-0.0020714623025335	
0.2410503545233309	-0.0192136577944993	-0.0020768755969640	-0.0000726051820497	0.1704139474192267	-0.0269709763181626	-0.0020779976650728	-0.0000242099625190	0.0852209817613084	-0.0383104167931368	-0.0020781279797618	-0.0000064658068352	
-0.2408902547723522	0.1572865731891653	-0.0000811789903706	-0.0020817432017351	-0.3121198409170613	0.1583563769032044	-0.0001307062118811	-0.0020792085361042	-0.4069713704006783	0.1593487870766758	-0.0001662254733959	-0.0020766580225302	
0.4521624802613027	-0.4750740640453313	0.0007317438814899	0.0019499097613947	0.3727623984907080	-0.4821876401028105	0.0007407667785399	0.0019464827897755	0.2797969781648779	-0.4865536853542182	0.0006392501383174	0.0019823196716821	
-0.2700760580551229	0.1125777907814592	-0.0008575373223117	0.0018976896667422	-0.3417984775737924	0.1135826662502999	-0.0006451898621944	0.0019803847777694	-0.4385757624664433	0.1134872356026096	-0.0005835981566056	0.0019994964132688	
0.2062779916285913	-0.1395842380978298	0.0000627890204370	-0.0020823821886831	0.1354963261574250	-0.1500165948564627	0.0000260850243476	-0.0020831692064946	0.0472119840733611	-0.1604334598042700	0.0000138608765329	-0.0020832869922455	
-0.2223189720273135	-0.0927129907770353	0.0002237395696399	0.0020712237380131	-0.2974040836551666	-0.0999546195789815	0.0003535787076220	0.0020529573800788	-0.3959182593552499	-0.1083270361441563	0.0003232649721252	0.0020579733674752	
0.4551872637366858	-0.4656640449892194	0.0005556928901531	0.0020074703700688	0.3760215991685341	-0.4728619427514245	0.0005956259077648	0.0019959287280244	0.2826196367240571	-0.4770802103638432	0.0005204171046695	0.0020169501611142	
-0.2755546758289161	-0.0570230448750782	0.0012812210993943	0.0016402842360915	-0.3542565148519843	-0.0615902776469886	0.0019269259962966	0.0007801573925014	-0.4543823068512657	-0.0693991267826004	0.0020401647629157	0.0003964443749558	
0.1904296649227200	-0.4676896252145227	0.0000785221815474	-0.0020818456180952	0.1207390986170633	-0.4791601687474917	0.0000528312041649	-0.0020826599983000	0.0333948953147398	-0.4916642340908429	0.0000175636222642	-0.0020832589259664	
0.1906493327965906	-0.4749813325118007	0.0000477696308717	-0.0020827828538266	0.1209192117032601	-0.4864515448507404	0.0000476543550089	-0.0020827855077625	0.0334379922291580	-0.4989576793227131	0.0000056845900978	-0.0020833255389973	
0.3829238001745550	-0.4741061360069120	0.0005274472796266	0.0020151139925757	0.3075646267560547	-0.4822915854234874	0.0014231331482434	0.0015181668624317	0.2204006467685914	-0.4895499625548345	0.0002243865771904	0.0020711533937377	
-0.2199095130163660	-0.0406319137805535	0.0000483450655458	0.0020827695099508	-0.2938014676730168	-0.0458423250019529	0.0000801830362750	0.0020817819942760	-0.3915099502936809	-0.0531368978778519	0.0001180750286025	0.0020799678530450	
0.2315437121970463	0.3067573098343860	-0.0019001899463923	-0.0008434926017661	0.1632123078060593	0.2945316972542641	-0.0019299367225896	-0.0007726418748122	0.0809515954089016	0.2805795958098836	-0.0019554473705892	-0.0007052379654754	
-0.2672860526604001	0.1009656601923308	-0.0002448644102819	0.0020688206859747	-0.3397307876384593	0.1010482291210398	-0.0001085059001167	0.0020804916020454	-0.4368241013943551	0.0999844497589959	-0.0000147763614956	0.0020832806685250	
-0.2427781694833342	0.0801949106720686	-0.0000601799438715	-0.0020824596085807	-0.3153077873881933	0.0791867927193838	-0.0000836207884574	-0.0020816460639675	-0.4120401934954497	0.0770553220542894	-0.0001306391010808	-0.0020792127749480	
0.2063082514701055	-0.1697134267381306	0.0000048335460248	-0.0020833276980947	0.1350740370890278	-0.1802074317531842	-0.0000057443649759	-0.0020833253742164	0.0466900087002693	-0.1906123909597205	-0.0000191993614987	-0.0020832444208289	
-0.2764012698273824	-0.0862978589996277	-0.0020767863135908	-0.0000751280373055	-0.3553497335149804	-0.0889039094946060	-0.0020779806950819	-0.0000256320556242	-0.4561508702417935	-0.0968448143239942	-0.0020781327665187	-0.0000046703371592	
0.2063525576446124	-0.1426967581073897	0.0000530731618447	-0.0020826538156550	0.1355166159174318	-0.1531550304507955	0.0000069506452495	-0.0020833216805019	0.0472246369622625	-0.1635732292976704	-0.0000041838233696	-0.0020833291112468	
-0.2141609686871735	0.1322967833665414	0.0000884778558212	0.0020814442717078	-0.2849432095193593	0.1312632833036755	0.0001154529701164	0.0020801157802437	-0.3787781259179463	0.1312150000308934	0.0001509608946400	0.0020778292753921	
-0.2675491786096896	0.0354665194173650	0.0001094442088098	0.0020804422072960	-0.3414826098750166	0.0332819400372593	0.0001521192038101	0.0020777443730456	-0.4402694394001237	0.0301645277500671	0.0001835480843948	0.0020751913691114	
-0.2568375257515988	-0.0830201841170152	-0.0017988042591057	-0.0010432556294042	-0.3347131230685013	-0.0871352903975314	-0.0019561971364815	-0.0007031451399927	-0.4351990341412676	-0.0952727591685555	-0.0019528474538403	-0.0007124413651909	
-0.2461647813840861	-0.0166681762346715	-0.0000910074093869	-0.0020813346597092	-0.3205113231906503	-0.0208156326305172	-0.0001279643805467	-0.0020793799360224	-0.4194575799341541	-0.0260618451078542	-0.0001706755004603	-0.0020762952147093	
0.0929037819522968	-0.3656427338541411	0.0000288462786560	0.0020831326180169	0.0258148544457930	-0.3781186482252566	0.0000470827802204	0.0020827985720632	-0.0592625234223602	-0.3927065004832933	0.0000783591658515	0.0020818517910107	
-0.2464312809443232	-0.0229144032875341	-0.0000888303264999	-0.0020814291838589	-0.3208908198025561	-0.0270892690030698	-0.0001259673536618	-0.0020795024802930	-0.4200686157411339	-0.0333163255816438	-0.0001743860466355	-0.0020759853183452	
-0.3844555031238764	-0.0604330530257558	0.0020777663706925	-0.0000393971976729	-0.4696560034261222	-0.0612334250487827	0.0020771098524091	-0.0000655251646273	-0.5808318345255958	-0.0674149857616137	0.0020762976663086	-0.0000876571436832	
0.2811378235161786	0.0022070345850073	-0.0002372595598143	-0.0020697110587556	0.2109200743313310	-0.0104121713570453	-0.0005068672016213	-0.0020204151158075	0.1244775149971800	-0.0217874931376994	-0.0005102532122714	-0.0020195583720709	
0.1534697323470661	0.0009403115159361	-0.0002816837534589	0.0020641062996414	0.0868154903769572	-0.0085096202968215	-0.0004124040155280	0.0020418984444414	0.0019551347297004	-0.0187930370646548	-0.0003767146379293	0.0020488175621059	
-0.2439278274682435	0.0364508959220424	-0.0000853120073052	-0.0020815770951387	-0.3173011467959413	0.0343937829917405	-0.0001255625866320	-0.0020795270823586	-0.4151815275165310	0.0301775032968937	-0.0001655913304174	-0.0020767089385002	
0.1714201833957778	-0.0168615951996495	-0.0020745859042367	0.0001217566052950	0.1028987492510356	-0.0237788186904327	-0.0020709245170994	0.0001734329147671	0.0187238149331128	-0.0342445747546787	-0.0020713176957137	0.0001686480995649	
-0.2689005055561121	-0.0031647369567913	0.0000261415994405	0.0020831684937540	-0.3432443743746905	-0.0061944248578270	0.0000811268655634	0.0020817452438964	-0.4428793639928384	-0.0114225611290369	0.0001254719025821	0.0020795325833113	
0.2724667354837316	-0.0150814068015003	-0.0016813458595942	-0.0012244188786648	0.2004115340235634	-0.0245552894052195	-0.0019055082609409	-0.0008313474262246	0.1153295901323652	-0.0353976884842247	-0.0017877656605447	-0.0010621540447633	
0.0927295013905988	-0.3937389789187359	0.0000099876135139	0.0020833092727602	0.0252278220167569	-0.4072859317239103	0.0000566771795035	0.0020825583769755	-0.0602412101000147	-0.4218747522745480	0.0000762796716807	0.0020819294080632	
-0.2450781427266774	0.0093707769449204	-0.0000804922968259	-0.0020817699998766	-0.3189434521492261	0.0062477158566839	-0.0001100297344162	-0.0020804111677608	-0.4173867984786657	0.0010213417215958	-0.0001453792350385	-0.0020782292578282	
-0.2170927123301039	0.0406229785630747	0.0000622346618097	0.0020823989134348	-0.2895276578444332	0.0374800732801830	0.0001057781167502	0.0020806327770208	-0.3854287130579691	0.0333282101656223	0.0001496468473653	0.0020779248032576	
0.2535333612151059	-0.0187201931045910	-0.0020769108450307	-0.0000715846808962	0.1828900495647222	-0.0266566731379831	-0.0020774718735762	-0.0000527443934603	0.0966500416517445	-0.0381743240983619	-0.0020779417739754	-0.0000286280483623	
-0.3594977984918554	-0.0608006310509953	0.0020780569161833	-0.0000184021369052	-0.4426267327521537	-0.0619663533756146	0.0020777853660530	-0.0000383771781994	-0.5517537364282987	-0.0683543921226960	0.0020776422063600	-0.0000455046778812	
-0.2112267687848696	0.2322990539432272	-0.0000186691846639	0.0020832492636387	-0.2799067887872587	0.2343951522364344	0.0000516656662976	0.0020826893847415	-0.3715392743534757	0.2364246601327956	0.0001164126372410	0.0020800620258681	
-0.2429381916089092	0.0739505969127098	-0.0000464757077852	-0.0020828122750038	-0.3155538281172177	0.0729010454937779	-0.0000797925617093	-0.0020817970724392	-0.4124117393764762	0.0708271816834679	-0.0001226008661694	-0.0020797046801377	
-0.4395047554429167	-0.0577636749854935	0.0020658532601250	0.0002261916521700	-0.5289030151890797	-0.0581179040306042	0.0020609824257008	0.0002671412138389	-0.6473408357950292	-0.0633957178971260	0.0020573245353814	0.0002941158938662	
0.0930127286424104	-0.3603769373715349	0.0000631269635174	0.0020823719202585	0.0259633856507915	-0.3729157995288045	0.0000673992110798	0.0020822373501750	-0.0590456896145062	-0.3875127241888995	0.0000926745948911	0.0020812607238542	
-0.2746996849409254	-0.0558200915260007	0.0009945383469847	0.0018292674871710	-0.3521357871281008	-0.0605661192738765	0.0017939753751065	0.0010515789453884	-0.4528655959623259	-0.0689266772611265	0.0019110794693467	0.0008183942140094	
0.4680993520037167	-0.4147720338168713	0.0005630601537912	0.0020054061623090	0.3884677952476505	-0.4218271380373058	0.0005322631062544	0.0020138409750466	0.2941178197901316	-0.4271037255244225	0.0005297686022080	0.0020145019180782	
-0.2683557069590447	0.0208827602116642	0.0000991373580240	0.0020809614026975	-0.3424901997144868	0.0186777262855291	0.0001174515978365	0.0020800033267609	-0.4415652569400118	0.0145766432771418	0.0001519521801155	0.0020777566558915	
-0.2405439178170828	0.1666722082212191	-0.0000693881933060	-0.0020821716914579	-0.3115604603637880	0.1677031963173899	-0.0001128817581640	-0.0020802576031241	-0.4062422360198693	0.1687481273343648	-0.0001574111746915	-0.0020773481782326	
0.2265168839030205	0.0728923603121678	0.0020777542533190	-0.0000400343010988	0.1569026748114967	0.0647222610463831	0.0020773063309515	-0.0000589339222649	0.0727323505044621	0.0530543194638647	0.0020753592705101	-0.0001076994712222	
-0.4500135698537711	-0.0589443195719799	0.0020666810469701	0.0002184597910533	-0.5403330253487219	-0.0592990349516485	0.0020698939094425	0.0001853858127493	-0.6598061805417897	-0.0647001549635414	0.0020759881561098	0.0000947385009129	
-0.2202377843108614	-0.0552094647670384	0.0000512315100756	0.0020827001633483	-0.2944029427632086	-0.0604015630764566	0.0000880203838973	0.0020814637646219	-0.3924554066624105	-0.0687682878604597	0.0001280995921151	0.0020793715690542	
-0.2113800766531961	0.2156474113745276	0.0000423063101532	0.0020829015803905	-0.2805550659141630	0.2166671348343913	0.0000911338178860	0.0020813291008975	-0.3726107671756373	0.2187129909380912	0.0001291912742322	0.0020793036902286	
-0.2205748842975602	-0.0677008713921534	0.0000706565242453	0.0020821288241689	-0.2950383504287120	-0.0739609017100639	0.0001194100625455	0.0020798912548035	-0.3932407288094155	-0.0812209888219799	0.0001510106827480	0.0020778256394163	
-0.2118914939723345	0.1958308616610207	0.0000676411332543	0.0020822294661395	-0.2814776313432920	0.1968702654749980	0.0001068480218322	0.0020805778341981	-0.3739977233403791	0.1979123399188664	0.0001536703602204	0.0020776296536386	
-0.2123101431360915	0.2488790829581580	-0.0004477649634863	0.0020343993204027	-0.2800363985386830	0.2510963031968019	-0.0001723473701148	0.0020761564146434	-0.3710057314595294	0.2541631897724796	-0.0000678771969288	0.0020822217457682	
-0.2670327191114140	0.0531253765625752	0.0000326950521993	0.0020830754810679	-0.3405336359357158	0.0520879671478979	0.0000658404742532	0.0020822874700180	-0.4389208487150098	0.0489660959388487	0.0001155215966867	0.0020801119510431	
-0.2421290336407947	0.1104184887704983	0.0000022351423729	-0.0020833321283237	-0.3140833128463770	0.1104365794980590	-0.0000452646500920	-0.0020828390797134	-0.4099876162799960	0.1093425572036522	-0.0000945930094684	-0.0020811739824499	
0.2817759572150254	0.0427266361661076	0.0000697905512867	-0.0020821581766719	0.2130201021120062	0.0302089243857800	0.0000193736423794	-0.0020832427992730	0.1269676360248586	0.0177174719591928	0.0000001248576257	-0.0020833333295731	
0.0932759134666906	-0.3530974387578306	0.0000844855682223	0.0020816109705880	0.0262702779619932	-0.3656531071561248	0.0001095799411254	0.0020804350267227	-0.0586146026870495	-0.3801625356443093	0.0001327632126553	0.0020790775518549	
-0.2898782410527733	0.2772149825687216	-0.0020415036953923	0.0003894556514257	-0.3616068909834592	0.2864054940740600	-0.0020264171483271	0.0004619023940812	-0.4562392661577745	0.2944263963427243	-0.0020111696268811	0.0005246191126217	
-0.3605380354278016	-0.0607957123228085	0.0020780454712865	-0.0000196581518373	-0.4436674803022365	-0.0619398395851831	0.0020777623085536	-0.0000396119177288	-0.5527928446222435	-0.0683370940009196	0.0020776123903709	-0.0000468528438211	
-0.2689806437414253	-0.0073168772640915	0.0000544002670953	0.0020826194019254	-0.3434434777053856	-0.0105012578889898	0.0001162354573293	0.0020800719839438	-0.4431466406084161	-0.0155459961139261	0.0001528874040389	0.0020776877052583	
0.1529406457734347	0.0468423058805995	0.0001926598013254	0.0020743611444851	0.0863111541460021	0.0364501126958203	0.0001259786357497	0.0020795017934202	0.0020530158206281	0.0260450066611962	0.0001554187995673	0.0020774989406817	
-0.2469387805883246	-0.0354190881138599	-0.0000785348286335	-0.0020818451386509	-0.3216144930977914	-0.0395964441087218	-0.0001159684735787	-0.0020800869605440	-0.4211652919991221	-0.0468582064442067	-0.0001590847209609	-0.0020772200488676	
-0.2196728500462043	-0.0312375441898129	0.0000604800872235	0.0020824508697112	-0.2934227036940806	-0.0364426382732918	0.0000904646042845	0.0020813584416859	-0.3908898723736446	-0.0426960921773716	0.0001336513938705	0.0020790203600679	
-0.2174642707485017	0.0302217707750989	0.0000770129341968	0.0020819022776575	-0.2900971207312393	0.0270956265722708	0.0001118805326682	0.0020803119621073	-0.3862131849799750	0.0228896761286381	0.0001524287819870	0.0020777215709320	
-0.3377356056415495	-0.0609495658333540	0.0020780380732777	-0.0000204289892569	-0.4197952818202395	-0.0622978531935089	0.0020777759302984	-0.0000388872082125	-0.5257638370322320	-0.0689105242017365	0.0020771067906360	-0.0000656226343883	
-0.2182972519325289	0.0031289324418533	0.0000684154479097	0.0020822040417892	-0.2913870967597774	-0.0010126241442888	0.0001060350731670	0.0020806196321243	-0.3881068248875878	-0.0062917899052750	0.0001478908324633	0.0020780511505402	
-0.2474815120325746	-0.0499972391000607	-0.0000857137937945	-0.0020815605067211	-0.3225024896848089	-0.0551946751085918	-0.0001290482560397	-0.0020793126157567	-0.4223502489898876	-0.0624710643646686	-0.0001671195749564	-0.0020765859014562	
-0.2118584965166060	0.1968712816949295	0.0000662224063527	0.0020822752978966	-0.2814225815348866	0.1979092547563459	0.0001054938546571	0.0020806472815171	-0.3739233882692066	0.1989490104377257	0.0001521034190601	0.0020777455344293	
0.1725042903983517	0.0686747318261087	0.0020405953467140	0.0003942109038549	0.1049857960484563	0.0613048636701171	0.0020385972376600	0.0004044671960173	0.0218849012471058	0.0507567134871892	0.0020480518860922	0.0003532172862178	
-0.2200928305662306	-0.0489625493193113	0.0000486036437438	0.0020827634616675	-0.2941346051632314	-0.0541634016494085	0.0000836229488039	0.0020816459767497	-0.3920045879828010	-0.0614421889399726	0.0001239455471958	0.0020796245744362	
0.2072774413908764	-0.0521466052625183	0.0000386192418534	-0.0020829735632950	0.1376024663594518	-0.0635938334765184	0.0000115826399408	-0.0020833009740802	0.0504435659484095	-0.0738976496567005	-0.0000288280183598	-0.0020831328720626	
0.2063446963294153	-0.1634664417130118	-0.0000276849902606	-0.0020831484541454	0.1351396738551647	-0.1739696572188341	-0.0000365042603979	-0.0020830118928170	0.0467766773414702	-0.1843783697842862	-0.0000450948635037	-0.0020828427810615	
-0.2690097019529511	-0.0083532691152053	0.0000622588687294	0.0020823981862225	-0.3435098989796970	-0.0115318054754880	0.0001242400624797	0.0020796069124271	-0.4432363516683707	-0.0167395461082852	0.0001601029783880	0.0020771414224998	
-0.4674718771877012	0.3942300220657248	0.0020043421344044	-0.0005502529785461	-0.5475998496760466	0.4155869432130864	0.0019714208334787	-0.0006590302602800	-0.6598439158909297	0.4392573590647731	0.0020605431211781	-0.0002705255945104	
-0.2147196468529211	0.1176945407377619	0.0000735124623773	0.0020820294525935	-0.2857121551092614	0.1166648289313288	0.0001065049610587	0.0020805955117750	-0.3798786894933661	0.1155932967933903	0.0001430262818110	0.0020783933338157	
0.2546075516431853	0.0713093437095140	0.0020663626222998	-0.0002214663223054	0.1860049043938111	0.0626263730221612	0.0020609157812096	-0.0002676574399606	0.1028783666906546	0.0500806826111823	0.0020506213275467	-0.0003379029862171	
0.2244390972910055	0.0729285543581891	0.0020778944279929	-0.0000318953341652	0.1548279558321993	0.0647762894384688	0.0020774460802805	-0.0000537557121028	0.0706580851675818	0.0531574986745069	0.0020759042917332	-0.0000965677098355	
-0.2629365180098576	-0.0851963879648029	-0.0020394529839060	-0.0004001080676442	-0.3408307433313806	-0.0883982669612660	-0.0020683724585297	-0.0002017314772376	-0.4416267497253598	-0.0965519157500863	-0.0020721353761921	-0.0001582314744870	
-0.2189376158365491	-0.0125201654863888	0.0000937305104168	0.0020812132008141	-0.2923532181895198	-0.0166359592710708	0.0001340741931228	0.0020789930006425	-0.3894116997889963	-0.0229405828507642	0.0001703931473286	0.0020763185214549	
0.2421210832475517	0.3114048482914672	-0.0019091627920375	-0.0008228778267785	0.1735902900824319	0.2987413417715804	-0.0019253220501248	-0.0007841270867605	0.0914263902222838	0.2844206181183602	-0.0019565272049371	-0.0007022215858321	
-0.2493151070319696	-0.0718901294494860	-0.0004434179066556	-0.0020353559914088	-0.3254147127145226	-0.0780478214619058	-0.0007397879049841	-0.0019468568982226	-0.4255646312479284	-0.0856009702645106	-0.0007177069078646	-0.0019551459886050	
0.1623743107410851	0.0651623433812929	0.0017634821190269	0.0011021977186727	0.0935396143984630	0.0562216941286193	0.0015356909046309	0.0014036113246810	0.0101409999660720	0.0461673174286595	0.0016133891138329	0.0013130963232289	
-0.3044935052205166	-0.0619992528800891	0.0020761257621100	-0.0000916578824593	-0.3844375743246439	-0.0637557160267563	0.0020742326150683	-0.0001276626076887	-0.4873176947907166	-0.0709364182860170	0.0020742032022013	-0.0001281419901608	
-0.2164361729262677	0.0687559888186957	0.0000579970608362	0.0020825218556822	-0.2883049272683168	0.0666841717217830	0.0000919068937598	0.0020812949366869	-0.3835026418060139	0.0635462192789880	0.0001261352464998	0.0020794922523126	
0.2690003239790711	0.0684272113091421	0.0019308355838697	-0.0007703815903776	0.2017868054426002	0.0587846601962758	0.0018616793020227	-0.0009257845556710	0.1165111812194124	0.0461004338380927	0.0018210851445792	-0.0010036554146006	
0.4736157960446277	-0.3904986675063128	0.0010614773799694	0.0017910619297951	0.3928907716433030	-0.3980122022178734	0.0007903004985372	0.0019268046402806	0.2991391147532975	-0.4030473134608641	0.0009222585296496	0.0018669383659574	
0.4754061775220397	-0.3872782523312788	0.0008950013702134	0.0018802234392244	0.3946992429370624	-0.3946965391778718	0.0010231586990819	0.0018133348402370	0.3009295385478430	-0.3997808328070144	0.0009583786908686	0.0018485642735730	
0.0927520613805294	-0.3906123061660875	0.0000058837426401	0.0020833249833000	0.0253235097386286	-0.4031128441768025	0.0000443283385779	0.0020828593180739	-0.0601363704957495	-0.4187476240553074	0.0000651206563354	0.0020823102189377	
0.1885591050850303	-0.4333505866930211	-0.0000094166074531	-0.0020833119452845	0.1193732151353603	-0.4447969489159899	0.0001008484884806	-0.0020808787673711	0.0327359422476008	-0.4562626860765315	0.0000607233508103	-0.0020824437550080	
-0.4259673334276754	-0.0579757586565894	0.0020637057263531	-0.0002451028930105	-0.5142763596382361	-0.0579114511076437	0.0020630667955900	-0.0002504502948044	-0.6296739959131723	-0.0635315468011957	0.0020526600038016	-0.0003252249794880	
-0.3283701773864814	-0.0610868846926482	0.0020776446420100	-0.0000453927771496	-0.4093911706412517	-0.0625473284088481	0.0020771085965011	-0.0000655651632714	-0.5153861266280506	-0.0692828263992446	0.0020764859816310	-0.0000830531576502	
-0.2417380934761466	0.1374617654278153	-0.0000819723644551	-0.0020817119565166	-0.3133383584677286	0.1374415452378847	-0.0001010099651773	-0.0020808708960141	-0.4086691783255150	0.1375446404556152	-0.0001431362553035	-0.0020783857250779	
-0.2133672487259297	0.1520990753928277	0.0000704386866212	0.0020821362419765	-0.2837453139740087	0.1520886594600772	0.0001167103227018	0.0020800452607389	-0.3771829629855255	0.1520834138332246	0.0001541905187039	0.0020775909220892	
0.4673524076369113	-0.4176303671087661	0.0005398356375745	0.0020118141882921	0.3876518247377736	-0.4250244864738181	0.0004874957689929	0.0020252002140633	0.2935242506772495	-0.4293234709266470	0.0005009495898796	0.0020218978622271	
-0.2668844082950531	0.0635528698491554	0.0000201290767505	0.0020832356010821	-0.3402024113120898	0.0624834295294716	0.0000656403505647	0.0020822938197930	-0.4382828309517927	0.0604175313905547	0.0001213972046503	0.0020797756412571	
0.1528278498112863	0.0093915934542039	-0.0000783870510594	0.0020818507359923	0.0860400331941110	-0.0010872643779101	-0.0000874563770072	0.0020814876576635	0.0012824270440884	-0.0103709125068084	-0.0000461885102019	0.0020828186956807	
-0.6639650564108739	0.3486091215280520	-0.0020781379883605	-0.0000000028021881	-0.6639650691302954	0.3539677386268180	-0.0020781379883289	0.0000000118273925	-0.6639650512850379	0.2842761591292293	-0.0020781379869052	-0.0000000780178914	
0.0726312919916194	-0.4645915476619634	0.0000249080354064	-0.0020831836840810	0.0042269017709685	-0.4791632335580356	-0.0000331603630934	-0.0020830680889439	-0.0822930511012651	-0.4958384206650104	-0.0000046696414192	-0.0020833280737951	
0.6660430532572548	-0.2390401218711827	0.0020781379881378	-0.0000000306289374	0.5745414219712806	-0.2452922817519169	0.0020585129282156	-0.0002856369033353	0.4686765493071756	-0.2526670280517755	0.0020595043143384	-0.0002783620972005	
-0.2126893759362844	0.1739523351313921	0.0000715470181445	0.0020820982625947	-0.2826644551070774	0.1739597698670353	0.0000975161810243	0.0020810383864203	-0.3756830983025152	0.1749740778464027	0.0001377741899248	0.0020787498702575	
-0.3190027657830399	-0.0613483323836296	0.0020769878922994	-0.0000693016432247	-0.4000218143706407	-0.0628929458561863	0.0020762829934612	-0.0000880057387485	-0.5039477045928029	-0.0698187563998888	0.0020749643037234	-0.0001150939725288	
0.4699797541727824	-0.4074518791461655	0.0003685934720765	0.0020503015571496	0.3902493635400217	-0.4154473103906991	0.0005636428576977	0.0020052416449909	0.2961098902932251	-0.4197810167955415	0.0005103548213233	0.0020195325686960	
-0.2348851711448032	-0.1112953292842021	0.0019732530489339	0.0006534961429710	-0.3127374503260664	-0.1157305105996867	0.0020454705407813	0.0003679431290593	-0.4114615233706687	-0.1250467942462066	0.0020472361418200	0.0003579383794075	
-0.2208395926518119	-0.0739736468224890	0.0001063565936670	0.0020806031393416	-0.2954385608089974	-0.0801917469694862	0.0001520087787547	0.0020777524951732	-0.3938472329647263	-0.0885387255714736	0.0001830581909817	0.0020752348579249	
-0.2233621124320998	-0.0989686639104707	0.0005270981870758	0.0020152057909831	-0.2993283298419341	-0.1062138965023774	0.0009350173894142	0.0018605492488964	-0.3976539628416222	-0.1147180018724317	0.0008370225332329	0.0019068727393931	
0.2576878185887621	-0.0185372848933886	-0.0020753799779235	-0.0001072976921248	0.1870291437819074	-0.0265301347470421	-0.0020767897406622	-0.0000750327670136	0.1018345922624619	-0.0381010096967642	-0.0020771201591870	-0.0000651959824083	
-0.2651204175842499	0.1938020157123060	0.0001181130889809	0.0020799656812766	-0.3361903576650129	0.1956699848330908	0.0001446268310989	0.0020782820169967	-0.4309718395080069	0.1988752976235251	0.0001788898214823	0.0020756001545810	
0.0928460832660823	-0.3718799457243906	0.0000137786690683	0.0020832875403101	0.0256790595794577	-0.3843716871563121	0.0000391652637433	0.0020829633171799	-0.0595049915566731	-0.3989500772044434	0.0000738573205803	0.0020820171866155	
-0.2466899437800036	-0.0291621185356192	-0.0000851636986533	-0.0020815831985778	-0.3212580802990698	-0.0333278920767324	-0.0001219886789546	-0.0020797408590466	-0.4205937468863969	-0.0395954738257903	-0.0001714718524413	-0.0020762292707818	
-0.2689543267899272	-0.0062800339858880	0.0000464961028485	0.0020828118175313	-0.3433830492348470	-0.0092945798509109	0.0001070187205399	0.0020805690170282	-0.4430714635448241	-0.0145165437510968	0.0001461713304889	0.0020781734181954	
-0.2181732694640316	0.0072905927454404	0.0000597487741491	0.0020824720862171	-0.2911894022697087	0.0031388175972700	0.0000941215500811	0.0020811954646042	-0.3878066795030490	-0.0020663535561765	0.0001334655117181	0.0020790323610791	
-0.3688612497466618	-0.0606937661451030	0.0020779260897191	-0.0000297501792501	-0.4530302428223997	-0.0617255860964087	0.0020774733499532	-0.0000526859190510	-0.5621318577188454	-0.0680944589870680	0.0020773188494114	-0.0000584887793698	
-0.2424733514651066	0.0895937229512636	-0.0000697476318436	-0.0020821596220186	-0.3149084180367129	0.0885437933658025	-0.0000946950395655	-0.0020811693192679	-0.4113349741210404	0.0874938671983742	-0.0001453541912383	-0.0020782310183456	
-0.2516434673344530	-0.0780075026756641	-0.0010950900879869	-0.0017706077686284	-0.3290546811877091	-0.0836723212020532	-0.0014973642756545	-0.0014446291883310	-0.4292629883748521	-0.0915402876254965	-0.0014724096710710	-0.0014701816340773	
0.1526442847310872	0.0166537955449746	-0.0000362908049886	0.0020830156413016	0.0859033889865974	0.0061986624878426	-0.0000128068651904	0.0020832937721017	0.0012597754357485	-0.0041384046629948	0.0000122706205807	0.0020832970157581	
-0.2485209780141798	-0.0666477282937566	-0.0002140704188667	-0.0020722505197030	-0.3239383896601082	-0.0719187643638378	-0.0003069267323556	-0.0020604859014012	-0.4241945020587584	-0.0801584470778465	-0.0003483222902406	-0.0020538602580281	
-0.2423726206569060	0.0927152834844958	-0.0000640885927325	-0.0020823423992345	-0.3147670802302338	0.0916647199471119	-0.0000958745022226	-0.0020811150474087	-0.4111146164729817	0.0906109676026821	-0.0001456132854267	-0.0020782127899280	
0.1652338529695598	0.0666181936983432	0.0019152738963976	0.0008084796734313	0.0965806346861492	0.0584259299519789	0.0018006532870499	0.0010400449469189	0.0137546194316185	0.0484504847521662	0.0018827812481128	0.0008818537679138	
-0.4581767061550150	0.1294189999188570	-0.0020585222119222	0.0002855696549976	-0.5444027504587187	0.1388439160366436	-0.0020537886093333	0.0003179835292803	-0.6608409302732425	0.1452406339422236	-0.0020779803107579	0.0000256633494961	
-0.2451189020241841	0.0083303443291847	-0.0000804332343885	-0.0020817722941338	-0.3189977319466846	0.0052084920189484	-0.0001100306089706	-0.0020804111212752	-0.4174600529525200	-0.0000156332078415	-0.0001459554225800	-0.0020781886690882	
-0.2452826296736755	0.0041684668528861	-0.0000817728867808	-0.0020817198411284	-0.3192161311271974	0.0010512501045070	-0.0001117321451747	-0.0020803199771010	-0.4177571689663320	-0.0041633854315681	-0.0001498705809030	-0.0020779085977059	
-0.4519260403972038	0.1286062643440318	-0.0020653314774560	0.0002309308023743	-0.5383169779872701	0.1380485190277710	-0.0020611727116592	0.0002656616514423	-0.6535579914954774	0.1450530388682005	-0.0020754220231870	0.0001064772251377	
-0.2425432942977069	0.0875133034254988	-0.0000707545212679	-0.0020821254796956	-0.3150009067546515	0.0864636668309319	-0.0000927041957539	-0.0020812593989734	-0.4115522925950958	0.0843791370877912	-0.0001427589316026	-0.0020784118064732	
-0.4477600473510185	-0.0587103771669638	0.0020661198275966	0.0002237313115332	-0.5382941463653377	-0.0591148700981634	0.0020697716262463	0.0001867528991033	-0.6566940425756931	-0.0645118729044756	0.0020716933811988	0.0001639448696574	
0.2297398787462838	0.3059387965589582	-0.0019028691688284	-0.0008374004526136	0.1610841174580080	0.2936565349292599	-0.0019374889882840	-0.0007534065426516	0.0790302810860364	0.2799779321881569	-0.0019574656713742	-0.0006995881759630	
-0.2117101764055051	0.2448206353410314	-0.0002037555927370	0.0020732953467900	-0.2798221586470569	0.2468670162990035	-0.0000452162758837	0.0020828401356890	-0.3709822286762874	0.2500001994670263	0.0000317364363935	0.0020830903806798	
0.0932062554493978	-0.3551750359063736	0.0000935985592221	0.0020812191689689	0.0261720402978216	-0.3677256590895748	0.0000996044159736	0.0020809389877869	-0.0587783735876648	-0.3823304380738690	0.0001177696355390	0.0020799852536982	
0.1735010753723755	0.0688503604195148	0.0020453843652124	0.0003684242701463	0.1059752050662356	0.0614993091851038	0.0020450775461470	0.0003701320812035	0.0228824151721575	0.0509314297467899	0.0020527334592133	0.0003247587015222	
-0.2410605432977180	0.1531248527115485	-0.0000870885114827	-0.0020815031586569	-0.3123887118748028	0.1541399832275456	-0.0001329071898237	-0.0020790683068777	-0.4073939656335284	0.1541738461184630	-0.0001684956761512	-0.0020764741398557	
-0.2125401429458589	0.1781169017032622	0.0000776184491444	0.0020818796779252	-0.2824714115518320	0.1781196845228805	0.0001021357613462	0.0020808156670558	-0.3753882689306099	0.1791819134788992	0.0001433451616151	0.0020783712552907	
0.1546359683691657	0.0552898403582748	0.0007098944537715	0.0019580104039347	0.0873292024454483	0.0447775177409340	0.0004456893427794	0.0020348573294129	0.0034325010002358	0.0353079984437025	0.0005377544770759	0.0020123742677246	
0.2587239984394155	-0.0184905454610378	-0.0020745387268573	-0.0001225618036238	0.1880724282503345	-0.0265171774434361	-0.0020763876499556	-0.0000854881884509	0.1028689296886118	-0.0380455131094855	-0.0020764951588894	-0.0000828222386277	
-0.2416110532213450	0.1405789819283337	-0.0000877756350791	-0.0020814741518213	-0.3131743502328982	0.1406719779267813	-0.0001096899977028	-0.0020804291979071	-0.4083807504474323	0.1416701914827329	-0.0001552833100461	-0.0020775091230032	
-0.2184812706300926	-0.0020682953517763	0.0000822340867865	0.0020817015824219	-0.2916774752160965	-0.0062730590616427	0.0001227567700429	0.0020796954375294	-0.3884782757854700	-0.0114710088048338	0.0001645155048406	0.0020767948696320	
-0.2448626971495142	0.2368373097379484	0.0015191605206615	-0.0014215749796438	-0.3132820580480192	0.2421018678895325	0.0013297546385175	-0.0016009928452618	-0.4052957498389939	0.2457938515403983	0.0011455850105952	-0.0017382010050375	
0.2171806894760339	-0.0181818415071004	-0.0020780767797171	0.0000159896793878	0.1475329707736885	-0.0257206975582728	-0.0020778545510427	-0.0000344072748916	0.0633785788493167	-0.0367972654727826	-0.0020771707566523	0.0000635552298015	
-0.2196065634213499	-0.0291544132873356	0.0000645866457737	0.0020823269339179	-0.2933303879436342	-0.0343617144157147	0.0000949855401396	0.0020811560146440	-0.3907568597626151	-0.0406206287801297	0.0001390423956670	0.0020786650055302	
-0.2202880401728995	-0.0572915285898084	0.0000520479835227	0.0020826798177576	-0.2944967925360902	-0.0624809202262726	0.0000898149652273	0.0020813867170091	-0.3925774790044310	-0.0708443799774269	0.0001289385719710	0.0020793194542330	
0.2213358894032743	-0.0183880011808054	-0.0020717827571495	0.0001628058328744	0.1517136931876574	-0.0258307117463768	-0.0020728519264544	0.0001484999621473	0.0675754311431304	-0.0370943907248827	-0.0020675772601694	0.0002097640445859	
0.4758478620251747	-0.3510517910725222	0.0003689806486339	0.0020502315659942	0.3964908607788524	-0.3595241374645314	0.0002916043738310	0.0020627212535700	0.3019292694570819	-0.3647135904631163	0.0003139747530877	0.0020594183924952	
-0.2433083634090055	0.0562551672191399	-0.0000488258061696	-0.0020827582393867	-0.3162997680798066	0.0541855602694006	-0.0000882321912659	-0.0020814547520781	-0.4136382756216093	0.0510476891742749	-0.0001423179425936	-0.0020784422008850	
-0.3428537765006721	-0.0609011618594195	0.0020781015111044	-0.0000123437113327	-0.4249954218004665	-0.0622135807002338	0.0020779228047740	-0.0000299798806715	-0.5320037067917420	-0.0687396463163650	0.0020775019588583	-0.0000515397097637	
-0.2139856126448382	0.1364552313684927	0.0000911412249157	0.0020813287749338	-0.2847150785976684	0.1354172653707572	0.0001196848661484	0.0020798753805767	-0.3784676110807436	0.1354362681274142	0.0001578916622228	0.0020773115308211	
0.1575910655990750	0.0607130242986697	0.0012576260448807	0.0016585344456858	0.0891212806705483	0.0501314705079090	0.0008910301340769	0.0018821180734358	0.0057421676024888	0.0409517869376527	0.0010441423916502	0.0018012735669821	
-0.3501342993904139	-0.0608696948854675	0.0020781103270910	-0.0000107490774823	-0.4333096450500922	-0.0621042285348843	0.0020779350918850	-0.0000291114087826	-0.5403219553386734	-0.0685712528445563	0.0020777812946900	-0.0000385980741337	
-0.4041792155766847	-0.0599535949835320	0.0020766467533629	-0.0000789099356723	-0.4904443891499833	-0.0604940005252486	0.0020758026467649	-0.0000987392289884	-0.6047269090142253	-0.0664188367060463	0.0020758064961199	-0.0000986578649609	
-0.2182418973308885	0.2593313137265825	-0.0015223671085893	0.0014181232920260	-0.2851393793921850	0.2641746738000025	-0.0013760718128867	0.0015611612474534	-0.3751514397811578	0.2676713100165563	-0.0012441408687298	0.0016687247135874	
0.2060777527904213	-0.1333170183340891	0.0000551569979567	-0.0020825993980763	0.1353733202487543	-0.1437469704401145	0.0000442358116242	-0.0020828612950656	0.0471437711414885	-0.1541610765505827	0.0000290734145747	-0.0020831294445480	
-0.2203924358178718	-0.0614555608561897	0.0000550362003054	0.0020826026098576	-0.2946834405016401	-0.0666849187601153	0.0000956311737151	0.0020811262990569	-0.3928276998671035	-0.0749965682053006	0.0001331678869491	0.0020790515415442	
-0.2150135083237368	0.1093716573108801	0.0000731762419770	0.0020820413560035	-0.2861604629283498	0.1083606621175067	0.0001104427088030	0.0020803891755283	-0.3805212328553291	0.1062692348985954	0.0001525691806520	0.0020777112144461	
-0.2529430895071626	-0.0798312067035432	-0.0013537298490106	-0.0015806703949597	-0.3306938691250364	-0.0850450544849963	-0.0016863273074881	-0.0012175145657175	-0.4309933048226920	-0.0930065940096562	-0.0016650994336387	-0.0012465318065651	
0.2074981277802188	-0.0655865491576507	0.0000133965924930	-0.0020832900447663	0.1375893294880203	-0.0761013413965957	-0.0000240472212722	-0.0020831938493497	0.0501570103225345	-0.0864999110814205	-0.0000652069897215	-0.0020823075036932	
0.2722761647307400	0.0667382255559110	0.0017597017239433	-0.0011082533628662	0.2050308330649119	0.0567287945558407	0.0016416896908338	-0.0012773567109177	0.1196467609308786	0.0439521092032580	0.0015929688196477	-0.0013379179755951	
0.2348306572748567	0.0726509062607886	0.0020765127587348	-0.0000823775758057	0.1662488448775559	0.0643590350138438	0.0020751873438826	-0.0001109789979700	0.0820976126146226	0.0524184768896981	0.0020715854750373	-0.0001653095394270	
-0.2724974636098898	0.1152925887167845	-0.0020576886207867	-0.0002915449233765	-0.3472525069606875	0.1174011280227765	-0.0019178894856801	-0.0008022239143303	-0.4448067959636722	0.1175838043376770	-0.0019663881039419	-0.0006739718279077	
-0.2179806877636948	0.0145763571419128	0.0000579148216040	0.0020825241558312	-0.2908438804467632	0.0114539144942741	0.0000875354569129	0.0020814843168733	-0.3872902405316767	0.0062324302456627	0.0001224457755112	0.0020797138628406	
-0.2165450255775747	0.0645900257964087	0.0000513092744379	0.0020826982394174	-0.2884814805667770	0.0624872260705694	0.0000875967467793	0.0020814817255561	-0.3837607338596388	0.0593925208167133	0.0001238470895368	0.0020796304695354	
-0.2670493106320906	0.0520829697315620	0.0000332695223146	0.0020830663396635	-0.3405647757482290	0.0510444670579117	0.0000671958347209	0.0020822439561570	-0.4389737294310939	0.0479276380800300	0.0001167726307959	0.0020800417462191	
0.1641707602922822	-0.0156312020666590	-0.0019437269160644	0.0007370817247488	0.0967983819961870	-0.0224776523632015	-0.0019294408433174	0.0007738855425319	0.0125463247665816	-0.0331100914228673	-0.0019705466546014	0.0006616525675450	
-0.2171942604320867	0.0375010010555999	0.0000691062742311	0.0020821811142180	-0.2896928418140853	0.0343628957781986	0.0001105639475634	0.0020803827034808	-0.3856629049601142	0.0302220776531465	0.0001525860535530	0.0020777099691739	
-0.2451595312574867	0.0072898779928235	-0.0000806407054355	-0.0020817642275590	-0.3190519761006892	0.0041692222180241	-0.0001102065385854	-0.0020804017624766	-0.4175332719726286	-0.0010526633782330	-0.0001467617515748	-0.0020781315974632	
-0.2131629514895192	0.1583386696551426	0.0000597426920399	0.0020824722615852	-0.2834003392589878	0.1583169666144955	0.0001067123948871	0.0020805848297311	-0.3767301812192820	0.1582975588825754	0.0001411288065431	0.0020785236891982	
-0.2657758999458552	0.1822040980723654	0.0001269625125964	0.0020794416558365	-0.3369657226226553	0.1844996372583667	0.0001604947711111	0.0020771110351579	-0.4319946526785337	0.1873960610391540	0.0001906020413866	0.0020745521846531	
-0.2192134520398076	-0.0187517759433646	0.0000860113616648	0.0020815481708174	-0.2927436736059816	-0.0229363226396934	0.0001242999055242	0.0020796033185121	-0.3899271932740292	-0.0291416309590464	0.0001630146609736	0.0020769138073355	
-0.2264322723828282	-0.1052689500362310	0.0012924794801486	0.0016313833438204	-0.3034522532131004	-0.1114086012978271	0.0015668479296886	0.0013685667455432	-0.4021882745780826	-0.1207554397686386	0.0015691659084635	0.0013658950662449	
-0.2426832748194068	0.0833175762200570	-0.0000667478470343	-0.0020822584370037	-0.3151791104852693	0.0823048596375033	-0.0000874045258096	-0.0020814898465145	-0.4118350160008857	0.0802292937401753	-0.0001363590951415	-0.0020788436424427	
0.1639659966280943	0.0660266874679244	0.0018596982111540	0.0009297775747680	0.0953560536584533	0.0576536252139214	0.0017115084369964	0.0011816734042604	0.0125206422531050	0.0478238288037447	0.0018116650722483	0.0010206450307471	
0.2761401306713122	-0.0111761653083178	-0.0012279674556742	-0.0016807215000771	0.2045979581709043	-0.0217097576216375	-0.0014578752400696	-0.0014846673962004	0.1182432563592394	-0.0329924560127058	-0.0014290345552191	-0.0015125853878687	
0.4572661994382570	-0.4583745584810197	0.0006070808086869	0.0019924571841174	0.3780080640688834	-0.4655164039341197	0.0005205881407507	0.0020169058013703	0.2844378426520714	-0.4696611368012075	0.0004958620738688	0.0020231578407899	
-0.2671427718940379	0.0468738747269396	0.0000437837048306	0.0020828708956447	-0.3407962280769924	0.0447910475209097	0.0000912661383162	0.0020813232738273	-0.4392944205494135	0.0426961480484782	0.0001313868394748	0.0020791654229022	
0.2702239529057628	0.0678609354582253	0.0018807356140086	-0.0008862298733613	0.2026289974893927	0.0583542374798486	0.0018186007713856	-0.0010081725038827	0.1185006226928537	0.0448637635132517	0.0016934523016120	-0.0012075347832772	
0.2400094558584704	-0.0192270188350005	-0.0020771079608633	-0.0000655853980056	0.1693745648683146	-0.0269848174915323	-0.0020781129894574	-0.0000102187025333	0.0841837490293971	-0.0383017639968918	-0.0020781333011983	0.0000044247771605	
0.2801592547369298	0.0560990968019677	0.0006073693080611	-0.0019923688183697	0.2124157036880515	0.0428107643209634	0.0002823007518842	-0.0020640215833671	0.1263296588641136	0.0311461428225119	0.0003104424546440	-0.0020599565008037	
-0.2664884436127560	0.1699623622104714	0.0001116164096655	0.0020803262210271	-0.3379034397757013	0.1719451399178991	0.0001340150358338	0.0020789968339439	-0.4331892801883787	0.1739228351713409	0.0001734491401654	0.0020760641999957	
-0.2688118280836507	0.0072328749405887	0.0000297442931860	0.0020831199258939	-0.3430059200204436	0.0041842767835317	0.0000359605992941	0.0020830213967145	-0.4423691133316191	-0.0000408355907004	0.0000806073006584	0.0020817655277586	
-0.2669433279808626	0.0968905848217514	-0.0001095656722646	0.0020804357820003	-0.3396334741338181	0.0968794830399815	0.0000050567400278	0.0020833271656524	-0.4368932901253753	0.0958575569521550	0.0000798694851995	0.0020817941078716	
-0.2704034666603621	-0.0311775357418408	0.0001940096999264	0.0020742346974355	-0.3455565662970140	-0.0355564494201335	0.0002223280038376	0.0020713764937464	-0.4458663103098517	-0.0416352266148284	0.0002655007480036	0.0020662609314375	
0.2741488461733897	0.0653956087746398	0.0016055942167698	-0.0013226636809214	0.2072760265456509	0.0546821081373538	0.0014058328949923	-0.0015342807651156	0.1217744822583960	0.0418596722222371	0.0013577507306002	-0.0015772006132088	
0.2777954609511275	-0.0086231880235114	-0.0010632567250852	-0.0017900009146098	0.2059628881648494	-0.0200834423907255	-0.0012942151364941	-0.0016299998544308	0.1200885595835660	-0.0307481024871272	-0.0012456925854303	-0.0016675608870015	
-0.2427150951699947	0.0822765594650798	-0.0000647678866044	-0.0020823212763714	-0.3152232993712277	0.0812654423454663	-0.0000860569782158	-0.0020815462759627	-0.4119022842121317	0.0791919854823966	-0.0001345102117160	-0.0020789646949035	
0.2073106338735993	-0.0541073396500075	0.0000378901751069	-0.0020829870199088	0.1376186202999785	-0.0646367538486179	0.0000104983937415	-0.0020833067488338	0.0504349718140624	-0.0749389366087400	-0.0000307329915066	-0.0020831055020147	
-0.2137695994686100	0.1416521283325480	0.0000893879102789	0.0020814051932150	-0.2843670147175405	0.1416449066892365	0.0001230951218426	0.0020796753381258	-0.3780788838752708	0.1406127391024946	0.0001633105599830	0.0020768904449660	
0.0932945852182138	-0.3520573351432972	0.0000801264046226	0.0020817841856758	0.0263085197691340	-0.3646160483288328	0.0001109871547895	0.0020803600557400	-0.0585682094679103	-0.3791243741524272	0.0001379169702617	0.0020787403548198	
0.1570320092975163	-0.0092603839325393	-0.0011603638726876	0.0017283208104623	0.0906897707508924	-0.0174189287756731	-0.0012199500718488	0.0016865790545795	0.0061329909358279	-0.0282311998897550	-0.0012602773579672	0.0016565105906118	
-0.2475260308522912	-0.0510380240784266	-0.0000895304817592	-0.0020813990347792	-0.3225690447990817	-0.0562336813370910	-0.0001322520312749	-0.0020791102942572	-0.4224399325248034	-0.0635692500683292	-0.0001706823908362	-0.0020762946454599	
0.1973470898156641	-0.0193716499009568	-0.0020513180669932	0.0003336257444111	0.1278432381567431	-0.0263399879552034	-0.0020252643028156	0.0004669562810806	0.0435578156324746	-0.0380983311415891	-0.0020203393921434	0.0004879263786307	
-0.2652919548715011	0.1907395215427733	0.0001168033533547	0.0020800400126049	-0.3363308321714877	0.1936318153696232	0.0001453895715895	0.0020782285311052	-0.4312443954205988	0.1958443820499456	0.0001765778719910	0.0020757991086093	
-0.3335736399073692	-0.0609989418395125	0.0020779099774204	-0.0000308604675382	-0.4156337081319749	-0.0623814344620189	0.0020775556904315	-0.0000493149694698	-0.5216047468202377	-0.0690474796476211	0.0020768497162034	-0.0000733454307416	
0.1535339298613514	0.0511097340951814	0.0003937424522332	0.0020455973515178	0.0866665232348180	0.0405461462964976	0.0002369693831545	0.0020697444687248	0.0024297592310081	0.0301380478950516	0.0002639954044631	0.0020664547661992	
-0.2189854046480533	-0.0135585444271284	0.0000930454155092	0.0020812440959855	-0.2924224215617039	-0.0176725186958274	0.0001331650278470	0.0020790517255909	-0.3894991584352991	-0.0239733175689283	0.0001693662295258	0.0020764029604570	
-0.2660860089181111	0.1771165794142573	0.0001324924107794	0.0020790949131666	-0.3373829953581042	0.1790392757306632	0.0001573581524123	0.0020773522154287	-0.4325149776966554	0.1813558094919392	0.0001914885611373	0.0020744701348084	
-0.2414722238610301	0.1437815946274795	-0.0000912824001140	-0.0020813225571128	-0.3130072583520432	0.1437758171443648	-0.0001175946687412	-0.0020799952025672	-0.4081498159322210	0.1447664353824522	-0.0001617625680288	-0.0020770121930735	
0.2061025099809387	-0.1343597320850567	0.0000589468273359	-0.0020824950549678	0.1353920487755373	-0.1447908760501052	0.0000434965524141	-0.0020828769421478	0.0471628497997231	-0.1552055070317445	0.0000287789570092	-0.0020831335538301	
0.1554600520569381	-0.0064999448771829	-0.0009078024913893	0.0018740455535898	0.0894571581576463	-0.0155497564169406	-0.0010802934730086	0.0017797194515010	0.0044376780297254	-0.0258352458786574	-0.0010540547169765	0.0017954621496204	
0.2816098843038728	0.0093710104122407	-0.0000960227744314	-0.0020811081771679	0.2120291261313051	-0.0031394726452659	-0.0001891583030802	-0.0020746849848122	0.1256676378725656	-0.0145680344573841	-0.0002233012399454	-0.0020712712775374	
0.0925665938722071	-0.4093744920520746	0.0000002133332299	0.0020833333223560	0.0249129791873232	-0.4229166223721201	-0.0000075274817869	0.0020833196660922	-0.0608512421722434	-0.4375105025138720	0.0000524155857683	0.0020826705524415	
0.2063226746227156	-0.1655463040746633	-0.0000195673056632	-0.0020832409801885	0.1351068969869549	-0.1760468643348449	-0.0000271823663955	-0.0020831551064939	0.0467394940451172	-0.1864549305093081	-0.0000361154897409	-0.0020830187035607	
-0.6639650772381157	-0.1175642492405856	0.0020781379883540	0.0000000059192708	-0.6639650691302954	0.3539677386268180	-0.0020781379883289	0.0000000118273925	-0.6639650512850379	0.2842761591292293	-0.0020781379869052	-0.0000000780178914	
-0.2122189302151137	0.1864629314443824	0.0000796760245947	0.0020818015582330	-0.2819980098326889	0.1875134054396106	0.0001122384217012	0.0020802925872149	-0.3746959323194148	0.1885193363993261	0.0001556562756652	0.0020774810723115	
0.0926958291335447	-0.3979093992962263	0.0000216102715764	0.0020832206882619	0.0251121902001522	-0.4114574458983964	0.0000634560503078	0.0020823618679132	-0.0603990917695153	-0.4260409194863101	0.0000899650121920	0.0020813802043972	
0.4728308696489425	-0.3917053292819344	0.0010749428900333	0.0017829724697739	0.3926391028821532	-0.3988594012237999	0.0006480077900274	0.0019794598977749	0.2988156891968108	-0.4038654853952177	0.0008282304125111	0.0019107270988300	
0.2555507448906941	0.3168478876320290	-0.0019402024300928	-0.0007463557149790	0.1871315385653738	0.3038354667451675	-0.0019582456271957	-0.0006973910270626	0.1038881819510714	0.2886135469419199	-0.0019799529629706	-0.0006328020797910	
0.2816897098002000	0.0114421168980132	-0.0000792261754044	-0.0020818188124196	0.2121998199765784	-0.0010918651461181	-0.0001525978245015	-0.0020777091003595	0.1258510985835330	-0.0125284459529523	-0.0001902680977494	-0.0020745829924949	
0.2078090366314721	0.0728723705154925	0.0020740585102248	0.0001304744982011	0.1382335829920542	0.0649107445075415	0.0020750591208467	0.0001133629538418	0.0550099215721782	0.0537436808731070	0.0020781379369944	-0.0000004632152779	
-0.3532555779670790	-0.0608464304169029	0.0020781014532195	-0.0000123535013363	-0.4364263273685294	-0.0620659641552850	0.0020778993863365	-0.0000315690248512	-0.5444794599117342	-0.0684980721366961	0.0020777817742468	-0.0000385721210420	
-0.2152389220902947	0.1031325385810364	0.0000736393844873	0.0020820249448897	-0.2864932914355758	0.1020635340876330	0.0001120401211507	0.0020803033301974	-0.3809851079984876	0.0999684202192055	0.0001527476804983	0.0020776980335907	
-0.2669832656335104	0.0562532957396304	0.0000318684670666	0.0020830883548811	-0.3404323478942061	0.0552195205052546	0.0000647016572206	0.0020823233456032	-0.4387520705445933	0.0520853229458066	0.0001159280483599	0.0020800892252073	
-0.2680959806662517	0.0260443681205135	0.0001177133207553	0.0020799884574589	-0.3421558673318936	0.0240098821000514	0.0001384294108994	0.0020787061222549	-0.4411585969942485	0.0197134803054223	0.0001678984068304	0.0020765227610599	
0.2791499295385518	-0.0060439730546846	-0.0008189836513917	-0.0019147286213288	0.2077460572628376	-0.0176471136521069	-0.0011384314244016	-0.0017429180815544	0.1213741401272695	-0.0289931192714132	-0.0011353887188790	-0.0017449116425146	
-0.2673178035713325	0.0406376976399635	0.0000773066739666	0.0020818913364959	-0.3411196937428461	0.0385694610317985	0.0001304103981419	0.0020792272038384	-0.4398174333872652	0.0354486875587569	0.0001675373822111	0.0020765520662959	
-0.2421544209095623	0.1031269649052381	-0.0000215434433370	-0.0020832213838972	-0.3143267297480604	0.1020638136513017	-0.0000765223032368	-0.0020819204595692	-0.4104230893797794	0.1010412924739571	-0.0001264904842888	-0.0020794705662620	
-0.3418133692332243	-0.0609149166834383	0.0020780945213703	-0.0000134745445077	-0.4239555004838295	-0.0622318749783700	0.0020779010881007	-0.0000314562510807	-0.5309636994317481	-0.0687653773927852	0.0020774501010555	-0.0000535993194669	
-0.2396496603963792	0.1937477156326801	-0.0000834570741933	-0.0020816526668964	-0.3101424301393981	0.1958460889632219	-0.0001155764378508	-0.0020801088893949	-0.4041762479072460	0.1979156649291904	-0.0001589102880143	-0.0020772334673586	
-0.2451898489825489	-0.1128874101967393	0.0020726468274524	0.0001513497040535	-0.3231502852446900	-0.1166702949241885	0.0020752103425586	0.0001105459473434	-0.4218691066954403	-0.1258564916551724	0.0020767490041787	0.0000761574930570	
-0.2406169607056091	0.1645778435817309	-0.0000713603146765	-0.0020821047019705	-0.3116769654104953	0.1656233760258272	-0.0001173540229388	-0.0020800088618007	-0.4063968207997311	0.1666738548916635	-0.0001598118171335	-0.0020771639564979	
0.2442515417855949	0.3122918589193077	-0.0019165475473370	-0.0008054405917588	0.1754683986570812	0.2994034578033538	-0.0019298423358858	-0.0007728787759876	0.0935834089957499	0.2851564151563347	-0.0019617990667781	-0.0006872807776861	
-0.2689683000118483	0.1396836886825315	0.0005914388983937	0.0019971796667156	-0.3415531538706260	0.1408477193243702	0.0007818430420715	0.0019302691579516	-0.4371896559029710	0.1418353978751988	0.0006621876962677	0.0019747379647400	
0.4526598239538298	-0.4737906690883184	0.0007112544254267	0.0019575143279252	0.3734728047027367	-0.4803882753206097	0.0007285501079512	0.0019511112921295	0.2802152061975515	-0.4853005550686973	0.0006410838289434	0.0019817244488042	
-0.2668880927248596	0.0750073873427722	-0.0000192913140430	0.0020832435671040	-0.3399374819844914	0.0739521746453933	0.0000246850658434	0.0020831863514173	-0.4376743634583240	0.0729160904074895	0.0000715020644481	0.0020820998145809	
0.2769712251319167	-0.0099838021266518	-0.0011554963616781	-0.0017315951408725	0.2049804707620192	-0.0212711347845106	-0.0014087313967461	-0.0015316065439867	0.1192605594176066	-0.0319781432055273	-0.0013237472715115	-0.0016059883103036	
-0.3148125770482934	0.1169914835452986	-0.0020582202846880	0.0002877485136072	-0.3906750350642582	0.1220221153199810	-0.0020539855933267	0.0003167022390845	-0.4914456724354983	0.1242534226480542	-0.0020477264441729	0.0003551085218137	
-0.2126340601196392	0.2501084226969132	-0.0005570659661630	0.0020070878742974	-0.2801273388207162	0.2521396537786955	-0.0002237501941012	0.0020712225845548	-0.3710518412775739	0.2551997246687246	-0.0001101101236465	0.0020804068932483	
0.2441736979787652	-0.0190649492045157	-0.0020765673350451	-0.0000809831494351	0.1735322439383264	-0.0269185095983849	-0.0020775793059426	-0.0000483047547976	0.0872980445727803	-0.0382978312915840	-0.0020780282860236	-0.0000214061607089	
0.1541243014755385	-0.0029816587918877	-0.0005239950388212	0.0020160189500591	0.0877974172888326	-0.0122378399027355	-0.0007452560876572	0.0019447597890524	0.0030727349304009	-0.0229399621235436	-0.0007568752411044	0.0019402447696495	
0.4579787898423817	-0.4561192171636290	0.0006201669178223	0.0019884027089584	0.3784606273372442	-0.4636663917467574	0.0005377750773637	0.0020123687351632	0.2848727429562448	-0.4677909479373227	0.0005161924110107	0.0020180409396802	
0.4766015231257055	-0.3842715640626970	0.0006686368413707	0.0019725527576699	0.3962092399861943	-0.3918363716817141	0.0009488316988899	0.0018535072565910	0.3023072243298008	-0.3968488515127366	0.0008261870060196	0.0019116159702884	
-0.2170612008774962	0.0416639964721425	0.0000597328064065	0.0020824725465839	-0.2894757850200806	0.0385198034677943	0.0001038578339267	0.0020807299989297	-0.3853530270927494	0.0343642239033741	0.0001484736805475	0.0020780093801558	
-0.2795122635619395	-0.0863973667555444	-0.0020772641219609	-0.0000604106390964	-0.3584649390941964	-0.0889368777707475	-0.0020780499266896	-0.0000191789768288	-0.4603080370071500	-0.0968329383628646	-0.0020780799814955	0.0000155658644293	
-0.2431085245480341	0.0656238459408367	-0.0000410816067720	-0.0020829262181658	-0.3159165660272177	0.0635436024152325	-0.0000820791998590	-0.0020817077257979	-0.4129598129133102	0.0614873265552730	-0.0001268048270406	-0.0020794513256625	
-0.4457347785618965	-0.0584797829971578	0.0020648591964025	0.0002351370058777	-0.5362482959148340	-0.0589274591205991	0.0020692505707100	0.0001924684455567	-0.6546225761884519	-0.0643396132291810	0.0020678175800829	0.0002073696249952	
0.1582788361666911	-0.0110802695658211	-0.0012844597883592	0.0016377366496619	0.0921105919493380	-0.0192320030873086	-0.0013856910196440	0.0015525867051388	0.0074798909202066	-0.0299301693477641	-0.0014205132425551	0.0015206307916553	
-0.2671224401586524	0.0479151574592138	0.0000403955445518	0.0020829397035342	-0.3407529168402344	0.0458317947425355	0.0000857003000815	0.0020815610650983	-0.4392265541279428	0.0437364657621566	0.0001272535340457	0.0020794237777163	
-0.2441537608972219	-0.1128062510412183	0.0020717546237732	0.0001631652368041	-0.3221141541576376	-0.1166144244551190	0.0020750364098641	0.0001137799802433	-0.4208330095393841	-0.1258142255476185	0.0020765891174815	0.0000804198466248	
-0.2198879042213950	-0.0395907643094746	0.0000490379083124	0.0020827532313537	-0.2937621431116095	-0.0448018535071896	0.0000804120828038	0.0020817731153487	-0.3914475365151293	-0.0520985549780007	0.0001183006484636	0.0020799549686627	
-0.2679606105415557	0.1052700822909942	-0.0004026465872942	0.0020438546594291	-0.3401949275424542	0.1061072251981660	-0.0002802923547517	0.0020642966510657	-0.4371113238911606	0.1052844368432463	-0.0001999082724388	0.0020736717179994	
-0.3221261482913595	-0.0612474282053181	0.0020772412298293	-0.0000611966250773	-0.4031474691636526	-0.0627606526317029	0.0020765940052312	-0.0000802929037094	-0.5081080966801025	-0.0696030228613083	0.0020757534213290	-0.0000997738472059	
0.2482203877131298	0.3138897447386856	-0.0019260191412553	-0.0007824046983165	0.1797322031786109	0.3011295561162849	-0.0019394140031385	-0.0007484122931504	0.0966795659165363	0.2862807904504053	-0.0019671083855401	-0.0006718560975702	
-0.2391257659303078	0.2218599116523058	0.0001383185474766	-0.0020787135390726	-0.3087877878114342	0.2239537312329742	-0.0000086043803526	-0.0020833154758166	-0.4020619893717506	0.2270827212676971	-0.0000781093152108	-0.0020818612271710	
0.4549451558096393	-0.4665815945773353	0.0005600071104900	0.0020062651405310	0.3757559727543489	-0.4737871660669365	0.0006174894671182	0.0019892399770976	0.2823864166468742	-0.4780224604030133	0.0005400672153235	0.0020117517229448	
-0.2694750837221272	0.1111601414365677	-0.0006868923862685	0.0019662386866376	-0.3415317284042217	0.1127243859157027	-0.0005818546573997	0.0020000070113029	-0.4383451763223181	0.1125808130350180	-0.0005262119533348	0.0020154385458821	
-0.2113517676349965	0.2385365509363064	-0.0000646257473235	0.0020823257146809	-0.2797962408776528	0.2406333806394728	0.0000182741880672	0.0020832527835122	-0.3712175043599507	0.2427237850487881	0.0000900666091972	0.0020813757885147	
0.2671280210691700	0.0690407305517141	0.0019808588722916	-0.0006299463252690	0.1996299727521863	0.0597366469295678	0.0019446066058274	-0.0007347460906669	0.1152786864212018	0.0467415110373909	0.0018824109096016	-0.0008826479730533	
0.0951538314086988	-0.4697627957767048	0.0000174498887568	0.0020832598865153	0.0266751639737148	-0.4843461085576007	0.0000440506912840	0.0020828652380628	-0.0597723998233117	-0.5000029953204215	-0.0000002634619108	0.0020833333165910	
0.4701375150847307	-0.4065023442744080	0.0002945605219568	0.0020622990823084	0.3904962831628651	-0.4145025707117210	0.0005473396955849	0.0020097754250969	0.2963567795859403	-0.4188496329147939	0.0004751434463456	0.0020281484821609	
-0.2393020523648612	0.2239093930010202	0.0002230168477327	-0.0020713020711572	-0.3087990790541951	0.2260318474514678	0.0000342955979268	-0.0020830496156955	-0.4020007464065977	0.2291677167471701	-0.0000453176949899	-0.0020828379204815	
0.2819370402000536	0.0218523474133904	-0.0000309230991539	-0.0020831026745098	0.2127450275870227	0.0094034141113003	-0.0000783443990263	-0.0020818523495515	0.1265358828320501	-0.0020575065297716	-0.0001005473041006	-0.0020808934152013	
-0.2738005827026936	-0.0535491082033103	0.0006620317498701	0.0019747905130582	-0.3509077060837760	-0.0597070178689951	0.0015793752890343	0.0013540176337416	-0.4505549714032997	-0.0669632113745556	0.0012080744192669	0.0016951482633547	
-0.2113860971774563	0.2395730326405829	-0.0000762905262405	0.0020819290083442	-0.2797889344823071	0.2416732296409744	0.0000115277763235	0.0020833012799094	-0.3711732900156764	0.2437619425273838	0.0000846613152247	0.0020816037944320	
-0.2695561510915023	-0.0197083588224561	0.0001292603092893	0.0020792993783138	-0.3444381452756057	-0.0238540827838516	0.0001759859276326	0.0020758496290075	-0.4443984768984705	-0.0292293065989994	0.0002159764812645	0.0020720517408066	
0.0927594014749312	-0.3854060308129836	0.0000078617278170	0.0020833184253957	0.0254350317017562	-0.3978997854086893	0.0000369866230966	0.0020830033410651	-0.0599949535018366	-0.4135361263881638	0.0000612553466647	0.0020824280961762	
-0.3252477885140030	-0.0611654516480377	0.0020774498492001	-0.0000536091290709	-0.4062698238370764	-0.0626508967279117	0.0020768766168068	-0.0000725758574096	-0.5112269625263690	-0.0694554885385270	0.0020761481021232	-0.0000911479082311	
-0.2399879594607756	0.1843749031774799	-0.0000696395844593	-0.0020821632566600	-0.3106821128450608	0.1854166757512944	-0.0001033595497748	-0.0020807549347522	-0.4049161559197019	0.1874881481829379	-0.0001408126889538	-0.0020785452363165	
-0.2134448342698191	0.1500203666795268	0.0000749868249266	0.0020819766097634	-0.2838685216966074	0.1500137238214935	0.0001193034111767	0.0020798974057346	-0.3773449492834258	0.1500145612954504	0.0001580252937748	0.0020773013186013	
-0.2150506084749860	0.1083316326023622	0.0000732692445046	0.0020820380688460	-0.2862175866735510	0.1073230330503883	0.0001108616855535	0.0020803667792178	-0.3805968754312876	0.1052343434797154	0.0001529389107202	0.0020776838955010	
-0.2412403255863762	0.1489684906311470	-0.0000910657332135	-0.0020813320958805	-0.3126458449874486	0.1499902974166381	-0.0001297107788679	-0.0020792711853044	-0.4077342231172736	0.1500434991668007	-0.0001677769379120	-0.0020765326280717	
-0.2718497454627700	-0.0439052574641428	0.0002765332900213	0.0020648061134266	-0.3470284094320524	-0.0489660079935011	0.0002738225921982	0.0020651691463660	-0.4474363585293319	-0.0553340779195570	0.0002483477414055	0.0020684033476657	
-0.4509059380710242	0.1284861365058002	-0.0020659117757420	0.0002256538950603	-0.5371407701633923	0.1378805776074574	-0.0020619775966081	0.0002593083827643	-0.6525209914241524	0.1449923178601932	-0.0020746099098790	0.0001213448316971	
-0.2688246774293806	0.0061940154358078	0.0000238644041986	0.0020831959621893	-0.3430242913184146	0.0031452329543017	0.0000353594187951	0.0020830317400423	-0.4424071776016150	-0.0010763742790401	0.0000799755875015	0.0020817900140824	
-0.2411050092175167	0.1520852225390363	-0.0000884019999660	-0.0020814475109329	-0.3124520004511481	0.1531018195477190	-0.0001325505382235	-0.0020790911895726	-0.4074779625514175	0.1531403493805407	-0.0001684213186999	-0.0020764802024571	
0.3844819002617348	-0.4656245166866456	0.0003418897552346	0.0020549462278770	0.3104438665952930	-0.4740009091199923	0.0003380277793055	0.0020555882297180	0.2210843357650975	-0.4812840018763654	0.0001606916757417	0.0020770957350747	
0.1619361667538951	0.0648305646904236	0.0017266723505933	0.0011592906239201	0.0935396143984630	0.0562216941286193	0.0015356909046309	0.0014036113246810	0.0101409999660720	0.0461673174286595	0.0016133891138329	0.0013130963232289	
0.1525678148940173	0.0218599434540009	-0.0000240823572141	0.0020831934414318	0.0858906875771026	0.0114209680065405	0.0000036695982004	0.0020833300853232	0.0013297416095646	0.0010665828682673	0.0000289710348498	0.0020831308780457	
0.1530400066946128	0.0478615545769583	0.0002296494561018	0.0020705735633173	0.0863777295877942	0.0374818051669240	0.0001473039906239	0.0020780930403089	0.0021316774647236	0.0270754178389407	0.0001779475353172	0.0020756815574450	
-0.2457152676271792	-0.0062384167958875	-0.0000889860062352	-0.0020814225007035	-0.3198667652889906	-0.0104232574139161	-0.0001243000657115	-0.0020796033088896	-0.4186239882653121	-0.0156325342143237	-0.0001630121086660	-0.0020769140086646	
0.0927444677599708	-0.3926962226627778	0.0000080093609778	0.0020833178602326	0.0252664420124558	-0.4062424608217346	0.0000528739191971	0.0020826589088752	-0.0602038812200943	-0.4208325223716755	0.0000716354374895	0.0020820952071462	
-0.2793243823407999	-0.0598242366384635	0.0018970212860380	0.0008506304000488	-0.3583895127266539	-0.0629169089593524	0.0020192060330572	0.0004926188449168	-0.4591643696987981	-0.0701233884848405	0.0020469400579297	0.0003596361657899	
0.4622036704360313	-0.4405665158232767	0.0004541890149037	0.0020329676310543	0.3826984257172916	-0.4480303464339203	0.0004759304364299	0.0020279630255184	0.2888127576901776	-0.4520676930255043	0.0004408259621132	0.0020359217560391	
0.0947940427496582	-0.4510360928432059	-0.0000910880912829	0.0020813311126166	0.0267205978540369	-0.4645777724866058	-0.0000485997942675	0.0020827635519455	-0.0598454188178025	-0.4812648122624736	-0.0000253273492378	0.0020831786029470	
-0.2145713480323967	0.1218564590603993	0.0000761344666178	0.0020819347497599	-0.2854961433538572	0.1208199252418241	0.0001065253655146	0.0020805944619482	-0.3795860543216364	0.1198153545091816	0.0001404770699878	0.0020785680595576	
0.2062115839210062	-0.1374900537416799	0.0000647016262320	-0.0020823233465709	0.1354625864391441	-0.1479249985370765	0.0000360181727984	-0.0020830203970086	0.0471945020847735	-0.1583411348063689	0.0000226324758609	-0.0020832097792752	
0.1683500112586889	-0.0165600052313348	-0.0020636753290880	0.0002453599750319	0.0998690188601535	-0.0234847635384168	-0.0020451778502388	0.0003695746667074	0.0156812657831290	-0.0339575507620132	-0.0020544423377410	0.0003137107146663	
-0.2423124151202276	0.0947969650050887	-0.0000577653253342	-0.0020825283287263	-0.3146726822472450	0.0937455487437165	-0.0000950289170280	-0.0020811540245235	-0.4109687164308723	0.0926900695160610	-0.0001442724917099	-0.0020783067682764	
-0.2197352586118694	-0.0333210278964167	0.0000567539393455	0.0020825562760624	-0.2935114130622388	-0.0385238297501044	0.0000866605641543	0.0020815211089954	-0.3910186245882431	-0.0447726121787433	0.0001285855163038	0.0020793414265725	
-0.2471313919640539	-0.0406263960129673	-0.0000736700692801	-0.0020820238539349	-0.3219607167438126	-0.0458377812362615	-0.0001131512922395	-0.0020802428864793	-0.4215577540045691	-0.0520980638969925	-0.0001521682227302	-0.0020777407656416	
-0.2688529701486643	0.0030755751924409	0.0000130118919569	0.0020832924952682	-0.3430765193531333	0.0000277981998847	0.0000401890717167	0.0020829437175282	-0.4425293051234276	-0.0041831037040296	0.0000843643313328	0.0020816159122641	
0.2119802632203248	0.0730156039356248	0.0020778490987161	0.0000347366125576	0.1424025128892451	0.0650142904527157	0.0020781074552158	0.0000112932971759	0.0581226333352766	0.0536809741315405	0.0020774249795112	-0.0000545690980516	
-0.2153542152172040	0.1000134143109675	0.0000740345593705	0.0020820108601925	-0.2866542485291287	0.0989495990808555	0.0001119290825290	0.0020803093374216	-0.3812162213651181	0.0968642501855556	0.0001511979990715	0.0020778119490945	
-0.2405128268644969	0.1677129436711507	-0.0000685977556302	-0.0020821980136456	-0.3115023983712772	0.1687435277474274	-0.0001106620061009	-0.0020803774636463	-0.4061650820813250	0.1697857179999134	-0.0001561181008458	-0.0020774462447266	
-0.2584852239725247	-0.0838481274310134	-0.0019036141545278	-0.0008356970418726	-0.3366033143661381	-0.0877078537161314	-0.0020174077684450	-0.0004999685649982	-0.4364485382640421	-0.0956895488988636	-0.0019996982320907	-0.0005669795417805	
-0.2199553048737258	-0.0427144615886566	0.0000475506631240	0.0020827878895257	-0.2938830349018487	-0.0479230443764602	0.0000802726541060	0.0020817785232854	-0.3916305353420279	-0.0552137837382957	0.0001186015865030	0.0020799377447079	
-0.2117958269834985	0.1989518380974673	0.0000634063857723	0.0020823633883271	-0.2813165143709805	0.1999867838557429	0.0001027499171383	0.0020807852793102	-0.3737788304700322	0.2010219350744003	0.0001485646290176	0.0020780028473491	
-0.2240959853444777	-0.1011727109078566	0.0007611520603992	0.0019385625951926	-0.3005121317506733	-0.1081924965197616	0.0011986831700736	0.0017018352589456	-0.3987617359305468	-0.1168075047910122	0.0011091738556128	0.0017617752732475	
-0.2446560848377886	0.0198073104114175	-0.0000885826579967	-0.0020814397918269	-0.3183805572997651	0.0166880716509664	-0.0001180154957707	-0.0020799712486479	-0.4165778311435936	0.0124938640978500	-0.0001531395722644	-0.0020776690410092	
-0.2700711925998378	-0.0271050666926009	0.0001634412354983	0.0020768801140588	-0.3451114179375806	-0.0312119139947591	0.0002081943160629	0.0020728521194878	-0.4453415541659813	-0.0376139324153024	0.0002586064800647	0.0020671394877234	
0.4702636144038634	-0.4049683086686801	0.0001753650755565	0.0020759024329911	0.3909764093781212	-0.4126292244390240	0.0004882824929404	0.0020250097273291	0.2968269925399121	-0.4164964096347895	0.0003523923350230	0.0020531623759651	
0.0939494381073580	-0.4405476447432023	-0.0002352507827215	0.0020699414934871	0.0262476470555744	-0.4541386345989336	-0.0001589712284375	0.0020772287811169	-0.0602047611194819	-0.4697855196189677	-0.0001389581294746	0.0020786706686097	
-0.2408094861635354	0.1593689854435943	-0.0000780782680454	-0.0020818623976276	-0.3119886378689212	0.1604304741027779	-0.0001277719255858	-0.0020793918299468	-0.4068036015652914	0.1614220687477427	-0.0001647371128592	-0.0020767772148761	
0.0932864448978420	-0.3489313563840524	-0.0001010450056808	0.0020808691862599	0.0264394631650374	-0.3615049297006080	0.0000856214358409	0.0020815643267821	-0.0583596107254500	-0.3749796251148839	0.0001164360790383	0.0020800607072247	
0.1693643493239965	-0.0166894376980413	-0.0020697601160200	0.0001868810605784	0.1008699825692322	-0.0235940666086064	-0.0020581184678253	0.0002884794931420	0.0166834003030426	-0.0340853021460110	-0.0020633993779056	0.0002476814283842	
0.4545726514327921	-0.4679581839992419	0.0005830628648967	0.0019996533542266	0.3753237801459381	-0.4750954130210872	0.0006421317638490	0.0019813834390498	0.2821401452930823	-0.4789640854688267	0.0005550711964160	0.0020076432200148	
0.2285951975114608	0.0728474275058434	0.0020775368634738	-0.0000501057441164	0.1600171971852058	0.0646295362303533	0.0020768753482037	-0.0000726123331238	0.0748073543743836	0.0529390685573922	0.0020746382409206	-0.0001208570525888	
0.0931244147982019	-0.4323787807047422	-0.0001393721521308	0.0020786428112113	0.0253755653196953	-0.4457387826552684	-0.0002083498276174	0.0020728364160121	-0.0609273725011032	-0.4613806933491849	-0.0001615552834927	0.0020770284072394	
0.0926630088925989	-0.4010374191080165	0.0000289097631292	0.0020831317335392	0.0250283971836307	-0.4145837265187353	0.0000569733870017	0.0020825502540947	-0.0605405605116955	-0.4291620618728164	0.0000922493459620	0.0020812797104308	
-0.2157413815133858	0.0895666394124998	0.0000778827863338	0.0020818697564492	-0.2872549308968118	0.0875271086710362	0.0001099740749794	0.0020804141254892	-0.3820541937244173	0.0853922037286487	0.0001477354369417	0.0020780622592314	
-0.2479024988300918	-0.0583449267240247	-0.0001239303831196	-0.0020796254826834	-0.3230797528819928	-0.0635455843570968	-0.0001627378858378	-0.0020769356212148	-0.4230710673747253	-0.0708199618007523	-0.0001985435746299	-0.0020738034821611	
0.2063101036675337	-0.1686713582876749	-0.0000025643746983	-0.0020833317471874	0.1350781257643452	-0.1791665120537531	-0.0000127197722157	-0.0020832943083488	0.0466996933433784	-0.1895725763574318	-0.0000232941897752	-0.0020832024486383	
0.0925647831800017	-0.4083328522537225	0.0000087316234822	0.0020833149437486	0.0249123405989048	-0.4218748739322493	0.0000026905185681	0.0020833315873014	-0.0608020522094126	-0.4364709974077162	0.0000609542856705	0.0020824369744341	
0.0720919272973061	-0.4530616507371863	0.0001980129342871	-0.0020738544705367	0.0041826890215015	-0.4677053007004681	0.0000700498225611	-0.0020821494265734	-0.0823497943757701	-0.4844033038023786	0.0000524892548294	-0.0020826686877841	
0.4747455546226382	-0.3884840078831658	0.0009798439459378	0.0018372199509058	0.3939421357806421	-0.3959301622959846	0.0009990168252302	0.0018268132772352	0.3002186253944596	-0.4009972227624614	0.0009882974440959	0.0018326636832783	
-0.2458055202378214	-0.0083432332161459	-0.0000901328695698	-0.0020813729058377	-0.3199931225990200	-0.0125015680321256	-0.0001260648557173	-0.0020794965421622	-0.4187849412056125	-0.0177058424304283	-0.0001647417777291	-0.0020767768429847	
0.1565744657465272	-0.0085935696528022	-0.0011088528449389	0.0017619783449786	0.0906897707508924	-0.0174189287756731	-0.0012199500718488	0.0016865790545795	0.0056532545717801	-0.0276913133448612	-0.0012091956495546	0.0016943446372619	
-0.2421408870409270	0.1166705057218367	0.0000004013692702	-0.0020833332944764	-0.3139721594386661	0.1166844109767047	-0.0000338225062326	-0.0020830573897256	-0.4097339324455259	0.1156608973035194	-0.0000758662782034	-0.0020819445888821	
0.1574943769750411	-0.0097998057111177	-0.0012182517542343	0.0016878123351075	0.0916078999079213	-0.0185489404445366	-0.0013300292329234	0.0016007635904261	0.0065604327054553	-0.0287987810881005	-0.0013138608712017	0.0016141268376489	
-0.2669937703647867	-0.0857612543934173	-0.0020687153774329	-0.0001981660944525	-0.3449656767066457	-0.0886589425857775	-0.0020762770101657	-0.0000881474924857	-0.4457592438615012	-0.0967248625943321	-0.0020776512281199	-0.0000450888009909	
0.1525865206591274	0.0406370230808200	0.0000587788455562	0.0020824998268274	0.0860575144903134	0.0302179065344590	0.0000491871705360	0.0020827496940397	0.0017405933772386	0.0198128743500431	0.0000775339528385	0.0020818828422353	
0.2088539149648100	0.0729262738117680	0.0020756969532337	0.0001009476035827	0.1403220559745143	0.0649864124892005	0.0020773050294770	0.0000589800083383	0.0560465747117673	0.0537216723710809	0.0020780408473743	-0.0000201433988908	
0.2813626736791084	0.0499564177969720	0.0002197662848720	-0.0020716512181962	0.2128990208944271	0.0364462580692282	0.0000779763936764	-0.0020818662349477	0.1268656904647244	0.0250115656444692	0.0000768292529105	-0.0020819090981867	
-0.2123798507793946	0.1822984393680234	0.0000806859587799	0.0020817624653223	-0.2822217428102564	0.1833202139613623	0.0001089045099538	0.0020804706704017	-0.3750836121919031	0.1833322615927765	0.0001493352789409	0.0020779473303557	
0.0927954778652701	-0.3802019647839703	0.0000107403200371	0.0020833055094753	0.0255133503805631	-0.3927186548560674	0.0000381235671746	0.0020829827400360	-0.0598094394241747	-0.4072904366221795	0.0000698865549002	0.0020821549404507	
-0.4633422911876048	0.3108571795092440	-0.0020405005762765	0.0003947036105964	-0.5454331812051455	0.3284799115593091	-0.0020273059752692	0.0004579658562809	-0.6587625213659507	0.3469522393061279	-0.0020680523914042	0.0002050028059875	
-0.2466048624753872	-0.0270793895666279	-0.0000866524625652	-0.0020815214479639	-0.3211369015762955	-0.0312480487999949	-0.0001236072510961	-0.0020796448100576	-0.4204246495910627	-0.0375218328462608	-0.0001733706223149	-0.0020760707912723	
0.2819804400238725	0.0302102672057472	0.0000076596919779	-0.0020833191817807	0.2129686269265559	0.0177098511031253	-0.0000396588348860	-0.0020829539314750	0.1268410067191309	0.0062471078636028	-0.0000486139070656	-0.0020827632209368	
-0.2161117723988152	0.0791662409343124	0.0000735150166060	0.0020820293619555	-0.2877984787139543	0.0770822723602264	0.0001027953984077	0.0020807830216847	-0.3827571490633918	0.0750239137083004	0.0001408282016899	0.0020785441800744	
-0.2669206267789684	0.0781279373466534	-0.0000202927468028	0.0020832340052556	-0.3399103251291518	0.0770801752375543	0.0000131950530021	0.0020832913374559	-0.4375770307267468	0.0760427024405847	0.0000574076698493	0.0020825382681765	
0.2817370834205922	0.0437659875811562	0.0000805281911543	-0.0020817686047516	0.2130096214735349	0.0312500294924914	0.0000251649282496	-0.0020831805811878	0.1269721954750761	0.0187610059347749	0.0000056765144392	-0.0020833255611272	
0.0929384564631800	-0.3625263995019748	0.0000456055039039	0.0020828316070874	0.0259000302852811	-0.3749958088651948	0.0000574731993058	0.0020825364516981	-0.0591357781014205	-0.3895890562641435	0.0000854003090236	0.0020815734561504	
0.2379465386492683	0.0725316347454775	0.0020759053091760	-0.0000965457259874	0.1693622615080689	0.0641941741628507	0.0020740646997159	-0.0001303755781373	0.0852070960244512	0.0521713369546306	0.0020702753077250	-0.0001810550772665	
0.2064803696869613	-0.1801605748344769	0.0000594199453997	-0.0020824815418509	0.1351564170275302	-0.1906396670401899	0.0000252749713539	-0.0020831792422850	0.0466449528131596	-0.2010185249905928	-0.0000127098694786	-0.0020832943690900	
-0.2193415181058073	-0.0218698854957174	0.0000799872195071	0.0020817895649488	-0.2929165982926766	-0.0260480980683278	0.0001166869080117	0.0020800465809700	-0.3901839473924431	-0.0323346109797802	0.0001580170649361	0.0020773019477062	
-0.3979593689985286	-0.0601397072473960	0.0020774091497451	-0.0000551714217331	-0.4842141929401004	-0.0607437021056368	0.0020767877335725	-0.0000750885774503	-0.5964280773153799	-0.0667580881995820	0.0020764416775039	-0.0000841590157937	
0.0928132454997148	-0.3750003132490236	0.0000118620274657	0.0020832993941496	0.0256291338469482	-0.3875006630274776	0.0000385548668195	0.0020829747618113	-0.0596099341349752	-0.4020763610500867	0.0000731822183641	0.0020820411448948	
0.2659088053489591	0.0694268644905658	0.0020045123449256	-0.0005496294889997	0.1983933442247882	0.0601902987604946	0.0019761020363483	-0.0006447861795256	0.1131658974265715	0.0476448101442267	0.0019519265306863	-0.0007149732149300	
-0.2170315529008236	0.0427052123581834	0.0000572290674802	0.0020825432085103	-0.2894230884739076	0.0395596284009261	0.0001016451866993	0.0020808398089486	-0.3852032547428236	0.0364371008428250	0.0001458423560198	0.0020781966466306	
-0.2161472735252702	0.0781255830762139	0.0000722240224425	0.0020820747715226	-0.2878509258263132	0.0760429258650168	0.0001017665916871	0.0020808338452819	-0.3828286618870508	0.0739862271071074	0.0001393874662354	0.0020786417792095	
-0.2121781367264245	0.1875040407712519	0.0000787877237011	0.0020818355353024	-0.2819357291098845	0.1885532150408561	0.0001125055791345	0.0020802780837680	-0.3746140488873505	0.1895560730525859	0.0001565156191210	0.0020774161836153	
0.3822854494263290	-0.4760738726699935	0.0007208121860802	0.0019539975618777	0.3075646267560547	-0.4822915854234874	0.0014231331482434	0.0015181668624317	0.2201534265588312	-0.4917014480955947	0.0002746451232238	0.0020650593727328	
0.2059880556624964	-0.1291508803987020	0.0000265040968106	-0.0020831638903130	0.1352885509445124	-0.1395761720637030	0.0000327276444686	-0.0020830749666964	0.0470990919450534	-0.1499879776076012	0.0000167536285973	-0.0020832656308143	
-0.2135277603511370	0.1479421520029584	0.0000794478478923	0.0020818103222894	-0.2839951718396769	0.1479390167298124	0.0001212752328567	0.0020797827928271	-0.3775119911203890	0.1479464653811561	0.0001610868871402	0.0020770649690036	
0.2062149784974874	-0.0387822520742343	0.0007700887565971	-0.0019350121949993	0.1374056060582750	-0.0500761343296338	0.0001397982713532	-0.0020786140529627	0.0504465805876917	-0.0602563238043209	0.0001360199003928	-0.0020788659749427	
-0.2672483311865680	0.0427135604765345	0.0000641131819812	0.0020823416385125	-0.3410001380631040	0.0406383227396950	0.0001174914178443	0.0020800010666026	-0.4396571728750078	0.0375122845633671	0.0001573366704087	0.0020773538507114	
0.4671025758866938	-0.4185893008920050	0.0005275496201437	0.0020150870684977	0.3874137272638314	-0.4259929546547451	0.0004770280813562	0.0020277038211237	0.2932889752552699	-0.4302909221562054	0.0004884203457148	0.0020249763160427	
0.1898866393720982	-0.4531677146249674	0.0001243702586229	-0.0020795990911873	0.1204148157921996	-0.4645956609911125	0.0000392014861827	-0.0020829626323752	0.0333229113070309	-0.4781201865032045	0.0000005813129205	-0.0020833332518254	
-0.2648797845357386	0.1978923783032244	0.0001180677488974	0.0020799682683533	-0.3358730710790070	0.2000820566611455	0.0001469036798693	0.0020781215191330	-0.4305826628500801	0.2032578294224514	0.0001862376233217	0.0020749505262530	
-0.2478414535296123	-0.0573033022819537	-0.0001183974040537	-0.0020799494357201	-0.3230013183970735	-0.0625074327027937	-0.0001571644583368	-0.0020773669519609	-0.4229754448854156	-0.0697861413263047	-0.0001938254813939	-0.0020742520059414	
-0.2442883933920727	0.0281284960485201	-0.0000948436263089	-0.0020811625192518	-0.3178830165500828	0.0249962598686732	-0.0001275703446089	-0.0020794042686011	-0.4158530485852756	0.0218915715188793	-0.0001666211857109	-0.0020766261511490	
0.1901400071713348	-0.0181803867028512	-0.0020651811560047	0.0002322779553523	0.1205290901285851	-0.0250675368030041	-0.0020614331707480	0.0002636227746488	0.0363724804024180	-0.0362005120398723	-0.0020385891187668	0.0004045083195841	
-0.2137250821773223	0.1426915015320531	0.0000881916517253	0.0020814564787416	-0.2843058764906136	0.1426823450665018	0.0001231026581055	0.0020796748898106	-0.3780020897828862	0.1416475246877070	0.0001639726594204	0.0020768380152364	
-0.2182026572470245	0.0062499337575921	0.0000616166485724	0.0020824173836219	-0.2912354808624663	0.0021003833779332	0.0000968212485816	0.0020810709966842	-0.3878757146996095	-0.0031022854036364	0.0001366943708313	0.0020788215130747	
