-0.1953376813403781	0.0540553086066582	0.0020301443534462	0.0004451499659451	-0.0581646807734673	0.0756716993538126	0.0020258287631226	0.0004644890090268	0.0727539440037028	0.0976520882674358	0.0020192311502744	0.0004925153644892	
-0.4425277957717510	-0.4466582686921738	0.0020778767383766	-0.0000330332312759	-0.2908174232273741	-0.4008330130076908	0.0020426138677955	-0.0003835608571092	-0.1538923009350980	-0.3720663444475428	0.0020508566299924	-0.0003364647215226	
-0.3942598912326513	-0.3568634971000766	-0.0014383149353405	-0.0015037191378717	-0.2465457587722403	-0.3185166274907591	-0.0013353333016267	-0.0015963195268315	-0.1119630487265573	-0.2918700988336950	-0.0013218005036230	-0.0016075989872522	
-0.1758159456660415	-0.1230288666543717	0.0006266049085181	-0.0019863731884722	-0.0377963108842369	-0.0991670060104827	0.0007036615373604	-0.0019602702431551	0.0944772103296951	-0.0802503876173392	0.0007920072905093	-0.0019261001872552	
-0.2757051487844634	-0.0418218537743597	-0.0006525936614350	0.0019779452056762	-0.1329380351926189	-0.0176811921253962	-0.0006280581506856	0.0019859118778474	-0.0012353881416901	0.0019982892565339	-0.0006201260538656	0.0019884155174421	
-0.5028725056305523	0.3254173470323189	-0.0020748436583962	0.0001172594723500	-0.3460314348406189	0.3359830462136020	-0.0020779705971391	0.0000264419917749	-0.2098928384055415	0.3493614501478119	-0.0020766402530164	-0.0000790816724038	
-0.4197982169887758	-0.4445718928284159	0.0020729212787598	0.0001475238300635	-0.2732531699699521	-0.4003185028000361	0.0020781145755014	0.0000098892325532	-0.1392337088930224	-0.3721062115204635	0.0020698577384551	-0.0001857912487278	
-0.2889283404935282	0.0104209199512104	0.0002715754594905	0.0020654673370624	-0.1452572605946196	0.0322830070264921	0.0001317728738928	0.0020791408702892	-0.0141121036935004	0.0520785416352725	0.0000302602784544	0.0020831124571612	
0.2852870963385190	-0.3647972523777889	-0.0006579944509198	0.0019761461461314	0.4361481885973697	-0.3657394298234726	-0.0006402525639135	0.0019819945139760	0.6036253870481574	-0.3739898615705760	-0.0006579634409281	0.0019761565229018	
-0.3760339868338201	-0.3860622763035402	-0.0020028548586723	-0.0005556689513763	-0.2327418134335251	-0.3478786040457743	-0.0016927005747392	-0.0012085935868424	-0.1008345481372420	-0.3231636237134349	-0.0017495138861934	-0.0011243468395525	
-0.2670592862966336	-0.0656386716338876	-0.0008162643463454	0.0019158952719162	-0.1246334136450602	-0.0416254331267500	-0.0008393128892632	0.0019058607027471	0.0064977309363733	-0.0206405585082297	-0.0008322892278318	0.0019089537875000	
-0.3917260131879727	0.3209002050208146	-0.0020765639653709	0.0000810699404992	-0.2441809483780547	0.3354471229265233	-0.0020780302988081	0.0000212088799191	-0.1122342074953401	0.3535287104132889	-0.0020770477512022	-0.0000674745648647	
-0.5174601077924722	0.3259774620922499	-0.0020773385307446	0.0000577819933807	-0.3584914713595876	0.3359630799383879	-0.0020779006397060	-0.0000314860048337	-0.2223562074861952	0.3487561103458459	-0.0020734505037386	-0.0001398496742413	
-0.5475504351462727	0.3264643153928675	-0.0020762733566335	0.0000882339382575	-0.3854911440118286	0.3354754597055506	-0.0020778297109366	0.0000358832131606	-0.2472949436203803	0.3471595751652855	-0.0020773800733860	-0.0000562609696418	
-0.1078122027367243	-0.4576328320712544	0.0016189312850422	0.0013062228748170	0.0260658132100517	-0.4324253187670944	0.0016787738752930	0.0012279605166816	0.1588626492864877	-0.4185602699303670	0.0017340850389679	0.0011481170701306	
-0.1082640986434485	-0.4580582969042988	0.0016188886714597	0.0013062759526765	0.0249064627157072	-0.4332862644609434	0.0016796085962083	0.0012268128155335	0.1580983852669352	-0.4190139570095795	0.0017360105284834	0.0011451889469293	
-0.4512374988412463	-0.4161473720029216	-0.0019228304771528	-0.0007902475819067	-0.2990711583911331	-0.3711868942277703	-0.0019525866862094	-0.0007131593146433	-0.1612114225703337	-0.3413385191312444	-0.0019657167890599	-0.0006759370682588	
-0.3655445660761488	-0.3637084435277779	0.0017782825752381	0.0010780341606320	-0.2204286997474696	-0.3269785261920617	0.0016893782326412	0.0012132564169616	-0.0868953580971278	-0.3013457758483993	0.0016877267219247	0.0012155642228222	
-0.3971559610324221	-0.3602493918532833	-0.0012338860257558	-0.0016763594972835	-0.2490904242708301	-0.3220433294557910	-0.0010687743363777	-0.0017866954590882	-0.1145633527302382	-0.2956896683399906	-0.0010236598557274	-0.0018130505593617	
-0.4872821609104930	0.3242753522377276	-0.0020747507425253	0.0001189002828385	-0.3314516698893601	0.3355383962837203	-0.0020771885530509	0.0000629679638837	-0.1963991720500861	0.3496614450689952	-0.0020779383738411	-0.0000288750141928	
-0.0239813651144689	-0.3978218060038327	0.0016198133952546	0.0013051233529567	0.1100756543761652	-0.3790775359256675	0.0017147712917375	0.0011769097731527	0.2476370596258383	-0.3682076807197782	0.0017747936806023	0.0010837970378256	
-0.2628392973841120	0.0332011198678995	0.0017918471572350	0.0010552193585865	-0.1227244361097349	0.0544404808902172	0.0017394025792449	0.0011400043547822	0.0072969986029225	0.0749486018977401	0.0017359384997170	0.0011452986756033	
-0.1276725562490586	0.0073187023123556	0.0006204226774711	-0.0019883225220740	0.0110045972204895	0.0290823627924653	0.0006084866943172	-0.0019920261359306	0.1438314521318841	0.0511286918609187	0.0006062891473603	-0.0019926994297947	
-0.1427384374470207	-0.4893643453182142	0.0011384342077641	0.0017429162544255	-0.0092876682121695	-0.4615144359026018	0.0013236597043122	0.0016060608454928	0.1221278440758669	-0.4453438573304919	0.0014405910539633	0.0015015277917686	
-0.5787513512679767	0.3279124397743166	-0.0020780511037752	-0.0000190503694035	-0.4135483960878966	0.3354055588256853	-0.0020758254026032	-0.0000982572572654	-0.2732696751097910	0.3457941624878103	-0.0020701944859135	-0.0001819814731401	
-0.5268022742477314	0.3261450713116389	-0.0020779933875305	0.0000245761817855	-0.3678223335387859	0.3357395132537830	-0.0020772274226512	-0.0000616658379936	-0.2296405261604612	0.3482278087093251	-0.0020721698773669	-0.0001577767419730	
-0.5361488924516661	0.3262152334127741	-0.0020780490015385	0.0000192794559291	-0.3761398870406664	0.3354938255131271	-0.0020777449927132	-0.0000405144462832	-0.2379459962763107	0.3475847235673237	-0.0020740165523832	-0.0001311430908070	
-0.4956493196451204	0.3248895381811677	-0.0020724419319452	0.0001541437473252	-0.3387056784723309	0.3358205344550671	-0.0020771322278892	0.0000648083998567	-0.2036679784571854	0.3495370987845622	-0.0020777185774163	-0.0000418537655008	
0.2809709105748855	-0.3518861053541696	-0.0006723555825142	0.0019712819719425	0.4316867246998615	-0.3518729120983363	-0.0006438565505555	0.0019808208331020	0.5985525116488788	-0.3583122782976223	-0.0006396864859711	0.0019821782023697	
-0.4426994649528749	-0.4123860913539110	-0.0018858032549267	-0.0008753401426401	-0.2920788797106768	-0.3685306187875916	-0.0019311016272738	-0.0007697111199888	-0.1559168024986420	-0.3394504723086676	-0.0019519315283394	-0.0007149595025358	
0.2622173456402337	-0.3079515908814899	-0.0012215316083413	0.0016854282198831	0.4117149761072494	-0.3039197946535558	-0.0012153009867251	0.0016899488974590	0.5773619875264109	-0.3065868755364690	-0.0011643358844277	0.0017256340465942	
0.2730802269809502	-0.3303065778959952	-0.0007507209669658	0.0019426462300937	0.4231962334717123	-0.3279820855795678	-0.0007378778783405	0.0019475852465857	0.5898145940470980	-0.3335117710827970	-0.0007417927311012	0.0019460900802586	
-0.1526539811820696	-0.0512297692076597	-0.0019362127919881	-0.0007566966177341	-0.0165734478066271	-0.0292916464918735	-0.0019761199064876	-0.0006447311354163	0.1154544946985456	-0.0086169260574752	-0.0019789296629832	-0.0006360109100255	
0.2914402346158230	0.4978699640057538	-0.0000811960454966	-0.0020817425332590	-0.5694106703378473	0.3355647193014705	-0.0020777180190487	0.0000418816136713	-0.5631520942085206	0.3330909255725579	-0.0020725953725938	-0.0001520562184379	
-0.1216092463312074	-0.0322644430283768	-0.0012409641138703	-0.0016711003145397	0.0148821397985144	-0.0118139230139443	-0.0009080665307155	-0.0018739169874346	0.1483703393099449	0.0085798440821352	-0.0009107239434569	-0.0018726204640084	
-0.1364277058012908	0.0332182719960625	0.0007186576408639	-0.0019547949767308	0.0023338858209642	0.0553006659368074	0.0006894200449870	-0.0019653494113594	0.1352981668777512	0.0771606733123898	0.0006870788064668	-0.0019661732259817	
-0.5756388115513383	0.3279321169567518	-0.0020781331364396	0.0000045018732072	-0.4114806874181999	0.3355204680961201	-0.0020758655394425	-0.0000974013276757	-0.2712192900052985	0.3459944644594157	-0.0020696681635798	-0.0001879017479053	
-0.1232603470040398	-0.0348062236263293	-0.0009410758177527	-0.0018574768987519	0.0134581114459540	-0.0145053514316567	-0.0011245280837220	-0.0017519656520953	0.1457272453122397	0.0046935122673518	-0.0014497049140638	-0.0014926861970792	
-0.3562207552046453	-0.4094354630271150	0.0008124119839480	0.0019175401833793	-0.2132282909322549	-0.3728303342385835	0.0009041348475850	0.0018758266302948	-0.0822799231569467	-0.3488759659034150	0.0009499649715095	0.0018529237769639	
-0.1627132733462170	-0.1593351421094705	0.0006096500286811	-0.0019916686299589	-0.0248783252808750	-0.1354124945153322	0.0005808291503133	-0.0020003065652292	0.1073631636134923	-0.1166448596861754	0.0005876901342431	-0.0019982915269796	
-0.0625189685673234	-0.4237054257536391	0.0016319544293152	0.0012898331274428	0.0708527279480945	-0.4024306677882180	0.0017370604065204	0.0011435878492619	0.2048837905121808	-0.3910004363221872	0.0017995575650069	0.0010419491690140	
-0.5870551819521725	0.3278124019988690	-0.0020781108304163	-0.0000106508338984	-0.4207980208761121	0.3350939010139731	-0.0020776614406432	-0.0000446133533904	-0.2784105688149749	0.3453327179901025	-0.0020737323189318	-0.0001355851808156	
-0.1464070314110083	0.0521932441425876	0.0015579344677030	-0.0013787555995693	-0.0086854359512373	0.0755705302236723	0.0016877743745146	-0.0012154977265194	0.1239278755982407	0.0982788272006390	0.0016869966428299	-0.0012165823150360	
-0.4769308208352275	0.3239852256448092	-0.0020780678304759	0.0000171187146668	-0.3221099060016198	0.3354420680544536	-0.0020778016669008	-0.0000374797157619	-0.1870327064421700	0.3499857647259136	-0.0020744853733961	-0.0001234660629943	
-0.3823603979036168	-0.3892967179571841	-0.0016793805472909	-0.0012271265350614	-0.2379546076773385	-0.3509817980884828	-0.0020266583857989	-0.0004608374692708	-0.1049906914047597	-0.3246847914198630	-0.0020780544589938	-0.0000186789218472	
-0.2264528687008771	0.0463716637694179	0.0019960600013365	0.0005797206823986	-0.0883366242255799	0.0678246012624696	0.0019999402395559	0.0005661210229871	0.0426279696852135	0.0893977712265253	0.0019965174162682	0.0005781355051692	
-0.2317434079828891	-0.0728050591684178	-0.0020491127500090	-0.0003469786121983	-0.0935275978557865	-0.0489167683443419	-0.0020335722035366	-0.0004291374428974	0.0363931800712362	-0.0282185538768794	-0.0020229697669634	-0.0004768474481403	
0.2799068260038281	-0.3487714578727388	-0.0006855713341830	0.0019667019971777	0.4303600858566405	-0.3478329169332561	-0.0006630990296857	0.0019744306026966	0.5975378534949698	-0.3551765073745417	-0.0006454453120537	0.0019803011197602	
-0.1685326268105690	-0.1406906648983122	0.0006982362705952	-0.0019622189408087	-0.0304584560606102	-0.1167650596925559	0.0006713022394279	-0.0019716427239974	0.1017850524025997	-0.0979287631447945	0.0006493146995868	-0.0019790294378111	
-0.1535488132918325	-0.0515457997139038	-0.0019443210981928	-0.0007355050610515	-0.0174941934547834	-0.0295945508397555	-0.0019833998738277	-0.0006218591128717	0.1141694671499270	-0.0090485003522794	-0.0019876208022128	-0.0006081639997929	
-0.4538754920443488	-0.4433628832183467	0.0020181644374252	-0.0004968900146254	-0.3005369513162922	-0.3972751454388578	0.0019629168365005	-0.0006840657692866	-0.1643352888932016	-0.3679538785113302	0.0019226547419502	-0.0007906771850715	
-0.1432683487780879	-0.0471214432082970	-0.0018902861518484	-0.0008655679065461	-0.0070192129129455	-0.0255129156222105	-0.0018997458283012	-0.0008444973878617	0.1246270013608815	-0.0050857753678792	-0.0019030935251284	-0.0008368878966349	
-0.1515611539246166	0.0555426437908491	0.0018802913362238	-0.0008871768111865	-0.0146435319162664	0.0787990750999740	0.0019208495021232	-0.0007950745836268	0.1173574513944956	0.1018173965043825	0.0019394556619520	-0.0007483037902315	
-0.1293893741073017	0.0126155890826346	0.0006392494281405	-0.0019823199018433	0.0093237951133671	0.0343686944148393	0.0006280234421002	-0.0019859229092911	0.1422548770133679	0.0562278075758432	0.0006240337134705	-0.0019871864980392	
-0.1943125542835080	0.0542643845775885	0.0020314826715018	0.0004389709907056	-0.0571400832725341	0.0759056032408281	0.0020268479215818	0.0004599989590948	0.0737758825039296	0.0978896360043089	0.0020199871541138	0.0004893898571727	
-0.4313420502934441	-0.4070207396684561	-0.0018725033059998	-0.0009035794870755	-0.2804993200658564	-0.3636565139507100	-0.0019059243265350	-0.0008303883417927	-0.1442248908769793	-0.3348922098455926	-0.0019281338531828	-0.0007771524210755	
-0.4453986595117224	-0.4613377074307011	-0.0002221297036598	-0.0020713978748948	-0.2924632855210041	-0.4148083232302831	-0.0006998126733099	-0.0019616544676122	-0.1546300807044177	-0.3842557055806660	-0.0015681239832580	-0.0013670971135748	
-0.1227809873486913	-0.4695542768269219	0.0016371544480527	0.0012831932690941	0.0103924275677906	-0.4437526802547309	0.0016881220535771	0.0012150123944595	0.1424403695291930	-0.4293154078422491	0.0017358299367223	0.0011454640320850	
-0.3729970323845755	-0.3853293673607659	-0.0020530962410209	-0.0003224457116834	-0.2305857757008318	-0.3466359038146075	-0.0018716058706270	-0.0009054461921942	-0.0986617608406228	-0.3217228070956472	-0.0017318607418164	-0.0011514862980958	
-0.4197812747113257	0.3222066344722636	-0.0020766040957348	0.0000800301988283	-0.2701697053374187	0.3357870871589369	-0.0020781379863699	-0.0000000912296741	-0.1371270301969021	0.3527227036218495	-0.0020759186516945	-0.0000962569690633	
-0.0246236409817704	-0.3982852026006373	0.0016364581891542	0.0012840855339239	0.1093564875625381	-0.3795208156405134	0.0017244450796173	0.0011626176522424	0.2463919348160214	-0.3689585122647829	0.0017906934017452	0.0010571858697910	
0.2820313161473837	-0.3550013395864288	-0.0006594568370394	0.0019756561753603	0.4326766692780197	-0.3550200819578778	-0.0006327797776234	0.0019844049428002	0.5998468475547096	-0.3623692757874306	-0.0006337999496324	0.0019840777149858	
-0.1849399458807530	0.0561017709191060	0.0020484447585560	0.0003509202095791	-0.0477776513382893	0.0778796405016941	0.0020425317164924	0.0003840002750485	0.0821022274031118	0.0998039094532863	0.0020341730524216	0.0004262658899306	
-0.0666716869561568	-0.4267581732957180	0.0017232922829290	0.0011643342488570	0.0664762077475928	-0.4051510903194711	0.0018046430481992	0.0010330717347328	0.2004276141328096	-0.3934425903446667	0.0018573788453784	0.0009344253635477	
-0.3690469768556883	-0.3848104918895157	-0.0020749364120559	-0.0001155982250085	-0.2253878792779379	-0.3456601750754338	-0.0020777719673851	0.0000390994307127	-0.0935571516973829	-0.3198593269507619	-0.0020780713003556	0.0000166900237333	
0.2504844111850313	-0.2976655787551636	-0.0018584077015714	0.0009323672082911	0.3990091665824262	-0.2926835575193836	-0.0018402077345912	0.0009679670882929	0.5631112462860526	-0.2929175889225679	-0.0017719905433613	0.0010883969473021	
-0.0812419064552611	-0.4371542835849621	0.0016609596270646	0.0012520701730365	0.0519231493130705	-0.4145240268781624	0.0017294900693985	0.0011550616881923	0.1861901082300775	-0.4015090476812584	0.0017794143603664	0.0010761556323778	
-0.4542565461976232	-0.4173848797098700	-0.0019352008202666	-0.0007592938467284	-0.3012733936830885	-0.3719792221588806	-0.0019540067155965	-0.0007092397045919	-0.1630030217342334	-0.3419337600703795	-0.0019685786885054	-0.0006675140403302	
-0.4590045427116157	-0.4191804112598315	-0.0019388128262145	-0.0007499760883445	-0.3056791794292621	-0.3736592690338951	-0.0019354702585395	-0.0007586033335652	-0.1674481016575396	-0.3434767389872880	-0.0019609198266132	-0.0006897979022873	
0.2315165405376486	-0.2963612409304621	-0.0020100670423149	-0.0005288489040309	0.3771203136272849	-0.2904305697734181	-0.0020410257528658	-0.0003919651606122	0.5370814950242739	-0.2891467110746823	-0.0020642359409905	-0.0002405738471090	
-0.4135285315155612	-0.3979511650682947	-0.0017955012125902	-0.0010489584841351	-0.2648429767336996	-0.3564705385005826	-0.0018457633974954	-0.0009572772601919	-0.1296311945614926	-0.3286129399817396	-0.0018667265447699	-0.0009155133345229	
-0.5340722644084083	0.3261994918627406	-0.0020780788825822	0.0000157126146325	-0.3740603923994069	0.3355444151749880	-0.0020775025769400	-0.0000515146648410	-0.2358671954286635	0.3477333533638766	-0.0020732070530600	-0.0001434311396588	
-0.1898647562023943	-0.0608242062221698	-0.0017274814803235	-0.0011580785380928	-0.0528274060532771	-0.0387508978858634	-0.0016402417035663	-0.0012792248248349	0.0780102310593486	-0.0188468192358944	-0.0016449663008411	-0.0012731131781021	
-0.1201192695538403	-0.0304082290812228	-0.0011708965117202	-0.0017211669223733	0.0160255576597719	-0.0097089207008641	-0.0012038708190148	-0.0016981511257842	0.1493851205143373	0.0106120186316394	-0.0011443402247642	-0.0017390248619696	
-0.4435595321608754	-0.4895867564090510	0.0001386304311472	-0.0020786926586777	-0.2912431336601752	-0.4416581838578734	0.0002211425887963	-0.0020715040205911	-0.1550696970330790	-0.4093677431882360	0.0002359852863518	-0.0020698574658826	
-0.0967831657505284	-0.4487628129862655	0.0016323132092070	0.0012893767796774	0.0370651579204339	-0.4245007360247329	0.0017004323090307	0.0011976361376924	0.1706405195012138	-0.4107921166249046	0.0017571145611277	0.0011123711801255	
-0.3542137515869592	-0.3947597421648568	-0.0004711091998049	0.0020290940818742	-0.2100296542906056	-0.3583579352857326	-0.0002251521204601	0.0020710698965050	-0.0784470538086824	-0.3354554572266806	0.0000105090715173	0.0020833066947285	
-0.4674634440798175	-0.4230419371994131	-0.0017849185165693	-0.0010669555212584	-0.3132700390078683	-0.3776803097405272	-0.0016271582033494	-0.0012959086357391	-0.1747655627114786	-0.3466511486814218	-0.0017918087849474	-0.0010552848412808	
-0.2349489807707581	-0.0735477092339379	-0.0020254093566279	-0.0004663235585764	-0.0967297967754761	-0.0496588632885833	-0.0019990541290074	-0.0005692576777383	0.0332325563641509	-0.0291039416833302	-0.0019815436342674	-0.0006277782145628	
-0.1066920009858865	-0.4566993053099942	0.0016159463514994	0.0013099322246905	0.0267752698726412	-0.4319307784350836	0.0016795685437894	0.0012268679232435	0.1600444209302830	-0.4177538640299603	0.0017369854512467	0.0011437022648643	
-0.0591877178755442	-0.4208796192924468	0.0015665133299611	0.0013689516454179	0.0739635613779277	-0.4002738518732511	0.0016764834152742	0.0012311013713950	0.2088540312334892	-0.3885434668524443	0.0017355912032371	0.0011458275359624	
0.3058747889923706	0.3823318401808373	0.0002219931569101	-0.0020714125864367	0.4739335625716765	0.4291807383068336	0.0002565078122404	-0.0020674022655309	0.6550072253970709	0.4958994491611204	0.0002570725941726	-0.0020673317620716	
-0.1434991201401258	-0.4905707031193464	0.0010627660937459	0.0017902937160458	-0.0102179978157108	-0.4626465291898130	0.0012961338589555	0.0016284669117844	0.1206109585488048	-0.4469500456329100	0.0013934670052605	0.0015455764606175	
-0.0896644611501735	-0.4433335222117891	0.0016710742792222	0.0012384702789363	0.0437046801139551	-0.4198894855402341	0.0017351147731729	0.0011465524710710	0.1777842332247146	-0.4064309114090445	0.0017890134223725	0.0010600405198224	
0.2650902240070188	-0.3123982131565873	-0.0010347845294592	0.0018066926047031	0.4149602407497601	-0.3090889234656608	-0.0010128829238847	0.0018191233847981	0.5808703220557614	-0.3124779041829857	-0.0009715022028473	0.0018416667087550	
0.2414349701471908	0.4978960731170218	0.0000473780088935	0.0020827918438104	-0.5694106703378473	0.3355647193014705	-0.0020777180190487	0.0000418816136713	-0.5631520942085206	0.3330909255725579	-0.0020725953725938	-0.0001520562184379	
-0.1308168309676254	-0.4761729975857336	0.0015556452032423	0.0013813509670663	0.0021295092897980	-0.4500698798213889	0.0016001814501015	0.0013292397065741	0.1331826317866645	-0.4356928096249662	0.0016729205242399	0.0012359627382362	
-0.1849263583914081	-0.0583980890424438	-0.0019727592778164	-0.0006549926641622	-0.0489683960438918	-0.0362365838871821	-0.0018227523806981	-0.0010006091345108	0.0822237147608621	-0.0158464957962114	-0.0018064393280916	-0.0010299117541457	
-0.5849773853325457	0.3278319455855855	-0.0020780188778233	-0.0000223051650892	-0.4197587326711712	0.3351139687885495	-0.0020774192870340	-0.0000547864602160	-0.2784105688149749	0.3453327179901025	-0.0020737323189318	-0.0001355851808156	
-0.1508721565393126	-0.0506189873923080	-0.0019217479776715	-0.0007928895444349	-0.0143875245397183	-0.0284824057714699	-0.0019549305120446	-0.0007066766009724	0.1163627180463777	-0.0083030698857934	-0.0019714196660189	-0.0006590337700884	
-0.1423951245310775	-0.0467877259869385	-0.0018964854414827	-0.0008518303726487	-0.0061640148501544	-0.0251433330693870	-0.0018975519111568	-0.0008494401106433	0.1255084962735340	-0.0047688082990311	-0.0019029235708819	-0.0008372762020913	
-0.0880441365978262	-0.4420574922776389	0.0016785538426641	0.0012282627774210	0.0456436646551329	-0.4186302792643564	0.0017416113232874	0.0011366102097048	0.1797916899636708	-0.4052683028932098	0.0017970373935369	0.0010463113703113	
-0.2651317905935493	0.0316800304265649	0.0017569465377495	0.0011126378758172	-0.1247015807391596	0.0531529726833287	0.0017196857216207	0.0011696810327959	0.0053770762992179	0.0736107188370580	0.0017206600042168	0.0011682401590525	
-0.3429428055061415	0.3193600393249996	-0.0020700893721570	0.0001831792457659	-0.1984379715043942	0.3358175173133726	-0.0020759648682567	0.0000952499747099	-0.0665030051808398	0.3560280874086885	-0.0020781345834978	-0.0000037712586548	
-0.3564021416819755	-0.3366167239365432	-0.0020046901392054	-0.0005489774069926	-0.2119675217812641	-0.2999287664795674	-0.0020254918604243	-0.0004659632747238	-0.0778916440004251	-0.2745762837922247	-0.0020464372365557	-0.0003625006391602	
-0.4291396103307403	0.3225495569184276	-0.0020768816093533	0.0000724321298090	-0.2784774456907455	0.3357866304450656	-0.0020781254043075	0.0000072501370363	-0.1454847351415558	0.3523171714447639	-0.0020762140162762	-0.0000896262881917	
-0.4114916554134576	-0.4441897571697350	0.0020717348153264	0.0001634178126308	-0.2649793409793552	-0.4003097877870562	0.0020774826550707	-0.0000523158690938	-0.1319432409670134	-0.3725178700155443	0.0020744444582220	-0.0001241550350564	
-0.4552582720808952	-0.4429952080245456	0.0020292408834687	-0.0004492709488220	-0.3022743343350049	-0.3967190478545049	0.0019746298600079	-0.0006493030945201	-0.1643352888932016	-0.3679538785113302	0.0019226547419502	-0.0007906771850715	
-0.4946217334619954	0.3248006496944720	-0.0020724233224714	0.0001543949958763	-0.3387056784723309	0.3358205344550671	-0.0020771322278892	0.0000648083998567	-0.2026298405160110	0.3495715226903199	-0.0020778203450728	-0.0000364241827441	
-0.4143155435829609	-0.3983789242445829	-0.0018087179539146	-0.0010258846870637	-0.2648429767336996	-0.3564705385005826	-0.0018457633974954	-0.0009572772601919	-0.1296311945614926	-0.3286129399817396	-0.0018667265447699	-0.0009155133345229	
-0.1517616517857681	-0.0509223612022067	-0.0019276339999235	-0.0007783976184112	-0.0156701133848121	-0.0289704418982902	-0.0019682463037158	-0.0006684983812000	0.1154544946985456	-0.0086169260574752	-0.0019789296629832	-0.0006360109100255	
-0.1100685896222430	-0.4594748711125696	0.0016226370991014	0.0013015934121975	0.0237433880028094	-0.4341394249986276	0.0016806207552962	0.0012254189369320	0.1569191244563305	-0.4198244049935801	0.0017368429620933	0.0011439197225038	
-0.0737264654108543	-0.4313651295851619	0.0016946041860606	0.0012059096423886	0.0601080393610463	-0.4089420637995934	0.0017453041499092	0.0011309030600223	0.1942254080196147	-0.3966086887600239	0.0018112966722126	0.0010213019435322	
0.2841013753562300	-0.3612553726009360	-0.0006528688098994	0.0019778539487126	0.4346802616559327	-0.3613033408899567	-0.0006307498980706	0.0019850543141582	0.6023048047661872	-0.3699477680654411	-0.0006467317656519	0.0019798792582008	
0.2545211262403068	-0.3001058471765927	-0.0016795268567955	0.0012269252759241	0.4033453108988396	-0.2954249524764752	-0.0016769537983736	0.0012304573497692	0.5684277738181218	-0.2967646631301040	-0.0016045563638207	0.0013239288335178	
-0.1290757483826592	-0.4746998965219405	0.0015819374727860	0.0013510082673121	0.0043698300374843	-0.4482237223121121	0.0016361285033704	0.0012845076819977	0.1362275367701014	-0.4335112350109151	0.0017035329803845	0.0011931994392347	
-0.2172962511560659	-0.0704854550878531	-0.0020415227294494	-0.0003893553631335	-0.0800242140337910	-0.0468277741150043	-0.0020519945353452	-0.0003294183966722	0.0509241083686146	-0.0260721192735243	-0.0020580115434647	-0.0002892451137993	
-0.1632894981917350	-0.1573089569011907	0.0006060962088801	-0.0019927584159484	-0.0255361754365047	-0.1332979905235527	0.0005797605918143	-0.0020006180848611	0.1068110058788369	-0.1146004601502581	0.0005862266171216	-0.0019987235114036	
-0.5590081833720799	0.3272083675791690	-0.0020728467535383	0.0001485725124973	-0.3958759807027432	0.3357758674843226	-0.0020775180173669	0.0000508850098177	-0.2566527844760441	0.3469644405901758	-0.0020771565751200	-0.0000640193478913	
-0.0363305923654403	-0.4063087654356846	0.0017589620928392	0.0011094327642267	0.0977494965681046	-0.3865940219830251	0.0018068972008755	0.0010291042174090	0.2336872759725328	-0.3758331692720273	0.0018458605852130	0.0009570889071693	
0.3057722834986855	0.3833550661020419	0.0001574949024346	-0.0020773418002906	0.4738284850643288	0.4302095294668141	0.0001899089329949	-0.0020746160662936	0.6549136079809510	0.4969084952877519	0.0001714137547936	-0.0020762340921551	
-0.5133109409421580	0.3258600200261584	-0.0020768850976327	0.0000723315380184	-0.3553743069807531	0.3360084774727214	-0.0020780668425408	-0.0000172388206921	-0.2182051924334618	0.3489942024717476	-0.0020745952497909	-0.0001215964654568	
-0.4038807930408008	-0.3866513385854103	-0.0003029259412250	-0.0020610808469722	-0.2545353774879641	-0.3469046123482192	-0.0005234411415829	-0.0020161635557393	-0.1195499497050507	-0.3197400662426755	-0.0004403677621082	-0.0020360214097648	
-0.4005462296452335	-0.3664723229863505	-0.0007565155709080	-0.0019403857381285	-0.2517260222683949	-0.3280392451397892	-0.0006222003960682	-0.0019877641607250	-0.1169451270604543	-0.3011878924427875	-0.0006315547071111	-0.0019847971256730	
-0.4450177682341511	-0.4708337383042563	0.0001663296561693	-0.0020766496388592	-0.2928082526265596	-0.4239522905273334	0.0001666423156635	-0.0020766244471596	-0.1567031539123878	-0.3926888976933587	0.0001294291709820	-0.0020792888215026	
-0.3771815009911809	0.3204788268760774	-0.0020778358251907	0.0000355256103225	-0.2306763784213465	0.3355511733155411	-0.0020777440689632	-0.0000405620291390	-0.0987155822513215	0.3542285638831632	-0.0020741645285977	-0.0001287695815631	
-0.3980336359339097	-0.4434887191606192	0.0020775444048017	0.0000497905000284	-0.2514350791953475	-0.4001744801389891	0.0020763341776930	-0.0000867836243868	-0.1174113481124994	-0.3730225022733006	0.0020769435765502	-0.0000706238197242	
-0.1985298077017513	-0.0665879274083355	-0.0019675370777886	-0.0006705933339432	-0.0614673308578320	-0.0435416025399487	-0.0020394078673197	-0.0004003391204253	0.0696357728740641	-0.0229410234636407	-0.0020474824597121	-0.0003565196091132	
-0.1170943244750821	-0.4650289199616746	0.0016355678413662	0.0012852250713336	0.0165046199432211	-0.4393969989052719	0.0016929422729122	0.0012082533086373	0.1498995620902760	-0.4244169798420208	0.0017419771913061	0.0011360465899528	
-0.2860097517089847	-0.0083802742633380	-0.0005559205497195	0.0020074070215932	-0.1424155489550488	0.0145729237673429	-0.0005193575474684	0.0020172246202464	-0.0108068016525955	0.0343016455333278	-0.0005434524585561	0.0020108353125791	
-0.4208205789967316	0.3222514444326492	-0.0020766656033604	0.0000784097958252	-0.2712082927237608	0.3357721956504560	-0.0020781374452954	-0.0000015061328369	-0.1381620889834594	0.3526672771140547	-0.0020758955116810	-0.0000967572121080	
-0.3844610141190557	0.3206408987407356	-0.0020774969453820	0.0000517424096476	-0.2369077464451325	0.3354444198384722	-0.0020780403041356	-0.0000201996427168	-0.1049321907686649	0.3538455984111556	-0.0020756159556033	-0.0001026077409949	
-0.3687277810835962	-0.4303165289735194	0.0012907517712928	0.0016327574924820	-0.2261649140259718	-0.3920150607783388	0.0014890307652188	0.0014532602097807	-0.0953032712439511	-0.3669857092264293	0.0015533504815134	0.0013839438175580	
-0.1384121529322230	0.0384490581315086	0.0007615536930058	-0.0019384040614730	0.0004423182267722	0.0606016990422104	0.0007265024865773	-0.0019518784764101	0.1334105927540894	0.0824581629143112	0.0007202104305745	-0.0019542205495424	
-0.0891982541201356	-0.4429311589009566	0.0016751563294016	0.0012329155558164	0.0444377588145107	-0.4194155939846988	0.0017368462103692	0.0011439147658564	0.1785803119532170	-0.4060022574842165	0.0017929943022114	0.0010532592152446	
-0.1334464744718542	-0.4786593322170270	0.0015026705239083	0.0014390812583801	-0.0000756073766019	-0.4519876818341761	0.0015578523083116	0.0013788488952908	0.1309004846098653	-0.4374685329395312	0.0016414717941265	0.0012776381093349	
-0.3605358956212887	-0.3378280024377489	-0.0019840112053530	-0.0006198961288950	-0.2161292425197834	-0.3009808397732394	-0.0020017269059631	-0.0005597388458018	-0.0820785170521898	-0.2754288462815690	-0.0020222166962792	-0.0004800469255516	
0.2337446185537663	-0.2956854684301327	-0.0020421649176375	-0.0003859559223013	0.3793650142458482	-0.2899798344805777	-0.0020572384680471	-0.0002947203103873	0.5403527008701583	-0.2887117414145944	-0.0020696178716961	-0.0001884576385328	
0.2861662555033856	-0.3675228615311085	-0.0006464714476494	0.0019799646982852	0.4366960002791482	-0.3675873321373503	-0.0006368144895143	0.0019831073812764	0.6046682751655952	-0.3771116554864011	-0.0006591991137809	0.0019757426130226	
-0.1278725039052874	-0.0404584165006348	-0.0017534476511749	-0.0011181712762020	0.0074629407007767	-0.0192514149708043	-0.0018752750880920	-0.0008977838600549	0.1402050135145583	0.0012461660126821	-0.0019212747375105	-0.0007940413132154	
-0.2378794616120902	-0.0741791766539028	-0.0019890166111416	-0.0006035603008934	-0.0998210114539887	-0.0507882518140377	-0.0019502328123629	-0.0007196033240256	0.0301390930049059	-0.0302311739120084	-0.0019338703773149	-0.0007626929226426	
-0.0569716990265071	-0.4189395613674259	0.0015814843921951	0.0013515412678778	0.0769833937703981	-0.3980316309973125	0.0016684056527812	0.0012420809438501	0.2126795464864377	-0.3860178911690462	0.0017513378926432	0.0011214893096219	
-0.4010374786290005	-0.3677228536236236	-0.0006626633094475	-0.0019745776151534	-0.2521069988028115	-0.3292768258969217	-0.0005509585606428	-0.0020087814137764	-0.1172208988059357	-0.3021386464958771	-0.0005820112861665	-0.0019999612090637	
0.2452279329878896	-0.2957008901582119	-0.0020172425272611	0.0005006381867144	0.3927793917782012	-0.2903240891269220	-0.0020150395788880	0.0005094761754655	0.5558969222181265	-0.2896514901579392	-0.0019857741027346	0.0006141969156009	
-0.1926362834451358	-0.0630605918417392	-0.0016248025666292	-0.0012988756601208	-0.0557653327891146	-0.0410244677468615	-0.0017062764018256	-0.0011892533482963	0.0756669732728247	-0.0206249735149881	-0.0017323873606628	-0.0011506898901396	
-0.5579761918411099	0.3271258603826828	-0.0020728583892072	0.0001484092716973	-0.3948350185091022	0.3357564416308039	-0.0020773524152719	0.0000572781288904	-0.2556135787266412	0.3469900780777505	-0.0020773879390275	-0.0000559683230547	
-0.2098707809012226	0.0507602654995704	0.0020246718552790	0.0004695312077063	-0.0727643407483892	0.0721935963316980	0.0020130683160711	0.0005172486680576	0.0571593358301873	0.0936494574085271	0.0020013690658638	0.0005610233640890	
-0.5070946627950543	0.3256339520902230	-0.0020759543908664	0.0000954791953198	-0.3491434698916712	0.3360184247372678	-0.0020781081828567	0.0000111579204356	-0.2130125251720684	0.3492483758004223	-0.0020759245668571	-0.0000961286758366	
-0.3495241129319926	-0.3539018453278456	0.0016779510037139	0.0012290903189195	-0.2056527189478206	-0.3177677530735929	0.0017036528520580	0.0011930274230059	-0.0721397246602576	-0.2923662004090177	0.0017042329089361	0.0011921945178015	
-0.2702777846039989	0.0283437448985914	0.0017219085774890	0.0011663898369517	-0.1301293245858706	0.0492985153376501	0.0016850707149159	0.0012192618259806	-0.0000270794181122	0.0698251869100114	0.0016972777422169	0.0012021249020728	
-0.1390318123827691	-0.0452389818895904	-0.0019140710389177	-0.0008113375364913	-0.0031788592336275	-0.0238271570684854	-0.0019009533907980	-0.0008417620089269	0.1288724086131123	-0.0031823183852389	-0.0019031281752181	-0.0008368087029644	
-0.1118825411547882	-0.4608806731554870	0.0016244023868312	0.0012993786038310	0.0207104784358582	-0.4363498402102576	0.0016868595119548	0.0012167733993215	0.1530392572520305	-0.4223700609134617	0.0017389078474364	0.0011407626285251	
-0.3884873687868312	-0.4420825095439015	0.0020277685376971	0.0004559030709025	-0.2441233676384354	-0.4002101640970739	0.0020693909682418	0.0001909453811201	-0.1121348143509499	-0.3733362949543965	0.0020763244497114	-0.0000870172206282	
-0.3600543100471509	-0.4169163429952510	0.0010313611723165	0.0018086588214794	-0.2172969841827967	-0.3801362874080205	0.0010873593616844	0.0017753896064633	-0.0864986493384838	-0.3560995392163821	0.0011271292866408	0.0017502849215778	
-0.4114709043713592	0.3218923828055625	-0.0020757264061038	0.0001003371078680	-0.2618532277555907	0.3357707175738976	-0.0020780654412845	0.0000174077540390	-0.1298759163603183	0.3530176710612998	-0.0020763094404570	-0.0000873764078771	
-0.1673399755874770	-0.0559019202298331	-0.0020034932747766	-0.0005533511198002	-0.0311846210156964	-0.0331863838371834	-0.0020490082481079	-0.0003475982778180	0.1007949493214912	-0.0125617736536297	-0.0020465663934870	-0.0003617670895755	
0.2822033058355760	-0.3554098260390401	-0.0006602310253890	0.0019753962947851	0.4328317286591572	-0.3554165633543887	-0.0006327881225805	0.0019844022684497	0.5998468475547096	-0.3623692757874306	-0.0006337999496324	0.0019840777149858	
-0.4001983016568925	-0.3655580331932302	-0.0008265186680733	-0.0019114718763243	-0.2514160051784499	-0.3270968073650669	-0.0006844417817106	-0.0019670973525948	-0.1168230111765045	-0.3009010456439783	-0.0006475030600202	-0.0019796258847576	
-0.3782222200948005	0.3204859881721545	-0.0020777902451288	0.0000381107718975	-0.2317144339954589	0.3355248119871411	-0.0020777901077618	-0.0000381182978624	-0.0997501520783303	0.3541588227435886	-0.0020743687169590	-0.0001254204218824	
-0.5216111257145497	0.3260678842357749	-0.0020777092759373	0.0000423152786995	-0.3626239685963475	0.3358805803102125	-0.0020775714471787	-0.0000486432642862	-0.2254683238641818	0.3485472600525743	-0.0020726910346392	-0.0001507400470283	
-0.1220529458503044	-0.0329447941628114	-0.0011526670575302	-0.0017334892331729	0.0145422075738202	-0.0124943890253658	-0.0009016770560381	-0.0018770152038385	0.1476360774017865	0.0071682428136375	-0.0009675743551341	-0.0018437436896571	
-0.4448480099556936	-0.4729142543913612	0.0001639708042179	-0.0020768381624427	-0.2926263819720605	-0.4260430172794595	0.0001737358396901	-0.0020760401071328	-0.1565492042341770	-0.3947763687964180	0.0001820743494349	-0.0020753218416713	
0.4638043743562570	0.4978828168617470	0.0000037547373270	0.0020833299328592	-0.5694106703378473	0.3355647193014705	-0.0020777180190487	0.0000418816136713	-0.5631520942085206	0.3330909255725579	-0.0020725953725938	-0.0001520562184379	
-0.1870892788051147	-0.0592710723804182	-0.0018773495321837	-0.0008934160719954	-0.0509648277998426	-0.0374283532180675	-0.0017129175970108	-0.0011796195624506	0.0803145716519488	-0.0170910225417284	-0.0017047192230344	-0.0011914955506947	
-0.4031733140219692	0.3215035333428177	-0.0020750086441656	0.0001142877494242	-0.2545730541537132	0.3356498008412487	-0.0020777501901944	0.0000402456721185	-0.1215801909364685	0.3532923246717887	-0.0020772024979299	-0.0000625039356413	
-0.3542106422424689	-0.4031377301881732	0.0004057932734823	0.0020432291175720	-0.2111407488069194	-0.3676608086272333	0.0006319429583684	0.0019846729251148	-0.0800289605218560	-0.3437445931739919	0.0007000945017251	0.0019615534001266	
0.2646872095782603	-0.3116847000248071	-0.0010592959451282	0.0017923594298415	0.4145684590170913	-0.3083492365691085	-0.0010371229456321	0.0018053445462707	0.5801444895337133	-0.3111964340327834	-0.0010084815595047	0.0018215793120719	
0.2525439316721970	-0.2988240109637181	-0.0017728695257751	0.0010869574262196	0.4010496472326073	-0.2938361752533205	-0.0017673227302486	0.0010959979358214	0.5653649120550577	-0.2944991703805722	-0.0017110473173852	0.0011823443418974	
-0.2636009135309537	-0.0725473112923627	-0.0010958961289431	0.0017701064952542	-0.1214650777406219	-0.0477929441997380	-0.0011090060677966	0.0017618814262701	0.0096548546189200	-0.0267385144207419	-0.0011111920697978	0.0017604966644508	
-0.0475204030015628	-0.4128341342860922	0.0018444081114094	0.0009598989678242	0.0861739961944589	-0.3926184273812732	0.0018873203061492	0.0008720479847593	0.2223637524439861	-0.3812544859825497	0.0019224942103779	0.0007910693831747	
-0.4055959615042883	-0.3913253308941446	-0.0011538643932873	-0.0017326884899549	-0.2567658385630185	-0.3509088340249318	-0.0014051225159730	-0.0015349346261815	-0.1213940181829983	-0.3231274723834588	-0.0013807437111197	-0.0015570100836763	
-0.2887047420782990	0.0031339706122235	-0.0003095045919197	0.0020600983280391	-0.1449502983249623	0.0260671515846579	-0.0002903991497388	0.0020628921266525	-0.0135313969693076	0.0458318028352229	-0.0003357289722851	0.0020559668189856	
-0.3584779888167317	0.3202758575200953	-0.0020775274129281	0.0000504980178010	-0.2129879606513102	0.3360070835048912	-0.0020777193833721	-0.0000418135363348	-0.0810732427643973	0.3554715391185813	-0.0020727712914318	-0.0001496268514695	
-0.3905414008743541	-0.3533026755797612	-0.0015800396669180	-0.0013532384116315	-0.2434673101252643	-0.3152769462130261	-0.0015257366293258	-0.0014144792699787	-0.1089631903545227	-0.2886891866007630	-0.0015287015439734	-0.0014112583460783	
-0.4779690192348126	0.3239938059853529	-0.0020780156009519	0.0000226098951627	-0.3231497630914410	0.3354274140025577	-0.0020780030206789	-0.0000237434823497	-0.1880734017944365	0.3499257243430043	-0.0020753055220553	-0.0001087353887830	
-0.2694482400183415	-0.0595736431138522	-0.0007314394453757	0.0019500245520101	-0.1269833195427841	-0.0355466109636352	-0.0007152700126617	0.0019560432851141	0.0044429124488410	-0.0154555165022081	-0.0007038911821762	0.0019601873815552	
-0.4125342510037601	-0.4442523413188033	0.0020746979637918	0.0001198222695845	-0.2660126603459860	-0.4002888706425058	0.0020776813693556	-0.0000436706548863	-0.1329880512936864	-0.3724591662011046	0.0020754011850802	-0.0001068846471074	
-0.4633401848350753	-0.4209498072114169	-0.0019045491264146	-0.0008335533548042	-0.3094564586429147	-0.3752427156912534	-0.0018745656373951	-0.0008992716523686	-0.1713527426128396	-0.3449282801171527	-0.0019188034441955	-0.0008000244219662	
-0.3708221660284948	-0.3850586301603797	-0.0020659285812042	-0.0002254992134076	-0.2275050524526311	-0.3457272718490251	-0.0020685249372944	-0.0002001540457159	-0.0965033805124109	-0.3205490404836266	-0.0019175062285884	-0.0008031441403825	
0.2817429677707327	-0.3540937863170489	-0.0006634783860814	0.0019743025198445	0.4324112427525000	-0.3540958704838664	-0.0006383735633124	0.0019826035459478	0.5995596273621180	-0.3614510647571799	-0.0006330883034579	0.0019843060421209	
-0.3697376102225923	-0.3849518931119423	-0.0020714918464961	-0.0001664845220647	-0.2264338591040596	-0.3456671876845950	-0.0020774366714356	-0.0000541199125882	-0.0946176829432491	-0.3199002286532341	-0.0020655030007386	-0.0002293838575305	
-0.1164048819245711	-0.4645426748976071	0.0016357212961390	0.0012850287840904	0.0169416528454880	-0.4390277888068475	0.0016922080248017	0.0012092865836015	0.1498995620902760	-0.4244169798420208	0.0017419771913061	0.0011360465899528	
-0.4681324507664193	-0.4234204819482093	-0.0017511630663312	-0.0011217636410560	-0.3132700390078683	-0.3776803097405272	-0.0016271582033494	-0.0012959086357391	-0.1754648248687822	-0.3470220614626091	-0.0017521959752354	-0.0011201414641805	
-0.2514515582492439	-0.0792805196993094	-0.0020410057712290	-0.0003920697146468	-0.1122541574778763	-0.0544641823174836	-0.0020775309826283	0.0000503502059072	0.0186768161665716	-0.0335372882811714	-0.0020750915365017	0.0001127650476076	
-0.3525656801174443	-0.3560057854023086	0.0017297489990975	0.0011546719532845	-0.2081471215325318	-0.3195190828392907	0.0017597325034911	0.0011082042444423	-0.0752394300065318	-0.2944159377438461	0.0017692121369856	0.0010929300393872	
-0.5236873066073454	0.3261026946692397	-0.0020778494558589	0.0000347151356608	-0.3647035640666714	0.3358247081726550	-0.0020774023419078	-0.0000554284463049	-0.2275666691908705	0.3483960903413726	-0.0020723302507937	-0.0001556454468565	
-0.1828951271854716	0.0564259487501683	0.0020517769898157	0.0003307774275564	-0.0467535734966920	0.0780710845949066	0.0020446296200641	0.0003726108089266	0.0841480485894895	0.1001872026994734	0.0020384959924847	0.0004049797095941	
-0.2294963777945686	-0.0723743119673005	-0.0020558219043460	-0.0003044924331633	-0.0915343406786818	-0.0486040619314875	-0.0020466905126229	-0.0003610607042548	0.0393772688573787	-0.0277247002887902	-0.0020474580809411	-0.0003566602880504	
-0.1341845352921710	-0.0433622435150613	-0.0019283963701099	-0.0007764975291461	0.0019855153660919	-0.0216449842395159	-0.0019192592714093	-0.0007989247923972	0.1340490465400910	-0.0010637315926478	-0.0019375313462276	-0.0007532970588699	
-0.1902522944067913	-0.0822682770196824	0.0016672895146453	-0.0012435862681832	-0.0518931028725156	-0.0583500072727697	0.0017326291377693	-0.0011503239837377	0.0796181407088958	-0.0373925509642755	0.0017894642304805	-0.0010592755169495	
-0.0770897584461423	-0.4339468633664705	0.0016416554537006	0.0012774009323684	0.0569811289254037	-0.4110420431636306	0.0017041410124806	0.0011923265298582	0.1913083574474963	-0.3982928867285653	0.0017695121806710	0.0010924417529616	
-0.1963644976002967	0.0538541195816666	0.0020295959474292	0.0004476561448639	-0.0592537446850616	0.0753960070838624	0.0020246652333020	0.0004695599044512	0.0717297036179310	0.0974364431362298	0.0020192863956372	0.0004922876780398	
-0.1247790897749876	-0.0020974911064407	0.0006012578207399	-0.0019942309285783	0.0137274818156828	0.0198232786709964	0.0005962111862784	-0.0019957531006032	0.1469320803747397	0.0406865644713325	0.0006021508195583	-0.0019939601234918	
-0.1030963550815986	-0.4538612983232828	0.0016160268461272	0.0013098324222566	0.0302510065622019	-0.4293407215908923	0.0016784920976737	0.0012283475765705	0.1631716618279958	-0.4156861188233267	0.0017373699645632	0.0011431151502376	
-0.4376393998487084	-0.4100162548205484	-0.0018779054255648	-0.0008922411701273	-0.2868991440466314	-0.3664001918229509	-0.0019168466246797	-0.0008047250001943	-0.1506738753093060	-0.3374778537866661	-0.0019396313517324	-0.0007478459966399	
-0.3491234294909086	0.3198385137036777	-0.0020720311927507	0.0001595967246516	-0.2036645940213549	0.3360275665035969	-0.0020776151837196	0.0000467281913532	-0.0727218501989479	0.3559230219086124	-0.0020770194415790	-0.0000683447563183	
-0.4438433622604859	-0.4854108226743797	0.0001600641386346	-0.0020771444308305	-0.2916599687093190	-0.4375115356915646	0.0001985367427420	-0.0020738041395013	-0.1553957985536922	-0.4062646920798273	0.0002188581355035	-0.0020717478370970	
-0.4451876829861972	-0.4687664206773784	0.0001676086458740	-0.0020765462866828	-0.2929701079257291	-0.4218712605357485	0.0001382816626960	-0.0020787160053594	-0.1567675351938356	-0.3906014393086780	-0.0000060441973771	-0.0020833245216638	
-0.0842899232543498	-0.4393864996262050	0.0016810299557132	0.0012248547242743	0.0499710861427076	-0.4157981497767178	0.0017435459102820	0.0011336254562721	0.1838186070830834	-0.4029226287352308	0.0017940163441744	0.0010515086998240	
-0.2244511958377459	0.0469724101707606	0.0019984183156133	0.0005714968716489	-0.0862056514455882	0.0684613365929424	0.0019979109439664	0.0005732769394074	0.0446329546726345	0.0899137528952715	0.0019939418008856	0.0005870008553298	
-0.4301043849855353	-0.4063976796976945	-0.0018714109233333	-0.0009058510644522	-0.2796129413011459	-0.3633014431824210	-0.0019050246510414	-0.0008324605576864	-0.1442248908769793	-0.3348922098455926	-0.0019281338531828	-0.0007771524210755	
-0.3887774256573959	-0.3518660896286581	-0.0016265885216933	-0.0012966271906720	-0.2418699077855713	-0.3138215369919926	-0.0015925759727199	-0.0013383879130822	-0.1072477911059941	-0.2872290640583092	-0.0016069612418703	-0.0013209941647155	
-0.4432436766306031	-0.4958390949652928	0.0000740381492420	-0.0020820107318976	-0.2906234058925248	-0.4468771570122016	0.0002557157448502	-0.0020675008764718	-0.1543222847814759	-0.4156307116729974	0.0002739914248342	-0.0020651466415717	
-0.3709692196754539	-0.3415758431225894	-0.0019227372599560	-0.0007904754951038	-0.2254838418580990	-0.3041433335131079	-0.0019253014530995	-0.0007841779113401	-0.0914095299829909	-0.2782510720993117	-0.0019431522266331	-0.0007386030056978	
0.2848095123642477	-0.3917900618397006	0.0010324504398062	0.0018080341355617	0.4345197908167273	-0.3940282326458857	0.0013209480492342	0.0016083030201457	0.6015174421214049	-0.4029434222674419	0.0015164977578498	0.0014244294041589	
-0.2890153077956152	0.0093818121495048	0.0001498242049740	0.0020779119588241	-0.1452823949673440	0.0312453388871309	0.0000437742554829	0.0020828710952508	-0.0141184565011815	0.0510434764410664	-0.0000567876207203	0.0020825553533066	
-0.4249767106233153	0.3223888744777130	-0.0020768222749835	0.0000741222278309	-0.2743243327535706	0.3357817157868579	-0.0020781375099084	0.0000014136980437	-0.1413458839825467	0.3525303447250214	-0.0020760050040618	-0.0000943667355264	
-0.3584832812465177	-0.3372190459661623	-0.0019952981996144	-0.0005823503372311	-0.2140413206892201	-0.3004334652823462	-0.0020142970438308	-0.0005124186524559	-0.0800071186130878	-0.2749651041411185	-0.0020345267727345	-0.0004245659221362	
-0.1693269469671060	-0.1385265685837752	0.0007418249492419	-0.0019460777378568	-0.0312604696703448	-0.1146137346430369	0.0007078072883467	-0.0019587696478553	0.1010242221429849	-0.0957589570208635	0.0006888493165473	-0.0019655505244732	
-0.0636381055786857	-0.4246022585016314	0.0016585496273632	0.0012552767760941	0.0696720750212023	-0.4032298012489958	0.0017608825714501	0.0011063667704552	0.2036732638189446	-0.3917011222818959	0.0018204253986431	0.0010048575473238	
-0.5559128258366144	0.3269694218246915	-0.0020731851246896	0.0001437493326376	-0.3937956020671870	0.3357159185221359	-0.0020772455211415	0.0000610500570750	-0.2545741725122240	0.3470172835872677	-0.0020775480039681	-0.0000496393408123	
-0.3550682202284040	-0.3575245968326177	0.0017602789472521	0.0011073317161722	-0.2107099403876633	-0.3210204838151035	0.0017844591487737	0.0010677274699224	-0.0771683234845141	-0.2955789533517147	0.0017931037061861	0.0010530720189061	
-0.2881896606732348	0.0135968297358573	0.0007182525622632	0.0019549445968037	-0.1450612164419356	0.0343447506943110	0.0003545338101957	0.0020527918302897	-0.0138123990457631	0.0552327810704411	0.0003542575089184	0.0020528397694108	
-0.2368520371168149	0.0433881341285300	0.0019934400839485	0.0005887109276823	-0.0977574841892188	0.0650944617093865	0.0019944874625333	0.0005851348357495	0.0322365998185519	0.0863129281445583	0.0019850002690618	0.0006167057262978	
0.3075435875015051	0.1677007282642869	0.0007255855371001	-0.0019522212333150	0.4718833606901121	0.1990124688856116	0.0007287698761817	-0.0019510288050862	0.6532450159631702	0.2394255397822611	0.0005838970023167	-0.0019994087273663	
-0.0288416464070449	-0.4013964429402329	0.0017112818442956	0.0011820031710509	0.1049793854088306	-0.3823462589453920	0.0017757002343502	0.0010823036505295	0.2419050862028822	-0.3715072659864850	0.0018294286021369	0.0009882883207107	
-0.1944872687807236	-0.0643806011731154	-0.0016807981563018	-0.0012251743821080	-0.0575041398797338	-0.0423122524163178	-0.0018393358817551	-0.0009696310456604	0.0736867061416493	-0.0217751935890442	-0.0018871859446200	-0.0008723401716454	
-0.1661891519911108	-0.0555562813099276	-0.0019943069448701	-0.0005857528733115	-0.0301658690265868	-0.0329949072098856	-0.0020361334374064	-0.0004167532777109	0.1018134187001826	-0.0123422003384404	-0.0020321399662789	-0.0004359026967819	
-0.2566140967117558	-0.0790237216379860	-0.0019789088738230	0.0006360759150651	-0.1163933922191428	-0.0531731271053744	-0.0018004364607255	0.0010404221314452	0.0145872100757841	-0.0321859331872036	-0.0017625251859822	0.0011037349572276	
-0.0956367841880070	-0.4478612696450252	0.0016373229885394	0.0012829771318961	0.0375165096453692	-0.4241189363470781	0.0017035951847023	0.0011931101804493	0.1714073172167363	-0.4103534386450556	0.0017584132535013	0.0011103068029743	
-0.1482319982160700	0.0536199116267558	0.0017283167537259	-0.0011568253599052	-0.0105591518182592	0.0767985560805121	0.0018039048389447	-0.0010343666702459	0.1215033426930232	0.0998728112235384	0.0018261148282368	-0.0009944285259362	
-0.2201878614747730	-0.0711119764324139	-0.0020482756123031	-0.0003519110788909	-0.0820174338467293	-0.0470932927057880	-0.0020556674724701	-0.0003055384845881	0.0489161548713182	-0.0263073055716865	-0.0020610060402500	-0.0002669580527525	
-0.3740153974139492	-0.3428704874832872	-0.0018934957256468	-0.0008584885998848	-0.2285173879289623	-0.3054411677378785	-0.0018856517670798	-0.0008756680621885	-0.0944528583799261	-0.2794948526216920	-0.0019041312651014	-0.0008345122305533	
-0.0602916741934285	-0.4218427732508421	0.0015833461701797	0.0013493487647843	0.0727973123836698	-0.4011388705908606	0.0016993346168285	0.0011992009417788	0.2076713776086941	-0.3893460014875957	0.0017518594151959	0.0011206703925744	
0.2608654363281068	-0.3061823268299753	-0.0013099162725022	0.0016173456678623	0.4103747915202498	-0.3021479594977972	-0.0012983153310370	0.0016267195303235	0.5756311415186723	-0.3041807205766517	-0.0012629718659288	0.0016544468515541	
-0.0694504945220024	-0.4284998188118238	0.0017492464820303	0.0011247649009739	0.0635591616323563	-0.4067374920640386	0.0018042659760976	0.0010337334475646	0.1974506985913635	-0.3948803774631579	0.0018574794006216	0.0009342244599077	
-0.4454845938361233	-0.4624253303834286	-0.0000741424598363	-0.0020820070013207	-0.2926492190563136	-0.4154852562831493	-0.0005358107043347	-0.0020128952796934	-0.1554165421038344	-0.3851893412245759	-0.0011817551233474	-0.0017136922570738	
-0.3910395675857534	-0.3537597129544481	-0.0015660078595413	-0.0013695327419135	-0.2440312252757855	-0.3157792429019663	-0.0014999865823193	-0.0014418925652266	-0.1094783011029240	-0.2892033308776102	-0.0014997488046356	-0.0014421411202085	
-0.1494835857670803	0.0544032633706465	0.0018030642975286	-0.0010358384977616	-0.0125927489321661	0.0778264924114007	0.0018709058180867	-0.0009068990450556	0.1194361257428563	0.1008847607055670	0.0018872484634757	-0.0008722042309027	
-0.4032026522204463	-0.4434276768242961	0.0020779653724386	0.0000268514646314	-0.2566557120842053	-0.4002081683476557	0.0020754739252802	0.0001054555865619	-0.1236582330610962	-0.3730000641547705	0.0020778152513945	-0.0000367150449975	
-0.1458205503515845	-0.4957449867682609	0.0006021834702446	0.0019939502137408	-0.0141487053736741	-0.4679976153626906	0.0011565432274465	0.0017308926077863	0.1163946850105054	-0.4520988014216826	0.0012469921526449	0.0016665844362624	
-0.4704409008843797	-0.4251990647160332	-0.0015256092258232	-0.0014146173700119	-0.3153782691187110	-0.3795035863134327	-0.0012761004534354	-0.0016442910542180	-0.1772417844659914	-0.3483026726927748	-0.0015597590557420	-0.0013766807977694	
0.3098432112459050	0.1615315865800717	0.0007320053350353	-0.0019498111342528	0.4743512841970268	0.1925221131511991	0.0007364306076531	-0.0019481356980784	0.6554539968870736	0.2321694755865190	0.0006744696488495	-0.0019705560334178	
-0.1191605258614208	-0.0282270487306729	-0.0007068577455091	-0.0019591142241407	0.0173348253488631	-0.0081582263239832	-0.0012875815114551	-0.0016352712119799	0.1503241703182445	0.0116755205793005	-0.0012816707255645	-0.0016399311763046	
-0.2307265718007910	0.0451633849830513	0.0019964619649698	0.0005783279231469	-0.0924743704641060	0.0666473000617682	0.0020003753846823	0.0005645738041668	0.0385035294986036	0.0881472689444585	0.0019975785010949	0.0005744400498764	
-0.5195353984953622	0.3260261462218461	-0.0020775370034694	0.0000500999100736	-0.3605443047323450	0.3359284710767123	-0.0020777466999038	-0.0000404263605322	-0.2233934785429436	0.3486852001546029	-0.0020731779147225	-0.0001438537988285	
-0.5299180489279839	0.3261709028475183	-0.0020780658679448	0.0000173564906383	-0.3699016518633516	0.3356714601376534	-0.0020772180196502	-0.0000619833477286	-0.2327523510456526	0.3479768990674403	-0.0020723825239397	-0.0001549443878016	
0.2604508324641605	-0.3056252513911804	-0.0013348863794465	0.0015966951451375	0.4094182258039094	-0.3010110632657579	-0.0013566127973055	0.0015781844005269	0.5752144384113054	-0.3035960731447176	-0.0012843413880775	0.0016378299676900	
-0.1194846767016804	-0.0291696773337873	-0.0009361166275142	-0.0018599936528932	0.0164065697527459	-0.0092262005754837	-0.0012639640327090	-0.0016536851850894	0.1493851205143373	0.0106120186316394	-0.0011443402247642	-0.0017390248619696	
0.2883995284382679	-0.3771935417695567	-0.0000304494253346	0.0020831096871366	0.4393341700949707	-0.3781671546882001	-0.0001394650227440	0.0020786365510065	0.6071754683654200	-0.3874441446531170	-0.0001330834952570	0.0020790569723529	
-0.4342938313329019	-0.4084115177200581	-0.0018754054044946	-0.0008975102435378	-0.2838667236277520	-0.3651582465675469	-0.0019113386401075	-0.0008177857121689	-0.1476120395305827	-0.3362960555884105	-0.0019332856752046	-0.0007641812274306	
-0.4449016907360848	-0.4461555299649644	0.0019939759401406	-0.0005868842969817	-0.2931020314253301	-0.4001387313252002	0.0019532552089631	-0.0007113170824903	-0.1565661736402556	-0.3713627784227762	0.0019371065515772	-0.0007543942101231	
-0.3814034917634518	-0.3467463066401146	-0.0017825132913130	-0.0010709890370314	-0.2350355293002344	-0.3089930080899506	-0.0017715667305113	-0.0010890900965557	-0.1010173427699966	-0.2829025425012907	-0.0017868687596379	-0.0010636697599172	
-0.1301974550140949	-0.4756442756254132	0.0015641830857823	0.0013716269232636	0.0021295092897980	-0.4500698798213889	0.0016001814501015	0.0013292397065741	0.1331826317866645	-0.4356928096249662	0.0016729205242399	0.0012359627382362	
0.2792950552254677	-0.3469776915730761	-0.0006949877670349	0.0019633776311927	0.4297641163642705	-0.3460220655398361	-0.0006722966099212	0.0019713021857431	0.5967831377346258	-0.3529691305446339	-0.0006544097407574	0.0019773420877177	
-0.3557163399773621	-0.3908303425312288	-0.0010379307761636	0.0018048779036441	-0.2113928815026858	-0.3533509558526687	-0.0008722998616764	0.0018909155026560	-0.0794372685529823	-0.3293560637962913	-0.0007010132279134	0.0019612236137084	
-0.1858104376314870	-0.0587160802394038	-0.0019391397004398	-0.0007491262806929	-0.0489683960438918	-0.0362365838871821	-0.0018227523806981	-0.0010006091345108	0.0817733457252966	-0.0161842441710814	-0.0017797826129849	-0.0010755434439779	
-0.3626217450659081	-0.3853953675418026	-0.0019985165800894	0.0005711514259396	-0.2190507535845113	-0.3466017164978089	-0.0019805955718513	0.0006307778112792	-0.0868950926953388	-0.3213882074643430	-0.0019132070742639	0.0008133829264012	
-0.1651982385411750	-0.1510394609557632	0.0006032930515596	-0.0019936130979761	-0.0273166749297673	-0.1271264199963835	0.0005788728612956	-0.0020008764142119	0.1049580344473428	-0.1083317943153614	0.0005833114048812	-0.0019995805047964	
-0.1818736017437358	0.0565724287333588	0.0020532651315388	0.0003213630960803	-0.0457311987313628	0.0782612238357445	0.0020466217924243	0.0003614519796814	0.0851677562107443	0.1003864222960950	0.0020407704485112	0.0003932988742590	
-0.4064595813910137	-0.3925163040005351	-0.0013491449452163	-0.0015846051110478	-0.2578173070135727	-0.3519226638403969	-0.0015449167860254	-0.0013933991335424	-0.1224469211282333	-0.3241710609973349	-0.0015500251223565	-0.0013876858406463	
-0.5382248784356656	0.3262356330032548	-0.0020779756509112	0.0000260397883382	-0.3771796962639480	0.3354719937508769	-0.0020778712069451	-0.0000333810827149	-0.2400263782994627	0.3474507288164843	-0.0020749338917811	-0.0001156436803208	
-0.1745811188453041	-0.0570970005973420	-0.0020758299402613	-0.0000981608654258	-0.0383939882137989	-0.0337025131927242	-0.0020768262823506	-0.0000740092976188	0.0934659528285549	-0.0131440193622728	-0.0020766115295241	-0.0000798361073150	
0.2327719028710161	-0.2958953291970087	-0.0020361518545965	-0.0004166628360691	0.3791229122953998	-0.2901588078133475	-0.0020502327113410	-0.0003402646979683	0.5393347333511846	-0.2887988481434680	-0.0020688332280833	-0.0001969257400266	
0.3076481448175660	0.3739834886675981	0.0005950837171580	-0.0019960912581643	0.4758020791399822	0.4208052901216655	0.0006101171388233	-0.0019915248714385	0.6583094863608996	0.4870713835154909	0.0012548572871870	-0.0016606407771845	
0.2441864670061424	-0.2954712511874321	-0.0020387169268836	0.0004038604449363	0.3917206833084712	-0.2900365158205022	-0.0020333540866723	0.0004301749074232	0.5548728817589725	-0.2893360875305427	-0.0020061326175093	0.0005436558698271	
-0.1152685432867818	-0.4636364206070897	0.0016328518564193	0.0012886911589122	0.0183857016352915	-0.4380512960839985	0.0016903072783544	0.0012119552516189	0.1518405073060256	-0.4231454775156504	0.0017404006102967	0.0011384724813630	
-0.0748480081044520	-0.4322089899820749	0.0016732805784805	0.0012354728021336	0.0592572727703637	-0.4094588220109445	0.0017320989933212	0.0011511260875581	0.1933330668655708	-0.3970965891231724	0.0017972449187608	0.0010459530798358	
-0.3604150431595904	-0.3862776331513666	-0.0018385558464082	0.0009711166833170	-0.2161087180531767	-0.3478971738302868	-0.0017670514645048	0.0010964374262744	-0.0835449979278589	-0.3233090159645904	-0.0015968408102802	0.0013332710769593	
-0.4103647751724040	-0.3959279029272599	-0.0016992904989108	-0.0011992637698458	-0.2615474776360683	-0.3546367490815871	-0.0017720058627651	-0.0010883718809238	-0.1259430704812204	-0.3267263643352551	-0.0017868252752452	-0.0010637431720335	
-0.3857465862408712	-0.3496126224099965	-0.0016950453808184	-0.0012052863075473	-0.2389285026614086	-0.3115412451196389	-0.0016810492520983	-0.0012248281082733	-0.1049374680973798	-0.2854288386655707	-0.0016878712883043	-0.0012153624721794	
-0.3553516358149784	0.3201716585866348	-0.0020763741445215	0.0000858172243216	-0.2098798121615406	0.3360622534409801	-0.0020780447284372	-0.0000197369130876	-0.0790034863639120	0.3555986640274381	-0.0020737047633829	-0.0001360080817493	
-0.0801116731914202	-0.4362635492749543	0.0016517692017501	0.0012642300116331	0.0538762156621289	-0.4132098137794839	0.0017144511577679	0.0011773784101350	0.1881713525705510	-0.4002636312720965	0.0017658994939902	0.0010983010788405	
-0.4486365342757156	-0.4150501022202127	-0.0019096432960168	-0.0008217565211522	-0.2960182777486240	-0.3700328583300700	-0.0019442986088289	-0.0007355648069514	-0.1590041007737690	-0.3405658803934632	-0.0019601071097900	-0.0006921154411619	
-0.4238458427335769	-0.4033174948985873	-0.0018621388160590	-0.0009248553024104	-0.2741187485403624	-0.3608566620440636	-0.0018968755864221	-0.0008509568814608	-0.1381401571054480	-0.3324253907931666	-0.0019172127913714	-0.0008038478666932	
-0.4026312775304392	-0.3748992625786414	-0.0003133596421011	-0.0020595125460748	-0.2533731845458332	-0.3354572546065196	-0.0003390905597633	-0.0020554123039864	-0.1186570182452624	-0.3082789684587423	-0.0004019792495326	-0.0020439866717317	
-0.0789832929236446	-0.4353885356627317	0.0016415330266664	0.0012775590418103	0.0542186105292031	-0.4129160832153578	0.0017116966761078	0.0011813993513266	0.1881713525705510	-0.4002636312720965	0.0017658994939902	0.0010983010788405	
-0.1579596607009756	0.0578325325762368	0.0020268201529217	-0.0004601219086581	-0.0218461368344826	0.0806456585456573	0.0020687698710499	-0.0001975935366159	0.1101180550851649	0.1033857334303614	0.0020743415170982	-0.0001258717263449	
-0.2643395776940333	-0.0712719367341350	-0.0010232142080246	0.0018133033618650	-0.1222883410480171	-0.0465433841623927	-0.0010198294008091	0.0018152187225412	0.0088171605951572	-0.0255348208478106	-0.0010224309359197	0.0018137473364356	
-0.3899010893317838	-0.3528155322096226	-0.0015974371505590	-0.0013325529451986	-0.2429541977643978	-0.3147925796310582	-0.0015498205360374	-0.0013879154704941	-0.1083764562467552	-0.2881941617935648	-0.0015562994738839	-0.0013806100996223	
-0.5153852560109384	0.3259220099218227	-0.0020771202274233	0.0000651937975050	-0.3574522722311858	0.3359880397860778	-0.0020779666436674	-0.0000267524122981	-0.2202809395831436	0.3488794104671806	-0.0020740210269272	-0.0001310719526469	
-0.3991815104909502	-0.3634460661543666	-0.0009911962307482	-0.0018310896536357	-0.2505585277800684	-0.3249377834721089	-0.0008426124723718	-0.0019043969078989	-0.1161615576352810	-0.2990404054379626	-0.0007673474968621	-0.0019361063518810	
-0.5060608743215610	0.3255797664028050	-0.0020757293735539	0.0001002753923171	-0.3491434698916712	0.3360184247372678	-0.0020781081828567	0.0000111579204356	-0.2119728975246756	0.3492842026146378	-0.0020761714803638	-0.0000906111542369	
-0.2784326275067280	-0.0333190345728578	-0.0006245698655756	0.0019870172080686	-0.1354309349529039	-0.0095063181298248	-0.0006053949956953	0.0019929726216926	-0.0038758581623272	0.0105216168792998	-0.0006078893119055	0.0019922094281507	
-0.3417922520372854	0.3192391457143553	-0.0020701269905050	0.0001827514931956	-0.1973990544586994	0.3357747549661033	-0.0020758445390497	0.0000978501030047	-0.0654651867133522	0.3560351538214555	-0.0020781341637924	0.0000039969404672	
-0.3678178808422047	0.3203571087013660	-0.0020781142295095	0.0000099620350006	-0.2213421115236746	0.3357833876533725	-0.0020774177920699	-0.0000548434011598	-0.0903608032105563	0.3548280198394522	-0.0020724903763455	-0.0001534877546603	
-0.0921863435980901	-0.4451771434430550	0.0016558282598407	0.0012588822738902	0.0417758937097338	-0.4211524279107184	0.0017239827542647	0.0011633065298373	0.1758019282024891	-0.4076283027233259	0.0017812322820526	0.0010731288659852	
-0.3970098814629217	-0.4434493256433054	0.0020748822313877	0.0001165715024219	-0.2503845655266317	-0.4002200388502383	0.0020754712870631	-0.0001055077563777	-0.1174113481124994	-0.3730225022733006	0.0020769435765502	-0.0000706238197242	
0.2796442485611750	-0.3961472592863941	0.0018245837226452	0.0009972490567156	0.4290426489904955	-0.3976251778220657	0.0019493508874560	0.0007220009010623	0.5954351138798988	-0.4054789535087081	0.0020697594613330	0.0001868883475764	
-0.1338725969776794	-0.0431460645404164	-0.0019230508887745	-0.0007897083766035	0.0019855153660919	-0.0216449842395159	-0.0019192592714093	-0.0007989247923972	0.1340490465400910	-0.0010637315926478	-0.0019375313462276	-0.0007532970588699	
-0.3736614633915298	-0.3729602005123394	-0.0014605838247418	0.0014819894770133	-0.2242601596683898	-0.3333600682668433	-0.0012716332189110	0.0016477655696590	-0.0905116085124951	-0.3072642281504365	-0.0008679846509677	0.0018929101214683	
-0.0706140149015634	-0.4292659920034016	0.0017431375507470	0.0011342564187811	0.0632731734320714	-0.4069936308384246	0.0017984328384333	0.0010438989823238	0.1974506985913635	-0.3948803774631579	0.0018574794006216	0.0009342244599077	
-0.3537775091026396	-0.3979730125402206	-0.0000841774778724	0.0020816235145846	-0.2100275857556345	-0.3624974839968445	0.0002132528178231	0.0020723352396311	-0.0786991488185432	-0.3385574140707223	0.0003103294193831	0.0020599736176947	
-0.4042101247257886	0.3215455307102213	-0.0020750199929735	0.0001140804803943	-0.2556128051620508	0.3356802130248184	-0.0020777840809525	0.0000384470397561	-0.1226177577923631	0.3532596349467418	-0.0020771229612347	-0.0000651062013954	
-0.1239117464267030	-0.4704697839229241	0.0016299179029596	0.0012924185241575	0.0096612303995801	-0.4442244515493137	0.0016837360434474	0.0012211134918220	0.1424403695291930	-0.4293154078422491	0.0017358299367223	0.0011454640320850	
-0.3802081680360894	-0.3460267442788391	-0.0018048863503109	-0.0010326444724393	-0.2338385121198229	-0.3082371318146470	-0.0017963746562142	-0.0010474544831398	-0.0998065681499958	-0.2821761250188045	-0.0018115505988038	-0.0010208492137279	
-0.3617630417000681	-0.3856613217837727	-0.0019511490842137	0.0007171027273435	-0.2182007663616101	-0.3468700722308366	-0.0019389902151874	0.0007495150498109	-0.0853662954953659	-0.3220553161475824	-0.0018041648447832	0.0010339108244298	
-0.3897497036595717	-0.4423820672197284	0.0020341423064510	0.0004264133199448	-0.2451459793865339	-0.4002883347925263	0.0020747009977797	0.0001197694620394	-0.1131982731056239	-0.3732744174609718	0.0020739331882805	-0.0001324614339586	
-0.4469391933953359	-0.4143110270316073	-0.0019014487991598	-0.0008406367273384	-0.2951287950072273	-0.3697221956115080	-0.0019409001564246	-0.0007445302875967	-0.1580965752431464	-0.3402682948914347	-0.0019575396426730	-0.0006993801313444	
0.2679012357066126	-0.3178214874016969	-0.0008816169559025	0.0018865678415460	0.4180879065700263	-0.3153971059847304	-0.0008528503760085	0.0018998112272380	0.5839017245886309	-0.3187815758359034	-0.0008422076667291	0.0019045768616415	
-0.4997712034099793	0.3252025646661905	-0.0020736952665994	0.0001361535252647	-0.3429219184911365	0.3359458237945028	-0.0020776882185625	0.0000433419269261	-0.2067697189734853	0.3494685476132154	-0.0020772639891549	-0.0000604152284135	
-0.1314637577482626	0.0188870494936907	0.0006675172938322	-0.0019729337947975	0.0073022436308006	0.0406326174590366	0.0006516515181687	-0.0019782573578986	0.1402444276224204	0.0624921246205870	0.0006472691130982	-0.0019797027726403	
-0.2473834050096590	0.0399806118031674	0.0019626394696268	0.0006848651304391	-0.1081356637452616	0.0617781660166457	0.0019503312876823	0.0007193350482952	0.0217425680780545	0.0825998855231643	0.0019234726737749	0.0007886753400263	
-0.2493235333480312	-0.0785585482270917	-0.0019856828958286	-0.0006144931967273	-0.1111937378480450	-0.0543820974838461	-0.0020729441377343	-0.0001472006649483	0.0197289946710564	-0.0335113049330070	-0.0020757805158354	-0.0000992057140569	
-0.0515651747794219	-0.4149901077018339	0.0017981908677210	0.0010443178250532	0.0827378515236702	-0.3943220114910537	0.0018402915243114	0.0009678069808322	0.2180251093487942	-0.3830951999921957	0.0019004791244055	0.0008428375864213	
-0.3538572028071393	-0.3967910889003053	-0.0002177685416650	0.0020718632261700	-0.2099204144001999	-0.3604188500698707	0.0000043093665692	0.0020833288540622	-0.0785578026907995	-0.3375053972533802	0.0002139061481125	0.0020722675677630	
