-0.1050065026951814	0.3208250537976000	-0.0001443536082340	0.0020783011075177	-0.0419257892683569	0.3353790011695892	-0.0000857881655799	0.0020815574275960	-0.0022702040723611	0.3551951540491110	-0.0000099802755264	0.0020833093081024	
0.4840735512212249	0.2604262807925942	-0.0005211556672885	-0.0020167584968367	0.5649923636020833	0.2688308427430799	-0.0010860182637047	-0.0017762143898919	0.6159777593911218	0.2688576774999669	-0.0009716791779675	-0.0018415728738649	
0.0150269198863354	0.0718857651929389	0.0000868293821162	-0.0020815140384706	0.0729683718938111	0.0812483154556127	0.0000189320844341	-0.0020832468791762	0.1053979144663414	0.0937343920520438	-0.0000463472951403	-0.0020828151507579	
-0.4292304689675718	0.0260537627597101	0.0002484338327984	-0.0020683929573237	-0.3678717407206794	0.0458390211897779	0.0003191109577244	-0.0020586248271534	-0.3378278509249118	0.0708535091218480	0.0002695804110384	-0.0020657299817648	
-0.1600007793641379	-0.2973159562459186	-0.0020776863730583	-0.0000434307469698	-0.1111820665233330	-0.2854840481782091	-0.0020766647599779	0.0000784322412265	-0.0934879281966798	-0.2766117836368321	-0.0020709851666742	0.0001727035415622	
0.1152435250344341	0.1126041615673692	-0.0012861051324885	-0.0016364384180256	0.1734801595590363	0.1219216996906713	-0.0008284850838412	-0.0019106161351872	0.2075382119169156	0.1315435735719375	-0.0008759269135831	-0.0018892296802531	
-0.0949158567229504	0.1062149527240144	-0.0000940429261986	0.0020811990366552	-0.0369844775063644	0.1177377078263662	-0.0000475714598037	0.0020827874122500	-0.0046521978877363	0.1343563157518370	0.0000169038476039	0.0020832644112613	
-0.0900067769658278	0.0146582633074835	-0.0001567522995852	0.0020773982488596	-0.0341108024015179	0.0260748475094350	-0.0001184326880053	0.0020799474168876	-0.0048868183152331	0.0417111404634851	-0.0000508575433614	0.0020827093746961	
-0.1064878101302397	0.3374237954807987	-0.0002324726192912	0.0020702569173154	-0.0428302513016270	0.3520575730583670	-0.0001468440715272	0.0020781257531147	-0.0026574885163427	0.3729537961995751	-0.0000894765575182	0.0020814013652160	
-0.1315013992989560	0.0417108327178828	-0.0000310769827861	0.0020831003729989	-0.0751721427258283	0.0541316624121749	-0.0000105559738861	0.0020833064564182	-0.0453456560965101	0.0708535691200054	0.0000636582617152	0.0020823556651769	
-0.1562292740082646	0.4989582456181946	0.0000000015562177	0.0020833333333327	-0.6639650363624171	0.0459993091336162	0.0020781375357581	0.0000013749785087	-0.6629187383120042	0.0252051157176144	-0.0020760629548818	0.0000930766375010	
-0.0917853580713712	0.0426704670416253	-0.0001062335912077	0.0020806094548143	-0.0353496064769983	0.0541647599196109	-0.0000625672086496	0.0020823888984613	-0.0052226196646686	0.0697901720527393	0.0000089907057458	0.0020833138362519	
-0.2369330207814219	-0.2992910102636776	-0.0020777120494569	-0.0000421781930753	-0.1869946184871681	-0.2840502461220386	-0.0020778978606829	0.0000316697865195	-0.1704346843907915	-0.2720570839553837	-0.0020751723179611	0.0001112610137177	
-0.1116174404276923	0.4010063611158169	-0.0001257337722154	0.0020795166872590	-0.0466691098044842	0.4166717438046381	-0.0000696275666082	0.0020821636605838	-0.0043183042164487	0.4385382342919213	0.0000006741334213	0.0020833332237179	
0.1527479161321658	0.2875000139652184	0.0000195008132613	-0.0020832416067933	0.2197693324881963	0.2989844399334418	-0.0001519081287042	-0.0020777598931513	0.2633262052552525	0.3114183190253855	-0.0002511367548667	-0.0020680648842817	
-0.5964663357663079	-0.0714440024162213	-0.0020724989972405	-0.0001533707221782	-0.5299076658726712	-0.0429356388277390	-0.0020752034407934	-0.0001106760816993	-0.5059997095117110	-0.0139971141477866	-0.0020781379859160	0.0000001010880060	
0.4863283001637011	-0.2856230264013510	-0.0020779639630541	-0.0000269608564123	0.5579316952315487	-0.3008117463796193	-0.0020772253311979	0.0000617366011198	0.5912412881265183	-0.3198764536166505	-0.0020692284272516	0.0001927075544618	
-0.4655071325792393	-0.3035057244905623	-0.0020777119859303	-0.0000421813379651	-0.4104617186223426	-0.2785639021456566	-0.0020768676751797	0.0000728325631134	-0.3927532501398366	-0.2581749303005316	-0.0020737417197635	0.0001354406008524	
0.3760307293744942	0.2906693906547584	-0.0012230291877693	-0.0016843363776037	0.4503039433155123	0.2999461530830121	-0.0004272757148084	-0.0020388230128194	0.4990253133058613	0.3061949081378581	-0.0005326031166680	-0.0020137506286978	
-0.5287989009495856	-0.0608876664801142	-0.0020389919399508	-0.0004024626959566	-0.4655142400002407	-0.0343049363846501	-0.0020469436135641	-0.0003596158262896	-0.4416483408164226	-0.0079528543207891	-0.0020593001704317	-0.0002798758571142	
-0.0103375275127020	0.0333351414459749	-0.0000591397128225	0.0020824895588592	0.0462075219466299	0.0427111790547765	-0.0000067832615677	0.0020833222349866	0.0770234231347529	0.0562450501637951	0.0000779030623052	0.0020818689940280	
-0.0581998977910273	-0.2959395429257303	-0.0020780987987722	-0.0000127943988022	-0.0092960877233622	-0.2882236905336932	-0.0020771930233437	0.0000628195845339	0.0103389019773698	-0.2836006766786980	-0.0020735443761618	0.0001384438299520	
0.0532577480145994	0.0114828211707513	0.0000733831611496	-0.0020820340367869	0.1099597269572190	0.0197790288939195	0.0000091870295111	-0.0020833129754628	0.1407205932085032	0.0302277729670811	-0.0000597772606006	-0.0020824712646169	
-0.1089597985027906	0.3583486621437222	-0.0001901183065023	0.0020745967937293	-0.0447497443114103	0.3729091216432562	-0.0001851371701681	0.0020750494964982	-0.0039667360272074	0.3948040005865613	-0.0000981371455758	0.0020810090494148	
0.3855054187325706	0.0229070921563251	0.0011938258003492	0.0017052632431286	0.4536662191115832	0.0253803263526459	0.0015036112718013	0.0014380933754501	0.4922433909257280	0.0231988110343080	0.0016376266939523	0.0012825875103503	
-0.1472166446159829	0.3437634422270259	-0.0000799392266670	0.0020817914176206	-0.0837968878067096	0.3583434395945930	-0.0000539889087679	0.0020826301599850	-0.0439943637305527	0.3802110178149763	0.0000156339327960	0.0020832743780636	
0.1516303103917062	0.2708463640252997	-0.0002979022280978	-0.0020618166157357	0.2176015119591768	0.2821497512605403	-0.0003349515431717	-0.0020560942530974	0.2605315273511366	0.2938335075205381	-0.0003920386226968	-0.0020459262117911	
-0.1510934019867795	0.4031045552561209	-0.0000879415118628	0.0020814671151344	-0.0863404610596179	0.4187471358081302	-0.0000503828090066	0.0020827209708293	-0.0445959771929090	0.4416664535105578	0.0000225214054020	0.0020832109890354	
-0.0151885508774892	0.1469003565429604	-0.0000718683726904	0.0020820871396721	0.0442314657213216	0.1572792690018994	-0.0000104582440059	0.0020833069517841	0.0790091206032327	0.1718746932266876	0.0000696153953954	0.0020821640695910	
-0.1428124866432116	0.2562189244180005	-0.0000770783507792	0.0020818998446435	-0.0814326663426566	0.2697694029667556	-0.0000250292314098	0.0020831822241766	-0.0445416720536157	0.2895860690439752	0.0000445589089997	0.0020828543735738	
-0.1321218880867150	0.0656121804713854	-0.0001167109767088	0.0020800452238591	-0.0750054865306274	0.0781134274648174	-0.0000568328143332	0.0020825541142937	-0.0444536035690785	0.0947973743038852	0.0000037427648018	0.0020833299545104	
-0.4568804006070409	0.0677701603966465	0.0002197221914804	-0.0020716559186808	-0.3934604256845581	0.0865987190304277	0.0010574663371937	-0.0017934448860334	-0.3627347996154351	0.1135133169519195	0.0005265952159422	-0.0020153379395468	
-0.4249533163853122	-0.3037318945934430	-0.0020765574852544	-0.0000812365847102	-0.3709837183379809	-0.2806405560527008	-0.0020780472083635	-0.0000194727331969	-0.3532573366377637	-0.2612549532370934	-0.0020767190313357	0.0000769745297360	
0.2188262527193908	0.1853136911526423	0.0003965292811824	-0.0020450562698534	0.2844663064178163	0.1937431675570163	-0.0007401229207362	-0.0019467289247999	0.3234411488463268	0.2010289977497147	-0.0008939317757992	-0.0018807347482919	
0.2186829517700830	0.1812541569379903	-0.0006483172901507	-0.0019793580437999	0.2832131837802140	0.1869045218624858	0.0011283322649523	-0.0017495057736570	0.3214618195801749	0.1977399233675224	-0.0008549083765409	-0.0018988813906902	
-0.1117917048667247	0.4042012827693904	-0.0001272866198452	0.0020794217425781	-0.0467766505563113	0.4197906366727349	-0.0000707649568241	0.0020821251232743	-0.0043270590499795	0.4416632361975448	-0.0000021501011190	0.0020833322182742	
0.4809839224999741	0.2532427733730688	-0.0003769952777155	-0.0020487656827653	0.5621067611295951	0.2615345711944492	-0.0016317395146092	-0.0012901063614821	0.6089119309989439	0.2616075700082414	-0.0020738470947137	-0.0001338092538024	
-0.1520600882641270	0.4228975911789291	-0.0001193497329073	0.0020798947348873	-0.0868869653368388	0.4385529274848296	-0.0000655446697466	0.0020822968488369	-0.0444538052232363	0.4624987965363790	0.0000006830150019	0.0020833332208105	
0.5196320684149400	-0.2870636782032716	-0.0018943203065537	0.0008566584377849	0.5974332395687281	-0.3063012640005620	-0.0017338604539322	0.0011484579027979	0.6370195779706864	-0.3247932836936440	-0.0019260053556673	0.0007824388028558	
-0.1398811760642975	0.1792103693313420	-0.0001145498064509	0.0020801659619652	-0.0803219724534560	0.1926807161674020	-0.0000823140379947	0.0020816984067283	-0.0459341089732477	0.2114466537250965	-0.0000054013933190	0.0020833262962557	
0.3490945581250093	-0.0521301509474543	-0.0018903737441890	0.0008653756329707	0.4174370321174639	-0.0513475856370564	-0.0018108156569865	0.0010221588298250	0.4471621292730557	-0.0505458098317544	-0.0018702083122332	0.0009083437622845	
0.0149917934885379	0.0729270216779434	0.0000872346965162	-0.0020814970065984	0.0729521151896569	0.0822897697978169	0.0000215916554596	-0.0020832208822592	0.1054276390372597	0.0947744514596578	-0.0000445070608014	-0.0020828554876764	
-0.3979996478771778	-0.3026288783995115	-0.0020781289194861	0.0000061547842662	-0.3449561987457237	-0.2807228034933949	-0.0020755973507714	0.0001029852794514	-0.3273027374411436	-0.2623857807166238	-0.0020686039346003	0.0001993318434888	
-0.0282935126825974	0.4458258949700633	-0.0000982492054554	0.0020810037353505	0.0387617827710698	0.4614686641483331	-0.0000686333495760	0.0020821968348308	0.0840819630353101	0.4833326678899073	-0.0000231343039457	0.0020832042392511	
-0.1401017138737892	0.1833520594510207	-0.0001056447265461	0.0020806395881398	-0.0804913259877507	0.1968314583730239	-0.0000711438070698	0.0020821121481930	-0.0459328983646958	0.2156131560453877	0.0000043539524339	0.0020833287608952	
-0.3574504838969462	-0.0336074584648469	-0.0020780925531696	-0.0000137762299590	-0.2981841119436174	-0.0109633787228389	-0.0020778944528551	0.0000318937063102	-0.2742653466964394	0.0119001275411786	-0.0020749892916408	0.0001146403274300	
-0.1100811172383825	0.3750047797805515	-0.0001138617861967	0.0020802039245857	-0.0457589494796441	0.3895810679327066	-0.0000800171485491	0.0020817884090316	-0.0043102047638784	0.4114550277990956	-0.0000091322963315	0.0020833132173118	
-0.5715037017377851	-0.0686427314575981	-0.0020555047705928	-0.0003066366084867	-0.5060121215440865	-0.0407388037090973	-0.0020609428209569	-0.0002674481130693	-0.4820906314641333	-0.0129558238547329	-0.0020705266864101	-0.0001781426972712	
-0.1108355395883410	0.3885732543957974	-0.0001233016162077	0.0020796630442827	-0.0461865205883897	0.4030953671599330	-0.0000683087862113	0.0020822075611931	-0.0043275177829785	0.4249948273663703	-0.0000004403053954	0.0020833332865719	
-0.1506934245910904	0.3947900234468963	-0.0001020854670450	0.0020808181474721	-0.0860973526255701	0.4104229897810920	-0.0000751566704375	0.0020819704548186	-0.0446598782658942	0.4333334568262054	0.0000038945703928	0.0020833296748633	
-0.1394468320718072	0.1718523388302784	-0.0001243209198279	0.0020796020560716	-0.0799999036367398	0.1854173217663053	-0.0000862426159605	0.0020815385544207	-0.0459005755216823	0.2031171284077662	-0.0000111953421602	0.0020833031019585	
0.5174850420048724	-0.1769655251275398	-0.0019104081953544	0.0008199678025168	0.5933650714585035	-0.1862653652936408	-0.0018985843092402	0.0008471185027481	0.6265981498593471	-0.1957151253369805	-0.0018523842738394	0.0009443369083773	
-0.0182130002535239	0.2146107955203009	-0.0000790694959260	0.0020818247989663	0.0430499986290208	0.2260640148018528	-0.0000483723000020	0.0020827688744431	0.0802564152091262	0.2427094097455097	0.0000331116851197	0.0020830688671562	
0.0154164662877492	0.0614530059226600	0.0000723849993859	-0.0020820691532592	0.0730025723233282	0.0708337798953268	-0.0000040607605995	-0.0020833293559707	0.1051316165456491	0.0833275252181593	-0.0000701135834627	-0.0020821472697421	
-0.1133302228774770	0.4312457171304016	-0.0001078958220256	0.0020805234891887	-0.0477232667318592	0.4468782796729878	-0.0000591527113608	0.0020824891878305	-0.0043337331728024	0.4697911878301189	0.0000227748513608	0.0020832082198408	
-0.5652608283907891	-0.0676636743391961	-0.0020501428595166	-0.0003408083557410	-0.5007662592879460	-0.0400532507273151	-0.0020576477389646	-0.0002918347598548	-0.4759102520287659	-0.0123342275845814	-0.0020673174673587	-0.0002123218032082	
-0.6400846029847876	-0.0745350765600908	-0.0020662159024164	-0.0002228378307234	-0.5714873226741336	-0.0448422690764864	-0.0020721130559252	-0.0001585249612244	-0.5465499730206324	-0.0145646542387628	-0.0020777147721175	-0.0000420431863036	
0.4703958311022498	-0.1692556767656421	-0.0016567601040123	0.0012576495179429	0.5432753891636077	-0.1793503554772151	-0.0005790324425862	0.0020008300077397	0.5757681376698569	-0.1842192184437707	-0.0014661957850007	0.0014764097031689	
-0.6171683359185840	-0.0722524591661960	-0.0020769403806053	-0.0000707182151738	-0.5497028053982778	-0.0432767150484948	-0.0020780643718523	-0.0000175355881256	-0.5247297723837726	-0.0135486208416050	-0.0020778822184200	-0.0000326849601170	
-0.4851402696157501	-0.0504780973793327	-0.0020026903709974	-0.0005562644557915	-0.4238752461319666	-0.0253300694799594	-0.0020113207602399	-0.0005240364847824	-0.4001018446018050	-0.0006856507589177	-0.0020346887962402	-0.0004237848664168	
-0.0156113769407067	0.1562479883228158	-0.0001066782683110	0.0020805865885506	0.0441640093307875	0.1666457638554596	-0.0000302671670901	0.0020831123565812	0.0793025795798302	0.1822938234749226	0.0000417664736013	0.0020829125296964	
0.4752545769034724	0.2047656107062946	-0.0006232199399156	-0.0019874431416477	0.5536900481498224	0.2117012883654735	-0.0016035036439278	-0.0013252100406570	0.5995709554731490	0.2103300698327933	-0.0019874787846892	-0.0006086302741736	
0.1463642373930252	0.0478426130030694	-0.0000082711942529	-0.0020833168320331	0.2063901997797889	0.0539544971049133	-0.0000134523929534	-0.0020832896833941	0.2403398343414126	0.0626448880529687	-0.0000979074880226	-0.0020810199211622	
-0.0240190244627756	0.3551994971776424	-0.0001255263796510	0.0020795292791757	0.0407817091900500	0.3687612829610444	-0.0000831982763345	0.0020816630783017	0.0828986781622916	0.3885392157213919	-0.0000069574332418	0.0020833216577304	
-0.2306898019630767	-0.2991622745283675	-0.0020776208401356	-0.0000464747507589	-0.1807723112902657	-0.2841268694981303	-0.0020780444961805	0.0000197614738915	-0.1642505851464356	-0.2723669486168735	-0.0020752370875823	0.0001100402060434	
0.0151944599401382	0.0676986662485092	0.0000826417086377	-0.0020816853592284	0.0729975023636767	0.0770826137722315	0.0000082422344659	-0.0020833169473827	0.1053046096859446	0.0895718771135447	-0.0000551170456136	-0.0020826004611135	
-0.1334193491713463	0.0864092424156959	-0.0001399297570819	0.0020786051613520	-0.0758787056587763	0.0989560761912997	-0.0000913194266882	0.0020813209247443	-0.0446010736374646	0.1166708100475848	-0.0000159531936037	0.0020832719455892	
-0.0279185810469523	0.4395918899467921	-0.0001214166393752	0.0020797745010749	0.0389876210723354	0.4551857299213652	-0.0000658744680673	0.0020822863894972	0.0841394671943348	0.4770828836769068	-0.0000109338345251	0.0020833044977990	
-0.0163799754556998	0.1708516693014429	-0.0000831448386355	0.0020816652240594	0.0437592318066653	0.1822987461819337	-0.0000531284182568	0.0020826523997455	0.0794397416627417	0.1968836701591701	0.0000278836662141	0.0020831457910052	
-0.0476219212273087	-0.0009633938258384	-0.0001780942855376	0.0020756689083592	0.0081200265556564	0.0092654049592399	0.0000922723194945	0.0020812786869409	0.0373386709265610	0.0228835842190848	0.0000441445284170	0.0020828632414328	
0.2766324888672334	0.2280060440547741	0.0009577719580022	0.0018488802787985	0.3448676559232171	0.2386109679793111	0.0014676746016412	0.0014749322814503	0.3842350208955561	0.2440065657843642	0.0020781377415082	0.0000010154460466	
-0.4083686296536864	-0.3028386761410490	-0.0020758642557733	-0.0000974288189443	-0.3543198842863624	-0.2804209472076322	-0.0020780088309629	0.0000232268046802	-0.3377048106930609	-0.2616066741462685	-0.0020762160068270	0.0000895799337609	
0.5005224999906868	0.2355191279174588	0.0005192867264671	0.0020172429438728	0.5825264531505259	0.2428925698957315	0.0012381539064721	0.0016731939441614	0.6289904076634636	0.2422977785146198	0.0020480952035972	-0.0003529647689609	
-0.6296543090989185	-0.0733186263684154	-0.0020628313914174	-0.0002523914938250	-0.5610940054095078	-0.0439208634754638	-0.0020695008186707	-0.0001897451011126	-0.5371873903330383	-0.0141762116581305	-0.0020746086435711	-0.0001213665879546	
-0.1106585022761264	0.3853694444927561	-0.0001211047990324	0.0020797927737884	-0.0461089853547870	0.3999763895332888	-0.0000672336085984	0.0020822427307136	-0.0043198981530845	0.4218704215903855	0.0000002881411218	0.0020833333133075	
-0.4561574066534284	-0.3034037253931478	-0.0020781377195217	0.0000010597029028	-0.4010702843682608	-0.2790639684193288	-0.0020729672280371	0.0001468735039492	-0.3834756694635614	-0.2588387821771700	-0.0020720574845044	0.0001592533004453	
-0.0143621361918211	0.1260537561766101	-0.0000949268653117	0.0020811587051812	0.0445762901812389	0.1364542926181593	-0.0000309240584424	0.0020831026601979	0.0786361754653773	0.1510415301465554	0.0000408917221310	0.0020829299733125	
0.1491119398557399	0.1719311563691268	-0.0002377971261972	-0.0020696490557006	0.2121539138552264	0.1801638757340631	-0.0002387940077659	-0.0020695336987715	0.2508230022777017	0.1905105148466480	-0.0003399265871293	-0.0020552735147734	
-0.1315294075220410	0.0489925758850256	-0.0000210857586196	0.0020832260901631	-0.0750591626842209	0.0614433631396831	0.0000424174848083	0.0020828993080079	-0.0450361495228555	0.0781156332219961	0.0001091950086529	0.0020804553673634	
0.4757484290299792	0.2063803883963145	-0.0003005607830561	-0.0020614288115140	0.5546801840345552	0.2127799932963368	-0.0011369853929300	-0.0017438664614942	0.6005072944098044	0.2106212085863221	-0.0019443987888771	-0.0007352986230428	
-0.0284946467992655	0.4552276955613662	0.0000467024333984	0.0020828071781310	0.0385093147270801	0.4718738717642630	0.0000018451586603	0.0020833325121360	0.0839518166016745	0.4937508736431572	-0.0000167991144133	0.0020832652626868	
-0.4431734026898493	0.1342170939497848	-0.0001851664081645	-0.0020750468745984	-0.3798895563997640	0.1529703136555366	-0.0003344405527812	-0.0020561778480839	-0.3470760399410421	0.1781358649375920	-0.0003854533704543	-0.0020471833520449	
0.0443320270858392	0.3096305786412056	-0.0014461250129654	-0.0014961720377027	0.1067627438123264	0.3240742953651741	-0.0008252524268212	-0.0019120216383331	0.1478715875839776	0.3373844829202721	-0.0006428928014674	-0.0019811354029025	
-0.1144159998486082	0.4499888499523257	-0.0001249887702233	0.0020795618231959	-0.0482716301400637	0.4655990679063286	-0.0000738073757052	0.0020820189666232	-0.0042923067063672	0.4895826945430202	-0.0000164371765771	0.0020832681643061	
0.1482456786874579	0.0750287981153449	-0.0003131188086295	-0.0020595493584150	0.2081814793134821	0.0812090447550317	-0.0002637216276918	-0.0020664898985233	0.2431257227566732	0.0906276955460734	-0.0003182161501803	-0.0020587640270479	
0.2204591679189403	0.2769864028901675	-0.0009252809082705	-0.0018654347868170	0.2898540906834786	0.2854954863719503	0.0010932044608298	-0.0017717784385424	0.3318824894692607	0.2985889132660269	-0.0000872210727039	-0.0020814975803804	
-0.4571534805615508	-0.0386183121847183	-0.0016524122438712	-0.0012633851976139	-0.3981115280098753	-0.0152492834890580	-0.0017654060962208	-0.0010990979577202	-0.3720098932277817	0.0084138313653091	-0.0018787747938063	-0.0008903999197494	
-0.0097317219877252	-0.0147675053712531	0.0005088970777476	0.0020199022358168	0.0454395249496207	-0.0022278277993930	0.0007582808224391	0.0019396931276323	0.0734553019988581	0.0071008418426213	0.0014172342342168	0.0015237025908336	
-0.0476814960437287	0.0000483026571725	-0.0001784745915186	0.0020756360791282	0.0080974096096672	0.0103043509140354	-0.0000014993638905	0.0020833327910901	0.0373558573999405	0.0239356392074755	-0.0000125453452218	0.0020832953713237	
0.1469743162159367	0.0625334891340366	-0.0001093307132930	-0.0020804482046369	0.2070609810203690	0.0688079777989316	-0.0001840025467023	-0.0020751509208472	0.2416388864320417	0.0770154507557728	-0.0002379862303636	-0.0020696272105676	
-0.5340900870039380	-0.3051035723493402	-0.0020769422481209	-0.0000706630715522	-0.4748648594240810	-0.2776971572405347	-0.0020781090887120	0.0000109870564288	-0.4571896663058704	-0.2544020362329694	-0.0020752863310189	0.0001091028766898	
-0.5320151535051021	-0.3050412028223475	-0.0020772023623052	-0.0000625084652767	-0.4738232756086387	-0.2777120582212285	-0.0020781093268261	0.0000109417000584	-0.4551152168408063	-0.2545181874023733	-0.0020753283623407	0.0001082963919544	
-0.0284670380090468	0.4499990898845656	-0.0000517005404819	0.0020826885149864	0.0386185656924524	0.4656275039744885	-0.0000568849269404	0.0020825526843674	0.0840266244192316	0.4875000346071794	-0.0000263635090756	0.0020831656831971	
0.2172452916112108	0.0874530257335037	-0.0008625095921311	-0.0018954236248817	0.2787612298840992	0.0936313393507952	-0.0002212274973385	-0.0020714949090660	0.3139366499347176	0.0999379624554130	-0.0003316906937536	-0.0020566254594010	
0.3627998127854424	-0.0580466861298928	-0.0020036976066639	0.0005526070627551	0.4313494010624681	-0.0569754202817145	-0.0020068313234369	0.0005410580247734	0.4616027769101196	-0.0579854556446783	-0.0019527671896755	0.0007126624369897	
-0.1425099078047020	0.2479028681618538	-0.0000741501506482	0.0020820067260574	-0.0813313407886663	0.2614381086639145	-0.0000306284402490	0.0020831070495910	-0.0447198700707179	0.2812484642810718	0.0000401576827738	0.0020829443259520	
0.1501181179926000	0.3216227296836521	-0.0006565894847098	-0.0019766157398830	0.2175240228403893	0.3362076847911492	-0.0011488398886286	-0.0017360406889437	0.2621909481618233	0.3476387324226193	-0.0013918795774159	-0.0015470133379048	
-0.1032782671864684	0.2885092426234485	-0.0000937893930342	0.0020812105348338	-0.0410398842337585	0.3020558101212399	-0.0000321920004882	0.0020830833552167	-0.0024439413409749	0.3218665442675341	0.0000288574403636	0.0020831324626508	
-0.0486925692397162	0.0177319664897425	-0.0000663967911850	0.0020822697168415	0.0074551094246357	0.0281574503661316	-0.0000347423724008	0.0020830421749527	0.0371650348145514	0.0416337080269951	0.0000362885379285	0.0020830156809953	
-0.0171974209019505	0.1969227230907179	-0.0001143259495186	0.0020801783388067	0.0435699784252273	0.2083289413449057	-0.0000429398938018	0.0020828885502114	0.0801937459176483	0.2239654534879383	0.0000138178537660	0.0020832872794784	
0.5144856292145321	0.1977529031705610	-0.0015248804099296	-0.0014154068952040	0.5945298886866324	0.2009848436236689	-0.0000212219290956	-0.0020832247005153	0.6447158006675848	0.2017940380616488	-0.0006952631613039	-0.0019632796384624	
-0.1426323607032841	0.2510191457960272	-0.0000727905884791	0.0020820549422487	-0.0813899949076147	0.2645601633458881	-0.0000281634923693	0.0020831420077869	-0.0446519575230320	0.2843759355607960	0.0000429471507381	0.0020828883998440	
0.5360757877733202	-0.3021395513046548	-0.0012368330558650	0.0016741754474015	0.6129324306129669	-0.3240305777693089	-0.0011933749058593	0.0017055803975819	0.6530898637616462	-0.3400190922639196	-0.0011579381839632	0.0017299550443806	
-0.1017440222787460	0.2500092384998404	-0.0001010277551112	0.0020808700280525	-0.0403583280001718	0.2635578022001906	-0.0000645655241070	0.0020823275922116	-0.0031307197359109	0.2822908521829982	0.0000137400148366	0.0020832877968850	
0.3378729893527854	0.0863935528472291	0.0001440452496258	0.0020783226094586	0.4047785878986634	0.0899150628164153	0.0010503600129733	0.0017976369057152	0.4426542618428222	0.0916579510783746	0.0012674426354761	0.0016510072226724	
-0.1294758266476245	-0.0194487693648960	0.0007043189194605	0.0019600329618042	-0.0741778785934638	-0.0076685851954589	-0.0010124026142903	0.0018193920751435	-0.0521062708462576	0.0091847779508559	-0.0002358160320288	-0.0020698768521952	
0.0549119557996482	-0.0124507100921959	-0.0002547808274358	-0.0020676168735263	0.1104946344856752	-0.0042727175941529	-0.0003555364647709	-0.0020526175433013	0.1403628236834845	0.0051783616260407	-0.0004301760600868	-0.0020382099796932	
0.4260742125683006	0.1227879003750449	-0.0013711750491651	-0.0015654853581210	0.4995329072836803	0.1264906036273146	-0.0008577576383339	-0.0018975895953554	0.5436215176977255	0.1246420732105832	-0.0007802392302499	-0.0019309212439253	
-0.1338784981303314	0.0927274029681823	-0.0001433208540017	0.0020783729400350	-0.0761908269013897	0.1051765880213928	-0.0000956204940221	0.0020811267922356	-0.0446691978342409	0.1229173284183918	-0.0000293015861168	0.0020831262315443	
0.2617349975400769	0.2541539733930950	0.0002476830956064	-0.0020684834405745	0.3314066319814241	0.2645789415887285	-0.0009931367391888	-0.0018300326302102	0.3719391900760909	0.2698088642625143	-0.0015363776293192	-0.0014028558457498	
0.3114568032417842	0.2192682283060720	0.0008973280976137	0.0018791085764136	0.3806838065805720	0.2277223761533737	0.0008122265953390	0.0019176191103007	0.4236679419064353	0.2325499405390187	0.0009190314510832	0.0018685370204494	
0.2612166060038278	0.2614581260375731	0.0000910971975617	-0.0020813307120711	0.3311766620128033	0.2708165157374992	0.0001848623550009	-0.0020750741199875	0.3745494299141532	0.2801975764957165	-0.0000049005090616	-0.0020833275408739	
0.2215017666658786	0.2801323697806380	-0.0004480003579512	-0.0020343472370880	0.2892208764840078	0.2914698569848160	-0.0009921130953457	-0.0018305905577297	0.3322943176593327	0.3001238237481330	-0.0009845465326774	-0.0018346915776423	
-0.0344139835758094	-0.2952344818003940	-0.0020772147494007	-0.0000620933929056	0.0145424077941051	-0.2885557200179477	-0.0020780641874805	0.0000175575328586	0.0331331850911447	-0.2846959773057571	-0.0020737282903008	0.0001356470917209	
0.1496143980988880	0.0927084358876732	0.0001262003081336	-0.0020794882851017	0.2107499868996145	0.0989768927927160	-0.0001481099768227	-0.0020780354647151	0.2459778633042553	0.1083732774285612	-0.0001816918317302	-0.0020753555334273	
-0.0383139657973940	-0.2953390026167347	-0.0020774362120455	-0.0000541376320284	0.0103988137085901	-0.2885153792740805	-0.0020779390197100	0.0000288282648659	0.0290628018188942	-0.2844660030881141	-0.0020746334949433	0.0001209389023211	
-0.0152328287710677	0.1479394787349352	-0.0000742384817529	0.0020820035625325	0.0442327716734437	0.1583210103136964	-0.0000090121975020	0.0020833137429268	0.0790433086078866	0.1729160699799780	0.0000716804241077	0.0020820936511234	
0.4752023436603552	-0.1777463441380154	-0.0001059057061059	0.0020806262540396	0.5444381925626163	-0.1896132815026281	-0.0006977541980850	0.0019623912732549	0.5794152816104758	-0.1961756429408463	-0.0002599556920766	0.0020669694019916	
-0.4516588862085268	0.0999261415302090	-0.0006130148045210	-0.0019906303882924	-0.3893365425916568	0.1197164501319688	-0.0006063587445767	-0.0019926781471362	-0.3577364452838916	0.1438284732858217	-0.0006243193272117	-0.0019870963354213	
-0.0141462813616263	0.1208598592068342	-0.0000805875135596	0.0020817662976688	0.0446461178232272	0.1312485618912893	-0.0000230016833768	0.0020832057151529	0.0785144393815431	0.1458328082865770	0.0000548287438686	0.0020826081092897	
-0.4343023932681077	-0.3038894743847755	-0.0020780864855353	0.0000146672742930	-0.3803436476151498	-0.2805273226687365	-0.0020766981117357	0.0000775396739464	-0.3626847993947757	-0.2606870869913016	-0.0020715531457113	0.0001657162009763	
0.3033736775053372	0.2021034154757176	0.0011146660353023	0.0017582881561814	0.3737435059984113	0.2126570700593899	-0.0010455863304721	0.0018004315917629	0.4142681653155942	0.2190092648823049	0.0019641065584173	-0.0006806250960549	
-0.6244845863304995	0.2493490471994572	0.0020752126157996	0.0001105030512192	-0.5486282555569046	0.2728800033479220	0.0020760068330085	0.0000943262898088	-0.5174503461702892	0.3033407738796657	0.0020776260863803	0.0000462384459349	
-0.3719982206504278	-0.0335271317801303	-0.0020778964616540	0.0000317619042404	-0.3117330991973081	-0.0105592685997909	-0.0020763913655501	0.0000853974418542	-0.2888143946405334	0.0129482332827358	-0.0020717393832720	0.0001633596020017	
-0.3865642497301877	-0.3026188962046026	-0.0020778342679469	-0.0000356170293201	-0.3356226747351359	-0.2811264684038792	-0.0020775449551569	0.0000497674157429	-0.3169153983363159	-0.2633069252141834	-0.0020733005019049	0.0001420671166348	
0.2174743699688271	0.1736424437501390	0.0008381583998584	-0.0019063712482945	0.2845208101297406	0.1826463227412454	-0.0020577388619627	-0.0002911883296401	0.3179475530717383	0.1896107974981104	-0.0020770237565486	-0.0000682128390505	
-0.0166153504346697	0.1791672348907543	-0.0000441036758792	0.0020828641111996	0.0436405081413918	0.1906249852297382	-0.0000088807868394	0.0020833143100762	0.0796478329286172	0.2052085467302824	0.0000707877464327	0.0020821243447233	
-0.1452470470734208	0.3093909970033394	-0.0000986497922613	0.0020809846891636	-0.0826793423048228	0.3239777127677047	-0.0000572483391574	0.0020825426761765	-0.0439618504945681	0.3447886296521052	0.0000170719599375	0.0020832630335320	
0.3106949275150849	0.2176876416264041	0.0006965118978141	0.0019628347556040	0.3800473478694868	0.2262622763104501	0.0008808935565929	0.0018869074176033	0.4229783849258584	0.2311870720857191	0.0009494038316080	0.0018532127968964	
0.1484722723627021	0.1312626677108796	-0.0002775255574745	-0.0020646723127831	0.2100675889755371	0.1395338667153735	-0.0004917866744547	-0.0020241573215421	0.2467137513889702	0.1477735434176817	-0.0005287949104212	-0.0020147590060733	
-0.2639151845356099	-0.0308955780745067	-0.0020780535586183	-0.0000187793214211	-0.2067929240527925	-0.0107714959929516	-0.0020777336298061	0.0000410959251271	-0.1839314956744945	0.0091702015283621	-0.0020761181271857	0.0000918315206941	
-0.1529107123256296	0.4374889481801038	-0.0001216515770930	0.0020797607034328	-0.0873283516410749	0.4531234952605147	-0.0000660225368015	0.0020822816765010	-0.0444837691768820	0.4770833180117424	-0.0000084922810712	0.0020833159380889	
0.4997255995985210	0.2333609376860951	0.0008715585528080	0.0018912590112570	0.5815664740027910	0.2418371647767402	0.0016344963179948	0.0012865943322616	0.6289904076634636	0.2422977785146198	0.0020480952035972	-0.0003529647689609	
0.4831994585371151	-0.2856187531907849	-0.0020779002210889	0.0000315137572997	0.5548047357678554	-0.3007210117960707	-0.0020766151461199	0.0000797415092169	0.5880916091032091	-0.3196025957209713	-0.0020682600648328	0.0002028862930154	
0.3870379099314574	0.0256306347571867	0.0008933062051336	0.0018810334484777	0.4546584833725476	0.0264429813707623	0.0012902214806984	0.0016331786635207	0.4927280218631356	0.0237413909482633	0.0015554459473278	0.0013815764549667	
-0.4010795251015164	-0.0333577843996598	-0.0020755420207064	-0.0001040999541032	-0.3397766454092349	-0.0096018509367763	-0.0020780304789567	-0.0000211911333061	-0.3169050391427841	0.0143554170870605	-0.0020764085043871	-0.0000849776005758	
-0.4433863622221935	0.1489552212702059	0.0002043205836465	-0.0020732394655354	-0.3790935719473792	0.1676917945280799	0.0000834492155130	-0.0020816529835269	-0.3458650663374529	0.1937334219374233	0.0000379845123204	-0.0020829852931473	
-0.0914717373274552	0.0364544751297234	-0.0001170317460680	0.0020800271105059	-0.0351372579278174	0.0479367045646708	-0.0000807842214305	0.0020817586354103	-0.0052203538982646	0.0635399218203910	-0.0000115430339598	0.0020833011950037	
-0.4611951707148189	-0.0410815351360529	-0.0018453442606076	-0.0009580890236940	-0.4010411170193466	-0.0167957838914537	-0.0018670709056129	-0.0009148073322550	-0.3762203201739361	0.0066236746976958	-0.0019354875962021	-0.0007585588759937	
0.3554900220491983	-0.1265757901595314	-0.0019115349018656	0.0008173245567318	0.4219336706633228	-0.1278099369300656	-0.0019113816643193	0.0008176846446668	0.4509433607982756	-0.1292039849307786	-0.0018451483189269	0.0009584682147927	
0.3128372178698511	0.2551891984965213	0.0006974434243390	0.0019625022982923	0.3840183492406362	0.2657912444023790	0.0014908713949914	0.0014513624226679	0.4255457000082301	0.2722678374209225	0.0020366336330221	-0.0004142896518338	
0.3532574196061975	-0.0541987275408243	-0.0018479414553438	0.0009530447913084	0.4215141247144389	-0.0535250779306093	-0.0018697799233448	0.0009092296633661	0.4512808580944345	-0.0527731386541223	-0.0017827867821007	0.0010705314377627	
-0.3771624347639693	-0.3023434797739076	-0.0020769262939544	-0.0000711327840265	-0.3252286050313748	-0.2812497259583617	-0.0020781109421980	0.0000106288921129	-0.3075618237064656	-0.2637757883192209	-0.0020762161019930	0.0000895777170052	
-0.1018408525648928	0.2520821068827380	-0.0000944512215887	0.0020811804543565	-0.0404248708767669	0.2656341425755189	-0.0000610224530533	0.0020824349680191	-0.0031132933313036	0.2843752104862990	0.0000191129263462	0.0020832452196084	
-0.5745575584260232	-0.0690980350217689	-0.0020580414917236	-0.0002890308809128	-0.5090873682034540	-0.0411035410076538	-0.0020631149709629	-0.0002500511441250	-0.4852700072784256	-0.0131973960557480	-0.0020722224578961	-0.0001570811733850	
-0.0271259636207652	0.4249948434840475	-0.0000913782945326	0.0020813183281072	0.0392996580424921	0.4406242496311503	-0.0000213896724761	0.0020832229763612	0.0840375630620622	0.4614620304664796	0.0000445046545230	0.0020828555393505	
-0.0099263012960804	0.0198173472180894	-0.0000847284948671	0.0020816010473859	0.0463904479695095	0.0291511736966762	-0.0000428009175698	0.0020828914249645	0.0766342059862780	0.0416653716088318	0.0000347495535855	0.0020830420545680	
-0.0150826759950957	0.1437808299628400	-0.0000691891745851	0.0020821783473730	0.0442602586206983	0.1541549665639730	-0.0000177216763497	0.0020832575807406	0.0789166898634832	0.1687503437947062	0.0000604288898469	0.0020824523634343	
-0.0951736022706833	0.1115023922285984	-0.0000953210361916	0.0020811405984578	-0.0370835850725605	0.1229403968481461	-0.0000469586928417	0.0020828013874511	-0.0046201237314094	0.1395638016800583	0.0000222525163565	0.0020832138930812	
0.5289053123474905	-0.2937294274530860	-0.0014972811786279	0.0014447157449466	0.6073109229677291	-0.3163203463666346	-0.0012510742587888	0.0016635069162319	0.6483699713294684	-0.3333411179720215	-0.0013295004171892	0.0016012050194632	
-0.1475741089193378	0.3541653868960341	-0.0000832432060777	0.0020816612731071	-0.0839729353808489	0.3687531767911778	-0.0000255893133109	0.0020831753854788	-0.0438317860735522	0.3906279131482672	0.0000402957664846	0.0020829416458674	
0.0530650020014574	0.0166720852654930	0.0000804796236397	-0.0020817704923037	0.1098840085025841	0.0249797694497186	0.0000385634544374	-0.0020829746020451	0.1408318487333738	0.0364401490705540	-0.0000307026793700	-0.0020831059512404	
-0.6192418019312450	-0.0723335957213403	-0.0020757113623427	-0.0001006493969688	-0.5517730101593070	-0.0433112373994943	-0.0020775088795238	-0.0000512585825522	-0.5268080388300487	-0.0135993835127409	-0.0020768838802692	-0.0000723666591293	
0.3354726361397586	0.2614878882233595	-0.0006343053175605	-0.0019839153991710	0.4078935369659464	0.2697673795702920	0.0000276461886200	-0.0020831489720365	0.4537339991023115	0.2770963385410939	-0.0001443943755909	-0.0020782982613393	
0.1505568523931268	0.2208402327909322	-0.0002153659555170	-0.0020721156050321	0.2151267537789399	0.2302023653552590	-0.0002369165722458	-0.0020697505447403	0.2561019013372898	0.2415992471516828	-0.0002638763106149	-0.0020664700534355	
0.0811654041748694	0.1843183797267163	-0.0006783691886753	-0.0019692103040809	0.1427713671932462	0.1937937215924352	0.0003393609374171	-0.0020553674569082	0.1787275293042234	0.2072905556003838	0.0000504618220502	-0.0020827190483598	
-0.4297647966604821	0.0364600953794989	0.0001577633013295	-0.0020773213320710	-0.3682328220816072	0.0562871745345166	-0.0000156831903472	-0.0020832740059744	-0.3379342427505799	0.0812753181587595	-0.0000463702835144	-0.0020828146365267	
-0.0169854862143400	0.1926764439365516	-0.0000932505569204	0.0020812348687095	0.0436322178017915	0.2041662634114053	-0.0000182298548767	0.0020832531738735	0.0801433243532110	0.2197948886646486	0.0000365834715744	0.0020830104961974	
-0.4495142606476457	-0.0135384311470491	0.0001949327104043	-0.0020741477249444	-0.3885695050911669	0.0062435598187636	-0.0000604439105328	-0.0020824519253254	-0.3594416882174911	0.0312372198560131	-0.0000916461722422	-0.0020813064909553	
-0.5403222144896616	0.2533412839605044	0.0020772670621959	0.0000603089451480	-0.4686166708615284	0.2758108399301075	0.0020779032847188	0.0000313100833043	-0.4374478846994823	0.3044888086777959	0.0020780960046013	-0.0000132426544706	
-0.0187676495929374	0.2479124952263018	-0.0000263128105044	0.0020831663274050	0.0431669771623510	0.2604002438996450	0.0000260638930872	0.0020831694723129	0.0816136983685014	0.2770861184198447	0.0001036619455978	0.0020807398161848	
-0.5289001676177686	-0.3049530443629091	-0.0020773377047605	-0.0000578118295445	-0.4707011827127696	-0.2777159917601007	-0.0020781279307719	0.0000064816118516	-0.4520069745607772	-0.2546730314494944	-0.0020756862375725	0.0001011688004637	
-0.4444922466850236	0.1249201513545671	-0.0003777353572228	-0.0020486286793624	-0.3816578872365803	0.1438553732705837	-0.0004468595656716	-0.0020345993809511	-0.3491749028767990	0.1687668403113635	-0.0005073416905413	-0.0020202954239762	
0.2435364978474581	0.2192889078475532	0.0012949126660233	0.0016294430002595	0.3098142496288494	0.2280224252520747	0.0003996541634501	0.0020444448419782	0.3513071513899586	0.2363860057991363	0.0003609840257865	0.0020516617531007	
-0.0748270764166774	-0.2961246699647311	-0.0020765945493941	-0.0000802787584672	-0.0259917681656530	-0.2876755160976013	-0.0020779960851481	0.0000243458685238	-0.0072713559651999	-0.2822766350984428	-0.0020739436388021	0.0001322968896142	
-0.3522464195548790	-0.0335303856523557	-0.0020777668095496	-0.0000393739300715	-0.2930041619221654	-0.0110221135533409	-0.0020781312996814	0.0000052857481158	-0.2701360084993382	0.0117001423319031	-0.0020758406690221	0.0000979325800247	
0.0136114339651540	0.1052055231182257	0.0000505060666431	-0.0020827179705263	0.0723226206335347	0.1145948622705655	0.0000280711341004	-0.0020831432606377	0.1060059406235266	0.1281235274818462	-0.0000539680980648	-0.0020826307020659	
-0.0999720189106154	0.2083087013565421	-0.0000903926077357	0.0020813615853713	-0.0396007941181806	0.2208224269566796	-0.0000421557754018	0.0020829046477753	-0.0038203083872882	0.2385607370702504	0.0000229773788890	0.0020832059847115	
-0.4735583494808080	-0.0217127210720625	-0.0006334367044343	0.0019841942952236	-0.4121199513640234	-0.0006721302023852	-0.0000035007106813	0.0020833303774128	-0.3835821460629656	0.0227361934923521	0.0009698943262511	0.0018425182276763	
0.1463687810609641	0.0447098193759768	0.0000276560351233	-0.0020831488406826	0.2063625230497161	0.0507894573101178	0.0000009006552176	-0.0020833331376755	0.2402162560339337	0.0594730620950076	-0.0000788677614298	-0.0020818324895366	
0.2416137889757799	0.2126912293176250	0.0004616944914268	0.0020312677896047	0.3085085190459178	0.2208396312601502	0.0000261616240102	0.0020831682411117	0.3497052036953605	0.2292275981522164	0.0002030201560555	0.0020733678521880	
-0.0180220465208641	0.2103903403020524	-0.0001020760576083	0.0020808186113910	0.0431696087357238	0.2218444402226071	-0.0000653408728235	0.0020823032858554	0.0801986101153280	0.2375050495046842	0.0000093312249934	0.0020833123313884	
-0.5309780996133023	0.2536364584846390	0.0020771754468979	0.0000634009841004	-0.4592675755463300	0.2759975827553669	0.0020775646251519	0.0000489352175786	-0.4291337669516223	0.3044307692617381	0.0020780963613912	-0.0000131862650569	
0.0507505895339463	-0.0280219695635170	-0.0011338601360393	-0.0017459102899049	0.1047074271333178	-0.0185077107467137	-0.0013719767996826	-0.0015647792408880	0.1328568915779558	-0.0102163289678726	-0.0015612691239900	-0.0013749594390773	
0.3956203254001673	0.2754226779196015	0.0017111097852076	0.0011822534829321	0.4704792968375247	0.2845270150264539	0.0003033176099895	0.0020610229553247	0.5193054779339830	0.2897669013265737	0.0001618178560300	0.0020770078648139	
-0.4294880267693543	0.0302465167115208	0.0000698453038963	-0.0020821563315417	-0.3682429275592024	0.0500641956272608	0.0000561301910372	-0.0020825732656377	-0.3380581803793511	0.0750624826265389	0.0000152227814309	-0.0020832774382183	
-0.1797591121893188	-0.2978896447175997	-0.0020776741352719	-0.0000440151880253	-0.1309094950917260	-0.2849608858949466	-0.0020776927798748	0.0000431216158181	-0.1132860561374163	-0.2753694672965641	-0.0020743114625498	0.0001263685150409	
-0.0899141412574709	0.0136369850211664	-0.0001597655011334	0.0020771675372529	-0.0340551951483107	0.0250450173447394	-0.0001236741316028	0.0020796408139148	-0.0048491401412378	0.0406770926281596	-0.0000548348252770	0.0020826079483742	
-0.0270835377297427	0.4239554258821222	-0.0000868068744571	0.0020815149819449	0.0393047146054347	0.4395834621755824	-0.0000165341627525	0.0020832673929764	0.0840138545561032	0.4604217851617300	0.0000498016799934	0.0020827350176894	
0.1480981216206081	0.0739997166146128	-0.0003050726205133	-0.0020607626126725	0.2080538057762500	0.0801849608368624	-0.0002373397269924	-0.0020697018212717	0.2429721977801949	0.0896091842417420	-0.0002979561657071	-0.0020618087828045	
-0.1413401851451043	0.2124977455084434	-0.0000749683395044	0.0020819772788058	-0.0810500234738650	0.2260415181127399	-0.0000306646830435	0.0020831065137195	-0.0455878870832130	0.2447948221064088	0.0000277287623902	0.0020831478690403	
-0.6286221727537018	-0.0731764850134636	-0.0020636936713008	-0.0002452048801896	-0.5600566749067715	-0.0438195814298021	-0.0020701710545777	-0.0001822491605996	-0.5361458008228849	-0.0140968272220348	-0.0020742639154277	-0.0001271504695654	
-0.1298002645779256	-0.0228335804409497	-0.0005048031341692	0.0020209344001787	-0.0728972634027095	-0.0095316197084670	-0.0013365365024930	0.0015953072248341	-0.0530970750711175	0.0071334733078500	-0.0013807463898792	-0.0015570076962779	
-0.4987986383566274	-0.0539631434127604	-0.0020174521042395	-0.0004997887370745	-0.4363825012835626	-0.0282576154156721	-0.0020274006965952	-0.0004575442444073	-0.4125093104677196	-0.0031312618995211	-0.0020406491802648	-0.0003939307412748	
-0.1355189779009744	0.1176636621635571	-0.0001431867603017	0.0020783822288189	-0.0772428332585431	0.1301794574265674	-0.0000836261243344	0.0020816458485427	-0.0449795321464936	0.1479023331517942	-0.0000131387755397	0.0020832916949239	
0.0163839875315879	0.0197846847633925	0.0000582719891178	-0.0020825141425008	0.0729864376999739	0.0281264593093328	0.0000184526971830	-0.0020832512021132	0.1034941567621223	0.0406382637309360	-0.0000630639149873	-0.0020823738401787	
-0.1341954353430271	0.0968569539509919	-0.0001444941686041	0.0020782912908691	-0.0764110333709839	0.1094203072609602	-0.0000983557449911	0.0020809986774336	-0.0447368282994305	0.1270797910270818	-0.0000358575522107	0.0020830231820292	
-0.2410873403866241	-0.2993707660081232	-0.0020777478131205	-0.0000403688184291	-0.1911477049531368	-0.2839861205714762	-0.0020778376648883	0.0000354173055532	-0.1745597241179644	-0.2718451866379759	-0.0020750407602508	0.0001137002158249	
-0.0965563633893397	0.1354239775013948	-0.0001291152506110	0.0020793084359723	-0.0378670395377080	0.1478793598034627	-0.0000870960969181	0.0020815028396853	-0.0045371335165930	0.1645656780729096	-0.0000153732508196	0.0020832763277529	
-0.0114735029218480	0.0635400311223588	-0.0000790486405611	0.0020818255949313	0.0458947733909808	0.0729176477927894	-0.0000088137958952	0.0020833145959934	0.0777710801060837	0.0864619826139348	0.0000506002158270	0.0020827156738318	
-0.5392182991412063	-0.0628666940862716	-0.0020429561065012	-0.0003817246271679	-0.4759454149565331	-0.0360865385370975	-0.0020501461587428	-0.0003407884091900	-0.4519961679431020	-0.0093643575384000	-0.0020590836547320	-0.0002814722973898	
-0.1340358894221775	0.0947921367901418	-0.0001442672410106	0.0020783071345889	-0.0762997868306976	0.1072492635588769	-0.0000971136107967	0.0020810573058339	-0.0447012505259978	0.1249986729637980	-0.0000332075892177	0.0020830673328493	
-0.0982877272405840	0.1729571251683713	-0.0000820891755674	0.0020817073304747	-0.0388052508608056	0.1853959126055472	-0.0000245492100688	0.0020831879648696	-0.0041895424337595	0.2031241013652347	0.0000474076553979	0.0020827911658425	
-0.0246896290308620	0.3656477893107004	-0.0001389442222504	0.0020786716029083	0.0403371611322738	0.3801994434165204	-0.0000704581811798	0.0020821355790819	0.0829102141361279	0.3989555621285766	0.0000059551348635	0.0020833247794347	
-0.0480528548806206	0.0051285845928826	-0.0001397013984399	0.0020786205985389	0.0079476874052894	0.0154937108513215	-0.0001110576071735	0.0020803562770881	0.0372070333441964	0.0291055719583979	-0.0000534418176053	0.0020826443411969	
-0.0485145997985144	0.0136080353595569	-0.0000788933287174	0.0020818315159431	0.0075615648067450	0.0240234660812920	-0.0000517803561284	0.0020826865221903	0.0371236621537425	0.0374486939537371	0.0000152540773233	0.0020832772081540	
-0.0989814074614681	0.1874674602795841	-0.0001076905274709	0.0020805341788443	-0.0390916468190597	0.2000370445341924	-0.0000591652953223	0.0020824888285578	-0.0039816062056441	0.2177186380649135	0.0000131087114378	0.0020832918852616	
0.1483331417809620	0.1302441912617515	-0.0003253452912236	-0.0020576438734397	0.2098268357802952	0.1385623031149577	-0.0005271377442722	-0.0020151953921693	0.2464736181069471	0.1468007101529371	-0.0005562865138000	-0.0020073051299748	
-0.0228380901643850	0.3375018320813647	-0.0001425368180652	0.0020784271270775	0.0415416447635688	0.3510401511816713	-0.0000745475812717	0.0020819924626332	0.0830851194984966	0.3697903486924708	-0.0000113116423357	0.0020833024705883	
0.3274565834720571	-0.1435675354572136	-0.0014316125465347	0.0015101334088417	0.3920916503612251	-0.1464115308858400	-0.0015610173614751	0.0013752466939033	0.4211432588162241	-0.1465127627533911	-0.0014798388521351	0.0014626658700226	
-0.0100049091984492	0.0218934308034313	-0.0000782857319330	0.0020818545675359	0.0463471107616305	0.0312345399326256	-0.0000404475467110	0.0020829386893276	0.0766692257623000	0.0437501675301518	0.0000393789822976	0.0020829592675609	
0.1468973033286539	0.0315833183595894	0.0001912056406862	-0.0020744963615936	0.2066774869759318	0.0374201595119251	0.0000579066218628	-0.0020825243849906	0.2399388894890451	0.0457713722312166	-0.0000304553485413	-0.0020831096001134	
-0.0869049832254541	-0.0133255772917948	-0.0002031406410544	0.0020733559919166	-0.0317297757175851	-0.0017299850500223	0.0000085782816289	0.0020833155839833	-0.0034307711802254	0.0133520418821692	0.0000464508501224	0.0020828128323034	
-0.0186167015144775	0.2343789768095792	-0.0000264023149487	0.0020831651892673	0.0429962030375687	0.2468797047446497	0.0000230845057335	0.0020832047944382	0.0809288790608902	0.2625027482540605	0.0000955478929500	0.0020811301434251	
0.1717840227020361	0.2665559826639274	0.0004652335809516	0.0020304560888491	0.2376030105915327	0.2771504794609058	0.0003333626920775	0.0020563537500439	0.2801909012787565	0.2886381593624104	0.0004461062748801	0.0020347655077257	
-0.1453851247338560	0.3125065553472652	-0.0001048948477122	0.0020806777177851	-0.0827418946037524	0.3271014997627451	-0.0000578803719382	0.0020825251183831	-0.0439521209644120	0.3479124532808563	0.0000157719337506	0.0020832733326569	
-0.0235937098437460	0.3489795048864814	-0.0001326568560515	0.0020790843747012	0.0410711942271710	0.3624750229922633	-0.0000953701789101	0.0020811383357554	0.0829434474822370	0.3822890483744835	-0.0000246402583840	0.0020831868845445	
-0.1336761215756475	0.0896263674746999	-0.0001413697861324	0.0020785072310087	-0.0760223496756973	0.1020680192732209	-0.0000933638758450	0.0020812297628850	-0.0446197439530934	0.1197951859218196	-0.0000223809079856	0.0020832125107822	
-0.1527227914241158	0.4343762453606448	-0.0001200900412264	0.0020798519085625	-0.0872317780834703	0.4500015598220811	-0.0000668892393926	0.0020822538770803	-0.0444554315113197	0.4739582491276377	-0.0000062955022519	0.0020833237736883	
-0.0940596337319580	0.0885883421522538	-0.0000960195601503	0.0020811083262154	-0.0365901890122172	0.0999849291131187	-0.0000390686524230	0.0020829651405719	-0.0048321756016064	0.1166793508301305	0.0000267896355447	0.0020831602195455	
-0.3553687057823775	-0.0335874198412706	-0.0020780148513402	-0.0000226790291855	-0.2961128635323371	-0.0109895198942092	-0.0020780239491278	0.0000218251762038	-0.2732328690847716	0.0118569113453186	-0.0020752107544775	0.0001105381756602	
-0.0145474124112620	0.1302083045799917	-0.0000992125185392	0.0020809578027447	0.0445005958396781	0.1406182973175364	-0.0000400053966219	0.0020829472710219	0.0787006531022724	0.1552078536316222	0.0000281192048178	0.0020831426090664	
-0.6390073896757190	-0.0744262538262239	-0.0020652530332095	-0.0002316347948879	-0.5704491882432543	-0.0447642925630594	-0.0020714440746625	-0.0001670808263919	-0.5455104691272198	-0.0145411491685146	-0.0020774817430356	-0.0000523522549959	
-0.4527681490294745	-0.0336464074374401	-0.0010205882919611	-0.0018147900164422	-0.3937647148403756	-0.0115255117500485	-0.0013470845471548	-0.0015863658075075	-0.3676460983982880	0.0110448746873839	-0.0016662682566886	-0.0012449611528885	
-0.2504182277021936	-0.0307695182366807	-0.0020778377075164	-0.0000354147920706	-0.1932584480292059	-0.0109995729668719	-0.0020781049007483	0.0000117562162797	-0.1703974750527755	0.0084891661314741	-0.0020758209477529	0.0000983517979423	
-0.0224101961349580	0.3302535828453558	-0.0001212968612717	0.0020797815252148	0.0417314975188798	0.3437619896011157	-0.0000397803603099	0.0020829516025188	0.0830680909226708	0.3624978645677425	0.0000241967965419	0.0020831921086954	
-0.0097405839134024	0.0155993270047055	-0.0000921729558854	0.0020812831118358	0.0464773296728545	0.0249869789563723	-0.0000386189183472	0.0020829735693229	0.0765706530374903	0.0374965389414189	0.0000339495440836	0.0020830553127973	
-0.4914671126060397	-0.0521399114263989	-0.0020149589550394	-0.0005097965417294	-0.4292272694894080	-0.0266202255032221	-0.0020236884280490	-0.0004737728928204	-0.4063037824094776	-0.0019190845180305	-0.0020394478412369	-0.0004001344114726	
0.1498977579164770	0.1927208532626709	0.0000619597767669	-0.0020824071515382	0.2142078275796115	0.2020815497172697	-0.0000409746300947	-0.0020829283358703	0.2536912729814090	0.2124880908374743	-0.0001666862964745	-0.0020766208997037	
-0.5184172061018337	-0.0586960386716263	-0.0020280912040692	-0.0004544583246929	-0.4551028697941693	-0.0323407080306031	-0.0020374630376758	-0.0004101706039995	-0.4321984705892009	-0.0066305256524912	-0.0020545143503546	-0.0003132363874984	
-0.4892874018640398	-0.0515601862929636	-0.0020124353903223	-0.0005197179857419	-0.4270447340353826	-0.0261056787909302	-0.0020199150640512	-0.0004896888063978	-0.4031194977798455	-0.0012761427426677	-0.0020378535368552	-0.0004082163024943	
-0.2431378492677218	-0.0306029175802225	-0.0020775168548776	-0.0000509326868411	-0.1859872793365820	-0.0109937633038946	-0.0020781333186023	-0.0000044165546751	-0.1631413102339822	0.0081767045504545	-0.0020768409453281	0.0000735946064500	
0.4756151911560287	-0.1804935994711258	-0.0002905844556405	0.0020628659014931	0.5456958554570543	-0.1925505943028512	-0.0009638531824166	0.0018457014789521	0.5799491667122130	-0.1988311107081688	-0.0006188247686659	0.0019888229105658	
-0.0267446792574693	0.4093765789451924	-0.0000267176481645	0.0020831611486943	0.0392049741274358	0.4250037294268710	0.0000322335879926	0.0020830827088880	0.0833742876679812	0.4447808504848526	0.0000994969634103	0.0020809441539716	
0.1903657989749600	0.2603744410587959	-0.0009131181344792	-0.0018714483469952	0.2564284758326076	0.2696972043711053	0.0002984710880928	-0.0020617339318198	0.2981673171049483	0.2812397521638724	-0.0002194411928933	-0.0020716858515442	
0.1521599781380175	0.2749609469754388	-0.0002161344546084	-0.0020720351861958	0.2183364574812658	0.2864322703727792	-0.0003287339050664	-0.0020571025234838	0.2612586034317457	0.2978248167491342	-0.0003836221846727	-0.0020475290101765	
-0.5870973319638720	-0.0705974157814358	-0.0020678434275869	-0.0002071104287712	-0.5206053402315323	-0.0423247483822692	-0.0020710031819051	-0.0001724862917191	-0.4966623768761690	-0.0138112725412622	-0.0020767757741464	-0.0000754202716845	
-0.0147773743394861	0.1354025499028731	-0.0000895733912465	0.0020813971793606	0.0443925023877676	0.1458234866665015	-0.0000419615668068	0.0020829085889253	0.0787580406161315	0.1604164767656679	0.0000268479022619	0.0020831594656597	
-0.0212549655181988	0.3030993979499292	-0.0000917307461068	0.0020813027465404	0.0420857765767043	0.3166485936222847	-0.0000640840237623	0.0020823425405534	0.0825198402924733	0.3343723988174118	0.0000179164740187	0.0020832559062031	
-0.0354563287942533	-0.2952518196232137	-0.0020773044170708	-0.0000590016815851	0.0135058996251860	-0.2885479073599620	-0.0020780215105876	0.0000220572830799	0.0321149656259629	-0.2846430021499511	-0.0020738149487366	0.0001343090262734	
-0.0931797027726824	0.0687796407789111	-0.0001011810062017	0.0020808625446667	-0.0361205152192851	0.0802261153819082	-0.0000603018561978	0.0020824560642714	-0.0050730034226777	0.0968788451850605	0.0000153108025692	0.0020832767899475	
0.3280823878309967	0.2984727523710362	-0.0011849560849581	0.0017114693903562	0.4043812813077228	0.3108722999798181	-0.0020094079973953	0.0005313599905228	0.4478819938588019	0.3198441760614754	-0.0010129078274012	0.0018191094489458	
0.1498349218988814	0.1948041617292236	0.0000576198790603	-0.0020825323782146	0.2142387143591961	0.2041672275485555	-0.0000199901972061	-0.0020832369450583	0.2538566684233596	0.2145634048775056	-0.0001564054173487	-0.0020774245249918	
-0.0414570117576295	-0.2954158655871171	-0.0020773627215439	-0.0000569012307329	0.0072938691256971	-0.2884731644214443	-0.0020778840642835	0.0000325668119098	0.0259965841784529	-0.2843135691558458	-0.0020755250341169	0.0001044397717316	
-0.0921153622438439	0.0489999861319080	-0.0001090220366140	0.0020804644841962	-0.0355214197737282	0.0603997709681713	-0.0000558733702356	0.0020825802062819	-0.0051785990822245	0.0760425529429609	0.0000156636895319	0.0020832741534226	
0.1420771761483279	0.1201001252012550	-0.0019059788987799	0.0008302624480539	0.2079294045078494	0.1270173163202381	0.0015552112496578	-0.0013818419662890	0.2338154157722312	0.1419785331856868	-0.0019988685499038	-0.0005699122290866	
-0.5850428683215768	-0.0703802072304762	-0.0020665028424422	-0.0002201474954537	-0.5195733984402083	-0.0422521211743775	-0.0020703965377156	-0.0001796564899738	-0.4945876154361313	-0.0137332598587444	-0.0020761954007220	-0.0000900586359990	
-0.3730354649360060	-0.0335043126865367	-0.0020778581920772	0.0000341855776859	-0.3127676844802329	-0.0105102632196255	-0.0020762796340291	0.0000880853571449	-0.2898483199447034	0.0130191758452401	-0.0020716353258710	0.0001646804991745	
-0.4551191661295639	-0.3033990608046643	-0.0020781168347247	0.0000094000030736	-0.4000391957707640	-0.2791442501146126	-0.0020724311930142	0.0001542887850150	-0.3823246647657397	-0.2589367687447365	-0.0020716048579404	0.0001650652438630	
-0.4707788982746006	-0.0454453027251919	-0.0019158151221702	-0.0008071898895909	-0.4104332705986131	-0.0208279765698290	-0.0019287589060267	-0.0007755920673392	-0.3855014821848789	0.0031676097606880	-0.0019673948464519	-0.0006710125870709	
0.1510987679284593	0.2270773666463338	-0.0001410322304810	-0.0020785302771382	0.2158979494975337	0.2364750260493003	-0.0002512339629188	-0.0020680530183345	0.2569189045012805	0.2478969884156206	-0.0002720953755931	-0.0020653985673877	
-0.1046538803801662	0.3156620960814931	-0.0001276397250389	0.0020793999896721	-0.0417222173822662	0.3301938940578475	-0.0000730817235685	0.0020820446924563	-0.0022730064790691	0.3499891817143129	0.0000031813474364	0.0020833308921384	
0.1525694489356545	0.2802133969674199	-0.0001185100150863	-0.0020799429903737	0.2190779640858997	0.2916806191464546	-0.0002470786221540	-0.0020685560933839	0.2623494021955377	0.3041185230756319	-0.0003126072342749	-0.0020596274584671	
-0.3844271780733787	-0.3025755740513404	-0.0020776233859412	-0.0000463602314038	-0.3325038479199922	-0.2811842246229975	-0.0020779198205862	0.0000301870360672	-0.3148380977804845	-0.2634361005430104	-0.0020744581265546	0.0001239253010975	
-0.4632887500386043	-0.0421547844547035	-0.0018852419941608	-0.0008765543343052	-0.4031424385666446	-0.0177712300043361	-0.0019002521016504	-0.0008433518656019	-0.3781546586582387	0.0058736009371122	-0.0019424760401273	-0.0007403883865206	
-0.5247190356440239	0.2538293253877726	0.0020769243455475	0.0000711899351875	-0.4530377873357930	0.2761638472647732	0.0020773764979558	0.0000563934935550	-0.4229001920570146	0.3044029198440846	0.0020781335818031	-0.0000042902850791	
-0.1119221061073499	0.4062743593771125	-0.0001281461889892	0.0020793686835582	-0.0468518759958318	0.4218697855314791	-0.0000722892136929	0.0020820724977888	-0.0043308026309334	0.4437463102581173	-0.0000050902679815	0.0020833270835933	
-0.0184998046930429	0.2260487003200426	-0.0000364976516914	0.0020830120092022	0.0429218145179870	0.2375035191673792	0.0000031837013932	0.0020833308885245	0.0805910784325874	0.2541800665567959	0.0000801977759321	0.0020817814236608	
-0.1016404962924907	0.2479385838045883	-0.0001075927312114	0.0020805392639020	-0.0402892515886426	0.2614820006566484	-0.0000656830809026	0.0020822924656160	-0.0031428882014573	0.2802066508200157	0.0000093657393205	0.0020833121757363	
-0.1338201839775202	0.0916926251438843	-0.0001427371885785	0.0020784133072882	-0.0761196197511821	0.1041419174452465	-0.0000949007648315	0.0020811599014847	-0.0446468728652905	0.1218770162287544	-0.0000270682543702	0.0020831565998148	
-0.2711863882706240	-0.3001736794013645	-0.0020774574328898	-0.0000533129575966	-0.2213174761620644	-0.2835731024104093	-0.0020779054320426	0.0000311665329252	-0.2036480284345671	-0.2703232183608994	-0.0020744642600738	0.0001238220713776	
-0.1540490635879614	0.4562220865779509	-0.0001189340305453	0.0020799186664939	-0.0879696669608988	0.4719025663967193	-0.0000817308233675	0.0020817215012826	-0.0446433937477405	0.4968750838358570	-0.0000079672270682	0.0020833180226001	
-0.1018841856847540	0.2531195623467333	-0.0000915795672255	0.0020813094373834	-0.0404578090061917	0.2666725471915999	-0.0000586693594503	0.0020825029296637	-0.0031019016740415	0.2854174318840515	0.0000218427852575	0.0020832182511661	
-0.1859942068121807	-0.2980069844993796	-0.0020778485172418	-0.0000347715513067	-0.1371788105097663	-0.2848024984317245	-0.0020772849818607	0.0000596854084253	-0.1194900719705509	-0.2749684930332744	-0.0020738353415161	0.0001339921974655	
-0.0255524463446101	0.3781757355163261	-0.0001542586549016	0.0020775858388474	0.0397982016709294	0.3927356722833674	-0.0001061131792288	0.0020806156301832	0.0828537813166900	0.4124880154803229	-0.0000223502322908	0.0020832128417682	
-0.2701490322891179	-0.3001510689184811	-0.0020774746409388	-0.0000526347341090	-0.2202789473850366	-0.2835969115894372	-0.0020779111543172	0.0000307807244609	-0.2026101651498733	-0.2704027130776798	-0.0020745603490951	0.0001221934277121	
0.1545533777048046	0.4250080512736469	-0.0000678640690385	-0.0020822221758178	0.2258076420108561	0.4406052796189450	-0.0001274715472128	-0.0020794103577447	0.2755302441690388	0.4572738260549517	-0.0002100593755572	-0.0020726630059011	
-0.3781991441192709	-0.3023898808202761	-0.0020770293884200	-0.0000680402762795	-0.3262678720525449	-0.2812437861784836	-0.0020781027964984	0.0000121242774588	-0.3086014988479234	-0.2637394536794173	-0.0020761272712342	0.0000916235219834	
-0.0867743309719162	-0.0142705551398704	-0.0001639650792633	0.0020768386166950	-0.0317955813887727	-0.0027954821491378	0.0000337819309758	0.0020830580514451	-0.0034796886077898	0.0122628150923418	0.0000870085755782	0.0020815065183124	
0.0485382547100827	-0.0309298018723032	-0.0013937748615158	-0.0015452974568216	0.1026374473095024	-0.0204653676361344	-0.0016559188995213	-0.0012587624482227	0.1297654033480818	-0.0121745274107778	-0.0019040965580851	-0.0008345918145151	
-0.4549968173903824	0.0864373100976178	-0.0004189054094108	-0.0020405679430671	-0.3927887882065463	0.1062534182846678	-0.0004388047064358	-0.0020363605417756	-0.3613932356915699	0.1301744342274186	-0.0004570582124073	-0.0020323212717389	
-0.1535000011437959	0.4469010984884606	-0.0001293550920755	0.0020792934544342	-0.0876377971658043	0.4624829530337147	-0.0000716537504617	0.0020820945738447	-0.0445625055498743	0.4875004860730308	-0.0000229052714470	0.0020832067827706	
-0.0124740945503686	0.0833329645446390	-0.0001059146480369	0.0020806257965895	0.0454998689863564	0.0937387144920297	-0.0000638072458715	0.0020823510825226	0.0780231579381545	0.1072929784048877	0.0000154698325171	0.0020832756092235	
0.2779698865433192	0.2314166425601690	0.0005259222453878	0.0020155145422024	0.3465906973002766	0.2408549516320403	0.0010152963750150	0.0018177707425158	0.3888429057008231	0.2467279671588424	0.0012974288779176	0.0016274301690999	
-0.3906895224824752	-0.0331760619312353	-0.0020780535593894	0.0000187792356641	-0.3304351833671881	-0.0097289889545280	-0.0020768966562582	0.0000719972153922	-0.3065484114112913	0.0142057276159135	-0.0020754274903447	0.0001063700734024	
-0.3969259010306539	-0.0332061785772068	-0.0020777803142880	-0.0000386510781747	-0.3356249580035433	-0.0096105654731485	-0.0020779091283193	0.0000309178723842	-0.3127634931345145	0.0144140250449914	-0.0020780240857368	0.0000218121003183	
-0.0112429738225679	0.0572993278782805	-0.0000703595245973	0.0020821389319213	0.0459313895076351	0.0666723304136725	-0.0000199453609132	0.0020832373769646	0.0776076679938931	0.0802114597599048	0.0000494265093841	0.0020827439995785	
0.5351902543908034	-0.3009930570529379	-0.0012527085668110	0.0016622703819347	0.6129324306129669	-0.3240305777693089	-0.0011933749058593	0.0017055803975819	0.6539584411663848	-0.3412898244281119	-0.0011908326278803	0.0017073652671297	
-0.0891156014415869	0.0042300629275105	-0.0002081088130719	0.0020728607484890	-0.0333510891354590	0.0155976924131257	-0.0001906498580061	0.0020745477688902	-0.0045033749824028	0.0311730115155504	-0.0001092561234261	0.0020804521427237	
-0.1673106409327207	-0.2975130274833056	-0.0020771100171813	-0.0000655199150847	-0.1184549890222608	-0.2852047537186045	-0.0020773499899120	0.0000573664635826	-0.1007908030070791	-0.2760760489545126	-0.0020738518150518	0.0001337357089440	
-0.4031465071203286	-0.0334951245104325	-0.0020725831808251	-0.0001522231376138	-0.3418495074119027	-0.0096408493424407	-0.0020773597576426	-0.0000570098754096	-0.3189578129408356	0.0142255674853013	-0.0020715155790542	-0.0001661874835455	
0.1520841849770435	0.3479042146665001	-0.0000677091142550	-0.0020822272456076	0.2210022682980158	0.3614779777134552	-0.0001242813807299	-0.0020796044312169	0.2673824906573768	0.3760073622983310	-0.0002080870496370	-0.0020728629442931	
-0.1011786177176965	0.2395330541113642	-0.0001124685588197	0.0020802800955914	-0.0400424288871910	0.2531690598844842	-0.0000447742312930	0.0020828497328903	-0.0031869218102997	0.2708291257490709	0.0000186935349781	0.0020832490441861	
-0.0104974144279739	0.0385360374412093	-0.0000762146228166	0.0020819318022930	0.0461984406075370	0.0479218297355732	-0.0000100473384735	0.0020833089841383	0.0772002392529963	0.0614502887652742	0.0000680139026511	0.0020822172625491	
-0.0242226158816485	0.3583084991767465	-0.0001261560787822	0.0020794909822627	0.0406111555351187	0.3729203506068298	-0.0000744396771866	0.0020819963427628	0.0828901177849649	0.3916644265229402	0.0000010055723625	0.0020833330894362	
0.1504513456627447	0.2198079989565639	-0.0002191636800154	-0.0020717153750798	0.2150202495073911	0.2291773635276845	-0.0002181031248403	-0.0020718278554313	0.2559669821107533	0.2405724439723343	-0.0002534549632999	-0.0020677806365202	
0.1102534353203360	0.1018591479731361	-0.0012512568710495	-0.0016633688756163	0.1694546625105191	0.1133062925774810	-0.0016889162304024	-0.0012139026841378	0.2005896792351483	0.1215025508138692	-0.0020244866195657	-0.0004703332421809	
-0.5340130201159976	-0.0618637160828621	-0.0020422309213986	-0.0003856047702766	-0.4707315182479480	-0.0351913877592974	-0.0020495581444762	-0.0003443246911671	-0.4467631726921231	-0.0086690865418931	-0.0020595449607440	-0.0002780596958231	
-0.1662739577149022	-0.2974658585141680	-0.0020771938398986	-0.0000627924432825	-0.1174153928380827	-0.2852438489183272	-0.0020771122307769	0.0000654493504035	-0.0997538426732170	-0.2761402767870207	-0.0020733423816620	0.0001414515317875	
-0.1474261084867414	0.3500048426224748	-0.0000678534513820	0.0020822225235751	-0.0839202895136432	0.3645873393707817	-0.0000296419219592	0.0020831213924136	-0.0439105084101419	0.3864628187025495	0.0000392722106419	0.0020829612934659	
0.2191049502265682	0.1364427961578058	0.0000107304331710	-0.0020833055606778	0.2834906779859099	0.1458139452930111	0.0001004121326481	-0.0020808999748659	0.3207338256200466	0.1520538318107518	0.0000976578085633	-0.0020810317117622	
-0.0922952971885042	0.0521045095558481	-0.0001121089226243	0.0020802996050186	-0.0355945132560452	0.0635176333389725	-0.0000588285891295	0.0020824984151817	-0.0051561266167730	0.0791688138294877	0.0000130053050072	0.0020832925366046	
-0.0141148140712332	0.1198206596058565	-0.0000780701154305	0.0020818627048983	0.0446582192118292	0.1302073762271310	-0.0000228389528818	0.0020832075145458	0.0784950949604396	0.1447904788542026	0.0000556841104932	0.0020825853006866	
-0.5361945908076364	-0.0622861124097291	-0.0020429316258193	-0.0003818562780106	-0.4727592330735350	-0.0355360432018259	-0.0020499953202785	-0.0003416991294153	-0.4489217851794889	-0.0089674850815286	-0.0020593192499761	-0.0002797347325872	
-0.4904591002653765	0.2543945431339955	0.0020777803069839	-0.0000386514727851	-0.4208398403840001	0.2763432675161532	0.0020763790812173	-0.0000856970972565	-0.3906863465693781	0.3040966714007460	0.0020765648222700	-0.0000810478785906	
0.0139593469099077	0.0947995448678640	0.0000934368993278	-0.0020812264693650	0.0725442400032718	0.1041656740351225	0.0000470064210395	-0.0020828003054375	0.1058187672934447	0.1177135988644959	-0.0000246810564536	-0.0020831863991612	
-0.0929689938376427	0.0645370800325832	-0.0001054973658717	0.0020806471025958	-0.0359871984645209	0.0760728336115096	-0.0000653327743804	0.0020823035412339	-0.0051069223657678	0.0916704272636583	0.0000090541902244	0.0020833135599359	
-0.1099198593315341	0.3718921733471915	-0.0001168143368547	0.0020800393927163	-0.0456356181148361	0.3864633502812562	-0.0000915561108230	0.0020813104745210	-0.0042983772830162	0.4083300381649261	-0.0000184959049659	0.0020832508170277	
0.4772335188629415	0.2200403055862407	-0.0010107198582573	-0.0018203321092664	0.5568027077008846	0.2249920861638668	0.0000924724550300	-0.0020812697599348	0.6063131172780072	0.2280074653964797	0.0003148494631601	-0.0020592841772907	
-0.1023438914883096	0.2655844989446364	-0.0000762941008554	0.0020819288766967	-0.0407243745174370	0.2791544501662830	-0.0000328392990657	0.0020830732006765	-0.0029045818698831	0.2979213583602103	0.0000364630207026	0.0020830126187400	
-0.0252339727053661	0.3739253166027310	-0.0001566916921578	0.0020774028440586	0.0399811583893541	0.3885776669969536	-0.0000928043778103	0.0020812549118609	0.0828925832440841	0.4083255596873007	-0.0000143643529789	0.0020832835645150	
-0.5881263301378877	-0.0706962189052082	-0.0020684887830129	-0.0002005292037684	-0.5216361957573770	-0.0424156955010106	-0.0020715784175012	-0.0001653984000516	-0.4976994193317398	-0.0138540468369477	-0.0020770208285072	-0.0000683023829584	
-0.0100767686657197	0.0239710362740400	-0.0000712041432738	0.0020821100753612	0.0463075731715086	0.0333191236620519	-0.0000355272574437	0.0020830288699242	0.0767354465295386	0.0468768746323833	0.0000499317009679	0.0020827318890246	
-0.4448791619009700	0.1229682616185310	-0.0003955665008876	-0.0020452436478119	-0.3821836598525025	0.1416075630061827	-0.0004759845719866	-0.0020279502564009	-0.3497841150787512	0.1665413188986695	-0.0005403088515885	-0.0020116865138018	
0.0163230028474055	0.0218660535293222	0.0000551819980948	-0.0020825987324897	0.0729688496387588	0.0302097629412108	0.0000143476454979	-0.0020832836802234	0.1035635532193523	0.0427191573518525	-0.0000675688523594	-0.0020822318246739	
-0.1440152991975294	0.2844026319675988	-0.0000994947615348	0.0020809442597766	-0.0819844670797759	0.2989625664446735	-0.0000459645191462	0.0020828236756547	-0.0441411303821522	0.3187437671336493	0.0000189473434733	0.0020832467397551	
