-0.2764009547497207	-0.2135070484506916	0.0020352466122375	0.0004210842817780	-0.2014870913351063	-0.2274601880292971	0.0020424188493237	0.0003846031411824	-0.1621545265514810	-0.2487310195235958	0.0020464942363765	0.0003621770963096	
-0.0832575850995524	-0.2775527847765916	-0.0020777406238420	0.0000407389988378	-0.0123971603039176	-0.2975648450743899	-0.0020723844253390	0.0001549188271339	0.0259023620235365	-0.3243684893910950	-0.0020655730540074	0.0002287490107709	
0.0509072433786422	-0.1771695848302604	-0.0020679658714414	0.0002058780952073	0.1236582144262774	-0.1999299452298168	-0.0020539610061627	0.0003168624569791	0.1651910828105375	-0.2282622409588572	-0.0020422099630350	0.0003857163084551	
-0.1922262289553904	0.4489649421893728	0.0020775683847505	0.0000487745392736	-0.1112126541407186	0.4248722883517662	0.0020500696696286	0.0003412505410758	-0.0645177954233985	0.3996222635532314	0.0020359104044519	0.0004178469111139	
-0.1922115844467652	0.0262548980510546	-0.0020308375086618	-0.0004419609817346	-0.1153887429887469	0.0090991707013973	-0.0020708364340059	0.0001744867370813	-0.0736594872181592	-0.0119845809601840	-0.0020472786626460	0.0003576938770826	
-0.5173816498893824	-0.3326257635965807	-0.0020183783772882	-0.0004960159129839	-0.4343202289904162	-0.3386421447877934	-0.0019853797702293	-0.0006154767629666	-0.3948544003163295	-0.3566797917371586	-0.0019580779578647	-0.0006978640120567	
-0.4632640332929113	-0.1095693381614134	-0.0019201930496261	-0.0007966666044040	-0.3770408719417639	-0.1219590104830238	-0.0018224249308879	-0.0010012083840083	-0.3333172625518830	-0.1417425537366357	-0.0016625580408721	-0.0012499363050542	
-0.0582047007440456	-0.2198472277130420	-0.0020770668896886	0.0000668798581270	0.0136396896634566	-0.2393840778826221	-0.0020561782720501	0.0003020644330481	0.0537789035977850	-0.2648971507497083	-0.0019790515215817	0.0006356297263713	
0.0424292489817677	-0.1052841539877957	0.0003354208887158	-0.0020560173555099	0.1157788410346761	-0.1245538302269542	0.0010211152148844	0.0018144921045770	0.1593622397365348	-0.1526355940568027	0.0012892514599950	0.0016339483515352	
0.0675810966503804	-0.3008855283887061	0.0020775751643104	-0.0000484834467704	0.1403382576364021	-0.3268717820306613	0.0020738080592046	-0.0001344158947989	0.1807923737522593	-0.3583509367492022	0.0020678574336032	-0.0002069698408625	
-0.2804457950399065	-0.2931749471045819	0.0020330339238570	-0.0004316930331593	-0.2068889760118189	-0.3057355570944874	0.0020484403965485	-0.0003509457986635	-0.1703732987751481	-0.3272199500956953	0.0020638052762240	-0.0002442590386055	
-0.1424313526810973	-0.2766553297094081	-0.0020779811430964	0.0000255955274070	-0.0717262878541347	-0.2945974151695650	-0.0020768993517963	0.0000719190256838	-0.0342681103773342	-0.3199544836258436	-0.0020745759294188	0.0001219272949806	
-0.3868015770232094	-0.3046931978815888	0.0020125892548784	0.0005191188454098	-0.3108155335463341	-0.3153148061519360	0.0020424423792404	0.0003844775397601	-0.2722773316563928	-0.3353006551178443	0.0020551361893108	0.0003091095274738	
-0.2275777486833845	0.0263268372887390	-0.0020661915379630	-0.0002230647589789	-0.1496376679180379	0.0094639556132183	-0.0020547635482501	-0.0003115892882168	-0.1081477290064057	-0.0120592537779194	-0.0020409171070028	-0.0003925333024615	
0.3418419386487350	-0.1238023697881466	-0.0020761499709179	-0.0000911051180496	0.4291286531467564	-0.1530650314317651	-0.0020693311625775	-0.0001915956595011	0.4820598321400134	-0.1869802399730646	-0.0020642511654379	-0.0002404425239333	
0.3013984865306973	-0.1726264930413351	-0.0019886491310941	0.0006047760472357	0.3854277860461606	-0.2023315275594310	-0.0019793259426806	0.0006347703904976	0.4363121725846877	-0.2367764957087762	-0.0019636683849798	0.0006818945549118	
0.0634514059088832	-0.3007859748294905	0.0020776248742685	-0.0000462931498792	0.1362605020675443	-0.3266025177163027	0.0020733196185904	-0.0001417864561688	0.1767596554310804	-0.3579461011249698	0.0020663373174013	-0.0002217034799213	
0.4832508588859503	-0.2215871777414157	-0.0020135967930834	0.0005151771844340	0.5818763307878043	-0.2604238603306253	-0.0019995621164258	0.0005674617943010	0.6442886122508271	-0.3029351690341768	-0.0019929603580201	0.0005903410115149	
-0.1122304711430063	-0.2176540069599498	-0.0020551257976977	-0.0003091789547421	-0.0405208771656981	-0.2364745734841970	-0.0020627338759853	-0.0002531912053783	-0.0010228308978557	-0.2615690816101694	-0.0020658664541300	-0.0002260705126068	
-0.4364328448368917	-0.2946191606818431	-0.0019992906515165	-0.0005684222644486	-0.3575189200626305	-0.3037054474207246	-0.0020270185350789	-0.0004592427849088	-0.3190485934817813	-0.3227349922180240	-0.0020493743295422	-0.0003454225092312	
-0.3104629376472704	0.0131808656849672	-0.0018104921446424	-0.0010227346069120	-0.2307724124351756	-0.0039397391884452	-0.0020662424238789	-0.0002225905462586	-0.1880261578194279	-0.0241237412787204	-0.0020781347231944	0.0000036930838225	
0.0032181273606935	-0.2090419068440088	-0.0018643477265376	0.0009203720152210	0.0780422642643664	-0.2298792097528609	-0.0017593356593710	0.0011088373010702	0.1184374323104935	-0.2552588759998518	-0.0016943309090211	0.0012062954945346	
-0.0083437240929647	-0.2013705076122191	-0.0019623297668213	0.0006857564482691	0.0633592732706086	-0.2228088402421497	-0.0020351164707704	-0.0004217159557209	0.1029889950928999	-0.2512987473794614	-0.0019094811646722	-0.0008221350738834	
-0.2421166810962537	0.4540854023319368	0.0020410879239799	-0.0003916396648002	-0.1589220952329679	0.4295632839130801	0.0020516672901650	-0.0003314605655740	-0.1121863461721819	0.4044264835713275	0.0020557976704537	-0.0003046568253387	
-0.4000338883239819	0.4792196461536898	0.0020524202132827	-0.0003267423672363	-0.3096701469350457	0.4497510139321154	0.0020500188172798	-0.0003415574252060	-0.2597740192706211	0.4228412219619059	0.0020440109252236	-0.0003760067813924	
0.4708200889160785	-0.2183659591298648	-0.0020094354287953	0.0005312557247930	0.5682886420975521	-0.2564890279765742	-0.0019918851264872	0.0005939769282823	0.6298517770588714	-0.2984763860046065	-0.0019779796909935	0.0006389739032091	
-0.1226251432319069	-0.3357475176372334	-0.0020745612631699	0.0001221778301565	-0.0529828111361420	-0.3551027092117767	-0.0020602863292937	0.0002724841104295	-0.0166038140374014	-0.3821098355879938	-0.0020445245808857	0.0003731896121517	
0.1194950639940443	0.0164876403697012	-0.0020763014408718	0.0000875672434281	0.1974489012918559	-0.0037718787013725	-0.0020707160893144	0.0001759162598018	0.2421231446491158	-0.0290238152706817	-0.0020584083308815	0.0002863934624285	
-0.0914540992167748	-0.2772242698561111	-0.0020756643107785	0.0001016199177988	-0.0207819280980784	-0.2968814612458092	-0.0020711259279171	0.0001709986715584	0.0176982289144382	-0.3235045947526019	-0.0020673836007692	0.0002116736575869	
0.4934847079938549	-0.2242120206741717	-0.0020098534477434	0.0005296641341660	0.5923095007705359	-0.2634121921671752	-0.0019971123491006	0.0005760666856468	0.6567017557948938	-0.3062023159220319	-0.0020364275270845	0.0004153066341431	
-0.4332933844810682	0.4854041254106587	0.0020660978684644	-0.0002239350216959	-0.3408237405834834	0.4561709361875099	0.0020677877844407	-0.0002076680073423	-0.2908745176279002	0.4286252814728611	0.0020768798544082	-0.0000724826844556	
0.2294758523504447	-0.1060060781783035	0.0017910370266647	0.0010566006955820	0.3109584129693723	-0.1337017562168281	0.0014633619188596	0.0014792326212451	0.3607286460724750	-0.1648045773167634	0.0013381710985854	0.0015939294800449	
-0.4779711496486809	-0.3291682836160336	-0.0019210257336996	-0.0007946465530472	-0.3979255816769984	-0.3367684988934704	-0.0020204895934498	-0.0004873009077447	-0.3595238752840350	-0.3550143516838635	-0.0020646512907426	-0.0002369646772089	
0.2370678966813416	-0.1483832714450998	-0.0019667552571161	-0.0006728942928781	0.3180250355945109	-0.1772785021807575	-0.0019256683041486	-0.0007832721058784	0.3659101873822164	-0.2108148671366840	-0.0018461989232409	-0.0009564328300856	
-0.1059735818141868	-0.2167479940052237	-0.0020605231288512	-0.0002706785906789	-0.0342421640378757	-0.2357186641393800	-0.0020640912881613	-0.0002418179888463	0.0051136979649248	-0.2609638296430989	-0.0020670654717124	-0.0002147733930512	
-0.3637405069958920	-0.2985757366388841	0.0020245257457311	0.0004701639536065	-0.2879062678621619	-0.3100398816800234	0.0020229188319089	0.0004770645637960	-0.2505196598235970	-0.3308730115075576	0.0020279004509887	0.0004553130078151	
0.2389927378153932	-0.1073238299561327	0.0015280655361525	-0.0014119504169535	0.3209097770043958	-0.1308288566846769	0.0017155759406562	-0.0011757306539228	0.3655560505208264	-0.1611354466259710	0.0018821103230678	0.0008832919526510	
-0.3056198887228505	0.0158694358144356	-0.0018425276922293	-0.0009635215210289	-0.2247089646066469	-0.0016307612415681	-0.0018114908212681	-0.0010209558158377	-0.1826322874019231	-0.0234086049541422	-0.0019665546974446	-0.0006734831415764	
0.1205428952396630	-0.2790842448012545	-0.0020781235106442	0.0000077765303954	0.1954013031325950	-0.3070415324451665	-0.0020775813011358	0.0000482184351083	0.2380865355200883	-0.3401459175820085	-0.0020750927477140	0.0001127426451813	
0.3045069850841600	-0.3894605248571022	0.0018813798836639	-0.0008848544724135	0.3878494245323933	-0.4286623897737139	0.0018405441972914	-0.0009673239624682	0.4397242320911527	-0.4725792172463144	0.0017895898438471	-0.0010590622234233	
-0.2867915638088312	-0.1029904775702135	-0.0019573617928832	-0.0006998802170301	-0.2088202502885682	-0.1188843001588512	-0.0015917899438310	-0.0013393273461516	-0.1661957519772480	-0.1397713367842280	-0.0014760883600406	-0.0014664696141301	
-0.0675539150030495	0.4385004681323700	0.0019362358252353	-0.0007566373832235	0.0114707532605985	0.4179636836549930	0.0019289436287614	0.0007751302355584	0.0571453430182453	0.3930852864230768	0.0019468972362213	0.0007286241795839	
-0.3284095230604010	0.4683543375462625	0.0020500592607340	-0.0003413133798292	-0.2421616002556314	0.4412328138465704	0.0020610295502627	-0.0002667755754725	-0.1942605310624931	0.4149579575226879	0.0020625490670163	-0.0002546998085582	
-0.2939953864262313	0.4629877342396616	0.0020554041963131	-0.0003073134087786	-0.2089052007857189	0.4369835658014976	0.0020618092125560	-0.0002606505199385	-0.1621207870619865	0.4111829730461037	0.0020649830256174	-0.0002340415694731	
0.2016914394106916	-0.2961462442470198	-0.0019424115307309	-0.0007405584577006	0.2795270412088583	-0.3292479804101878	-0.0020189078175150	-0.0004938457080372	0.3252932707960959	-0.3660884003017494	-0.0020574187065867	-0.0002934531117918	
-0.1080984409027324	-0.2400753506258010	0.0020767240820808	0.0000768374597749	-0.0363939725721665	-0.2586599859788393	0.0020736216247776	0.0001372760991661	0.0021110676683006	-0.2838849953148162	0.0020710024824244	0.0001724947320595	
-0.2162546980938166	-0.0914877225101497	-0.0017402923416670	-0.0011386388045740	-0.1402608053178763	-0.1083684929912082	-0.0020186923875417	-0.0004947299849289	-0.0998085010452400	-0.1300021544128915	-0.0020605938234787	-0.0002701371875537	
-0.2879183110354896	-0.2619308937014171	-0.0020385182867586	-0.0004048669115539	-0.2139443713564730	-0.2756495185912695	-0.0020668122876265	-0.0002172083841065	-0.1767272693703104	-0.2972469760737266	-0.0020723236974092	-0.0001557331134200	
0.0135136470667452	-0.2989421353960515	0.0020582938001581	-0.0002872195407459	0.0843734162012072	-0.3225673969022623	0.0020690707952454	-0.0001944011205589	0.1243558538975726	-0.3525533773078061	0.0020735907955674	-0.0001377433220197	
-0.1195063697856333	-0.0374501750785046	0.0014027614312086	0.0015371034930525	-0.0446796667041339	-0.0572756970167762	0.0020779477492138	0.0000281887992830	-0.0031073999274336	-0.0793126195109380	0.0020761094157303	-0.0000920292411345	
-0.3396417682471320	-0.0902579860554006	0.0019892787230361	-0.0006026915114529	-0.2597356836170122	-0.1028070941997101	0.0020736336419795	-0.0001370935428630	-0.2192372522480624	-0.1221102657924557	0.0020770260831468	0.0000681416041908	
0.0160653045382980	-0.2795947688012743	-0.0017168414699073	-0.0011738726505317	0.0887639252282861	-0.3055917346518898	-0.0018647770230539	-0.0009194975430262	0.1282276233827445	-0.3368584187172772	-0.0020282185408000	-0.0004538868425571	
-0.2255517932118836	-0.4175392629853404	-0.0019203019261116	-0.0007964028162092	-0.1568712643461331	-0.4375805520692929	-0.0019818278398833	-0.0006268759328183	-0.1225583344522747	-0.4678891709907372	-0.0020127515562968	-0.0005184860523298	
0.1014491257043286	0.0205368214478701	-0.0020238872000601	0.0004729187895098	0.1799506336634928	0.0011267297257856	-0.0019014134332044	0.0008407171180048	0.2254697774546061	-0.0229191306599838	-0.0015155413422294	0.0014254520456899	
-0.1620815534472900	-0.2972043905319677	0.0020769335598699	0.0000709192517739	-0.0914311629682230	-0.3147270563455661	0.0020773642057481	-0.0000568467477095	-0.0540272073860957	-0.3397103107902708	0.0020730885147563	-0.0001451428510586	
-0.1184542478121468	-0.2412150380156599	0.0020526207936745	0.0003254735960319	-0.0467587669623896	-0.2598979074719399	0.0020544729272710	0.0003135093195981	-0.0083110277532390	-0.2851684285406585	0.0020553473434017	0.0003076953191221	
0.0728460072612023	-0.2807240190203106	-0.0020649232279410	-0.0002345712074757	0.1454505438916286	-0.3071502276785933	-0.0020766234107132	-0.0000795249119848	0.1870450618265208	-0.3387603549080070	-0.0020779049426306	0.0000311993086514	
-0.5942366699281628	-0.3525781766624592	-0.0018950283081159	-0.0008550832609737	-0.5070391495853007	-0.3554961222073280	-0.0019883156210448	-0.0006058771039564	-0.4665435686924669	-0.3712018392391642	-0.0020533776521764	-0.0003206397420147	
-0.2109002718084903	-0.2616555846899924	0.0020170233286030	0.0005015250010856	-0.1392397246517825	-0.2779545666984417	0.0020669444188380	0.0002159410786281	-0.1007904058378719	-0.3013215078510265	0.0020745025755953	0.0001231752397585	
-0.1496787905321844	0.4340603347559151	0.0020357062700173	-0.0004188452688953	-0.0685494370855341	0.4127238985430527	0.0020359519579966	-0.0004176433810730	-0.0228110415841406	0.3890113319441366	0.0020269188779873	-0.0004596846328147	
0.4053483399372115	-0.2016004030277103	-0.0020373403133275	0.0004107827959939	0.4966526387639865	-0.2365476327927212	-0.0020216701543561	0.0004823549201672	0.5538950662598288	-0.2757809260123807	-0.0020035998920599	0.0005529630164847	
0.0675427204326243	-0.1783587269431360	-0.0020741749056616	0.0001286014853929	0.1413102918522688	-0.2021515867657549	-0.0020663872659322	0.0002212351149340	0.1828863220832823	-0.2311315980700556	-0.0020564708438457	0.0003000560828084	
-0.1569334271403123	-0.2508815971597783	0.0020312003069434	0.0004402822178153	-0.0851969286538741	-0.2687915803522156	0.0020494717887755	0.0003448408903171	-0.0468105641838170	-0.2933371393714176	0.0020590889205145	0.0002814335805025	
0.3076751561861272	-0.1745273091856990	-0.0019901164758284	0.0005999055083551	0.3916933301579468	-0.2043026215240386	-0.0019842139526217	0.0006192435999218	0.4437606047099807	-0.2393100993669194	-0.0019764271635370	0.0006437838994529	
-0.1468753632584094	-0.1214114869634783	-0.0012576246534701	-0.0016585355060394	-0.0715402623235094	-0.1408634189459362	-0.0014852386918497	-0.0014571548816321	-0.0353752396710163	-0.1632871549031087	-0.0000447565978244	0.0020828501137730	
-0.1547410588461521	-0.2503721677538117	0.0020248904339953	0.0004685829442166	-0.0831760654981085	-0.2684567314354095	0.0020456914207453	0.0003667069219264	-0.0446366596492270	-0.2930203105334956	0.0020554647034113	0.0003069064177052	
-0.2650439751244610	-0.2111439300616300	0.0020285846917305	0.0004522393473291	-0.1900571361516094	-0.2254289024453580	0.0020461708053998	0.0003640090252856	-0.1516856566823095	-0.2469665532907665	0.0020508082586036	0.0003367609022918	
-0.0179377885535068	-0.2429879584372364	0.0015520068346609	-0.0013854580045375	0.0541029643647478	-0.2624135378164386	0.0020710524932848	-0.0001718902202624	0.0933362193040098	-0.2898632041070511	0.0020205714102456	0.0004869598472422	
-0.0351380783732084	-0.2161118069167458	-0.0019725215583124	-0.0006557117930330	0.0374872491424351	-0.2377573322145654	-0.0019951409593896	-0.0005828915113749	0.0767775234552696	-0.2651826006237175	-0.0020152450647101	-0.0005086586881258	
-0.0850507592889879	0.4361795449509405	0.0017945524648356	0.0010505888864675	-0.0039352592665906	0.4131783064897906	0.0015568354626768	0.0013800026406809	0.0426228036870683	0.3874638974728754	0.0015557868725960	0.0013811906070184	
-0.1693637496509182	-0.3324850864428879	-0.0020745661660111	0.0001220941351128	-0.0997382257254844	-0.3498002943856947	-0.0020672628198090	0.0002128558759705	-0.0623979095969703	-0.3754960431619146	-0.0020614036529070	0.0002638546452162	
-0.3553534254170538	-0.3301604976958246	-0.0020443523484237	0.0003741366722822	-0.2806143141376137	-0.3399829761244095	-0.0020592510919005	0.0002802385408321	-0.2441541347531739	-0.3602153019873182	-0.0020696165558561	0.0001884721606992	
0.2961359158280901	-0.1333391043811039	-0.0020153322227470	-0.0005083115236941	0.3803665370598115	-0.1628427508366685	-0.0020266005849003	-0.0004610928626306	0.4311524732203285	-0.1965260928828923	-0.0020367781407520	-0.0004135750587885	
-0.2400155723714576	-0.2991376744491204	0.0020774701613832	0.0000528121266263	-0.1683459499534386	-0.3137616478802011	0.0020759038839465	-0.0000965765194586	-0.1309648440561076	-0.3367189972468114	0.0020674151355325	-0.0002113638915525	
-0.2805380614134690	-0.3298545451371002	-0.0020532195206627	0.0003216558371258	-0.2078050197988588	-0.3426113645006758	-0.0020515332539139	0.0003322933003754	-0.1715085096640856	-0.3650419836618218	-0.0020603573249173	0.0002719440718305	
0.2721716377556589	-0.1393527932456598	-0.0020181957830199	-0.0004967620467805	0.3542706558727589	-0.1685538101791590	-0.0020322894190554	-0.0004352018839657	0.4041340893276197	-0.2018278812594157	-0.0020395141362199	-0.0003997946707569	
-0.1537963819390931	-0.2970124443110145	0.0020780723341639	-0.0000165601547751	-0.0831389862596970	-0.3147945972842471	0.0020781262043233	-0.0000070158943751	-0.0457463046553370	-0.3400721861251659	0.0020772302880799	-0.0000615687556908	
-0.0290766767218017	-0.2784892935455497	-0.0020777523284537	0.0000401345748547	0.0415722315651615	-0.3005913137982533	-0.0020759124524143	0.0000963912408393	0.0810504710134422	-0.3290993381396780	-0.0020735006480424	0.0001391004830234	
-0.0761318070101360	-0.2403252519042851	0.0018690150122169	0.0009108088403717	-0.0041248222626771	-0.2604741586215548	0.0020769797431926	-0.0000695466630904	0.0341964280841596	-0.2861499113156781	0.0020752028178667	-0.0001106878195747	
-0.1413481407519105	-0.2465654852361547	0.0019780908194329	0.0006386280733986	-0.0696594069536829	-0.2653372594647427	0.0019990515315488	0.0005692668447815	-0.0312029197907231	-0.2904195235158520	0.0020197469945349	0.0004903850223279	
0.2328497785623720	-0.1043286056101706	0.0020357323092974	0.0004187180569274	0.3138894286476565	-0.1313857722613720	0.0017633684204875	0.0011023805224590	0.3628085311720852	-0.1627480058298823	0.0016172627165547	0.0013082985297062	
-0.1932634238281691	0.0260744229193760	-0.0020500409206651	-0.0003414240703593	-0.1164108960236305	0.0091957428215598	-0.0020641917789806	0.0002409543697808	-0.0738632193883134	-0.0118975775183413	-0.0020488593171841	0.0003484794359132	
-0.1246332050267021	0.4294921778292267	0.0020482066830060	-0.0003523140483923	-0.0446296573836994	0.4086794629547763	0.0020542961408526	-0.0003146714230043	0.0009950703555202	0.3851019322290434	0.0020562797454626	-0.0003013694201974	
-0.6047466920208523	-0.3560883010373186	-0.0020426162107265	-0.0003835483173962	-0.5174338378902831	-0.3570260416623943	-0.0020779704323893	0.0000264550004190	-0.4759945531571603	-0.3713455663904631	-0.0020664614811723	0.0002205373442275	
-0.0197768179713178	-0.3384113602284409	-0.0020450419437067	0.0003703297243974	0.0508994725189510	-0.3613433264714079	-0.0020373811717992	0.0004105790850948	0.0893543856846302	-0.3915501359067655	-0.0020498231892975	0.0003427353698772	
0.0332219097465738	-0.2976883878707207	0.0020544766760852	0.0003134846290835	0.1049670524011654	-0.3231429206689636	0.0020439361978509	0.0003764148117677	0.1444404826387655	-0.3543682541955090	0.0020576057781563	0.0002921319409090	
0.1350801332244878	-0.3406993614081994	-0.0020753458951339	0.0001079581922676	0.2088461519872686	-0.3709432693772278	-0.0020672809200220	0.0002126791319440	0.2514307404528825	-0.4064642444505196	-0.0020581847359794	0.0002880039453627	
-0.4425611974216210	-0.2962634626790530	-0.0020155162747899	-0.0005075775853539	-0.3638230789362108	-0.3048818653016788	-0.0020700804940105	-0.0001832800510938	-0.3242269491221150	-0.3228620092949633	-0.0020265921846200	0.0004611299669039	
0.0072891087524803	-0.2103062178240264	-0.0020467127440327	0.0003609340306100	0.0810309828680007	-0.2313148172876169	-0.0019429393359139	0.0007391656475974	0.1227301518347245	-0.2579194064301558	-0.0018912089761064	0.0008635396200057	
-0.3563851179391204	-0.2970385834952248	0.0020401330676740	0.0003966082650403	-0.2805359266396813	-0.3084467982797504	0.0020404937584850	0.0003947390313576	-0.2431271611798425	-0.3292794113685080	0.0020389905750939	0.0004024696452697	
-0.4446422823518074	0.4857979706491508	0.0020767427529145	0.0000763286205054	-0.3521953330975883	0.4565744253595354	0.0020781029365320	0.0000121001314747	-0.3012790166574373	0.4284851983346382	0.0020770881310529	0.0000662135465863	
-0.2119561888808357	-0.2420149841431673	-0.0020403735688112	-0.0003953629173886	-0.1392459721601759	-0.2581699101507226	-0.0020535986864760	-0.0003192139046689	-0.1017892836693579	-0.2816619918263334	-0.0020588808453699	-0.0002829593557035	
-0.4700117393578969	-0.3226847293696524	-0.0009761582007868	-0.0018391907364706	-0.3882341734528231	-0.3328099618260961	-0.0016791765204941	-0.0012274071040829	-0.3502884232317585	-0.3527765209644880	-0.0019421228345630	-0.0007413190229026	
-0.1913051018017785	-0.4058499947678535	-0.0020135465576236	-0.0005153744750667	-0.1236205210921353	-0.4272029291485573	-0.0020294514931840	-0.0004483138477299	-0.0883055056768047	-0.4584080083938059	-0.0020321699911064	-0.0004357619991953	
0.1680700317551560	-0.3127223636001660	0.0020487361331861	-0.0003492065325705	0.2440955655330357	-0.3427910339846633	0.0019069607967680	-0.0008279934008456	0.2891169698222311	-0.3778791736055183	0.0018045801111307	-0.0010331822202392	
-0.2185287947014186	-0.0734190614359444	0.0018190207581878	-0.0010074107385957	-0.1412720842736456	-0.0874099319245560	0.0019599144543742	-0.0006926635388603	-0.1008149702353137	-0.1073496624458786	0.0019851648164744	-0.0006161731915387	
-0.3574472531671493	0.4728574091947038	0.0020569879309995	-0.0002964725750605	-0.2701697003508974	0.4446754942168699	0.0020641137167514	-0.0002416255085544	-0.2212894144244583	0.4180774081497475	0.0020668684515687	-0.0002166706164891	
-0.2431417582403648	-0.1625130623074777	-0.0020607964860657	-0.0002685789772089	-0.1672751223348768	-0.1773500793132024	-0.0019632719428484	-0.0006830408350638	-0.1277565158502609	-0.2002113472233373	-0.0017589727900441	-0.0011094157191394	
0.1143092401973093	-0.2791168580461807	-0.0020780630718816	-0.0000176897355285	0.1882240940170276	-0.3068300806396616	-0.0020755098702199	0.0001047421925869	0.2306821032646180	-0.3395596340405955	-0.0020688219151338	0.0001970451483960	
-0.0226271213565784	-0.2413365043051698	0.0020654670648019	0.0002297088321201	0.0489438119753535	-0.2633051783812591	0.0020089611318843	0.0005330554377159	0.0915861529928447	-0.2903184247660583	0.0020209309476812	0.0004854580795431	
0.2733619236731039	-0.3748223500303163	0.0019043922074597	-0.0008339135942109	0.3555063687093627	-0.4122156265894776	0.0018789128721507	-0.0008901070521451	0.4044200174968011	-0.4537265966876260	0.0018701229562244	-0.0009085203621956	
-0.1424778945976022	-0.0593860247906107	-0.0019822491056912	0.0006255358862464	-0.0672274686372505	-0.0771928818889895	0.0018273031391667	-0.0009922323128066	-0.0266428067815092	-0.0982162338559114	0.0019192494534270	-0.0007989484958276	
-0.1508912761465199	-0.1256770852974313	-0.0016051654827271	-0.0013231865576056	-0.0770472415726736	-0.1433550566964880	-0.0004138772630312	0.0020415988456084	-0.0354255266007745	-0.1664003499726991	0.0002049335401276	0.0020731786634642	
-0.4280560629211477	0.0078345592690696	-0.0020702488730922	-0.0001813586010939	-0.3428297550379895	-0.0067355597810713	-0.0020644100268995	-0.0002390678536298	-0.2982172267115635	-0.0260170239604555	-0.0020549234461517	-0.0003105277192883	
0.0592349702496717	-0.2397023159860200	0.0020558261581000	0.0003044635681907	0.1330330256605385	-0.2643687214973896	0.0020748923610282	0.0001163901585656	0.1734292928731462	-0.2941026966894494	0.0020777315792322	-0.0000411999855457	
0.1018245780215513	-0.2089841920715437	0.0020736220790033	-0.0001372692033452	0.1755994079010921	-0.2341111293822981	0.0020671470164288	-0.0002139831756347	0.2182042952963210	-0.2645899717549946	0.0020613260638347	-0.0002644631429313	
0.0419169833213663	-0.1019145189068477	0.0001038743064560	-0.0020807291725358	0.1156440892250266	-0.1236600714085809	0.0000643939219043	0.0020823329325056	0.1593622397365348	-0.1526355940568027	0.0012892514599950	0.0016339483515352	
-0.0935284027626215	0.4291930360236313	0.0017580261105409	0.0011109227591550	-0.0135997305953266	0.4065379789314197	0.0019790637535064	0.0006355914499892	0.0312437988162336	0.3818954268626473	0.0020626681745739	0.0002537285717763	
-0.3314924984098201	-0.2686180160869451	-0.0020477016269969	-0.0003552523160290	-0.2567147029752521	-0.2809985216515413	-0.0020498778582669	-0.0003424066081437	-0.2182272393288267	-0.3019966176340171	-0.0020506413394641	-0.0003377809098825	
-0.3168961631377241	-0.2931029645065968	0.0020754541576904	0.0001058458566165	-0.2431408182625754	-0.3051576120345111	0.0020779551999617	0.0000276313011540	-0.2057497024222176	-0.3262500689115965	0.0020780243329075	-0.0000217884217924	
-0.4167240032550128	0.0095398241000018	-0.0019909999337612	-0.0005969521441077	-0.3324386627879250	-0.0055255279514683	-0.0020423127522452	-0.0003851689550003	-0.2878480128363893	-0.0248298213932316	-0.0020593729655875	-0.0002793370275702	
-0.3959019878623906	-0.3319277091807849	-0.0020544833409835	-0.0003134407276837	-0.3200265327909482	-0.3417535745312322	-0.0020573338533192	-0.0002940503816585	-0.2826103127656890	-0.3617056035038911	-0.0020632672225689	-0.0002487854119398	
-0.2722152395139664	-0.1219223159496288	0.0020248164410964	0.0004689041749469	-0.1953346273392724	-0.1375182751546326	0.0018857452129492	0.0008754658013637	-0.1540439732221403	-0.1589554680850410	0.0017669957995983	0.0010965275814987	
-0.0426952178906184	-0.2184240483385988	-0.0020053891080562	-0.0005464057473935	0.0291221822006807	-0.2397502639554566	-0.0020544261678925	-0.0003138171201383	0.0685643968436649	-0.2664417479459544	-0.0020769901392477	-0.0000692339313672	
-0.3813330822437025	-0.3305778266781300	-0.0020720059028088	-0.0001599263631927	-0.3054741380438069	-0.3403572303891586	-0.0020764888704142	-0.0000829805392319	-0.2691174784304475	-0.3603930109532755	-0.0020763449627541	-0.0000865239062299	
-0.1847849839770275	-0.2756419200988119	-0.0020607351972980	0.0002690511757889	-0.1123046420563717	-0.2919106558103211	-0.0020769451455956	0.0000705774301271	-0.0736578780379953	-0.3162372789580408	-0.0020776039882573	-0.0000472258017972	
-0.1276370422232909	-0.0618884830738571	-0.0019709138973745	-0.0006605523452570	-0.0529919066702319	-0.0791555543054639	-0.0020316288110304	0.0004382907446745	-0.0113118640515283	-0.1007185702130042	-0.0018699437321351	0.0009088910354436	
-0.2117090955514296	-0.0875966549402368	-0.0014024320323542	-0.0015374055423929	-0.1346474953831339	-0.1056328113432375	-0.0016189233392539	-0.0013062327720586	-0.0946847906665017	-0.1288893098443250	-0.0019508113717043	-0.0007180255283490	
-0.0061277050723606	-0.3369075941892256	-0.0020539209730514	-0.0003171231483568	0.0634030272795287	-0.3625685414115640	-0.0020488493495095	-0.0003485383283938	0.1029256573515822	-0.3939628609862698	-0.0020753514437072	-0.0001078509412714	
-0.4582073746866479	0.0029717180395932	-0.0020781147823663	0.0000098454476090	-0.3720116017625834	-0.0108401154146299	-0.0020777716484742	-0.0000391164589991	-0.3262849863675709	-0.0293202429019788	-0.0020760798875819	0.0000926962862495	
-0.2337917437636518	-0.3332543649896800	-0.0020756446362635	-0.0001020229952961	-0.1631141693747132	-0.3485263491965262	-0.0020771969880741	0.0000626876918275	-0.1267305966473157	-0.3724303754070936	-0.0020738038966973	0.0001344804211398	
-0.0873427692655565	-0.2774189125741836	-0.0020765358963642	0.0000817893161488	-0.0166723032200139	-0.2972197648596616	-0.0020708374320632	0.0001744748322696	0.0218249739234889	-0.3239229078539358	-0.0020651921580933	0.0002321796251004	
-0.4094007557680859	-0.3342983240712312	-0.0020468690435519	-0.0003600421453994	-0.3324835844373865	-0.3433367470738889	-0.0020717885124786	-0.0001627322101328	-0.2951300390406176	-0.3627134557013801	-0.0020746791711404	0.0001201488429523	
0.2848407007074800	-0.3799545468708557	0.0018894023231099	-0.0008675051135324	0.3668117249180975	-0.4176735456322033	0.0018705135488762	-0.0009077118865229	0.4169175777975456	-0.4600114902909402	0.0018558673283477	-0.0009374387943354	
-0.4322679916563135	0.4852915810663339	0.0020634626341089	-0.0002471512360163	-0.3397953963537746	0.4560694836617876	0.0020648916280035	-0.0002348506048386	-0.2898416708615053	0.4285946805275220	0.0020757502084733	-0.0000998410013101	
0.0144755709132708	-0.2101514641566749	-0.0019356344941830	-0.0007581820767308	0.0872891818492604	-0.2324536927980621	-0.0020781337214305	0.0000042217664650	0.1278137806036208	-0.2592554985284424	-0.0020706208048139	0.0001770398575813	
0.1007881957721131	-0.1811837219390917	-0.0020722808138153	-0.0001563055595328	0.1745665494519415	-0.2066947911977380	-0.0020778682636451	0.0000335647062536	0.2171710868721294	-0.2370286862311722	-0.0020730739624415	0.0001453515928133	
-0.1443407934027525	-0.2230052381374435	-0.0017524646617408	-0.0011197189516109	-0.0716749489066051	-0.2427358191389988	-0.0018467954702391	-0.0009552746645616	-0.0330007647103473	-0.2681567503808993	-0.0019270099158578	-0.0007799490479123	
-0.2286000461352332	-0.2988446785485846	0.0020779704443268	0.0000264540580461	-0.1568807675755955	-0.3139665742338671	0.0020779506782237	-0.0000279709634805	-0.1205345514094925	-0.3373162914582417	0.0020768180936613	-0.0000742398768481	
0.4811626324219600	0.2976152995995640	-0.0020310400369442	-0.0004410246545562	0.5798475272600347	0.2841833212113507	-0.0020313432465824	-0.0004396189551115	0.6411091011011743	0.2614433262567878	-0.0020355623101775	-0.0004195478430497	
0.1165013903875634	-0.2100563221971239	0.0020757647961051	-0.0000995357302085	0.1911109580933394	-0.2357193162619507	0.0020683098028983	-0.0002023760680012	0.2338188063432129	-0.2665181347688969	0.0020610539756439	-0.0002665858588910	
0.4946574034550222	-0.0058171273969258	0.0020715037326973	-0.0001663358201880	0.5943898374159087	-0.0320111516551349	0.0020678711632554	-0.0002068319333317	0.6566791670578269	-0.0636657279721061	0.0020728427252651	-0.0001486289845344	
0.1506466187558413	-0.3062738874831446	0.0020405682617414	-0.0003943517824286	0.2256445168120581	-0.3351166775006965	0.0020571195378250	-0.0002955534343094	0.2699533388923673	-0.3691890612148718	0.0020431185928226	-0.0003808496237807	
0.4458189668097758	-0.1413534136200230	-0.0020364619034278	0.0004151371922479	0.5412828662260563	-0.1732713161318314	-0.0020307100497525	0.0004425491853293	0.6005441241707119	-0.2095447440725047	-0.0020238971099294	0.0004728761652299	
-0.3532208602135379	-0.0462874210645126	0.0020724289078361	0.0001543196304531	-0.2722429166591509	-0.0600849656672797	0.0020691891945093	-0.0001931304632645	-0.2275494804309051	-0.0790814999010797	0.0020376433159520	-0.0004092695852118	
-0.0530574260298836	0.4340736256440128	0.0020685590947743	-0.0001997989544694	0.0270276127901959	0.4146353610030880	0.0020566234677949	-0.0002990029321363	0.0717424270977874	0.3918353790748800	0.0019950970544216	-0.0005830425219112	
-0.4323321448240564	-0.1935102567110370	-0.0018886937582410	-0.0008690543999207	-0.3501902842926458	-0.2035626041895651	-0.0020726534766014	-0.0001512581641167	-0.3085616080558566	-0.2206216135358747	-0.0020020909817795	0.0005584286746368	
-0.2098731277706350	-0.2983588439098804	0.0020716737691927	0.0001641937478576	-0.1381926833592315	-0.3143257610038708	0.0020779800056040	0.0000256881697255	-0.1018122050262210	-0.3381812351272687	0.0020768375423040	-0.0000736910573286	
-0.0612470674483511	-0.3622844504976255	-0.0019951012157819	0.0005830282107898	0.0072462728624906	-0.3865380560657998	-0.0020229535861991	0.0004769164315367	0.0445089802726938	-0.4202697438047466	-0.0020438402418439	-0.0003769380863059	
-0.3147763745478226	-0.4460583287002851	-0.0019766552193207	-0.0006430798338023	-0.2451793567456884	-0.4627200383006265	-0.0020111655654666	-0.0005246347600780	-0.2119477344091568	-0.4886906155363774	-0.0020727372433510	-0.0001501001262679	
-0.0580697840678298	0.4348215371776102	0.0020291062114078	-0.0004498818373396	0.0218925569993357	0.4158680807090173	0.0019700751938421	-0.0006630620405076	0.0686504060634098	0.3929381182231110	0.0019352955627379	-0.0007590511244266	
-0.2410648635060965	-0.3334224023275884	-0.0020781378780568	0.0000006787899183	-0.1704204757310777	-0.3481687470832799	-0.0020742572479442	0.0001272597366849	-0.1340396978307357	-0.3718725848482650	-0.0020683682074220	0.0002017752776659	
0.2648158158380940	-0.1411689082331183	-0.0020181044542663	-0.0004971347974611	0.3471320881259146	-0.1700895803190705	-0.0020292498505731	-0.0004492302420285	0.3959695757233141	-0.2034494164941825	-0.0020361470835914	-0.0004166862670962	
0.3408055276645696	-0.1238574934096821	-0.0020743623442610	-0.0001255263047888	0.4270782593422129	-0.1532765056805261	-0.0020634575551704	-0.0002471938485711	0.4800133256869863	-0.1872523296102485	-0.0020594953165811	-0.0002784289935643	
-0.1611168663295440	-0.2517692474956053	0.0020394553123315	0.0004000961394634	-0.0894105880236675	-0.2694321333338508	0.0020575075657286	0.0002928263128096	-0.0519357509273465	-0.2939198302424437	0.0020678540628466	0.0002070036842498	
0.1101966647501942	-0.3023447867397283	0.0020726967333934	-0.0001506612756039	0.1838502443741598	-0.3298847114699102	0.0020734895886151	-0.0001392660666419	0.2265701003543680	-0.3628311719957364	0.0020712494017700	-0.0001694889673713	
-0.2890149878662018	-0.2162283461290099	0.0020234125851066	0.0004749554789891	-0.2139742508414033	-0.2304170374403054	0.0019249213143171	0.0007851152417773	-0.1736072592762607	-0.2518509439483285	0.0017663397338070	0.0010975893779328	
0.4779615110145430	0.2969165712847489	-0.0020305940474674	-0.0004430838075786	0.5766469239356546	0.2834803925002327	-0.0020314472758244	-0.0004391355836052	0.6369127232277578	0.2605656171429951	-0.0020333784330362	-0.0004300592344753	
-0.4561104599154105	0.0029503384338714	-0.0020779764393611	0.0000259764780591	-0.3699062289189579	-0.0107731612973183	-0.0020767463894374	-0.0000762291180193	-0.3242052785553848	-0.0293810878186466	-0.0020781141977109	0.0000099686992726	
0.4405878325246391	-0.2103327307072688	-0.0020126969016465	0.0005186992359360	0.5351016155361896	-0.2469407563832468	-0.0020008383280042	0.0005629227051119	0.5943613901669798	-0.2874559411978847	-0.0019847570799133	0.0006174918524170	
0.1973379288925523	-0.2975724249203411	-0.0020119473307448	-0.0005216136081458	0.2743247576839564	-0.3302693030551430	-0.0020318394286273	-0.0004373084202401	0.3200919184648693	-0.3670581179314042	-0.0014198556319119	-0.0015212479128304	
0.1329717125973777	-0.3043973829499896	0.0020710182517542	-0.0001723043490589	0.2077522733637278	-0.3328124078019192	0.0020640244857279	-0.0002423903638214	0.2504658739389232	-0.3662853492752884	0.0020544672647741	-0.0003135466102764	
-0.1537771838116196	-0.3327233628176978	-0.0020771457517025	0.0000643713115641	-0.0841639424832071	-0.3509533321483614	-0.0020760179814089	0.0000940793749035	-0.0477977260301031	-0.3770974828620359	-0.0020710819618264	0.0001715330116453	
0.0206685894107707	-0.3369633089283998	-0.0020776314486823	0.0000459956583665	0.0913580320809468	-0.3627279689372079	-0.0020778538953094	-0.0000344470498614	0.1299547918640933	-0.3946249601082607	-0.0020779458847006	0.0000283265937836	
-0.2339246049312669	-0.2027569907662344	0.0020276399729677	0.0004564773846832	-0.1591346380519791	-0.2182716619591485	0.0020205055458728	0.0004872344284877	-0.1205251970414862	-0.2406480206298725	0.0020200018130594	0.0004893290445550	
0.2983173257691166	-0.1327702182353543	-0.0020153482444020	-0.0005082476794378	0.3823515436427531	-0.1623676360774129	-0.0020266735728188	-0.0004607703407078	0.4333340576549765	-0.1960758211679903	-0.0020368224514712	-0.0004133556839224	
0.0212085940204396	-0.0910290951688222	-0.0017228715149478	-0.0011649598867278	0.0966772634915680	-0.1135871626215951	-0.0017070878456919	-0.0011880824495268	0.1395288996312992	-0.1409596651804072	-0.0016922253890738	-0.0012092621629933	
-0.2265413025646251	0.0264232115180096	-0.0020682836640142	-0.0002026443686420	-0.1486136674282429	0.0096076550007334	-0.0020587021791970	-0.0002842628233563	-0.1069595374768803	-0.0118391131539388	-0.0020463817318196	-0.0003628154096815	
-0.1329821086901922	-0.0622420614206127	-0.0019852202850918	0.0006159935613816	-0.0573892387377566	-0.0773414919418703	-0.0019776781494489	0.0006399112560255	-0.0164077456284145	-0.0988669258677751	-0.0020183030156368	0.0004963240069402	
-0.1049786231649198	-0.2400421182518749	0.0020781143860354	-0.0000099291654640	-0.0332698539711155	-0.2585327902518296	0.0020776216572442	0.0000464380251073	0.0051571953093247	-0.2836969136969070	0.0020760241148857	0.0000939432532819	
-0.1018594654293669	-0.2401005681641532	0.0020766073943889	-0.0000799441313091	-0.0301556898190773	-0.2585449276038210	0.0020775103960797	-0.0000511967715810	0.0082750718480189	-0.2836345781829350	0.0020781361811097	-0.0000027475519919	
-0.0768773305054541	-0.2406410981928367	0.0020021203405551	0.0005583228791534	-0.0051849473645849	-0.2604384546816820	0.0020763619316926	-0.0000861136838480	0.0331593080897219	-0.2860918262824186	0.0020747144019465	-0.0001195358780286	
0.5018686969026871	0.3020900927285899	-0.0020312753131934	-0.0004399343073717	0.6025381643808116	0.2890479236625629	-0.0020315675060050	-0.0004385762399509	0.6649988532414772	0.2648730644380886	-0.0020778872094855	-0.0000323645031192	
-0.3014161686036870	-0.2923531920850437	0.0020772025503107	0.0000625021861219	-0.2276034638309251	-0.3048911793588955	0.0020780281354714	0.0000214208438749	-0.1901153443328101	-0.3264419966018737	0.0020779358423130	-0.0000290575261564	
-0.0176275016469067	-0.3386649198926939	-0.0020673897620371	0.0002116131714552	0.0530408445724838	-0.3617492608406375	-0.0020236243137702	0.0004740480393204	0.0914643626723461	-0.3920034627150538	-0.0020369124053137	0.0004129099645156	
-0.3064446796595264	0.0154815342035803	-0.0018248544701430	-0.0009967510513184	-0.2254984774096106	-0.0020482718426728	-0.0018257376356982	-0.0009951243342237	-0.1839776793768512	-0.0238245359874866	-0.0020301670323562	-0.0004450460063317	
0.1361092557022541	-0.2797649039454954	-0.0020708976669537	0.0001737548306997	0.2109012376306592	-0.3077309542411705	-0.0020696103306796	0.0001885408490870	0.2545308365938426	-0.3410173737397645	-0.0020704084358147	0.0001795186342281	
-0.3064874627777854	0.4648670735022880	0.0020553846645177	-0.0003074446686145	-0.2213282290580061	0.4384846672683715	0.0020621634243927	-0.0002578189688380	-0.1735263825175933	0.4124828924123411	0.0020648067334265	-0.0002355995558667	
-0.3075655731002284	-0.2646436090201095	-0.0020556861920614	-0.0003054118815779	-0.2327394482323918	-0.2775612584980382	-0.0020596799198087	-0.0002770532161804	-0.1953421526578180	-0.2990243945330875	-0.0020633465765787	-0.0002481231115374	
-0.2347386272767533	-0.1608782002231540	-0.0019704519803847	-0.0006619358722598	-0.1600086389669251	-0.1762046407784176	-0.0020606659959182	-0.0002695833260024	-0.1194968038445536	-0.1976056187186108	-0.0020698308422734	-0.0001860921474034	
0.0966295470353370	-0.3020650897960227	0.0020780840900159	-0.0000150044981682	0.1693677104241810	-0.3291550452915491	0.0020742170429528	-0.0001279166327871	0.2119603212886801	-0.3617255939847241	0.0020691695558937	-0.0001933418070251	
0.0163992136455234	-0.2424052918352895	0.0020395220344693	0.0003997541747541	0.0889847803119789	-0.2663524685236351	0.0018969971663899	0.0008506844573642	0.1300922125840593	-0.2959740884737324	0.0012090948912445	0.0016944169004480	
-0.2358218015681913	-0.2470134391806705	-0.0020172870789522	-0.0005004577395057	-0.1630468500154966	-0.2628149969567521	-0.0020286549969633	-0.0004519222876594	-0.1245894151763550	-0.2858075755165153	-0.0020371421870942	-0.0004117691206367	
-0.3522220162038145	-0.2962437885295858	0.0020466528310181	0.0003612753078831	-0.2774685148597233	-0.3079116930754019	0.0020465221171669	0.0003620187305434	-0.2389548979765979	-0.3285350204884445	0.0020489434710029	0.0003479818172220	
-0.1215706448804291	-0.2416989669519260	0.0020472561527680	0.0003578233343358	-0.0498755135350786	-0.2603823915458286	0.0020483495522290	0.0003514782879083	-0.0114308876783532	-0.2856321880482768	0.0020490062252122	0.0003476102617862	
-0.2598817331046593	-0.2099894418537946	0.0020198497734189	0.0004899593925569	-0.1850515065456692	-0.2245819794094107	0.0020388178145393	0.0004033482696472	-0.1464572474630322	-0.2460877073796906	0.0020500595510670	0.0003413116272425	
0.2793313506311123	-0.3774227388388672	0.0018991728449601	-0.0008457916128748	0.3613564352207703	-0.4150095079713549	0.0018720204696382	-0.0009045843979202	0.4106966735204676	-0.4568320189565080	0.0018548432394433	-0.0009394735839199	
0.0363627600072797	-0.3383976373141585	-0.0020692064635910	0.0001929444266366	0.1070493255985613	-0.3642224834693309	-0.0020530051617173	0.0003230280020078	0.1474787129514133	-0.3963526446933449	-0.0020379190810965	0.0004078873236707	
0.3741065035813731	-0.1276472287532468	-0.0020475130460498	0.0003563430281757	0.4634792704560797	-0.1568414870619528	-0.0020379894198220	0.0004075339732335	0.5184909579514754	-0.1906562543072512	-0.0020308868030176	0.0004417332757909	
0.4832294420394039	-0.0047906125101850	0.0020686886927188	-0.0001984458594997	0.5818015645051819	-0.0306833862167388	0.0020656817867571	-0.0002277600895883	0.6442340916094389	-0.0624337268041248	0.0020640050293209	-0.0002425568122743	
-0.2753690700489917	-0.1228876727999220	0.0019403505596080	0.0007459685992948	-0.1981594934430762	-0.1390287598456907	0.0017091108104496	0.0011851558800202	-0.1566598510275052	-0.1607747188213489	0.0013984685353281	0.0015410297657864	
-0.2225531437054736	-0.4162396859171730	-0.0019089866443005	-0.0008232884325568	-0.1546800388387298	-0.4368354090952892	-0.0019700138148325	-0.0006632452932578	-0.1206198119236411	-0.4674184194840774	-0.0020081107550336	-0.0005362660031120	
-0.2754155766498440	-0.2132909829924765	0.0020361053325384	0.0004168912534219	-0.2004881728990679	-0.2273008335627679	0.0020427909077064	0.0003826121149286	-0.1611664769234040	-0.2485261831723226	0.0020469073431648	0.0003598232503365	
0.0572609505451853	-0.3005884476204989	0.0020761581454650	-0.0000909177065716	0.1298784441429391	-0.3260628879037890	0.0020647676796050	-0.0002359432850765	0.1704508166401626	-0.3571025969924275	0.0020478305675852	-0.0003545045613403	
0.0685638462478041	-0.2811607768424405	-0.0020738106557676	-0.0001343756276490	0.1413109145433015	-0.3071517199731618	-0.0020753159394761	0.0001085353838128	0.1828782384632319	-0.3385159066460682	-0.0020615331271665	0.0002628360462496	
0.0205666289126880	-0.0914624964691516	-0.0017193832802754	-0.0011701277888427	0.0960582636661426	-0.1140312144497612	-0.0017000752938056	-0.0011981454123129	0.1389683847747948	-0.1413617990752808	-0.0016856755343930	-0.0012184213151053	
0.4510859863001118	-0.2130837358222321	-0.0020101928524779	0.0005283680929363	0.5465184705988670	-0.2501074427316493	-0.0020030632878180	0.0005549133747331	0.6069467951469487	-0.2912593150931040	-0.0019916885685461	0.0005946389781072	
0.1049863625391627	-0.2790460294636798	-0.0020774004470881	0.0000554997718403	0.1787353549014766	-0.3062028575123163	-0.0020747712992243	0.0001185392329473	0.2212712459980022	-0.3387059376959624	-0.0020726064465319	0.0001519044438187	
0.2358296669890863	-0.1488503239162166	-0.0019460440162576	-0.0007309113206840	0.3159281088478827	-0.1782483140752009	-0.0018328719955676	-0.0009818553511121	0.3647384245515193	-0.2115143509202402	-0.0017510802932389	-0.0011218934927958	
-0.3366541081507552	-0.3322349940912073	-0.0020766678196887	-0.0000783507807733	-0.2628069709482966	-0.3432553441401766	-0.0020715005891219	0.0001663751607816	-0.2254005735407458	-0.3642221963527805	-0.0020514742933145	0.0003326589309629	
-0.1880101795731470	-0.3318587256379955	-0.0020774788992575	-0.0000524655462414	-0.1184521094987432	-0.3489497811525406	-0.0020767134795292	0.0000771249163455	-0.0810871242663000	-0.3741260970742958	-0.0020705759751040	0.0001775660137137	
0.0561164083332085	-0.3385692071169862	-0.0020710967747341	-0.0001713531709671	0.1278791817654874	-0.3660651238129110	-0.0020778434957592	-0.0000350718260808	0.1673225150034608	-0.3993126201301292	-0.0020755877190213	0.0001031801876656	
-0.1434713646336636	-0.2766482853524210	-0.0020779819696740	0.0000255279963866	-0.0727709119540390	-0.2945649957986438	-0.0020771249134945	0.0000650435752975	-0.0353138822722288	-0.3199013074627992	-0.0020749498201584	0.0001153560963579	
-0.1329892610263258	-0.2440670543066288	0.0020118923470762	0.0005218267042615	-0.0612896135349986	-0.2628643718313760	0.0020019318867182	0.0005590016046515	-0.0228819908520274	-0.2881837926470218	0.0020048260804104	0.0005484782641300	
0.0104761102929447	0.4073291283814352	0.0012344284177114	-0.0016759581342914	0.0906952937516186	0.3897419638121013	0.0020741920417880	0.0001283234165144	0.1365244014373854	0.3669152091936579	0.0018781530280220	-0.0008917172424647	
-0.1256045303212969	-0.3846996869159786	-0.0020012556723786	-0.0005614297452198	-0.0570510910539048	-0.4085717198248123	-0.0020268134387178	-0.0004601516315350	-0.0209502674103070	-0.4412138618226287	-0.0020330163290607	-0.0004317763012926	
-0.3511996544659740	0.0132464239208368	-0.0020780372460008	-0.0000205133868495	-0.2701584611193046	-0.0020708134168198	-0.0020720048350257	-0.0001599402660393	-0.2265063410119558	-0.0220820201911825	-0.0020632018584012	-0.0002493296105822	
0.0000681376295185	-0.2070946651822987	-0.0016889395118788	0.0012138701295399	0.0749573626925221	-0.2277083529821187	-0.0016444684219517	0.0012737594369817	0.1153538558687585	-0.2530635074511956	-0.0017040653564052	0.0011924351958034	
0.0109473149139105	0.4070888240862212	0.0010258316345953	-0.0018118164933190	0.0906952937516186	0.3897419638121013	0.0020741920417880	0.0001283234165144	0.1365244014373854	0.3669152091936579	0.0018781530280220	-0.0008917172424647	
-0.2057973859510345	0.4477029583520493	0.0020772832439629	-0.0000597461659038	-0.1236940223831501	0.4237734686490540	0.0020658119525246	-0.0002265704903542	-0.0779108116867383	0.3990504253809192	0.0020589298413648	-0.0002826008328123	
0.4613724142522195	-0.0020099324812662	0.0020188659321261	-0.0004940177666302	0.5591208085722643	-0.0268733879035937	0.0019330471027193	-0.0007647875304588	0.6202100067835365	-0.0574730288310699	0.0018187633459945	-0.0010078777178434	
-0.0956047842142607	-0.2157279940906022	-0.0020736371669963	-0.0001370399471261	-0.0238963109855576	-0.2346633357612863	-0.0020731412988785	-0.0001443831585359	0.0155629131972139	-0.2599422535408412	-0.0020731091253975	-0.0001448466900149	
-0.1451369534745022	-0.0604784398361987	0.0012374936510689	-0.0016736847724314	-0.0688063048364306	-0.0769709203943523	0.0019483851794110	-0.0007246159121305	-0.0266428067815092	-0.0982162338559114	0.0019192494534270	-0.0007989484958276	
-0.1246654886927030	0.0342329906715412	-0.0020400230375209	-0.0003971766654855	-0.0487991209905124	0.0162648839269138	-0.0020703530182161	-0.0001801598176087	-0.0072584701805627	-0.0058320928146443	-0.0020774684319219	-0.0000528804547835	
-0.3774621843690016	-0.2797693127932520	-0.0019195449894346	-0.0007982346255336	-0.3004445849264182	-0.2912504344161150	-0.0019723221829741	-0.0006563142521052	-0.2627795806482850	-0.3119333577329231	-0.0020102237665933	-0.0005282498762849	
0.1712961057033916	-0.3383349773737084	-0.0017213893418106	-0.0011671598371539	0.2471718377640739	-0.3726942802146838	-0.0019584564978913	-0.0006967956602732	0.2909717121127849	-0.4104889438382746	-0.0020715315542385	-0.0001659872356603	
-0.0208569611999802	-0.3382347292957682	-0.0020400044971334	0.0003972723594674	0.0487918166310183	-0.3609995206134565	-0.0020516058707839	0.0003318424154719	0.0883105182573118	-0.3913728422471431	-0.0020543671067993	0.0003142054575914	
0.0109744525722778	-0.2830350863446242	-0.0017646694221517	-0.0011002862602930	0.0821857363673821	-0.3073813040627927	-0.0018978060878592	0.0008488692363976	0.1236833300558782	-0.3364973943691439	-0.0018552458299398	0.0009386743262252	
0.2773185182100651	-0.1381037439419857	-0.0020171359998302	-0.0005010693739616	0.3594570146268823	-0.1674626592092669	-0.0020331601683463	-0.0004310950827840	0.4093424782642237	-0.2008288993043607	-0.0020409372246319	-0.0003924281656693	
-0.1746105879781287	-0.2538682742803650	0.0020643685726661	0.0002394273393684	-0.1028662191625255	-0.2708439650022783	0.0020683098309593	0.0002023757797790	-0.0654282777319009	-0.2949930051164169	0.0020645675879034	0.0002376964784883	
-0.2451376147018051	0.4546661246665026	0.0020424006656321	-0.0003847001756636	-0.1621086947952073	0.4301066033333406	0.0020535130806545	-0.0003197668991184	-0.1153784936623308	0.4048734892615713	0.0020569056024049	-0.0002970460812874	
0.0115419452612660	-0.2823732444300146	-0.0018371641777597	-0.0009737600350332	0.0833956820071065	-0.3075234540051051	-0.0020707496014127	0.0001755193620193	0.1236833300558782	-0.3364973943691439	-0.0018552458299398	0.0009386743262252	
-0.3221725955652779	0.4673102071822571	0.0020521267875255	-0.0003285893847728	-0.2359055583023085	0.4403521169368140	0.0020611932989914	-0.0002655010727953	-0.1881128258605272	0.4142550242184346	0.0020627625049623	-0.0002529566888970	
-0.4363707313184410	0.4856715230401098	0.0020731869336142	-0.0001437231109114	-0.3439107791544634	0.4564101484015063	0.0020741905392011	-0.0001283478232650	-0.2930852196440969	0.4286614410316817	0.0020780482794382	-0.0000193575195741	
-0.3148245554146274	-0.2657834027145838	-0.0020493076134576	-0.0003458200787174	-0.2399843834115342	-0.2785387939647901	-0.0020577670854837	-0.0002909878137541	-0.2026292850007727	-0.2998951144047120	-0.0020636598728500	-0.0002454905900171	
-0.0156180980943065	-0.2790026906597144	-0.0020752712762385	0.0001093902932360	0.0561677829793619	-0.3015144661029920	-0.0020708242262116	0.0001746322853244	0.0945577005792400	-0.3302585653795215	-0.0020670893195758	0.0002145425972475	
0.2981045334751463	-0.1328367609252399	-0.0020153580278564	-0.0005082086894234	0.3823515436427531	-0.1623676360774129	-0.0020266735728188	-0.0004607703407078	0.4333340576549765	-0.1960758211679903	-0.0020368224514712	-0.0004133556839224	
0.0622240460961345	-0.3380648036257970	-0.0020691167892083	-0.0001939085123978	0.1340901385442457	-0.3658631340743896	-0.0020753426136086	-0.0001080215721745	0.1735972346818765	-0.3994066428097778	-0.0020778777689855	-0.0000329680143360	
0.0228461100560297	-0.2995943882580887	0.0020659514876379	0.0002252882038320	0.0945444269987574	-0.3240490342648151	0.0020686391539144	-0.0001989641764234	0.1340624656470586	-0.3540839957857341	0.0020426109028056	-0.0003835767255655	
0.4655578572815340	-0.1455369010599613	-0.0020322374460061	0.0004354457293534	0.5631437243240363	-0.1782721113078659	-0.0020224466837148	0.0004790721992042	0.6235399091901430	-0.2152059535423017	-0.0020154011097525	0.0005080369572286	
-0.1382676650068165	-0.2766994100698301	-0.0020780000917484	0.0000239997195265	-0.0675462209160838	-0.2947472118059258	-0.0020761063012754	0.0000920998254758	-0.0300827005026472	-0.3202051479918377	-0.0020730469279594	0.0001457385841362	
0.1847645878181050	-0.1967280842568510	0.0017310552679974	0.0011527028874605	0.2629172031110196	-0.2271073287823845	0.0017870697862448	0.0010633302895380	0.3098029205375641	-0.2605326542561828	0.0018025778556798	0.0010366890128280	
-0.2067652089348671	-0.2980962243693605	0.0020682454038595	0.0002030364417900	-0.1361167596459794	-0.3142881325446400	0.0020773391267918	0.0000577604534057	-0.0987009365656621	-0.3382674292839419	0.0020778835125285	-0.0000326021729750	
-0.1173992817020221	0.4282195248210441	0.0020458178179688	-0.0003659975712646	-0.0373613910412971	0.4076028654852649	0.0020546324918671	-0.0003124566262567	0.0082590622445714	0.3839925289837968	0.0020571260829491	-0.0002955076470657	
0.0530424753859783	-0.3387691060636490	-0.0020742460309410	-0.0001274433494354	0.1247447251160058	-0.3660526871170084	-0.0020778950024434	0.0000318577007151	0.1641800972355485	-0.3991005920800889	-0.0020696266881177	0.0001883603076591	
0.0633832509477090	-0.1781203809723846	-0.0020744358053867	0.0001243002495161	0.1361555037207693	-0.2015651783154832	-0.0020649961012224	0.0002339255948336	0.1786898318174275	-0.2304978885722777	-0.0020553145965831	0.0003079150766162	
-0.3948629318649473	-0.3317929614786058	-0.0020579722951470	-0.0002895256293230	-0.3189993683233538	-0.3415910428220698	-0.0020576327427443	-0.0002919410037423	-0.2815782697019918	-0.3615989892825377	-0.0020631859547423	-0.0002494618365819	
0.0509785863542469	-0.3388639443270904	-0.0020763133983696	-0.0000872818346162	0.1226494013597735	-0.3659941613911219	-0.0020764545657045	0.0000838388253047	0.1620934308477876	-0.3989033452683888	-0.0020639141241688	0.0002433329712353	
0.1080802422886996	-0.2791133287483608	-0.0020778777061015	0.0000329719973326	0.1817849166145505	-0.3063970767122818	-0.0020733106360152	0.0001419184027553	0.2243009340749094	-0.3389331574516687	-0.0020699098941705	0.0001852063569351	
-0.1439687749211440	-0.0594217659925172	-0.0017588532869637	0.0011096061163805	-0.0688063048364306	-0.0769709203943523	0.0019483851794110	-0.0007246159121305	-0.0266428067815092	-0.0982162338559114	0.0019192494534270	-0.0007989484958276	
0.2804959326411299	-0.1372859496091122	-0.0020159207671881	-0.0005059606268243	0.3636476042600267	-0.1665529317796250	-0.0020320955645841	-0.0004361106779592	0.4135518496212729	-0.2000105395975421	-0.0020409207917955	-0.0003925140475411	
-0.0812194600028622	-0.2775833218772443	-0.0020780292562207	0.0000213112959468	-0.0103400174909341	-0.2977096829401133	-0.0020736266923613	0.0001371991459895	0.0281390466078246	-0.3246101254189790	-0.0020667371831693	0.0002179254099359	
0.1423069021520449	-0.3053331343602569	0.0020669959027403	-0.0002154452426309	0.2172814910630251	-0.3338688503825176	0.0020602244725067	-0.0002729537469904	0.2608083346787335	-0.3676976212273600	0.0020589000029266	-0.0002828192274825	
-0.0539614581834137	-0.2788654081740046	-0.0020582494336438	-0.0002875388940390	0.0166199398829761	-0.3010513815415138	-0.0020577323726224	-0.0002912344136808	0.0551356735493040	-0.3290728691481877	-0.0020683284381520	0.0002021845683484	
0.4801098773869137	-0.1486068403430934	-0.0020379980137507	0.0004074907793205	0.5788286997986001	-0.1819477019704814	-0.0020277774836554	0.0004558630799729	0.6401581604599906	-0.2193687263043746	-0.0020186927657545	0.0004947284339438	
-0.1019291084042881	0.0360662979972932	-0.0020675115963113	0.0002104134967521	-0.0259646728622901	0.0188325901518588	-0.0020774146992767	0.0000549610136282	0.0155795447730573	-0.0032212325870621	-0.0020769897549787	-0.0000692455160241	
0.1774719215417633	-0.3125873214368181	0.0020689937493569	-0.0001952234940543	0.2534559392002343	-0.3448417618080482	0.0020777189520029	0.0000418350728803	0.2981945703110622	-0.3812646109127332	0.0020571512296792	-0.0002953316625483	
0.0155530947744025	-0.2092938030137012	-0.0006789959880544	-0.0019689931860605	0.0883362950917053	-0.2324376401873862	-0.0020725050123096	-0.0001532890117317	0.1288454072550211	-0.2592979994618448	-0.0020781370519922	-0.0000019776995421	
0.2660915852373037	-0.3716645170486441	0.0019100409455576	-0.0008208271927757	0.3470719328905523	-0.4082812963105926	0.0018789329074936	-0.0008900645468902	0.3960409352305865	-0.4496553086513175	0.0018448649333045	-0.0009590162931302	
-0.3003085642395252	-0.2636694149104243	-0.0020627316075232	-0.0002532097782342	-0.2264921223499975	-0.2767746176685166	-0.0020650229480155	-0.0002336872933422	-0.1880863527068127	-0.2982208199723026	-0.0020672844396977	-0.0002126447459552	
-0.3990822396087101	-0.2859664789904557	-0.0020360973095069	-0.0004169306323010	-0.3220716586713984	-0.2960378038093125	-0.0020465855602170	-0.0003616581009874	-0.2836444456052197	-0.3157283855979914	-0.0020501661302105	-0.0003406676395342	
-0.2192988751244811	-0.2433494560428425	-0.0020424721401332	-0.0003843186168577	-0.1465102068401295	-0.2593672825534488	-0.0020461337825091	-0.0003642181186137	-0.1090033479209466	-0.2827381699630478	-0.0020487345148612	-0.0003492160744087	
-0.2555422264406974	-0.4264271293580491	-0.0019964559274667	-0.0005783488693103	-0.1870946367429809	-0.4454955213545220	-0.0019775658138823	-0.0006402600678707	-0.1527729107741564	-0.4758900468397885	-0.0019840512214739	-0.0006197673992946	
-0.2805955299321899	-0.2144108638972402	0.0020296175497149	0.0004475577021515	-0.2056805509585764	-0.2283181619350570	0.0020397206708919	0.0003987343195163	-0.1663765257248094	-0.2495870169729948	0.0020358132641785	0.0004183223034836	
0.1590834275363822	-0.3419480345604315	-0.0020768242411843	0.0000740668405549	0.2338185452133499	-0.3730616064675827	-0.0020700368712749	0.0001837745480723	0.2774353618553741	-0.4094167123114558	-0.0020696773316473	0.0001878002318440	
-0.0052933473038298	-0.3990787784197857	-0.0019337108393368	0.0007630993443342	0.0623543258400918	-0.4291516820675522	-0.0016830855052839	0.0012220144723919	0.0980283755552791	-0.4640774118208579	-0.0014802634298906	0.0014622340311739	
-0.4312386522703793	0.0075391133978278	-0.0020670064186927	-0.0002153438226750	-0.3460348094812661	-0.0071531664926848	-0.0020541170792845	-0.0003158440220445	-0.3014551601845314	-0.0265664588483699	-0.0020393047596412	-0.0004008666402866	
-0.0718174777470194	0.4390756718782368	0.0019973227359887	0.0005753331577518	0.0083156202619543	0.4164645202449384	0.0019572287076614	0.0007002541684716	0.0529999109557197	0.3926808512998284	0.0020639068960663	-0.0002433945779422	
-0.2493364791291880	0.4554554689342102	0.0020442282753456	-0.0003748173847541	-0.1663134208814163	0.4307818742823447	0.0020550421455798	-0.0003097372621739	-0.1194547932599914	0.4055203232448982	0.0020577442786778	-0.0002911498571481	
0.2034772858596454	-0.2954381385543357	-0.0019242470928285	-0.0007867745084232	0.2814728007214939	-0.3287391048168616	-0.0019847876693337	-0.0006173930302806	0.3273335265576873	-0.3657743520010607	-0.0020332765761124	-0.0004305429546516	
0.4967295944698520	-0.1517726248543976	-0.0020424803115600	0.0003842749696060	0.5963620063930335	-0.1857400388555850	-0.0020331619070298	0.0004310868415515	0.6597752666358949	-0.2232818740708993	-0.0020662119151187	0.0002228749840389	
0.0061295943877798	-0.4073800511361678	-0.0014361667597291	0.0015057812092481	0.0745029932600197	-0.4366641828896112	-0.0015266475005280	0.0014134911946582	0.1110432185677639	-0.4740443931521345	-0.0016146452474962	0.0013115436751760	
-0.1568538593569080	0.4357548470439232	0.0020005332975548	-0.0005640111899998	-0.0758518663775328	0.4145854890716413	0.0019911811086291	-0.0005963445139898	-0.0290892047042605	0.3907218280227322	0.0019846084503584	-0.0006179717682434	
-0.1039273464567126	-0.2164824094622423	-0.0020634404735468	-0.0002473371096322	-0.0322026890907481	-0.2354755400563300	-0.0020650098651955	-0.0002338034517400	0.0073141247248485	-0.2607048958291314	-0.0020677300107557	-0.0002082453396594	
-0.3116781471990202	0.0124293214533494	-0.0018590149199527	-0.0009311498392875	-0.2317632959784955	-0.0040346898234773	-0.0020765258373470	-0.0000820455793742	-0.1890728013599153	-0.0241257457277829	-0.0020781246341790	-0.0000074686918337	
-0.1133029152576397	-0.2767762534663973	-0.0020779600908507	-0.0000272591438809	-0.0425965701847576	-0.2958821001935792	-0.0020769660040000	0.0000699578153153	-0.0041387772890410	-0.3220860463576826	-0.0020747816692996	0.0001183566776575	
0.0557788636062467	-0.1412373116207395	0.0014696660104653	0.0014729380520105	0.1310758352016774	-0.1649475579276373	0.0019376469347292	0.0007529982008088	0.1714478429702041	-0.1916129500510933	0.0008865929117858	-0.0018842228208997	
-0.1848225517938366	-0.0694696957895207	-0.0019784003995636	0.0006376635736450	-0.1090689428019639	-0.0842903182468273	-0.0019845403981333	0.0006181913684225	-0.0674403258322818	-0.1049516323666997	-0.0019440918636660	0.0007361137926308	
-0.3045327138567178	-0.4423580726530854	-0.0019307940217468	-0.0007704862723033	-0.2347622395939434	-0.4596616301836009	-0.0019787477080131	-0.0006365796115455	-0.2005747303541713	-0.4873549179864268	-0.0020498527661330	-0.0003425575444920	
-0.2639570312673058	-0.2971080532217400	0.0020428553074969	-0.0003822663973086	-0.1911442799705610	-0.3100144573420765	0.0020069335681660	-0.0005406767475779	-0.1537447527389277	-0.3318634395516551	0.0019828386069408	-0.0006236553688467	
0.0602619480046340	-0.2395487362224339	0.0020514009839742	0.0003331129676323	0.1340709906777843	-0.2643034054367298	0.0020726495399381	0.0001513123675363	0.1744737503597918	-0.2941197399524869	0.0020780716742584	-0.0000166431703437	
0.2982523891969215	-0.1717090028102087	-0.0019820776803354	0.0006260815707956	0.3823187180051573	-0.2012532538713294	-0.0019667660258227	0.0006728626593831	0.4331931215061617	-0.2357325270753000	-0.0019529935607813	0.0007120387429299	
0.1341345143578037	0.0163130867255161	-0.0020745401707294	-0.0001225372391446	0.2120066926059682	-0.0044367417243520	-0.0020778242572525	0.0000361991998579	0.2566339482102139	-0.0299657641828536	-0.0020758846358721	0.0000969914331997	
-0.0487469138788736	0.4337100134289500	0.0020733130820325	-0.0001418824850019	0.0311097157888420	0.4142591410076950	0.0020741489015893	-0.0001290223058171	0.0759356165523273	0.3910063880457199	0.0020614326674249	-0.0002636267301233	
-0.1341031254562718	-0.2767415502068937	-0.0020780091567704	0.0000231974915729	-0.0633630894747577	-0.2949255566297163	-0.0020757795933391	0.0000992251111026	-0.0249684950300660	-0.3205895844549764	-0.0020720872818980	0.0001588631826274	
-0.3169026201226804	-0.3319735090336549	-0.0020781355708493	0.0000031777583286	-0.2441844872972947	-0.3437871387005078	-0.0020745220041886	0.0001228459459090	-0.2077808238760071	-0.3653415794960319	-0.0020727727988088	0.0001496058638544	
0.1497161700863139	-0.3061244912675070	0.0020527829794739	-0.0003244439707698	0.2246615915337580	-0.3349742241967981	0.0020571499156813	-0.0002953408609577	0.2690044970466156	-0.3690216880536212	0.0020437472819559	-0.0003774443069774	
0.3138159918596496	-0.3937116389956417	0.0018973388839035	-0.0008499182101008	0.3982220010695416	-0.4338551961699869	0.0018658739147721	-0.0009172584833827	0.4487626919608281	-0.4772916833386833	0.0019116515456495	-0.0008170503335543	
0.1060011637680837	-0.3021442489504916	0.0020771345660661	-0.0000647330414335	0.1798550205812532	-0.3296474829050531	0.0020758350566867	-0.0000980520651270	0.2213172209267925	-0.3624639658719045	0.0020729215881391	-0.0001475194610128	
0.3066318901326862	-0.1306826770214836	-0.0020174922283147	-0.0004996259328668	0.3916965288676284	-0.1602531223605579	-0.0020281886292949	-0.0004540211520564	0.4427205119437798	-0.1941891267616686	-0.0020373112302269	-0.0004109277336021	
-0.6578074426814916	-0.3693721803716005	-0.0020240522739839	-0.0004722082453713	-0.5663197746836033	-0.3688474001178857	-0.0020597459445062	-0.0002765594676194	-0.5247370693107053	-0.3823059670267877	-0.0020726133637632	0.0001518095618238	
-0.0902336250026670	-0.2151309506793442	-0.0020293069950119	-0.0004489707399493	-0.0187059979969155	-0.2343945989068203	-0.0020760316621782	-0.0000937754828180	0.0207578861531742	-0.2596765541587188	-0.0020771522914116	-0.0000641588796850	
-0.5746057538113796	-0.3429047864594199	-0.0020158162848867	-0.0005063788205687	-0.4883495591681585	-0.3470345152665260	-0.0018795909386921	-0.0008886671424624	-0.4478893118188982	-0.3642504729235277	-0.0018679315117993	-0.0009130399755981	
-0.4385501928019038	0.0065362181452172	-0.0020442299204715	-0.0003748083673202	-0.3531909252471139	-0.0086238363282444	-0.0020144847561924	-0.0005116764966769	-0.3085637798557765	-0.0282411273650645	-0.0020196090914080	-0.0004909554955788	
0.2101018812532612	-0.2929361896512527	-0.0019731693853611	-0.0006537499778975	0.2879057353735464	-0.3261951490128305	-0.0019147104201677	-0.0008098199129983	0.3345260315486064	-0.3634063757614696	-0.0019056640106593	-0.0008309885573385	
-0.2482555764169533	0.0224038821144592	-0.0020541763420243	-0.0003154564291182	-0.1704046309381443	0.0054944562277321	-0.0020483090562611	-0.0003517153899880	-0.1278043971903667	-0.0156119953193288	-0.0020666743592702	-0.0002185233656463	
-0.4041633605793439	-0.1694847760081733	-0.0020494137394556	-0.0003451874394103	-0.3231588418230704	-0.1803664271710807	-0.0020251203927780	-0.0004675831236823	-0.2826484425149743	-0.1998235759694999	-0.0019080156430649	-0.0008255475224683	
-0.1174768950923289	-0.2184617626865695	-0.0020537496662093	-0.0003182362111197	-0.0457736380221028	-0.2371892607666904	-0.0020556374131865	-0.0003057416673121	-0.0062711410815997	-0.2622688101255851	-0.0020537185933222	-0.0003184376798014	
0.3844376334145130	-0.1294011432417602	-0.0020494585517560	0.0003449199456148	0.4748854550337143	-0.1590900552926214	-0.0020397791913048	0.0003984333424574	0.5298701771142262	-0.1931274230217796	-0.0020308295437386	0.0004419977626626	
-0.1734879566005286	-0.2971953275366705	0.0020770729504041	-0.0000666904215046	-0.1028952949939463	-0.3140987022162631	0.0020723257838615	-0.0001557052077164	-0.0654555697472534	-0.3387161782635728	0.0020688646169470	-0.0001965940468355	
0.0924777827230799	-0.1812663745575860	-0.0020742499740637	0.0001273788341674	0.1662483861981296	-0.2059184689798306	-0.0020559611168755	0.0003035463136039	0.2088642942423685	-0.2359959775331745	-0.0020440561402850	0.0003757596733064	
-0.1717363023145881	0.0272604763193938	-0.0011310509935657	-0.0017477405558333	-0.0949075160016527	0.0096774207753542	-0.0016217823882353	0.0013026635535703	-0.0542615560950638	-0.0101092703574951	-0.0019803933684034	0.0006314155386562	
0.1374030103096500	-0.2111757647060525	0.0020701410687785	-0.0001825911515817	0.2127720468466234	-0.2378199605760827	0.0020744904651259	-0.0001233800530404	0.2558476442984843	-0.2694120153512692	0.0020591695050814	-0.0002808404008473	
0.2462448427458198	-0.1457846173051366	-0.0020140876580102	-0.0005132451507090	0.3271908882079905	-0.1745721254012488	-0.0020212087879664	-0.0004842941826735	0.3752351970113508	-0.2077900232705576	-0.0020241000538188	-0.0004720023714323	
-0.4478237796111560	-0.0799238386574854	0.0020762563754730	0.0000886346187933	-0.3626296090166092	-0.0915736572808822	0.0020772116683080	-0.0000621968945846	-0.3199628506008098	-0.1090262692366570	0.0020524691126977	-0.0003264335199893	
0.0154482268925358	-0.2800942097508575	-0.0017324916076152	-0.0011505321429337	0.0874236163833430	-0.3063657856814968	-0.0018899050031115	-0.0008664039640995	0.1282276233827445	-0.3368584187172772	-0.0020282185408000	-0.0004538868425571	
-0.1641554356348258	-0.3326605234785078	-0.0020775686769626	0.0000487620284806	-0.0945618596592676	-0.3503589893333325	-0.0020698678398033	0.0001856781138128	-0.0581853669859496	-0.3760055769371302	-0.0020598237168508	0.0002759767138604	
-0.3480955158882053	-0.2955956604071219	0.0020538098270181	0.0003178457721153	-0.2732788051768681	-0.3072003958004471	0.0020535081922460	0.0003197984475870	-0.2358730546518633	-0.3280362016227829	0.0020547973213946	0.0003113653752543	
-0.4281819108474771	-0.2923361303807934	-0.0020134874701799	-0.0005156064273451	-0.3491885295390612	-0.3016513398587837	-0.0020132046517922	-0.0005167151166009	-0.3106598699193839	-0.3210209454115731	-0.0020263725565163	-0.0004620989586933	
-0.1456726784799685	-0.1195589250215865	-0.0011086766494023	-0.0017620897715521	-0.0704902499450645	-0.1398222543458345	-0.0014105653707994	-0.0015299092141566	-0.0353252208833857	-0.1614994613846324	-0.0000922636928224	0.0020812790712963	
0.4883271867330774	-0.1502030513096793	-0.0020412462261462	0.0003908096076794	0.5881840898088240	-0.1840062660121656	-0.0020322705453480	0.0004352904515021	0.6504812693548780	-0.2217413402380831	-0.0020342256707541	0.0004260134561984	
0.0083591431524548	-0.3373348822379001	-0.0020781229913193	0.0000079147756104	0.0789945992740417	-0.3623679175568781	-0.0020707436275294	0.0001755901793942	0.1174240513403184	-0.3936346441619018	-0.0020523011757969	0.0003274929562506	
-0.6525632811095772	-0.3676042652030592	-0.0019160926426124	-0.0008065275948844	-0.5621741130208086	-0.3680748803674750	-0.0020297890031570	-0.0004467755736190	-0.5194699459494502	-0.3820650130630637	-0.0020556926857160	-0.0003053679516226	
0.0531151874686326	-0.1429474405378069	0.0018524960389985	0.0009441165431318	0.1278427115745797	-0.1648803903812211	0.0016755092951759	-0.0012324334370442	0.1714478429702041	-0.1916129500510933	0.0008865929117858	-0.0018842228208997	
-0.3511352127149540	-0.0899878216534538	0.0020622669850034	0.0002569851237882	-0.2711633983988934	-0.1033825323268944	0.0020674172647827	0.0002113429593910	-0.2275967129906655	-0.1225212275279305	0.0020706750070422	0.0001764015872117	
-0.2026604060861619	-0.3315420597595063	-0.0020738948603285	0.0001330631621568	-0.1319396577671916	-0.3477651659996771	-0.0020728145825509	0.0001490229149226	-0.0965688587391897	-0.3724211652193629	-0.0020755513044668	0.0001039137611626	
-0.2419634462405112	-0.0601767785173836	0.0016023567647385	-0.0013266034799808	-0.1642838287820056	-0.0734315858752080	0.0020120208076090	-0.0005213286942533	-0.1246748586906448	-0.0938667471906311	0.0020436325937648	0.0003780678852732	
-0.1091921346933628	-0.2172316253546806	-0.0020564810802948	-0.0002999855663760	-0.0374668659830014	-0.2361242810452907	-0.0020632304972013	-0.0002490913226568	0.0020463360164361	-0.2612601626184779	-0.0020669966766230	-0.0002154377806489	
-0.1296027151915542	-0.1387840888058403	0.0014756148585253	0.0014669484524101	-0.0536118640986275	-0.1576395439348486	0.0013100321532191	0.0016172513372837	-0.0120836574328159	-0.1815682562300064	0.0012153404060455	0.0016899204070373	
-0.3584077590616740	-0.3297008436162656	-0.0020602811167677	0.0002725237173685	-0.2836751428635226	-0.3396655701575667	-0.0020735531371022	0.0001383118927939	-0.2472634974170335	-0.3600013709314939	-0.0020766852768543	0.0000778843764372	
-0.0206495450582392	-0.3892013896253211	-0.0016988775150650	0.0011998516591117	0.0478041900911207	-0.4166542541805160	-0.0015685207030205	0.0013666396450372	0.0850979132637756	-0.4511947147928648	-0.0014936889988416	0.0014484479534914	
-0.2327231375189138	0.4522511086628017	0.0020410576529253	-0.0003917981834093	-0.1496397724291999	0.4280290719627497	0.0020484723751147	-0.0003507581564519	-0.1039043381167464	0.4031441803251183	0.0020530972794334	-0.0003224390666688	
0.0488824161500723	-0.2404714309673285	0.0020781273111709	0.0000066782785328	0.1216903849393941	-0.2642675895834767	0.0020751175787399	-0.0001122823857446	0.1632156059429541	-0.2935342867999689	0.0020720063598977	-0.0001599204113903	
-0.1631057226888580	0.4378660850150635	0.0019363390494427	-0.0007563718563005	-0.0810534873286995	0.4164584154894052	0.0019264734096914	-0.0007812799017731	-0.0353365592108331	0.3932276693988998	0.0018651897280993	-0.0009186558926127	
-0.1320349491537129	-0.2992447887789887	0.0020711227885333	-0.0001710368816508	-0.0611786032699252	-0.3173072545393981	0.0020508027591719	-0.0003367945586940	-0.0239458061060001	-0.3428451867564924	0.0020344019498217	-0.0004251666266616	
-0.2349045845037219	0.4526794345533446	0.0020410834777515	-0.0003916629522638	-0.1516654572178766	0.4283935548029851	0.0020489340344453	-0.0003480376539472	-0.1059374050459964	0.4034846406636876	0.0020536188669033	-0.0003190834006713	
-0.2766859946576046	-0.1234634791271823	0.0018866963427399	0.0008734038727741	-0.1992989181324176	-0.1398861908249404	0.0015445448497336	0.0013938134670240	-0.1566598510275052	-0.1607747188213489	0.0013984685353281	0.0015410297657864	
0.0094016053888968	-0.3373347458787105	-0.0020781094915064	-0.0000109102211734	0.0800175233917737	-0.3624603104351941	-0.0020730446625548	0.0001457709659112	0.1184456054940527	-0.3938148899478490	-0.0020575279026334	0.0002926826667751	
-0.0249442139567244	-0.3374595419100491	-0.0020540167826152	0.0003164988801567	0.0446798587099994	-0.3604142889050342	-0.0020655004045664	0.0002294073507610	0.0831252614233662	-0.3906895978008181	-0.0020612627840167	0.0002649583677771	
-0.5933036716564128	-0.3521029134951009	-0.0018864420446192	-0.0008739557371428	-0.5060274389398838	-0.3552008030501305	-0.0019727808027555	-0.0006549275054753	-0.4655001944596152	-0.3710166742886771	-0.0020417281539894	-0.0003882712964207	
-0.1578872165086846	-0.2293611654223438	-0.0019903835969406	-0.0005990142071143	-0.0862778364367385	-0.2476144903228715	-0.0020243029427120	-0.0004711271066506	-0.0477800132950785	-0.2721451199838490	-0.0020346732755816	-0.0004238597508307	
-0.3896499283352156	-0.3311809422437700	-0.0020717689825072	-0.0001629819035887	-0.3137987965864300	-0.3408821460286541	-0.0020657939531824	-0.0002267353646514	-0.2764043493808449	-0.3610288766542868	-0.0020650206701545	-0.0002337075219839	
0.0893588813777887	-0.2791858558657255	-0.0020758532904523	-0.0000976633379826	0.1631222599414850	-0.3060071009285929	-0.0020775685314974	-0.0000487682568406	0.2046623320444432	-0.3382024243519886	-0.0020780132271894	-0.0000228281005164	
0.0436133375009096	-0.1763047876538122	-0.0020596509969893	0.0002772692260561	0.1164083017625781	-0.1987045911385494	-0.0020411276012702	0.0003914317883432	0.1579817778994580	-0.2267712375446959	-0.0020276227459858	0.0004565542819875	
0.0009439483558105	-0.2075808978851968	-0.0017354160416104	0.0011460941380102	0.0749573626925221	-0.2277083529821187	-0.0016444684219517	0.0012737594369817	0.1164652866554157	-0.2538758075356615	-0.0016839796283849	0.0012207758714633	
-0.0996093648649017	0.0358015541923253	-0.0020591409390585	0.0002810508200531	-0.0239028828033905	0.0187290938032932	-0.0020731767643263	0.0001438704600246	0.0186929958496110	-0.0032009822273265	-0.0020776869895226	0.0000434010981294	
