0.3935803409279952	-0.0844574136584341	0.0005170211094552	0.0020178277243919	0.3815666391725860	-0.0435754888854301	-0.0015807912950993	0.0013523559203815	0.4154124262618590	-0.0220828769583154	-0.0018388976219295	0.0009704661028945	
0.1151978621598800	0.0955644178520900	0.0018274764357741	-0.0009919115035693	0.1037033095373187	0.1363999154701121	0.0004938728877698	-0.0020236467754816	0.1312186915805507	0.1636135576861335	0.0003857413693701	-0.0020471288336928	
-0.2126885902183264	-0.1225689151689295	-0.0014328898382008	0.0015089154351996	-0.2245413966020781	-0.0844945121978477	-0.0017689333533373	0.0010933834579658	-0.1981145527115938	-0.0579103872787552	-0.0018792508890903	0.0008893896118750	
0.5696734905353125	-0.4581051802780862	0.0014639952699271	-0.0014786026583040	0.5594103066759017	-0.4079901548703492	0.0014671384450222	-0.0014754682754082	0.5925876210280678	-0.3955607279251801	0.0014332277666950	-0.0015085928539569	
0.3762884505523714	0.0083530728217420	0.0002254267755125	-0.0020710398699437	0.3634021927457742	0.0507833140087707	0.0015099928476642	-0.0014313576545682	0.3990016451105378	0.0729123461322529	0.0013665118058002	-0.0015695779110461	
0.4723234525229012	-0.1616324731527688	0.0006141324744847	-0.0019902841331926	0.4599122085409189	-0.1189513995633197	0.0010554291089511	-0.0017946505394282	0.4930834477211836	-0.0991993690175033	0.0010813373450109	-0.0017790822251174	
0.5390428452815017	-0.2042157827741287	-0.0009531405163635	0.0018512841142418	0.5291874484908143	-0.1559062509536208	-0.0017931942882879	0.0010529169940175	0.5652612993071278	-0.1374873305541703	-0.0018991827623880	0.0008457692320643	
0.5375617484789066	-0.4216124285522243	0.0012863315084528	-0.0016362595890739	0.5270033698645502	-0.3738112559620710	0.0013960637019219	-0.0015432196108924	0.5588724191431906	-0.3594856592617454	0.0013954697401713	-0.0015437594152641	
0.3200299186736684	0.0853869598729970	0.0020392864391987	0.0004009602959961	0.3113489068569856	0.1289311771514829	0.0000196395400505	-0.0020832402970555	0.3429663520450150	0.1552501244228441	-0.0000210001463936	-0.0020832269592731	
0.4796037524673569	-0.0469738723257478	0.0003314278262719	-0.0020566680493465	0.4698019165935572	-0.0015773490517457	0.0019039828328891	-0.0008348525256058	0.5070746543801150	0.0209731793765732	0.0020712977245589	-0.0001688944299913	
0.0537606896168465	0.2147151495801740	-0.0005929809101365	-0.0019967200826675	0.0324758879605590	0.2644086003430597	-0.0010211607622128	-0.0018144663434948	0.0603812969400588	0.2957715305017112	-0.0007203181613096	-0.0019541806441918	
0.5284669805111659	-0.4846846640538351	-0.0012471071810733	0.0016664979311751	0.5177183185192273	-0.4372913689237848	-0.0012838856404778	0.0016381890385419	0.5488742973648695	-0.4258476243883081	-0.0012821809978180	0.0016395302531917	
0.5430620124389951	-0.4283897682447643	0.0013316883141222	-0.0015993767408798	0.5325056004012592	-0.3798077611005466	0.0014058353814031	-0.0015342784754545	0.5652665619334050	-0.3666563362386294	0.0013703683399484	-0.0015661951049520	
0.5866556346642111	-0.4753463161242338	0.0013992638631588	-0.0015403040236008	0.5753234947157246	-0.4252661416642111	0.0013931200268384	-0.0015458907858116	0.6082753696200995	-0.4131927013096929	0.0013976516248774	-0.0015417744173499	
0.1121579372240317	0.0966435560131976	0.0020180752525414	-0.0004972539193511	0.1029564006064380	0.1385796983002743	0.0008095876354670	-0.0019187403110188	0.1309921564153070	0.1646042165702457	0.0005445506811448	-0.0020105366952320	
-0.6629254515016110	0.1519692124848652	0.0020781232488239	0.0000078465318637	-0.6639650348975096	0.1970332625227459	0.0020781379883439	0.0000000087987603	-0.6639650785945806	-0.1032158710528761	-0.0020781379882910	0.0000000172679227	
0.5609351604208557	-0.0417067163228380	0.0006235572275988	-0.0019873368142967	0.5506896503755683	0.0024452671457416	0.0020537906498106	-0.0003179702840076	0.5912722070019787	0.0248337202214365	0.0020093478506755	0.0005315885294062	
-0.0095258586256203	0.0844416503485849	-0.0005208209252280	-0.0020168454016363	-0.0207348801393793	0.1220217060835537	0.0019257985292901	-0.0007829502686059	0.0051680845238530	0.1499123142856683	0.0019364762299059	-0.0007560188163769	
0.4749332640277022	-0.4186770631272770	-0.0013331279428186	0.0015981709569399	0.4651784869646058	-0.3732177554834410	-0.0012702749073984	0.0016488181709092	0.4954371511150113	-0.3595563712963952	-0.0012765055856860	0.0016439749848380	
0.4600798621674071	-0.1377684155798518	0.0020460579469659	-0.0003646460271507	0.4520076395793364	-0.0937453569381726	0.0003078232445391	-0.0020603514894139	0.4847549643409603	-0.0730749329749924	0.0002707049974857	-0.0020655821741408	
0.3942072219501442	-0.0903982955584782	-0.0008602264049938	0.0018964661182462	0.3846993376853700	-0.0455932180266694	-0.0018673812121780	0.0009141705687512	0.4183554660929627	-0.0234195063287934	-0.0019372653783270	0.0007539842105449	
0.0779467091228347	0.1958432846312618	-0.0003111533768947	0.0020598486999298	0.0641683448886754	0.2371654333219763	-0.0020698774820959	0.0001855700554533	0.0957753626751838	0.2670524492733469	-0.0020611937034519	-0.0002654979170642	
-0.0208870153902925	0.1411477848238148	0.0020433776136269	-0.0003794504570383	-0.0319832345897749	0.1835539586821448	0.0007968306883024	-0.0019240997811596	-0.0050892748118567	0.2104954102371102	0.0008585158300563	-0.0018972449745906	
0.5104094725579609	-0.3925236760746880	0.0014505602491374	-0.0014918508522761	0.5005157962997071	-0.3439898182975219	0.0014991858271369	-0.0014427292869869	0.5327855367554124	-0.3293676000227552	0.0014869071219687	-0.0014554438176686	
0.4523064194226396	-0.3914598377026752	-0.0013222806111039	0.0016072021358688	0.4434516171602130	-0.3470627816010167	-0.0013361836775123	0.0015956042319321	0.4749924458061066	-0.3342560939463575	-0.0013282251944703	0.0016022682901367	
0.5759281181879117	-0.4643336515927052	0.0014778354535808	-0.0014647001439861	0.5655229756430207	-0.4143570064997591	0.0014128916061042	-0.0015277504040527	0.5985379793016774	-0.4020552673167124	0.0013774101788675	-0.0015599746232097	
0.5711984557502365	-0.4596259153682501	0.0014725800929051	-0.0014700100795680	0.5609306237366332	-0.4095194162144769	0.0014563366715324	-0.0014861841873386	0.5935857757559431	-0.3966393101609635	0.0014260409819808	-0.0015154221263800	
0.5508735303613059	-0.4373726574511684	0.0013897056365628	-0.0015489762884534	0.5403475265721995	-0.3885153131101188	0.0013961439732588	-0.0015431466265809	0.5725597849516662	-0.3749727860201861	0.0013973252614863	-0.0015420716905258	
0.4532288211482602	-0.3925780285825438	-0.0013212857227798	0.0016080242303912	0.4448897814944877	-0.3488156874386253	-0.0013450960050957	0.0015880607011441	0.4759367989576533	-0.3353789344220700	-0.0013330881701516	0.0015982042988953	
0.5244372542114351	-0.4064829431637374	0.0014752210851395	-0.0014673464279966	0.5142484264246590	-0.3584018961735982	0.0013349733646621	-0.0015966220546945	0.5460647181387461	-0.3441028426488796	0.0012968815900843	-0.0016278685137007	
0.4279342348823987	-0.3605661119453143	-0.0013362148212135	0.0015955780206299	0.4182494535222236	-0.3159372941232503	-0.0012676531042617	0.0016508448199837	0.4484526563865152	-0.3012977596491510	-0.0012402440707223	0.0016716374553885	
0.3043351172648235	0.0499866978436772	0.0001960151429649	0.0020740452000108	0.2933085952349731	0.0921030202105304	-0.0019294138745892	0.0007739531137843	0.3251819195909664	0.1154507166293736	-0.0000036766591404	0.0020833300728117	
0.5118779918183050	-0.4638733855714974	-0.0013012297707888	0.0016243775067131	0.5014560641403021	-0.4170120073069840	-0.0013233254064710	0.0016063376826716	0.5318860534301288	-0.4042622200265915	-0.0013130651805720	0.0016147774251051	
0.3933598262339237	-0.0866577147746022	-0.0000403884536055	0.0020829398417290	0.3821155326383567	-0.0439613157066730	-0.0016468389029205	0.0012706777967898	0.4160888076914595	-0.0224553826635944	-0.0018747114583641	0.0008989660975261	
0.4868329410808909	-0.4337846513685688	-0.0012748826097493	0.0016452402020702	0.4778300376735047	-0.3886685629583390	-0.0013570020999750	0.0015778479951670	0.5095079149900192	-0.3767665279437917	-0.0013258447789761	0.0016042484506140	
0.4616303495817160	-0.4028997418525801	-0.0013176548640263	0.0016110156777767	0.4530826583258458	-0.3582877889749040	-0.0013605075883423	0.0015748112289162	0.4849399604768025	-0.3461150631169270	-0.0013162872599550	0.0016121388704074	
-0.5467523761818482	-0.0344304437061573	0.0004872549230823	-0.0020252584642586	-0.5693185918461439	-0.0009188853691865	0.0018052853266043	-0.0010319433233847	-0.5393643544029074	0.0269035918526855	0.0017773404519327	-0.0010795944872598	
0.4728848292465011	-0.1634976615477389	0.0006790024028033	-0.0019689909628852	0.4607664992582741	-0.1206068847628330	0.0010950961182429	-0.0017706040203344	0.4942858908088503	-0.1012007316851950	0.0011287405484891	-0.0017492410677205	
0.2207441101643959	0.1161094747168543	0.0010366935736439	-0.0018055923757123	0.2094388216887841	0.1579644212328942	0.0016461553028785	-0.0012715677031744	0.2417565804157705	0.1839572217730697	0.0018913976712001	-0.0008631241757396	
-0.2116660131618369	-0.1236303319753326	-0.0015074583438572	0.0014340400145495	-0.2232600971464820	-0.0852481998545414	-0.0018403514165969	0.0009676925164748	-0.1965310967527518	-0.0585315967302475	-0.0019682605007259	0.0006684563704969	
0.5322581392594092	-0.4904858277689736	-0.0010063594715249	0.0018227584220555	0.5241513269839819	-0.4454558648194689	-0.0012937120509679	0.0016304011751824	0.5571082018253983	-0.4363226270487944	-0.0012889416788035	0.0016341939571537	
-0.5411019089856192	-0.0393642458882010	0.0019878287277109	-0.0006074806294587	-0.5629372933971596	-0.0047487432349183	0.0018640050049139	-0.0009210693950106	-0.5331295082524059	0.0238182367082247	0.0018415210996757	-0.0009654535837753	
0.5132729240738259	-0.4656482623544946	-0.0012965265784104	0.0016281526947060	0.5033742059154369	-0.4194030731146534	-0.0013247855789866	0.0016051276255271	0.5346679237146796	-0.4076581748641647	-0.0013030028446172	0.0016229484499759	
0.5445130957010880	-0.4301787772998286	0.0013518279970952	-0.0015823053522899	0.5339363282355500	-0.3813660718203097	0.0013980460200090	-0.0015414150072305	0.5662334479046909	-0.3677554554987481	0.0013702807502493	-0.0015662721223237	
0.4353696115694032	-0.3697918621090936	-0.0012630846640194	0.0016543603065268	0.4265021071862400	-0.3267747376717857	-0.0012936087131713	0.0016304835781370	0.4575716121197404	-0.3132902155158238	-0.0013162490595246	0.0016121702158729	
0.4565143702012657	-0.3966159273984440	-0.0013112086898465	0.0016162928147092	0.4473013080470545	-0.3516361645136158	-0.0013559821745408	0.0015787289792802	0.4783123775116995	-0.3382336735693852	-0.0013408528503961	0.0015916628860222	
0.4380288167635600	-0.3731936924453287	-0.0012417160409996	0.0016705388714582	0.4283334006052741	-0.3290148957944720	-0.0013079576434033	0.0016189379613341	0.4589339448294423	-0.3147994359413748	-0.0013191689419055	0.0016097699123513	
-0.5631602205517863	0.1521539704650559	0.0020160005533323	-0.0005056410327224	-0.5900270438723785	0.1907934206174752	0.0014172234269541	-0.0015237126931927	-0.5613313154928002	0.2175356395552921	0.0011589650926550	-0.0017292638018401	
0.4957373098651159	-0.4447006745863634	-0.0013488235858358	0.0015848800320405	0.4874146225338967	-0.3999172884046717	-0.0013350386471473	0.0015965671949225	0.5193070480492346	-0.3887418880939971	-0.0013070959511553	0.0016196372356178	
0.4736892351168713	-0.1656797464977786	0.0007600525331329	-0.0019389961100764	0.4619100706591273	-0.1221228131969553	0.0011388026393270	-0.0017426743424221	0.4955533650682065	-0.1031658470872323	0.0011443685170610	-0.0017390061510968	
0.0051043423598821	0.0123607649868667	-0.0006737560739228	0.0019708013490009	-0.0072310150014521	0.0512601097040938	-0.0020513906695898	0.0003331767981545	0.0207830483124948	0.0781495810870973	-0.0020750135660955	-0.0001141979040615	
0.4795927865285550	-0.0426964954431110	-0.0002782863506676	-0.0020645693944076	0.4675108345657601	-0.0001094194634728	0.0016310702489513	-0.0012909566385205	0.5060712855685017	0.0211311435106443	0.0020248879927194	-0.0004685935464045	
0.5616928207221290	-0.0428783681176066	0.0012828452946429	-0.0016390079261447	0.5506896503755683	0.0024452671457416	0.0020537906498106	-0.0003179702840076	0.5912722070019787	0.0248337202214365	0.0020093478506755	0.0005315885294062	
0.5606367237080077	-0.0396439075673163	-0.0000481245563636	-0.0020827746422773	0.5485624114047538	0.0038580967845054	0.0013287629778589	-0.0016018201010487	0.5912722070019787	0.0248337202214365	0.0020093478506755	0.0005315885294062	
0.0809112086703316	0.4979167048922769	0.0000014615585637	0.0020833328180899	-0.6639650348975096	0.1970332625227459	0.0020781379883439	0.0000000087987603	-0.6639650785945806	-0.1032158710528761	-0.0020781379882910	0.0000000172679227	
0.3886222381660744	0.1480268295538916	0.0019704189541522	-0.0006620346687887	0.3786827576241913	0.1921447397838839	0.0007829345144573	-0.0019298244895364	0.4140016239120834	0.2191393568481032	0.0008147733894245	-0.0019165329828064	
-0.5299723131681860	-0.0458980994088132	0.0017446493842916	-0.0011319179619296	-0.5528721676072761	-0.0135893394466844	0.0009991135644729	-0.0018267601059159	-0.5248297613455181	0.0145430938792854	0.0007914244203568	-0.0019263409581045	
0.5426390567993262	-0.4279495772832608	0.0013247246332496	-0.0016051781767062	0.5319592987835808	-0.3792013843521466	0.0014054368711210	-0.0015346453563439	0.5642959141816959	-0.3655608234482177	0.0013790080816346	-0.0015585551920682	
0.3945316040075524	-0.0908029832540051	-0.0009074434575274	0.0018742203004024	0.3846993376853700	-0.0455932180266694	-0.0018673812121780	0.0009141705687512	0.4183554660929627	-0.0234195063287934	-0.0019372653783270	0.0007539842105449	
0.5053311227649604	-0.4559411567362020	-0.0013381420914502	0.0015939539542223	0.4953843256792909	-0.4095909889948854	-0.0013111318524510	0.0016163554576350	0.5267506392561645	-0.3979642686205401	-0.0013117257041278	0.0016158711518533	
0.0782647885369911	0.1939663132335687	-0.0004258410262187	0.0020391246557997	0.0647211526565274	0.2368431476867625	-0.0020781014018243	0.0000123621872364	0.0957753626751838	0.2670524492733469	-0.0020611937034519	-0.0002654979170642	
0.4246038387907751	0.2089642004362985	-0.0020017832141304	-0.0005595364301111	0.4191522574220792	0.2541549235920258	0.0004690978478275	0.0020295623537249	0.4572173348228028	0.2843726389381054	0.0005288724013194	0.0020147385643436	
0.3776429766983833	0.0012292391642274	0.0009184300434827	-0.0018688341799960	0.3678495508502562	0.0455588722222270	0.0005453707080426	-0.0020103132998636	0.4000243897486060	0.0711550609105031	0.0008665890463499	-0.0018935526467580	
0.5063109662308038	-0.1778194466251914	-0.0014294347406012	0.0015122053138476	0.4966858097154205	-0.1354769640466970	-0.0017103877890091	-0.0011833029929513	0.5310243324952040	-0.1139966239456585	-0.0019293480505492	-0.0007741180098794	
0.5223363658307916	-0.4044124650383458	0.0014936816364449	-0.0014484555838166	0.5123406604591092	-0.3561880217676831	0.0013663006252127	-0.0015697626651728	0.5442358459353329	-0.3418429425832092	0.0013173518967087	-0.0016112646683791	
0.5605261816094109	-0.0405577369265223	0.0001524119271584	-0.0020777228135813	0.5496539055858318	0.0029365338474206	0.0018833161782753	-0.0008807050489742	0.5912722070019787	0.0248337202214365	0.0020093478506755	0.0005315885294062	
0.5043704590798035	-0.4548283346804370	-0.0013414998182411	0.0015911149106803	0.4949298222758403	-0.4090873473729217	-0.0013120792401236	0.0016155826583784	0.5258223460879252	-0.3968303361704914	-0.0013106055648824	0.0016167843581629	
0.5622887305985229	-0.0436773466176230	0.0015675690599432	-0.0013677365602862	0.5517109761768684	0.0023841492361001	0.0020780400231017	-0.0000202286779765	0.5922466849337380	0.0250721677064130	0.0019569919231436	0.0007009189448384	
0.5483710201404903	-0.4345661460998305	0.0013892292804597	-0.0015494056705347	0.5378607877291579	-0.3857244716264907	0.0013881701300586	-0.0015503594236141	0.5701009586149735	-0.3721579819044252	0.0013759816470533	-0.0015612411165482	
0.5098969452165503	-0.3919017448790844	0.0014538140247622	-0.0014886643252407	0.5000201734774345	-0.3435770402414677	0.0015005733998523	-0.0014412787979911	0.5322889658965582	-0.3289434153626321	0.0014888514950649	-0.0014534447892186	
0.2130024821688400	0.1205676149318596	0.0020778891848973	-0.0000322367894542	0.2052045136656465	0.1649491223159539	0.0008651851884877	-0.0018941977093056	0.2356432926396205	0.1904953670945334	0.0007585908441670	-0.0019395712959193	
0.3933910736867019	-0.0855856077780027	0.0002611867064340	0.0020668134321501	0.3821155326383567	-0.0439613157066730	-0.0016468389029205	0.0012706777967898	0.4154124262618590	-0.0220828769583154	-0.0018388976219295	0.0009704661028945	
