0.4083695235214317	0.3077250972211500	-0.0020774676510077	0.0000529112784794	0.4789945727014056	0.2612621295384588	-0.0020740470828087	0.0001306569329053	0.6026180636007383	0.2121551405786328	-0.0020695092563471	0.0001896525901022	
0.3387528818363630	-0.1072540042848174	-0.0019881687267511	0.0006063613709854	0.4010759968230808	-0.1614682353885867	-0.0019458977492248	0.0007313025853570	0.5104241889191199	-0.2297399620178750	-0.0018831492253233	0.0008810637626466	
0.4083433531147922	-0.1354379538527341	-0.0018233294791936	0.0009995518785025	0.4738021178987577	-0.1937745101491146	-0.0018014574198335	0.0010386445086371	0.5901749733731561	-0.2687772062461708	-0.0017719450400085	0.0010884713974930	
0.3272566290965169	-0.0319017362011005	-0.0020780618900797	0.0000178287141588	0.3907114932704583	-0.0827912553566271	-0.0020778064862553	0.0000372102335742	0.5008264630072952	-0.1453968290368512	-0.0020768192786379	0.0000742065543650	
-0.6369993005565777	0.0329204242125050	-0.0020576175092803	0.0002920488880688	-0.5621578468354445	0.0081850308527389	-0.0020483008660319	0.0003517633234137	-0.4468066564000957	-0.0208714237669702	-0.0020321856221926	0.0004356887324698	
0.3126216589420174	-0.0298617452101899	-0.0020761364263014	0.0000914147975921	0.3752292753351367	-0.0805618367279180	-0.0020115258208169	0.0005232448569740	0.4832734084525168	-0.1431520041390407	-0.0019409297110530	0.0007444528519406	
-0.3439189524957554	0.2888974178129565	0.0020768657295492	-0.0000728883004237	-0.2742952148620654	0.2504442199812698	0.0020762087212741	-0.0000897494774085	-0.1693425339561633	0.2056949893621445	0.0020753593538653	-0.0001076978569215	
-0.3045444882055398	-0.0047208801136067	-0.0019453828767217	-0.0007326779748531	-0.2463622308918942	-0.0370536345889430	-0.0019130446844173	-0.0008137666987552	-0.1537285677523083	-0.0752077584752534	-0.0018696297995910	-0.0009095398646289	
0.4426808187678903	0.2815599434926307	-0.0020681930168233	-0.0002035720444396	0.5154259860821322	0.2346178186945468	-0.0020769568691362	-0.0000702298469882	0.6421470949806503	0.1843844119051497	-0.0020755346555868	-0.0001042474300765	
0.2618196741042774	0.1812851274518665	-0.0019184976217635	-0.0008007611900466	0.3254263119373397	0.1370948038577505	-0.0020219984211024	-0.0004809700840773	0.4343640595436618	0.0873363537400449	-0.0020682897742329	-0.0002025816828815	
-0.1049969732526016	-0.0119181852075124	-0.0020686944802925	0.0001983852158450	-0.0498674675851781	-0.0499412440111263	-0.0020631281361853	0.0002499419528934	0.0394428841533154	-0.0939975550110621	-0.0020531799747402	0.0003219094311838	
-0.3771871793134508	-0.0176276966357421	-0.0020700725683725	-0.0001833699941517	-0.3179615609949960	-0.0487934719028527	-0.0020741700692661	-0.0001286798567097	-0.2223608416131905	-0.0854086325757066	-0.0020773599240636	-0.0000570037805766	
0.1390111853850230	-0.0676780173251544	0.0004896429090172	0.0020246795672641	0.1933134790128193	-0.1114613982795203	0.0006013126425011	0.0019942143163212	0.2867679250066297	-0.1656241729022371	0.0006220275813520	0.0019878185168712	
0.3075437347713412	-0.0301442997145689	-0.0020651135856710	-0.0002328809376226	0.3698838743721726	-0.0801373940690902	-0.0020740675683149	-0.0001303297068035	0.4778969239248247	-0.1414397315348381	-0.0020637409263231	0.0002448048504945	
0.3710823211199108	-0.0682555037611518	0.0019564263389367	-0.0007025039611766	0.4352903071730332	-0.1221566763432597	0.0019301775800237	-0.0007720369647822	0.5495304353066173	-0.1900425389195280	0.0018936265962931	-0.0008581984454500	
0.2867406960885881	0.1827138870747154	-0.0020773617994834	-0.0000569350519860	0.3512012671776903	0.1375211057647345	-0.0020670765886826	-0.0002146658359999	0.4625514552104661	0.0870409426563249	-0.0019667260214621	-0.0006729801653792	
0.4333627033626408	-0.1477502364376104	-0.0019249066839050	0.0007851512907815	0.5006525219495053	-0.2076703866592709	-0.0019116517124907	0.0008170499412417	0.6202341925637953	-0.2855876209805925	-0.0018988036963744	0.0008466241721857	
0.2998683042794157	0.0689875646547329	0.0012876475873362	0.0016352189224481	0.3625377839099815	0.0239970072824247	0.0009322295739723	0.0018619546470635	0.4709299997484835	-0.0292329022645278	0.0006753598296525	0.0019702495966448	
-0.5901681033036872	0.0283540564521357	-0.0020700889844999	0.0001831836485162	-0.5185638631173080	0.0026749209036375	-0.0020592004843752	0.0002806120236841	-0.4071780716848905	-0.0276209775356169	-0.0020201712214523	0.0004886256728318	
0.4499750404419021	0.2599668455243886	0.0020699535536599	0.0001847153092564	0.5226674881101554	0.2127391814902286	0.0020775256681217	-0.0000505701083555	0.6494643776501969	0.1616612010225934	0.0020605728838747	-0.0002702976650202	
-0.2754949088416951	0.1427497861346916	-0.0008209518012787	-0.0019138813694148	-0.2149772708554022	0.1082964750969495	-0.0008412162729136	-0.0019050171424672	-0.1188715477465490	0.0689075925025847	-0.0008376820302614	-0.0019065816668428	
-0.2919226394841410	0.2858213550774596	0.0020406292894278	-0.0003940342819776	-0.2245550595699390	0.2463929667397156	0.0019985717054561	-0.0005709575354729	-0.1226752052609565	0.2008554437025843	0.0019410742095941	-0.0007440741203898	
0.3013361780966074	-0.0536191309681537	0.0020764891299177	-0.0000829740126999	0.3626400722062721	-0.1040756236457195	0.0020730733642252	-0.0001453601673198	0.4707665554929419	-0.1662255982794449	0.0020631051118123	-0.0002501328834101	
-0.2462779761409108	0.0006105121721344	-0.0020766127023980	0.0000798054411434	-0.1891148197504758	-0.0333759490770970	-0.0020693213782847	0.0001917018342373	-0.0966175525692948	-0.0728154979113244	-0.0020565611049963	0.0002994337109926	
0.2878134582336218	0.2333043992093681	-0.0019810445201566	0.0006293593342616	0.3533034484263506	0.1876642539079953	-0.0020605652808125	0.0002703559095848	0.4644931764064961	0.1380242665650057	-0.0020781143774692	-0.0000099309671410	
0.4561707131433033	0.1267594394678415	0.0018575696956565	-0.0009340440094840	0.5279447489412519	0.0765805255206314	0.0020427984998630	-0.0003825713747383	0.6545810096003732	0.0199539963597756	0.0020744358008336	-0.0001243003258825	
-0.4842228853051872	-0.0179152083076884	-0.0020711553643016	0.0001706399761444	-0.4208054295743569	-0.0467070812437079	-0.0020679022797549	0.0002065190393042	-0.3200477480725455	-0.0803118370397871	-0.0020622399811977	0.0002572028165019	
0.4644765803672830	0.0160395805851132	0.0020711799939989	-0.0001703392680290	0.5351461695342836	-0.0371225056806920	0.0020624883631401	-0.0002551933616590	0.6629247556696356	-0.1011001969206440	0.0020774328277334	-0.0000542679921325	
-0.2919805984394185	0.0062521686399000	-0.0008075017805113	-0.0019196234738229	-0.2357627730952865	-0.0261360223472791	-0.0007664926102953	-0.0019364466503338	-0.1438235554581673	-0.0632188147784161	-0.0006897255915860	-0.0019652416660228	
-0.2929953389832146	0.0041392533251977	-0.0010001824613807	-0.0018261721563596	-0.2363384985618373	-0.0276196794711410	-0.0008717859479530	-0.0018911536783051	-0.1446580092796612	-0.0654090243000999	-0.0008189060545592	-0.0019147619759799	
0.2906540371385495	0.1580068214069810	-0.0016069847833521	-0.0013209653831128	0.3544542748760535	0.1158708217063772	0.0020740277367676	0.0001309652041113	0.4645397550897807	0.0658126914625388	0.0020130577965471	0.0005172898119691	
-0.5216167090868601	-0.0136415546525613	-0.0020503103138199	0.0003397944368721	-0.4561664937191123	-0.0418726724780455	-0.0020442289508730	0.0003748136820109	-0.3532468363685928	-0.0746677693945874	-0.0020338577499890	0.0004277752800746	
0.4280975191540148	0.0708462918739407	-0.0020762094626754	0.0000897322387693	0.4977129795715991	0.0206298382615934	-0.0020721463551766	0.0001580869119468	0.6203467153022952	-0.0390061845528258	-0.0020332552485197	0.0004306441678735	
0.4621804102045926	0.2570598527830357	0.0003814337556283	-0.0020479398672745	0.5318388910363447	0.2102112718925901	0.0009661484450167	-0.0018444950289613	0.6639083099513199	0.1621992154750223	0.0019908620948666	0.0005974139816937	
-0.6224238588339542	0.0310529770978512	-0.0020659800470058	0.0002250248401155	-0.5486497454226511	0.0060977666961687	-0.0020603070262826	0.0002723267882690	-0.4343897883605001	-0.0232505467628734	-0.0020511986901954	0.0003343625792977	
-0.0810896256570307	-0.0139219684065880	-0.0020712968164801	0.0001689056219214	-0.0260500074583699	-0.0525943985987707	-0.0020656248550814	0.0002282784223279	0.0634557225610980	-0.0975239304996002	-0.0020552041630993	0.0003086549948502	
-0.3678209370717511	-0.0167854854123796	-0.0020690058616587	-0.0001950944412683	-0.3085876548282031	-0.0481777870866058	-0.0020728041043681	-0.0001491693171764	-0.2140595863343182	-0.0851012467091632	-0.0020760700786421	-0.0000929168099375	
-0.2880117511094612	0.1041554061690347	-0.0001255101815567	-0.0020795302617707	-0.2289858586357786	0.0708403662053617	-0.0003241292960564	-0.0020578367334629	-0.1346406314028020	0.0312112586605806	-0.0004471818579396	-0.0020345282145536	
0.4279779704511768	0.2782613644567793	-0.0018180439713728	-0.0010091812614685	0.4995965834955873	0.2326478964728889	-0.0020151191436522	-0.0005091598073702	0.6244883512180996	0.1832990627815761	-0.0020684210059229	-0.0002012305964856	
0.0893537196384337	-0.0344256665837613	-0.0020698753252011	-0.0001855942326493	0.1454955621493167	-0.0778613647070469	-0.0020640943869754	-0.0002417914043290	0.2390168685560287	-0.1298721053278700	-0.0020630478039437	-0.0002506074703097	
0.2576604114819732	-0.0490950417011159	0.0020564837558802	-0.0002999671321226	0.3178195186366874	-0.0984069757123717	0.0020421850574012	-0.0003858488101745	0.4207552155706991	-0.1585456865510038	0.0020288248009753	-0.0004511555480618	
0.2462271942460929	0.1084594106231214	-0.0020680700600516	0.0002048235946328	0.3076786579452040	0.0630696010002362	-0.0020492174577700	0.0003463565821896	0.4135741107008248	0.0102781384371936	-0.0019738960756112	0.0006515415414363	
-0.0488283332983548	-0.0164110136896408	-0.0020754819407216	0.0001052969250600	0.0062472866410261	-0.0559297317890396	-0.0020724263900966	0.0001543536078376	0.0966264534455815	-0.1021984157951328	-0.0020660364838852	0.0002245034812693	
-0.0643945071148992	-0.0153681736047024	-0.0020710660204295	0.0001717263412520	-0.0093915389184791	-0.0544827859196192	-0.0020655519514995	0.0002289404364838	0.0799968302252094	-0.1000710377865106	-0.0020559931626482	0.0003033280964119	
-0.4826055119332290	0.0710659777206052	0.0006757242570627	0.0019701240154027	-0.4168245284392363	0.0438301826827571	0.0007184443535532	0.0019548737686012	-0.3129390759606313	0.0115515903105755	0.0007418071224442	0.0019460845671753	
-0.6244760207783698	0.0312898521638672	-0.0020645273532749	0.0002380474326431	-0.5506865979961820	0.0063915415774774	-0.0020584687827661	0.0002859564589609	-0.4353971748151928	-0.0230706673655889	-0.0020497907083268	0.0003429305466610	
-0.6120245402270699	0.0300853620565135	-0.0020713103985097	0.0001687381475134	-0.5382816497278032	0.0048984428354319	-0.0020662009689289	0.0002229769475521	-0.4249146616770828	-0.0246381853946304	-0.0020578236333582	0.0002905856409945	
-0.2693762522201865	0.1615811046453656	-0.0005288407661392	-0.0020147469099403	-0.2085093616255018	0.1269085681011102	-0.0005688219303004	-0.0020037713380536	-0.1120297383142316	0.0874000375516404	-0.0005721639801745	-0.0020028148325282	
0.3699014141389456	-0.1198102071210894	-0.0020434179779511	0.0003792319379610	0.4343774903269209	-0.1759325462939209	-0.0020428756859687	0.0003821569320745	0.5473682973048357	-0.2473438091738754	-0.0020359357334300	0.0004177228615996	
-0.2327049882434172	-0.0006286919890813	-0.0020639672789533	0.0002428794346769	-0.1765737616102675	-0.0349513493747008	-0.0020557607795819	0.0003049069030766	-0.0841540574604746	-0.0749458746435915	-0.0020428230538715	0.0003824395849857	
-0.0051712615237015	-0.0228124897125668	-0.0020781175878557	0.0000092311536797	0.0498735957544273	-0.0635500531633283	-0.0020779143694032	-0.0000305618188551	0.1402517646667080	-0.1115692263192949	-0.0020780930228542	0.0000137048401369	
0.2919419513059608	0.1613820611778883	0.0020770497893606	-0.0000674114812806	0.3555844112645352	0.1160448328355728	0.0020020129142325	0.0005587098890587	0.4645397550897807	0.0658126914625388	0.0020130577965471	0.0005172898119691	
0.3708351797331517	-0.0681285287446754	0.0019573518760694	-0.0006999080896994	0.4352903071730332	-0.1221566763432597	0.0019301775800237	-0.0007720369647822	0.5486036422995249	-0.1896633144015795	0.0018922118050654	-0.0008613289482325	
-0.4755137752400450	0.1051320155307263	0.0003120874767607	0.0020597066740000	-0.4091361383314540	0.0759772757323178	0.0004171259965359	0.0020409342524549	-0.3046999778220758	0.0417469188696410	0.0005371236970842	0.0020125435645824	
-0.3138626885393190	-0.0078181432846713	-0.0019829473457561	-0.0006233078094774	-0.2556567187008957	-0.0401833709894525	-0.0019895929374188	-0.0006016482197825	-0.1620922094150383	-0.0781522475554684	-0.0019986394495498	-0.0005707191640701	
0.4384916327032158	0.0188017821860202	0.0020669103446568	-0.0002162686115103	0.5081085628567175	-0.0333043437521670	0.0020471089108304	-0.0003586689544961	0.6307853726838772	-0.0964734366786489	0.0020195055080527	-0.0004913835347483	
0.0935451379074411	-0.0339382439421641	-0.0020499903167797	-0.0003417292963966	0.1496133135577413	-0.0772177113843264	-0.0020460813492488	-0.0003645140330491	0.2431367522960621	-0.1292134359391414	-0.0020486903210828	-0.0003494765426261	
0.2732676995927672	-0.0802293263850196	-0.0019723746546470	0.0006561557562472	0.3326130216938518	-0.1309811850423057	-0.0019255726775561	0.0007835083385683	0.4362997743725925	-0.1939743458560821	-0.0018512832602365	0.0009465043049491	
0.3843959471915235	0.2468786151206706	-0.0005919598387910	-0.0019970245503448	0.4519631679516589	0.2031403115183756	-0.0012666781196606	-0.0016515967799974	0.5728227881247512	0.1557718029944462	-0.0020430570353750	-0.0003811813606680	
0.4136988862733915	-0.0870793913489328	0.0018736445220162	-0.0009011988254671	0.4802002556564189	-0.1433818853960896	0.0018715157184347	-0.0009056334506513	0.5985445575464585	-0.2144944195415139	0.0018677000834773	-0.0009135156572550	
-0.1007715476652418	-0.0123193820781091	-0.0020699031727707	0.0001852818374493	-0.0457760695898912	-0.0504535487388976	-0.0020647651732773	0.0002359653270079	0.0436651540728411	-0.0946408808769543	-0.0020551822726887	0.0003088014480947	
-0.0727423951132625	-0.0146455757541493	-0.0020706820011460	0.0001763190570639	-0.0177210008243962	-0.0535079163708108	-0.0020645540781626	0.0002378143782755	0.0717239196380870	-0.0988085199540880	-0.0020534665307280	0.0003200671905452	
-0.4769118115332697	-0.0184362795803988	-0.0020748919381384	0.0001163977349336	-0.4135884313351321	-0.0472790140660893	-0.0020735614046470	0.0001381872699858	-0.3137637464515435	-0.0810006621254943	-0.0020684877388919	0.0002005400276564	
0.1973533004062726	-0.0476678934003685	-0.0019657729427230	-0.0006757729259735	0.2555669785679341	-0.0936587407792285	-0.0017879214730612	-0.0010618904316503	0.3545804764461546	-0.1493286307279463	-0.0015902418698814	-0.0013411742696599	
0.2639295191749540	-0.0278575475794787	-0.0020701416895906	0.0001825840777022	0.3242018534543220	-0.0768562555184962	-0.0020638260515596	0.0002440825592172	0.4291179961293494	-0.1366208906505453	-0.0020506675505442	0.0003376209489571	
0.3503798123151964	0.3123020309355996	-0.0016731203073213	-0.0012356909246939	0.4190891065073425	0.2685198468617822	-0.0009932826775347	-0.0018299530271524	0.5347581484839923	0.2220567608968814	-0.0007080964941855	-0.0019586645950036	
0.3897700212447686	-0.0382132992648436	-0.0020534492145411	0.0003201788228622	0.4562175226543026	-0.0915093271178922	-0.0020403452300711	0.0003955098706864	0.5724799202629365	-0.1573923485914371	-0.0020230502374058	0.0004765042222458	
0.1392386144955019	-0.0666669605839424	0.0005184814117355	0.0020174511167430	0.1936276068736204	-0.1104189346642333	0.0007066305211581	0.0019591966032245	0.2876073508692401	-0.1635626686932641	0.0009622676600621	0.0018465327361529	
-0.0883035094926483	-0.0133680744259606	-0.0020714951720082	0.0001664429318411	-0.0332108559806807	-0.0517848507062651	-0.0020663189670045	0.0002218752995384	0.0561764902376357	-0.0964837821594846	-0.0020565794983826	0.0002993067221920	
-0.2930613086001133	0.2860451950006586	0.0020499978131411	-0.0003416840984830	-0.2255216206826575	0.2466580643665287	0.0020162043863354	-0.0005048235760258	-0.1236009206448722	0.2012035391935921	0.0019705894190852	-0.0006615245541420	
0.4217638752148276	-0.0908303856639471	0.0018902478299215	-0.0008656520106150	0.4882065254374666	-0.1471723201585457	0.0018811318588384	-0.0008853842699543	0.6077337984131932	-0.2189584070712857	0.0018674573187474	-0.0009140143106196	
0.2899696796263621	0.2674593383687578	0.0020267300718028	0.0004605205176652	0.3563468188977570	0.2230880659883023	0.0019599101185805	0.0006926758684270	0.4687064962992249	0.1758300661879393	0.0018691215036222	0.0009105891891536	
-0.4731020572711589	0.1209670757100224	0.0000979761251135	0.0020810166746291	-0.4062625053644697	0.0906185279767194	0.0001919814943699	0.0020744243463599	-0.3013869169554552	0.0562819466090116	0.0003432716656150	0.0020547146827991	
0.4603839071683602	-0.1069941540490498	0.0019813317023129	-0.0006284501182624	0.5299964057542419	-0.1653875497014982	0.0019589961199662	-0.0006952694911569	0.6546271676982955	-0.2395149848531901	0.0020103307212878	-0.0005278406595218	
0.3864683308841230	-0.0377121977565242	-0.0020584079330846	0.0002863963358306	0.4529391384153001	-0.0908812793467264	-0.0020453956797389	0.0003683611351350	0.5682896358840581	-0.1564465258044331	-0.0020300733921639	0.0004454750866557	
0.0861989137427652	-0.0345997655393973	-0.0020777976435207	-0.0000377032140721	0.1413071918841460	-0.0781603428553072	-0.0020767569314237	-0.0000759399305670	0.2358775185275052	-0.1301392795276826	-0.0020734502693288	-0.0001398531670218	
0.3179290114582145	0.2575421363866851	-0.0020781363038949	0.0000026525757863	0.3844310735638998	0.2120302096899608	-0.0020760449189548	0.0000934800645403	0.4987566803792036	0.1625129081252345	-0.0020743126531456	0.0001263488723016	
-0.3740873586912963	-0.0173703085235737	-0.0020700017800931	-0.0001841713622425	-0.3148535560943399	-0.0485987097294325	-0.0020740722640131	-0.0001302545836006	-0.2192454251286094	-0.0853147835393969	-0.0020770709922933	-0.0000667516840011	
0.2733051225905347	0.3126918590848412	-0.0020663522159293	0.0002215638819365	0.3397342981492320	0.2675051356700939	-0.0020575593274374	0.0002924605618432	0.4509045275858272	0.2195728432473230	-0.0020508519718661	0.0003364932551431	
-0.1256894943801631	-0.0100554393232931	-0.0020732644468103	0.0001425949468910	-0.0707231713186393	-0.0473468530453584	-0.0020670795859880	0.0002146368276484	0.0197153716563888	-0.0907703816421114	-0.0020558795584519	0.0003041009678025	
0.4675617316076504	-0.0450344773863213	-0.0020735317403258	0.0001386338997563	0.5382394109202782	-0.1010236019567217	-0.0020717946385729	0.0001626538076866	0.6649990147233868	-0.1711347437556375	-0.0020780272503456	0.0000215069663203	
0.3718507331446290	-0.1201364023180621	-0.0020483398508719	0.0003515351039134	0.4363085517598255	-0.1762674766823210	-0.0020430619220620	0.0003811550369256	0.5487754175622177	-0.2476147169326410	-0.0020323774663928	0.0004347884601259	
0.2898805555623721	0.2134548021755236	0.0020767468511473	-0.0000762164754150	0.3554940363948560	0.1681449511223113	0.0020781286348360	-0.0000062506296770	0.4665023332434002	0.1186148911272788	0.0020718908438720	0.0001614175360351	
0.4623895485403600	-0.1583207846600004	-0.0019899497348546	0.0006004611406403	0.5319442573426747	-0.2199768322634473	-0.0019760593833768	0.0006449175394159	0.6555558380638500	-0.3004647785592874	-0.0020069880534159	0.0005404734507672	
0.4083463732231352	0.0699944383293344	-0.0020055905694009	-0.0005456621098151	0.4770053174541125	0.0212111587421428	-0.0020344400668357	-0.0004249832842463	0.5976331389392526	-0.0370195486724723	-0.0020756160417362	-0.0001026059899039	
0.2837122990257946	0.0968252425080828	-0.0009852107000457	-0.0018343332268634	0.3460463701392194	0.0530838675088922	-0.0013422715693823	-0.0015904606522623	0.4548610340235992	0.0024487629929844	-0.0018663770382036	-0.0009162291971881	
0.4427056508049894	-0.0790170404807429	-0.0019171888108868	0.0008039053451274	0.5110117824834111	-0.1359226918659680	-0.0019190859233865	0.0007993431831593	0.6328567727829133	-0.2081679741214398	-0.0019120721790464	0.0008160605429011	
0.4405811088239810	0.2030954026037707	0.0017975765877618	0.0010453801152949	0.5122643905293502	0.1562399660589991	0.0020571660629797	0.0002952278043691	0.6379279780140088	0.1035897398782317	0.0020762001291018	-0.0000899490162336	
0.3246872272367062	0.1059948825132781	-0.0005718353664893	-0.0020029091515231	0.3880542428675335	0.0602055260629119	-0.0005136619637763	-0.0020186897415473	0.4979948473428133	0.0061381214522103	-0.0004326520321278	-0.0020376832158226	
0.3323443611334955	-0.1055580262564247	-0.0020236252203115	0.0004740441500711	0.3947788762621993	-0.1595224664005844	-0.0020127964535832	0.0005183108579493	0.5038703491253445	-0.2272505403349632	-0.0019902611770150	0.0005994228642276	
0.4113038978632815	-0.0410902847231483	-0.0020685914637281	0.0001994618674291	0.4789067311493929	-0.0950946142751766	-0.0020586760997929	0.0002844525779094	0.5975052917787089	-0.1623771183214182	-0.0020409143523527	0.0003925476962728	
-0.1277556202491240	-0.0099139003987006	-0.0020737921408067	0.0001346624908915	-0.0727716907269056	-0.0471498994898445	-0.0020682156090314	0.0002033412374208	0.0176884279682328	-0.0904887931301273	-0.0020578146273552	0.0002906497303651	
0.4477056540543440	0.2246977969105226	-0.0020378260698373	0.0004083540826544	0.5193948333991558	0.1765886869698731	-0.0020649950704953	0.0002339347390258	0.6462981229751472	0.1239005583677839	-0.0020768837971433	0.0000723690567017	
0.3916850441623254	0.3069305541415027	-0.0019441640743824	0.0007359220993631	0.4623837691272412	0.2604554475972601	-0.0020685525045700	-0.0001998675138939	0.5839772706459783	0.2123151109951836	-0.0020570842463420	-0.0002958001956963	
-0.1060253926303204	-0.0118132618259539	-0.0020684496239266	0.0002009347438803	-0.0508891762791727	-0.0498148047255435	-0.0020626525547359	0.0002538561552615	0.0384325694158271	-0.0938259651842671	-0.0020525412232855	0.0003259775242879	
-0.4416117622717040	-0.0194116473783025	-0.0020698157123113	0.0001862611971820	-0.3802999517272717	-0.0494189771633397	-0.0020652128224697	0.0002319948248859	-0.2815937301314480	-0.0846491022811839	-0.0020637639254257	0.0002446099153354	
-0.5018357382775973	-0.0163079780145715	-0.0020678820744783	0.0002067222692591	-0.4374403080428539	-0.0447312829163007	-0.0020614919832585	0.0002631601676184	-0.3355930872666669	-0.0779699413452363	-0.0020496012040884	0.0003440670008754	
-0.4000426042562663	0.2896802438523527	0.0020780520152111	-0.0000189501870481	-0.3273066790272096	0.2519553809609882	0.0020776155855647	-0.0000467102317334	-0.2192429183695729	0.2074972174156002	0.0020773654261102	-0.0000568019107724	
0.4464456893515782	0.1408788369930220	-0.0008223040324737	-0.0019132978623823	0.5167768069822591	0.0943225611902355	-0.0017446134058694	-0.0011319736919135	0.6430211623022293	0.0400084441788739	-0.0019811172734189	-0.0006291291348550	
-0.1880805395153224	-0.0053073525783967	-0.0020732405941003	0.0001429430635121	-0.1319895516491644	-0.0408509348863894	-0.0020678534073338	0.0002070102651414	-0.0415283177556892	-0.0820761495291620	-0.0020588027594375	0.0002835297864755	
0.4468082501556405	0.1416592060641745	-0.0012142828039610	-0.0016906843054295	0.5175072503834608	0.0947185395948976	-0.0018056581921762	-0.0010312874893843	0.6433492462963299	0.0401389713587323	-0.0019881958497940	-0.0006062719861474	
0.4040049479069836	0.0692165587880298	-0.0020648320353700	-0.0002353765913280	0.4727383893075612	0.0202523019853543	-0.0020427253185155	-0.0003829638856302	0.5922510609436511	-0.0376173826665205	-0.0020576210969498	-0.0002920234836334	
0.2409154261166943	-0.0699975326876819	-0.0017714451715065	0.0010892887952849	0.2993046862609477	-0.1197202823952853	-0.0017451775784630	0.0011310993494058	0.4007974205010902	-0.1805831851121998	-0.0017415751708322	0.0011366658809716	
-0.2587799504168095	-0.0009148777351400	-0.0019309424208827	-0.0007701124258723	-0.2015072885871336	-0.0336137946665939	-0.0020369257442200	-0.0004128438278680	-0.1080610001861476	-0.0719034614237814	-0.0020772683275591	-0.0000602651271549	
0.4613737251357022	-0.0445152490995515	-0.0020658175927630	0.0002265188006797	0.5319442575853319	-0.1004372509864701	-0.0020634074189609	0.0002476140948297	0.6577397837659804	-0.1707581216573317	-0.0020693013320595	0.0001919191818195	
0.3886768943973833	0.1308402142952045	0.0020691266592132	0.0001938026372878	0.4571982440465816	0.0829890767426519	0.0020764735428506	-0.0000833651207550	0.5756272901026376	0.0279526986604942	0.0020643197967816	-0.0002398496183547	
-0.0290264542022527	-0.0171039786479331	-0.0020649443005898	0.0002343847018224	0.0249387664062326	-0.0573030442154965	-0.0020210309752251	0.0004850393957253	0.1153346418166566	-0.1048526253374226	-0.0019176682437621	0.0008027552822041	
0.2754558408287888	-0.0809794925911130	-0.0019517010603277	0.0007155915431604	0.3356284217193627	-0.1322710875298294	-0.0018950890092892	0.0008549480492220	0.4383727286293579	-0.1950201690348131	-0.0018346699693053	0.0009784747183443	
-0.5412802292475115	0.0259739944248926	0.0020614462489112	-0.0002635199758806	-0.4727843361745905	-0.0020725469007181	0.0020780130606401	0.0000228433321084	-0.3659533722202157	-0.0350433313698768	0.0020631513573207	0.0002497492407154	
0.4441615711461522	0.2557317099806048	-0.0001828874212016	0.0020752499899653	0.5152441326263182	0.2117658786041510	0.0018911822241487	0.0008635984994507	0.6431264646950552	0.1619092672066653	0.0020748355164009	0.0001174041722790	
0.4384787918662523	0.3051266734932841	-0.0020734666738741	0.0001396085222067	0.5112080579847096	0.2582354890847476	-0.0020711769232134	0.0001703767889217	0.6368918882394328	0.2090333125302934	-0.0020682635092834	0.0002028510007700	
0.3646442673734049	-0.0348323995276703	-0.0020552576061000	0.0003082971467347	0.4291932631864923	-0.0871788218966604	-0.0020479733572242	0.0003536745930942	0.5434623123113829	-0.1519496672384164	-0.0020387169483571	0.0004038603359942	
0.4052773149488158	-0.0405310164582569	-0.0020663153416988	0.0002219092283163	0.4729628270850497	-0.0943419641222566	-0.0020608667572468	0.0002680365327221	0.5903418799395079	-0.1610753240333757	-0.0020457634901951	0.0003663026364865	
0.4665496447622799	0.0158559090021897	0.0020710126970392	-0.0001723714352456	0.5372084994404074	-0.0373550490366694	0.0020629389470488	-0.0002515064508092	0.6650034334127422	-0.1011370922987713	0.0020780624070202	-0.0000177680562760	
0.2857620726406294	-0.0300979253155942	-0.0020689389364706	0.0001958064353956	0.3471176015077126	-0.0798709727786831	-0.0020637484752171	0.0002447408851440	0.4530453214793957	-0.1405782395901050	-0.0020567402196778	0.0002981947455176	
0.2453958392949486	-0.0726303683927458	-0.0018522232267296	0.0009446543281354	0.3041527407353716	-0.1223687323620509	-0.0018890506154130	0.0008682745452023	0.4061806649108854	-0.1835008482808207	-0.0019365213617205	0.0007559026261612	
0.4488232543063513	-0.0628737217064346	0.0020536529602477	-0.0003188627995273	0.5184326455271593	-0.1190433379159473	0.0020300452288145	-0.0004456040527388	0.6419981776627195	-0.1900939177695278	0.0020077649052810	-0.0005375658739410	
0.2763834819212927	0.1832383901645672	-0.0020751425305249	0.0001118179740531	0.3408577208755110	0.1378598591492145	-0.0020691956933373	0.0001930604738106	0.4499715303547291	0.0868647493472554	-0.0020653578755050	0.0002306934057426	
0.3024851468022720	0.3089478779400437	-0.0020774868858448	-0.0000521467488726	0.3697864012577856	0.2639424754030821	-0.0020543054585858	-0.0003146102826486	0.4832046343293304	0.2165242116710785	-0.0020507524957111	-0.0003371020100920	
0.1641513107032603	-0.0407743689786255	-0.0019712747175976	0.0006594693764323	0.2203422259593506	-0.0871900741959078	-0.0019160481796193	0.0008066337476006	0.3168270572512657	-0.1430524198558779	-0.0018329926276372	0.0009816290011013	
0.3085470176647801	-0.0300465613885152	-0.0020660769313078	-0.0002241290767692	0.3709087680010730	-0.0801009630860199	-0.0020775666586083	-0.0000488483770647	0.4789966707341267	-0.1416236587690127	-0.0020235571168356	0.0004743362343949	
0.3355966014181647	-0.0318855723061917	-0.0020780491108988	0.0000192676057976	0.3989994091224613	-0.0830184911267479	-0.0020754287126063	0.0001063461032883	0.5101781510002155	-0.1459210103801034	-0.0020692772767283	0.0001921796701677	
0.3376952900585681	0.3105432239516375	-0.0020757341665259	-0.0001001756299829	0.4062440402850735	0.2650380544195181	-0.0020697967705567	-0.0001864726190281	0.5225682292680833	0.2170965925060282	-0.0020664926902856	-0.0002202432487697	
0.2701430981868300	0.1631892397611780	0.0020600607509725	-0.0002741928236252	0.3335401865645110	0.1178186717793835	0.0020738003098565	-0.0001345359986871	0.4426399139508013	0.0668976693340993	0.0020761679405377	-0.0000906926315435	
0.3180401320838840	-0.0547477152725519	0.0020667802712046	-0.0002175143386327	0.3803528267712952	-0.1060134301693984	0.0020576580468871	-0.0002917617083170	0.4892884595655356	-0.1691591719829000	0.0020434380772484	-0.0003791230784411	
0.4095090095935721	-0.0850296262704913	0.0018593620731392	-0.0009304529619939	0.4760156848319326	-0.1413294059186380	0.0018600261334059	-0.0009291181042432	0.5931569325790511	-0.2118226555348307	0.0018631770250693	-0.0009227514895513	
0.1048644133993073	-0.0052370972987778	0.0000423026549952	0.0020829016549997	0.1593031361202206	-0.0478218092270020	0.0000817853823897	0.0020817193477883	0.2525755504286991	-0.0978985139139759	0.0001158816200409	0.0020800918251935	
-0.3875871819565139	-0.0185317302071381	-0.0020707593304334	-0.0001754039677480	-0.3272906789364631	-0.0493599938718020	-0.0020740608640042	-0.0001304368891192	-0.2317121727958313	-0.0856496471986901	-0.0020774994250147	-0.0000516422551054	
-0.2764394363076216	0.1406387822266275	-0.0008515739603526	-0.0019003865776240	-0.2159038736559002	0.1061765161066012	-0.0008798898475890	-0.0018873780131123	-0.1197755637359073	0.0667692716727359	-0.0008795923314573	-0.0018875173798815	
-0.2916899718887462	0.0070344773338024	-0.0007504503149634	-0.0019427513233363	-0.2354673973144085	-0.0253243005386144	-0.0007179172112991	-0.0019550683897513	-0.1438235554581673	-0.0632188147784161	-0.0006897255915860	-0.0019652416660228	
0.4592645694912163	0.0164353699296880	0.0020719952510764	-0.0001600649974707	0.5299241731292794	-0.0364807256070508	0.0020654787883299	-0.0002296028654996	0.6567031943414205	-0.1007607451878016	0.0020719182717135	-0.0001610633298150	
-0.3210761209831864	0.2880778206169240	0.0020768795549873	-0.0000724913063387	-0.2525010089176929	0.2495139346744331	0.0020751409181268	-0.0001118480430397	-0.1485826994694066	0.2044489706730826	0.0020731239374805	-0.0001446334740116	
0.2679440714855252	-0.0786166166702557	-0.0020079521457939	0.0005368625519457	0.3273306419711013	-0.1290940226662479	-0.0019802266622600	0.0006319407785326	0.4312277961649200	-0.1916324288089830	-0.0019169339353882	0.0008045159539117	
-0.3335749760836834	-0.0122351430206833	-0.0020521833762591	-0.0003282340069685	-0.2743540774663068	-0.0444053648538223	-0.0020564701802533	-0.0003000606535525	-0.1808000910446599	-0.0822626992534213	-0.0020604657517437	-0.0002711171953307	
0.2794733353488373	-0.0294591523752226	-0.0020659923027415	0.0002249117266610	0.3408342873617272	-0.0790538394601470	-0.0020598209725435	0.0002759972984700	0.4467929262252364	-0.1396134577536111	-0.0020516216889462	0.0003317441156270	
-0.2940768863755158	0.2862052540241605	0.0020558762851653	-0.0003041232068626	-0.2265121156273102	0.2469049567034968	0.0020299416311163	-0.0004460781128525	-0.1245669742905867	0.2015260792498614	0.0019944824666555	-0.0005851519496511	
-0.4062747856235316	0.2897425392773817	0.0020779814917004	-0.0000255670683681	-0.3335407987657995	0.2521025084856827	0.0020773476181820	-0.0000574527135609	-0.2254709005753532	0.2076928393625138	0.0020771013836342	-0.0000657944101332	
0.1435589603303149	-0.0402692509290157	-0.0020776845190203	-0.0000435197951185	0.2004596821750942	-0.0856081027647443	-0.0020727725292660	-0.0001496096169885	0.2970568790738749	-0.1399180305353832	-0.0020678139067323	-0.0002074064344422	
0.0857214182432754	0.4979146138178500	0.0000096063626175	0.0020833110746087	-0.6639650680066346	0.4613764334326528	-0.0020781379757462	-0.0000002295627616	-0.6639650267629424	0.4123159671943586	-0.0020781379872765	-0.0000000673484948	
-0.3574340639891169	-0.0156764186115648	-0.0020634674895054	-0.0002471104920233	-0.2981770686166896	-0.0472588916571172	-0.0020674584792646	-0.0002109373759522	-0.2036504616860242	-0.0844805429751919	-0.0020721449630314	-0.0001581052499689	
-0.1995379609321395	-0.0044643760540681	-0.0020701452832798	0.0001825431237772	-0.1434074767075889	-0.0396959720715053	-0.0020650082481488	0.0002338178049492	-0.0520201170026653	-0.0805982144275532	-0.0020569063434074	0.0002970409244572	
0.3969838869247238	0.2546869971806123	-0.0019940858036788	-0.0005865090297844	0.4666122437313116	0.2085833058222204	-0.0020634389198288	-0.0002473501362609	0.5879591360494716	0.1579395359535198	-0.0020756962339858	0.0001009624657888	
0.3028102494875823	0.0780830265830799	0.0003288275103294	0.0020570874878754	0.3648824284229479	0.0333098749266261	0.0005536149173410	0.0020080472947947	0.4733269305469612	-0.0196724462795129	0.0008657817448342	0.0018939237505978	
0.3802026088386448	-0.0368812295859672	-0.0020634563696766	0.0002472037938521	0.4457229686251980	-0.0897210963172329	-0.0020556945195100	0.0003053555447289	0.5611509430168631	-0.1550379134430599	-0.0020461648615917	0.0003640426023418	
0.2400658824349887	0.3134674923387308	-0.0020369514821435	-0.0004127161835296	0.3056581143792528	0.2693220324067303	-0.0020682722225271	-0.0002027616961626	0.4145255914740007	0.2222400016363595	-0.0020775618115351	-0.0000490551218588	
0.4622063476303688	0.2560842619027550	-0.0001553660749303	-0.0020775029041101	0.5320214151699658	0.2093938806971081	0.0001586095455330	-0.0020772565676085	0.6630645968745912	0.1619139269786090	0.0019213120442344	0.0007939505873171	
0.3263827977869246	-0.0557983021155343	0.0020581219752342	-0.0002884543436114	0.3895842539787144	-0.1075032868997317	0.0020424533062994	-0.0003844191972645	0.4986430774562127	-0.1711381008816565	0.0020189248802098	-0.0004937755989592	
0.2639091462677741	-0.0500655798046031	0.0020542862240868	-0.0003147364806916	0.3242742725140255	-0.0996311630461309	0.0020489318105330	-0.0003480508116395	0.4281728349473868	-0.1600894047246024	0.0020416391050955	-0.0003887416099820	
0.3251581150764441	-0.0318497300768165	-0.0020763690655892	0.0000859406369599	0.3886414093489969	-0.0827666651955446	-0.0020775001693201	0.0000516121540113	0.4987521056268878	-0.1452970424070190	-0.0020768356977701	0.0000737432836076	
0.2896717146873931	0.1024717276961457	-0.0019081596001947	-0.0008252130609467	0.3533634085265740	0.0570843860979549	-0.0020358546380844	-0.0004181198936075	0.4634215647013042	0.0041902687401534	-0.0020724473322397	-0.0001540707602325	
0.4210299216570499	-0.1422493090306129	-0.0018605917582779	0.0009279792250319	0.4872130560230974	-0.2012781646594219	-0.0018386065362763	0.0009710202287291	0.6057413395087954	-0.2781975111581410	-0.0018078281929695	0.0010274596644582	
0.2420096659805697	0.3137661713076585	-0.0020623060967855	-0.0002566694894991	0.3076465281054535	0.2694747873702550	-0.0020748177457008	-0.0001177193742940	0.4166289314781648	0.2222597927883717	-0.0020781303151006	0.0000056614304747	
0.3844736930103532	-0.0374356383628335	-0.0020607326309128	0.0002690709300903	0.4499922755662293	-0.0903979272113324	-0.0020500405469466	0.0003414263255345	0.5663792393709299	-0.1560269296250849	-0.0020348892132452	0.0004228166472683	
0.3790207264474146	0.4968801476605316	-0.0000483940611578	-0.0020827683663959	-0.6639650680066346	0.4613764334326528	-0.0020781379757462	-0.0000002295627616	-0.6639650267629424	0.4123159671943586	-0.0020781379872765	-0.0000000673484948	
-0.2732350763411051	0.0885904855763410	0.0017839048222832	-0.0010686579861023	-0.2141473241874229	0.0530278469252587	0.0017057587011847	-0.0011899994883602	-0.1203114985205602	0.0116402544529615	0.0016552405645695	-0.0012596587715191	
-0.6099632890152454	0.0299272893797230	-0.0020718549719925	0.0001618796127956	-0.5362335897417103	0.0046908583905859	-0.0020666604865457	0.0002186551829031	-0.4239008678637034	-0.0247804908064767	-0.0020579940903869	0.0002893698886499	
0.4355038062799270	-0.1486506504783104	-0.0019311762019168	0.0007695230589814	0.5027638007429569	-0.2086349724690709	-0.0019199754035330	0.0007971936154070	0.6232401285019640	-0.2868310946504412	-0.0019127489334919	0.0008144650922460	
0.2745925638692034	0.2555126966686405	-0.0019623806990679	0.0006856099556603	0.3394514007629157	0.2101914931707071	-0.0020088321090794	0.0005335438892975	0.4485988865941914	0.1613076817466816	-0.0020252182072400	0.0004671571603612	
-0.3865545759434257	-0.0184307357209758	-0.0020706258485001	-0.0001769805623711	-0.3262548168058778	-0.0492859113808431	-0.0020740231490536	-0.0001310382006446	-0.2306732061642500	-0.0856312420671777	-0.0020775094717652	-0.0000512344531741	
-0.4301699872265706	-0.0200722195134309	-0.0020773019689327	0.0000590882424732	-0.3688707238440584	-0.0502244193440893	-0.0020768989929508	0.0000719294396559	-0.2711977081367269	-0.0854372535556250	-0.0020753969497041	0.0001069672659721	
0.2472984271383828	0.1083333071046855	-0.0020604692317224	0.0002710906140845	0.3085421739530155	0.0627965947032541	-0.0020229242929344	0.0004770412906311	0.4145315157240705	0.0098266815526145	-0.0019196683284902	0.0007979364773413	
-0.0353054416036941	-0.0168617691125652	-0.0020780246182399	0.0000217610554005	0.0197944883537700	-0.0566883855977757	-0.0020756751855130	0.0001013964347141	0.1101697561952728	-0.1034682982502627	-0.0020628292626254	0.0002524089792322	
0.3045676599063708	0.2520287801113766	-0.0012006504724133	-0.0017004409437929	0.3704074927508345	0.2089760834639001	-0.0016968722766704	-0.0012027000377199	0.4830364391157089	0.1616473916112785	-0.0019236571916002	-0.0007882229216235	
0.2854379912595935	0.0993072152502328	-0.0013420309349721	-0.0015906647213224	0.3482015968397880	0.0550555314001555	-0.0017156225771911	-0.0011756622602890	0.4580546419162514	0.0034982282507150	-0.0020305771939682	-0.0004431614244688	
0.0468830522509305	-0.0298291150011260	-0.0019470289628433	-0.0007282703436603	0.1030728946463235	-0.0703617469924976	-0.0015696534441700	-0.0013653319686012	0.1942518980352053	-0.1198972520131489	-0.0014375021574552	-0.0015045000324853	
-0.3730556895365760	-0.0172698071282523	-0.0020699262035757	-0.0001850230752411	-0.3138174771002029	-0.0485483808879610	-0.0020739842982594	-0.0001316547385630	-0.2182075587442709	-0.0852742235513792	-0.0020769306989082	-0.0000710034070522	
-0.4177021729719557	-0.0201659662964735	-0.0020780154381424	-0.0000226249284610	-0.3564027104580726	-0.0504535941803071	-0.0020781359999235	0.0000028819908185	-0.2597824060777120	-0.0859254323941791	-0.0020774288825728	0.0000544195610723	
-0.4926235193452910	0.0459114252486904	0.0011134710262036	0.0017590489515904	-0.4267261692293061	0.0195604363438023	0.0010109855949472	0.0018201837976278	-0.3230237980476477	-0.0125860614879460	0.0009600715948576	0.0018476812123118	
0.4562048373001928	-0.0642277634361104	0.0020456902391750	-0.0003667135463069	0.5257988342492073	-0.1206475192875302	0.0020401288548088	-0.0003966300436772	0.6504063815954930	-0.1919979863501645	0.0020476355098315	-0.0003556351159253	
0.4551473055629607	-0.0832244306364050	-0.0020033800385095	0.0005537629967896	0.5247093478133962	-0.1406837663786208	-0.0019999592163058	0.0005660536437268	0.6483562938805303	-0.2136168088073457	-0.0020098608404086	0.0005296359408612	
0.4098222402298124	0.2057525772647726	-0.0013297771132846	-0.0016009740844209	0.4796965203582961	0.1605956795059401	-0.0015758322676471	-0.0013581600366103	0.6003905630378443	0.1104696853500404	-0.0010097169392602	-0.0018208913934691	
0.2017389742183442	-0.0449985451335418	-0.0015162990074458	-0.0014246420303466	0.2594467576614203	-0.0903380389566286	-0.0014069956050735	-0.0015332092450769	0.3582336828824757	-0.1456723166442540	-0.0013025341257005	-0.0016233265382235	
0.4624053375859034	0.2032004187828038	0.0019537909282324	0.0007098369062395	0.5351066434419331	0.1561159279544230	0.0019863330249206	0.0006123778555475	0.6629857691581287	0.1034343154821669	0.0020375256049293	0.0004098581305043	
0.0184188477325679	-0.0168873608353495	-0.0000529234376343	0.0020826576448303	0.0714202728709737	-0.0564326097721392	0.0007561342477690	0.0019405351088699	0.1617782043234787	-0.1032935711614830	0.0010373809687068	0.0018051955520597	
0.3731000598668399	-0.0360513421291759	-0.0020612313296470	0.0002652041784579	0.4384620093177483	-0.0886592707620493	-0.0020561797630073	0.0003020542329914	0.5526731929251574	-0.1535908410173388	-0.0020506633998681	0.0003376462848812	
0.4620270574362371	0.2539690864397175	0.0002194975774646	-0.0020716798483869	0.5319691512369744	0.2083044511863537	-0.0002871280340490	-0.0020633522583494	0.6618125126075742	0.1612631199565834	0.0017800756726077	0.0010750559177936	
0.2806718745955411	-0.0830309262192564	-0.0019217772204373	0.0007928183093800	0.3407261231804264	-0.1345730935805735	-0.0018893402197179	0.0008676410372755	0.4445295137709029	-0.1983114098387008	-0.0018485677614348	0.0009518233227871	
0.2898827975054095	0.3103383253226613	-0.0020761409608362	0.0000913112386927	0.3563303075663051	0.2651453509849580	-0.0020760265412941	0.0000938893488678	0.4686333785996841	0.2170190481021420	-0.0020495992549890	0.0003440786695500	
0.4062721192190799	0.2343125544233629	0.0020748974241706	-0.0001162994103508	0.4758675266186694	0.1872747461132418	0.0020692876026994	-0.0001920678968071	0.5985931063356138	0.1357752137134542	0.0020589214305785	-0.0002826624107693	
-0.3189925159243310	0.2879993210219816	0.0020766963075330	-0.0000775882215002	-0.2504115585663110	0.2493927359722897	0.0020747073205326	-0.0001196593373341	-0.1465076192268148	0.2043081450343494	0.0020724468906164	-0.0001540767302492	
-0.4104273643513233	0.2897976707919418	0.0020779006944522	-0.0000314823735924	-0.3376930254680541	0.2522163966770858	0.0020772089506070	-0.0000622880461413	-0.2285814509381011	0.2077917232776409	0.0020769657744427	-0.0000699646643873	
0.4644671687444788	-0.0655209125555762	0.0020591829882691	-0.0002807410269965	0.5351092473293027	-0.1221986456686986	0.0020576556442199	-0.0002917787375214	0.6608476739654030	-0.1932034857316521	0.0020753987873769	-0.0001069314266173	
-0.2150341646682598	-0.0028156383695038	-0.0020628645624272	0.0002521188757935	-0.1590071289865703	-0.0376446837932469	-0.0020560797681101	0.0003027375484342	-0.0675330181165074	-0.0780980650560175	-0.0020451200418924	0.0003698960277893	
0.3481127120658316	0.3114266734334021	-0.0020652473878543	-0.0002316853751995	0.4177718775252004	0.2666104712614777	-0.0014839470968383	-0.0014584767853872	0.5341993331342749	0.2207647730135671	-0.0008426529545627	-0.0019043789061096	
-0.4187417756053304	-0.0201879163794516	-0.0020780777011715	-0.0000158688678756	-0.3574429906606999	-0.0504686718619494	-0.0020781191936441	0.0000088604034789	-0.2608211994024288	-0.0858762583245085	-0.0020772494203591	0.0000609165748484	
0.4561845973836340	0.1466442931087036	-0.0020173365254236	-0.0005002573861464	0.5278473460292545	0.0978958138381327	-0.0020694540488464	-0.0001902570647548	0.6546166507621458	0.0415605986723454	-0.0020780147278936	-0.0000226903940196	
-0.3543600474949078	-0.0153066737680712	-0.0020613234342645	-0.0002644837405912	-0.2950892786834775	-0.0469391770644262	-0.0020658499783005	-0.0002262217737500	-0.2005497435713934	-0.0842424068025845	-0.0020709821649719	-0.0001727397130470	
0.4051783130538891	0.2550259982171653	-0.0020535898937066	0.0003192707491922	0.4747361975714450	0.2079470360638315	-0.0020501706786965	0.0003406401281897	0.5975510287200494	0.1566786049631009	-0.0020631239806958	0.0002499764233953	
0.4239328891510652	0.0201313999687049	0.0020656294725770	-0.0002282364268740	0.4925132169478790	-0.0314072260950481	0.0020651623540179	-0.0002324458990507	0.6140875102750454	-0.0937723859184343	0.0020655658491190	-0.0002288143861986	
-0.3325598808079285	-0.0120486892197242	-0.0020515317329431	-0.0003323027375129	-0.2743540774663068	-0.0444053648538223	-0.0020564701802533	-0.0003000606535525	-0.1797710550839686	-0.0821262903864378	-0.0020584266559224	-0.0002862610634979	
-0.3033933010691577	-0.0042339938644645	-0.0019295263041818	-0.0007736713716154	-0.2452079638274307	-0.0365050613748316	-0.0018757659007450	-0.0008967527999384	-0.1528106044899269	-0.0747638504133160	-0.0018276395661276	-0.0009916093916052	
0.4363493895878563	0.2805870216146727	-0.0020466870426881	-0.0003610804716651	0.5081004195055587	0.2340640640034354	-0.0020656726730058	-0.0002278431456998	0.6347866839192093	0.1839236480571003	-0.0020754173530460	-0.0001065686704639	
-0.4968382344004557	0.0407885179246494	0.0015287350085436	0.0014112219142846	-0.4301040079164642	0.0145214243519259	0.0013266829568513	0.0016035518921725	-0.3253316727949042	-0.0165857738622452	0.0011369633916346	0.0017438808777565	
0.3916177156248259	0.2360594930027581	0.0019922898589037	-0.0005926111658243	0.4603498324317659	0.1888258783480027	0.0020270028335585	-0.0004593124301164	0.5808339169789303	0.1373524163146069	0.0020544848194376	-0.0003134309883174	
-0.0508980586840655	-0.0162978081070299	-0.0020749607511152	0.0001151583230930	0.0041840447540378	-0.0557609629946894	-0.0020715625777968	0.0001655976612432	0.0945648357417828	-0.1019630285090761	-0.0020650233566707	0.0002336836640739	
0.3897857929520800	0.2046637353087143	-0.0020779186397114	-0.0000302686180697	0.4583066968086256	0.1574924261907196	-0.0020554307271694	0.0003071350211925	0.5778312727840482	0.1044156192478794	-0.0020384076833451	0.0004054261898647	
0.4230328307515916	-0.0422592912963165	-0.0020724981862491	0.0001533817355734	0.4915246494087386	-0.0967149475975906	-0.0020697421811863	0.0001870805809238	0.6119353361049968	-0.1648494208889795	-0.0020638007269669	0.0002442976657410	
0.1775393955514225	-0.0463212018424792	-0.0019688167622724	0.0006668080013463	0.2339373934773512	-0.0933053273279559	-0.0019687495744412	0.0006670073400182	0.3323189222855785	-0.1504850573689357	-0.0019899363695245	0.0006005056537665	
0.2867785087912675	-0.0854287242847420	-0.0019528044393416	0.0007125598497961	0.3471301314108151	-0.1372903350788136	-0.0019414603104286	0.0007430610622268	0.4521218461652128	-0.2017645933201377	-0.0019275771339677	0.0007785391320515	
-0.3834163256957571	0.2895682378753621	0.0020780962453770	-0.0000132046271318	-0.3117228287729638	0.2516752042856257	0.0020778069167735	-0.0000371860653873	-0.2046984908403676	0.2071093656679992	0.0020774945851302	-0.0000518375624209	
-0.5526539738076901	0.0260285128172965	0.0020748297266648	0.0001175069589966	-0.4825871485793739	0.0001769109088996	0.0019869191002266	-0.0006104640491720	-0.3737465065551543	-0.0314350343025231	0.0004221638036401	-0.0020398929568483	
0.4343460684843514	0.3053961820149175	-0.0020723013859842	0.0001560312085695	0.5060544206631001	0.2586286763580584	-0.0020730679722742	0.0001454374296835	0.6317565246103007	0.2093996380437577	-0.0020744813048826	0.0001235347454950	
0.4342408460757199	-0.1481265744261552	-0.0019292894448230	0.0007742647890592	0.5019076448927147	-0.2082554706977173	-0.0019162622474742	0.0008061225225088	0.6215103338780883	-0.2861830875580347	-0.0019051108616936	0.0008322622551888	
0.2659820600129355	0.3133467492715902	-0.0020722764341154	0.0001563639048204	0.3324478084522939	0.2683236561190623	-0.0020685812795265	0.0001995679866411	0.4426110754948380	0.2205851286189709	-0.0020684779378119	0.0002006416018954	
-0.4706948347211166	-0.0186990975199138	-0.0020773985185903	0.0000555722710333	-0.4072847195899013	-0.0476309578616996	-0.0020762613299330	0.0000885179031032	-0.3076129904397160	-0.0815741093602023	-0.0020711923845945	0.0001701877869263	
-0.2689425825605308	0.1634587740619182	-0.0004904166933838	-0.0020244913432228	-0.2078773906791078	0.1291975558351462	-0.0005054223913353	-0.0020207788420737	-0.1116280484017269	0.0887677637384684	-0.0005258466026795	-0.0020155343774701	
-0.5484109926807396	0.0270110101156145	0.0020512785788402	0.0003338696636868	-0.4798733387228846	-0.0000936407410385	0.0017789780966080	-0.0010768802693228	-0.3737465065551543	-0.0314350343025231	0.0004221638036401	-0.0020398929568483	
0.4261570690982428	0.2769583426990334	-0.0015300071143190	-0.0014098357238702	0.4978197821903991	0.2321448783290485	-0.0019482909181265	-0.0007248705847467	0.6225049202224318	0.1830545400413892	-0.0020609860993094	-0.0002671127286844	
0.4472404712151024	0.1422592040417518	-0.0014377796603692	-0.0015042335105239	0.5183004235337543	0.0951044382853610	-0.0018529242505260	-0.0009432716469276	0.6442869230632575	0.0404016247034761	-0.0020050282515650	-0.0005477350371228	
0.3012880854507354	0.1050041155774987	-0.0020494665182247	-0.0003448723697992	0.3659250156035743	0.0588041973546223	-0.0020778944926891	-0.0000318910980012	0.4758259691278321	0.0050670819480138	-0.0020637119334352	0.0002450503635695	
0.2743125092120882	0.1833070109616277	-0.0020779812936760	0.0000255832383947	0.3386735740035227	0.1380626717321318	-0.0020719642692647	0.0001604675466507	0.4477767329093805	0.0871327652758153	-0.0020644892060855	0.0002383796952368	
-0.1455084171538664	-0.0087047725929125	-0.0020710675623442	0.0001717076512246	-0.0903475889137292	-0.0454420809400475	-0.0020655495333922	0.0002289623613466	0.0000574224953772	-0.0881866544754057	-0.0020578396855072	0.0002904713734121	
0.2733057263005906	-0.0287603426160073	-0.0020660083285506	0.0002247637306799	0.3345712652087951	-0.0781976287591562	-0.0020587852746275	0.0002836573557828	0.4395491515337060	-0.1384069800089530	-0.0020482078978217	0.0003523069505315	
0.4510382379153459	-0.0820319515325835	-0.0019824257108253	0.0006249731656389	0.5196787647046626	-0.1391544007593485	-0.0019743717887185	0.0006500913278073	0.6433038867903802	-0.2121320596547470	-0.0019766166942268	0.0006431988302753	
0.2982154564620572	-0.0307513118516397	-0.0020779799542886	-0.0000256923411979	0.3605861727742077	-0.0806899942811376	-0.0020778483990092	-0.0000347786511942	0.4675870912103459	-0.1417368297504113	-0.0020780090332598	-0.0000232086082612	
0.4603447289959217	-0.0444038891450887	-0.0020645007187231	0.0002382794694503	0.5309230535635092	-0.1003004995237030	-0.0020613599055584	0.0002641979119969	0.6556946127046583	-0.1705361578383229	-0.0020635453502361	0.0002464561915692	
-0.4073131539797025	0.2897583688431284	0.0020779717327071	-0.0000263521526154	-0.3345791967625574	0.2521307970223807	0.0020773199835246	-0.0000584482839175	-0.2265082529636907	0.2077196420818143	0.0020770580429493	-0.0000671554157550	
0.2805218400514976	0.1829416790535783	-0.0020728378118551	0.0001486978360525	0.3449715857286040	0.1375169251908874	-0.0020739399144457	0.0001323555534752	0.4551122472894265	0.0864566038008262	-0.0020761503883385	0.0000910955575322	
0.4206832425928009	0.0713781620951068	-0.0020708633180406	0.0001741657784806	0.4894926976542027	0.0212120916614602	-0.0020696534021347	0.0001880650821599	0.6120771992848391	-0.0381081455213719	-0.0020695121290914	0.0001896210828366	
0.4467978633805156	0.0176826175511939	0.0020598984848739	-0.0002754152883669	0.5163764956784054	-0.0348291903601043	0.0020514120015058	-0.0003330447718190	0.6411157234422886	-0.0988445320614823	0.0020439111115485	-0.0003765516868607	
0.3814281492004752	0.1837155029228035	0.0019465165127411	-0.0007296457564746	0.4488186967619427	0.1361123254702649	0.0019962957523654	-0.0005789042716474	0.5683847870720116	0.0827312975846523	0.0020497002434482	-0.0003434735454177	
-0.3158785829040833	0.2878919134167619	0.0020763321820481	-0.0000868315967677	-0.2472981174093944	0.2491815362508678	0.0020739021313235	-0.0001329492216235	-0.1433913358289938	0.2040765841677581	0.0020712081928961	-0.0001699943254051	
-0.2546198281546622	0.0002257248628719	-0.0020518726279388	-0.0003301806724412	-0.1974466698383134	-0.0330839168317668	-0.0020757084382515	-0.0001007099846669	-0.1049475522505517	-0.0719355929818691	-0.0020757375853124	0.0001001044094588	
0.0180845296065132	-0.0163218526188288	0.0002719444720205	0.0020654185412949	0.0714202728709737	-0.0564326097721392	0.0007561342477690	0.0019405351088699	0.1624166745242017	-0.1019245356038611	0.0009946028066472	0.0018292322647371	
0.2689810315079629	0.0860668315207308	-0.0020190850902196	0.0004931167953124	0.3314191865741812	0.0393969813874940	-0.0020666634455682	0.0002186270733060	0.4395269246800608	-0.0145651801117201	-0.0020780465399259	-0.0000195442916280	
0.3304514101741406	-0.1051504099724934	-0.0020167911205435	0.0005024626356406	0.3929003799268944	-0.1590941798627665	-0.0020175281097328	0.0004994802956326	0.5016294475300647	-0.2265590228657520	-0.0020061742278583	0.0005435015321950	
-0.3626736663397633	-0.0162587338396820	-0.0020667974382077	-0.0002173503418912	-0.3034206777842006	-0.0477554339260516	-0.0020704863244843	-0.0001786135397778	-0.2077919445210030	-0.0847559378358922	-0.0020738754405010	-0.0001333670024974	
0.3874790908452759	0.1306657334400063	0.0020583518896990	0.0002868008601155	0.4551531958788899	0.0829928502232715	0.0020767156531034	0.0000770660738567	0.5746022443720209	0.0280548434566065	0.0020710342002047	-0.0001721115878628	
0.2930153120862954	-0.0875064564640032	-0.0019820243860170	0.0006262511118143	0.3533104119126236	-0.1395061457901397	-0.0019616267389194	0.0006877749397502	0.4591393654059202	-0.2045090257254694	-0.0019405549280743	0.0007454341324362	
0.2032835870302969	-0.0434082342997151	-0.0013866271136309	-0.0015517465433079	0.2608869080759605	-0.0885958798109773	-0.0012731393632356	-0.0016465963044543	0.3590752551376695	-0.1445498118830248	-0.0011656280734047	-0.0017247570949082	
0.3658129362728908	-0.0350194104267705	-0.0020558367425406	0.0003043917325312	0.4312083801012618	-0.0875282248137293	-0.0020496926141816	0.0003435192983444	0.5444577368700942	-0.1521488469699888	-0.0020402687583648	0.0003959061398020	
0.4436007182885826	-0.0793676621198690	-0.0019271684885347	0.0007795551874599	0.5122629681248116	-0.1364532469604150	-0.0019285461805515	0.0007761235145521	0.6337547558634433	-0.2085360962021647	-0.0019162037656997	0.0008062622233227	
0.4303178447124936	-0.1465334385019515	-0.0019108288609349	0.0008189821041382	0.4976400549360036	-0.2064111850516968	-0.0018962495296560	0.0008523580316682	0.6164213152148592	-0.2838758664642846	-0.0018731197899592	0.0009022944158601	
0.3158142849143543	-0.0545203359460554	0.0020685081222782	-0.0002003286164050	0.3781131855303539	-0.1056985092115577	0.0020592812697485	-0.0002800155872540	0.4873061478894571	-0.1688162344506703	0.0020453851625709	-0.0003684198212546	
-0.4800860467246654	-0.0182129657840801	-0.0020731628070122	0.0001440724496633	-0.4166855764068879	-0.0470683127280316	-0.0020713426196687	0.0001683401708003	-0.3158120816378981	-0.0807829433013540	-0.0020668073715159	0.0002172553916272	
0.3897008907645774	0.1513961250155193	-0.0020714193665665	0.0001673884024248	0.4582599680902528	0.1033692392468892	-0.0020689607009604	0.0001955751773841	0.5776938846421242	0.0485843426562796	-0.0020673584472376	0.0002119204127679	
-0.5492666347138860	0.0269744019230495	0.0020065169465944	0.0005422285554389	-0.4807467197159391	0.0008905430341480	0.0010401447352194	-0.0018035965292549	-0.3737465065551543	-0.0314350343025231	0.0004221638036401	-0.0020398929568483	
0.1082079298033570	-0.0318309229270727	-0.0020624244089927	0.0002557122949517	0.1640993504188608	-0.0762256492022935	-0.0019950832547062	0.0005830899770791	0.2576690970426616	-0.1292107566703568	-0.0019338908332291	0.0007626407932770	
0.2922485382397265	0.1608819282376092	0.0020086455831987	-0.0005342491898666	0.3555844112645352	0.1160448328355728	0.0020020129142325	0.0005587098890587	0.4645397550897807	0.0658126914625388	0.0020130577965471	0.0005172898119691	
0.3272148928498507	0.2390128891426054	0.0020777638808366	-0.0000395289470356	0.3937837811508644	0.1931264755901166	0.0020282121391615	-0.0004539155908872	0.5070859855253078	0.1430849127634480	0.0019441629095719	-0.0007359251919652	
0.3127106598158336	0.1687609412752579	0.0006624574951346	0.0019746470197079	0.3767252430677004	0.1250559709045394	0.0004769434391358	0.0020277238314680	0.4869405727154947	0.0740007191972736	0.0004467011185429	0.0020346343484486	
-0.2036413879552781	-0.0040555110584256	-0.0020682994266480	0.0002024826172124	-0.1474823350502480	-0.0391804728232636	-0.0020624714037466	0.0002553310769810	-0.0560761684034603	-0.0800291561379388	-0.0020538969606259	0.0003172794095204	
0.2037931170415365	-0.0428216709906076	-0.0013437356644413	-0.0015892176783081	0.2608869080759605	-0.0885958798109773	-0.0012731393632356	-0.0016465963044543	0.3595358195137537	-0.1437591368867437	-0.0010701645436553	-0.0017858589554336	
0.4582268364229627	0.0165163507520682	0.0020719357272668	-0.0001608374982036	0.5288902073674093	-0.0363616731775618	0.0020660653770183	-0.0002242360944187	0.6546320963597714	-0.1005800070046088	0.0020697851881498	-0.0001866017792011	
0.3241000907901054	-0.0317878071948971	-0.0020736681877605	0.0001365673843185	0.3876065081471858	-0.0827430878570881	-0.0020770555550725	0.0000672327042984	0.4977155441752892	-0.1452638957808219	-0.0020768288388604	0.0000739371632749	
-0.0167275459749645	-0.0212434087258668	-0.0020160899638724	0.0005052826315752	0.0375740913863334	-0.0620119109054372	-0.0020171276515435	0.0005011031483821	0.1279987247550335	-0.1099544483556386	-0.0020030961005949	0.0005547943241921	
0.3502563441988016	-0.0612114848349970	0.0019970690783709	-0.0005762174265786	0.4137421245234023	-0.1140870154579302	0.0019780302081224	-0.0006388167203823	0.5259040310550942	-0.1798891740240040	0.0019485370494731	-0.0007242053793392	
0.4654109770168746	0.0944851075861122	-0.0020563920383997	0.0003005983889339	0.5371601343919232	0.0435465976909259	-0.0020614731115061	0.0002633086989101	0.6649984663121693	-0.0157513921132753	-0.0020776525544662	0.0000450273362720	
-0.3833877173609470	-0.0181615786779136	-0.0020702600719941	-0.0001812300772540	-0.3231449614833243	-0.0491036240667642	-0.0020740222242271	-0.0001310529109018	-0.2275559212826571	-0.0855448005951389	-0.0020775120436285	-0.0000511295369363	
0.4374619859010080	-0.0425728232789067	-0.0020780572819556	0.0000183605784401	0.5070244343552617	-0.0973655849540719	-0.0020758830347117	0.0000970258678918	0.6286003490985939	-0.1660715733005383	-0.0020706911031991	0.0001762115948939	
0.3698866578272906	-0.0677866666996279	0.0019577263648754	-0.0006988546638055	0.4343587286383401	-0.1217803554215712	0.0019307237017290	-0.0007706633488171	0.5476836146689421	-0.1892902799658494	0.0018938420900857	-0.0008577204147040	
-0.4727686311131839	-0.0186322089180642	-0.0020767562308474	0.0000759591829529	-0.4093534951313271	-0.0475298741681174	-0.0020756299928429	0.0001023219661340	-0.3096634374830726	-0.0813922336196589	-0.0020706367950461	0.0001768518023352	
-0.3438955938750977	-0.0138206792167127	-0.0020555599908729	-0.0003062643613398	-0.2847156624658375	-0.0457251458730867	-0.0020631928821519	-0.0002494042495431	-0.1911842659732114	-0.0833963056013409	-0.0020687887347128	-0.0001973949479249	
0.3927607081331466	0.1819392695475283	0.0020750677332704	-0.0001132044067896	0.4613606779845507	0.1345950134904124	0.0020684796131124	-0.0002006242434685	0.5818977185548293	0.0813690073700868	0.0020441063957862	-0.0003754848211028	
0.3968967664265968	0.2349533382718093	0.0020600862045917	-0.0002740005599577	0.4665429971816055	0.1878745417333619	0.0020702830687849	-0.0001809658669632	0.5881108093722260	0.1366202597858290	0.0020743682929463	-0.0001254274696751	
0.3937577239888066	0.1307926417544557	0.0020652034814351	-0.0002320783796230	0.4613916310100301	0.0824561669739292	0.0020329253944761	-0.0004322063859595	0.5807357000884894	0.0268732804834267	0.0019598884137668	-0.0006927375860469	
-0.3594887736812509	-0.0159030794241042	-0.0020648589081045	-0.0002351395502311	-0.3003296188974104	-0.0474731458276076	-0.0020687041811177	-0.0001982835261761	-0.2057200574184078	-0.0846239240310175	-0.0020730070642524	-0.0001463073457006	
0.2379386959855165	-0.0478994184410769	0.0020744986498108	0.0001232416703741	0.2972414533362795	-0.0960140126112166	0.0020777059755793	-0.0000424778274735	0.3999594311907124	-0.1548386036023600	0.0020626882952534	-0.0002535641291998	
0.2451629733638805	-0.0265218295296388	-0.0020761802977462	0.0000904078818774	0.3054962548365037	-0.0749225876411442	-0.0020717670058503	0.0001630071539827	0.4083164973607458	-0.1335978579126173	-0.0020622018552566	0.0002575098527565	
0.4177352073050857	0.2538775974104726	-0.0020779876887771	-0.0000250557616122	0.4884101077157135	0.2070566647619033	-0.0020758091518560	-0.0000986016912961	0.6110449327291294	0.1559838133225778	-0.0020415904389665	0.0003889983921869	
0.4540447942602992	0.1279164139618818	0.0017739035552108	-0.0010852606223326	0.5247028251449344	0.0774441021190637	0.0018905851224768	-0.0008649114246383	0.6515566958002528	0.0203768239485083	0.0020476045952993	-0.0003558139568859	
0.2452206556950881	-0.0479182453825255	0.0020746947737485	-0.0001198777681526	0.3044070770053662	-0.0965301409671301	0.0020675478962656	-0.0002100547207138	0.4073368901696968	-0.1559075661782950	0.0020563660526271	-0.0003007769932363	
-0.4686807306234013	0.1447915285645534	-0.0000020268827008	0.0020833323424162	-0.4010602158583411	0.1135416262161343	0.0000009485282351	0.0020833331163229	-0.2960056457465561	0.0770863972812963	-0.0000598974414716	0.0020824677940709	
-0.5268221337755506	-0.0127169396924258	-0.0020373995377109	0.0004104874826366	-0.4613641452115522	-0.0408371050994172	-0.0020313053530212	0.0004397948892611	-0.3574186273159335	-0.0737711870807492	-0.0020237899698924	0.0004733367807840	
0.3497884593655152	0.3118323880472160	-0.0018577181787476	-0.0009337471780360	0.4186840483318821	0.2677520127687839	-0.0011312431098849	-0.0017476155901839	0.5345449394463941	0.2216240333579844	-0.0007544648054491	-0.0019411880361768	
