0.5334988675739873	-0.3694485463584858	0.0013970609605074	-0.0015423123403339	0.5786968497197487	-0.3677591454040843	0.0013739472149059	-0.0015630407465466	0.6576881974960429	-0.3792315568477211	0.0016859972001580	-0.0012179739405572	
0.3695136006496937	-0.1119393722887397	-0.0019741336519658	0.0006508177364299	0.4132503920457791	-0.0972202816178790	-0.0019522071639738	0.0007142027605636	0.4852858941653797	-0.0947472644014216	-0.0019151610269134	0.0008087483452618	
-0.2292500273973706	-0.0693640237409760	-0.0003904040558465	0.0020462403137771	-0.1936151422141463	-0.0493283886684214	-0.0015418914321036	0.0013967628948784	-0.1344164552506935	-0.0295450184952423	-0.0011990215651794	0.0017015956673412	
-0.2231822270321823	-0.0758009672486427	-0.0016162754237235	0.0013095241403099	-0.1869728231874288	-0.0540942980333882	-0.0018713458170541	0.0009059862293887	-0.1275189548711582	-0.0361544518178503	-0.0016745375350501	0.0012337600723924	
0.3990047334925229	-0.1926945994580396	-0.0019528506689761	0.0007124325081156	0.4427281260471123	-0.1798032392602987	-0.0019575042140089	0.0006994797833273	0.5153629128102490	-0.1813112980538903	-0.0019258770670299	0.0007827560966317	
0.5306753673132845	-0.4419034964284302	-0.0012936043809638	0.0016304870324630	0.5755665291477556	-0.4448541706239547	-0.0012940494402730	0.0016301320615560	0.6559010167087098	-0.4632539372787478	-0.0014813003014895	0.0014611783695370	
0.1484959477880133	-0.0846440239728071	0.0019510569779049	-0.0007173545418379	0.1868819846460794	-0.0659558407861460	0.0019576457460899	-0.0006990815931653	0.2495340630238723	-0.0569353241956492	0.0019464850153162	-0.0007297301989972	
0.4863940674101754	-0.3874022481272104	-0.0013503813835322	0.0015835462892889	0.5300799860017265	-0.3873636507619720	-0.0013056353898334	0.0016208207592028	0.6075145395589114	-0.4013298662963221	-0.0012796417980204	0.0016415227676188	
0.2837143721304619	-0.1155193764812903	0.0019531145841100	-0.0007117050474864	0.3250512272141619	-0.0993419875388571	0.0019527240953129	-0.0007127810998680	0.3919655635884676	-0.0943116214725400	0.0019250696717912	-0.0007847495832994	
-0.5485155149939429	-0.0061814010923394	0.0010786519750616	-0.0017807197904903	-0.5103523580489588	0.0166248300023408	0.0005433500040873	-0.0020108631379382	-0.4378869865694038	0.0404642433654644	0.0007466568634779	-0.0019442197250535	
-0.1236013461984503	-0.3289384990083601	-0.0020639398457149	-0.0002431136124662	-0.0925244429638457	-0.3074831889584810	-0.0020687878412514	-0.0001974043584575	-0.0362888797828355	-0.2986884315728992	-0.0020771095246070	-0.0000655356069536	
0.2825404265514995	-0.1617689566303033	-0.0019759552391340	0.0006452381519152	0.3233438951586066	-0.1463571397800622	-0.0019415242722915	0.0007428930851091	0.3896048093709741	-0.1428284919923501	-0.0019417292853723	0.0007423543847539	
-0.5529079806484642	-0.0011851352840613	0.0016464529628965	-0.0012711803331573	-0.5123738263163656	0.0218151044809823	0.0009945135915119	-0.0018292810134174	-0.4408770930975943	0.0455976398969211	0.0013525012184419	-0.0015817270628302	
0.1037256573559696	0.1517769152411836	0.0016818576959764	-0.0012237122058238	0.1425627791885445	0.1698846456320722	0.0008314497351953	-0.0019093214112955	0.2089905761873239	0.1876241602355981	0.0011146264529836	-0.0017583133743698	
0.3639553252766770	-0.2028458120172548	-0.0007513493335057	0.0019424020694561	0.4027064963132929	-0.1941445571964874	-0.0010193118104543	0.0018155108741847	0.4735563782600294	-0.1929367327392810	-0.0011098662111636	0.0017613370084379	
0.2005411894111182	0.1791536082385468	0.0020655108988742	0.0002293123708990	0.2464152433633312	0.1991083567680376	0.0008640239450118	-0.0018947303363481	0.3148483479104907	0.2177471914056792	0.0019962283384462	-0.0005791378548055	
0.1307857358423126	-0.1202476304246724	-0.0019401715697423	0.0007464363351825	0.1683336015659489	-0.1020690838913221	-0.0019245321598529	0.0007860734535639	0.2297456470814417	-0.0934163096184999	-0.0019125879360309	0.0008148449786357	
0.1608518309317560	-0.0889733825462061	0.0019679760647371	-0.0006692974911291	0.1993215432888414	-0.0702367158303893	0.0019905342623503	-0.0005985108445323	0.2618010397226362	-0.0615494076170421	0.0019572572612347	-0.0007001739557701	
0.4977604948048748	-0.4010002678818032	-0.0013171096952150	0.0016114636503626	0.5402754423989689	-0.4000333127947684	-0.0013070993881065	0.0016196344480029	0.6152590965744551	-0.4113513390781074	-0.0012763072082105	0.0016441297718242	
0.1028958653701219	0.2011795652013339	0.0020423358402666	-0.0003850459002771	0.1426673102873112	0.2199232886192751	0.0014175842891017	-0.0015233752903762	0.2119358106603737	0.2395260705834564	0.0002009822170430	-0.0020735673860501	
-0.0758223354209008	-0.0746749447479574	-0.0020138564530224	0.0005141561316562	-0.0395326476080681	-0.0524159929129238	-0.0020467520993533	0.0003607096731809	0.0196979988172857	-0.0388209533384449	-0.0020229535731666	0.0004769164870940	
0.4693267759623805	-0.1178812582468977	0.0011479070107838	-0.0017366607568199	0.5122861240800909	-0.1062397503773544	0.0009115874306280	-0.0018721981685128	0.5949614296925014	-0.1064873810487455	0.0012433162985225	-0.0016693422420354	
0.2177680094702034	0.1630419198315371	0.0018849247969357	-0.0008772396333613	0.2608798029011905	0.1845867133366812	0.0019992094251831	-0.0005687093107807	0.3316327764748342	0.1983218661262859	0.0019416445297907	-0.0007425771461030	
0.3520003722971041	0.4979183395571060	0.0000129411748543	0.0020832929379601	-0.6639650319495370	0.2293198048921426	0.0020781379882625	0.0000000204275924	-0.6639650698322314	-0.0814123577687038	-0.0020781379882490	0.0000000217655991	
-0.5985385397756420	0.2038319918618196	0.0020549121814697	-0.0003106026274954	-0.5538105704613447	0.2281487028296259	0.0017824780413937	-0.0010710479971561	-0.4791170259099570	0.2465961699557036	0.0019217137408273	-0.0007929729355009	
0.3702632910755494	0.0566297995919081	0.0015472307274416	-0.0013908164067196	0.4145773490271105	0.0730568707314806	0.0008627931558489	-0.0018952939179119	0.4926657030181336	0.0837684828739748	0.0017336745604271	-0.0011487399069096	
0.3834090243668227	0.2062345064112945	0.0006810778106779	-0.0019682704487672	0.4285075204607802	0.2232518932319818	0.0007561901094584	-0.0019405132323254	0.5109668797412430	0.2414579057893393	0.0005845904746387	-0.0019992050641972	
0.0468767000134962	-0.0995898292222586	-0.0020194938555858	0.0004914316617230	0.0839534701272671	-0.0796612458820125	-0.0019208067714426	0.0007951783271226	0.1434838163100427	-0.0685198962415731	-0.0019515388892624	0.0007160359056238	
0.2439677269710073	-0.0825796657810079	-0.0018824744637503	0.0008825117406495	0.2837010641642501	-0.0655754546138245	-0.0019582248416164	0.0006974496815358	0.3501560447032011	-0.0593875813980357	-0.0018887001516679	0.0008690404355531	
0.1577571063148192	-0.0878873693836034	0.0019643039852869	-0.0006800522515714	0.1965788884780251	-0.0693625846175397	0.0019732838721179	-0.0006534025979898	0.2587276677329439	-0.0604176628698677	0.0019459176896261	-0.0007312492587903	
0.3869142408829687	0.1962314944517340	0.0010094879554645	-0.0018210189858227	0.4353586503376699	0.2155752980162495	0.0017336496518725	-0.0011487776861216	0.5173115698983051	0.2299969429399445	0.0018065878277172	-0.0010296499415472	
0.3635144772951697	-0.2012090085234460	-0.0005974424265504	0.0019953830225325	0.4019652571382752	-0.1928437262243115	-0.0010098894574564	0.0018207952393626	0.4723714896293283	-0.1909900953246728	-0.0010333166362525	0.0018075367540585	
0.1381904816773394	0.2270605684044343	0.0020744395539907	-0.0001242373602395	0.1806800624864401	0.2468288171836021	0.0011198944653114	-0.0017549460127744	0.2504278611701904	0.2666829644415744	0.0010496366378078	-0.0017980614937024	
0.4262973131810421	-0.3144065975246758	-0.0012613174633806	0.0016557147949967	0.4675798738396975	-0.3104173989411651	-0.0012745845255702	0.0016454722978084	0.5413140259230982	-0.3177338807431282	-0.0012506950494037	0.0016637934679983	
0.2276145143626840	0.1595482683331610	0.0020200499786187	-0.0004891291734480	0.2721494471603624	0.1801079878455263	0.0014377419434112	-0.0015042697407939	0.3427777954880502	0.1955605552366633	0.0019223463344044	-0.0007914304611817	
0.3582970761694999	-0.1888607819587274	-0.0017159977688286	0.0011751118199506	0.3970895020070873	-0.1789677407456462	-0.0002443360341585	0.0020688834685830	0.4683143200251665	-0.1764413277067413	-0.0008901499090873	0.0018825366212994	
0.2445364813660602	-0.0828616603449043	-0.0018825487556347	0.0008823524587220	0.2845565716490330	-0.0658444524019944	-0.0019762357772360	0.0006443741008840	0.3509412150515117	-0.0597093455610369	-0.0019075234710561	0.0008266897934827	
0.3717488078793214	-0.1127759838114954	-0.0019387530332340	0.0007501314184952	0.4155490399722264	-0.0980121302170345	-0.0020005054320976	0.0005641105134360	0.4874887980829885	-0.0956522112589701	-0.0019320829459251	0.0007672321776296	
-0.2291356178155282	0.4979232779294660	-0.0000151275034538	0.0020832781357226	-0.6639650319495370	0.2293198048921426	0.0020781379882625	0.0000000204275924	-0.6639650698322314	-0.0814123577687038	-0.0020781379882490	0.0000000217655991	
0.2693896713122762	0.2052763819051220	-0.0010399978967171	0.0018036816278111	0.3130197551378568	0.2241223559747769	-0.0015480265464155	0.0013899261422878	0.3883066692276778	0.2404335448721511	-0.0015101632678958	0.0014311769502373	
0.5081504325662780	-0.2217185933076046	-0.0019003641707199	0.0008430980401858	0.5560147717005111	-0.2121880679326101	-0.0018686970902685	0.0009114642029964	0.6357907905231317	-0.2180161896006511	-0.0018466787159376	0.0009555014770226	
-0.1289122101219679	-0.0731425400678856	-0.0020117646799702	0.0005223211364497	-0.0925631883533501	-0.0502403876387494	-0.0020455859515916	0.0003672977407573	-0.0333107456898663	-0.0355805503907604	-0.0020139337257655	0.0005138518572375	
-0.6618977360153248	-0.1225815359298605	-0.0020770181346118	-0.0000683846626581	-0.6639650319495370	0.2293198048921426	0.0020781379882625	0.0000000204275924	-0.6639650698322314	-0.0814123577687038	-0.0020781379882490	0.0000000217655991	
0.2109175254435309	0.1718653545665151	0.0008600120219625	-0.0018965638333151	0.2516821754556602	0.1887145541135559	0.0016508915842934	-0.0012653815652018	0.3212064503138614	0.2073583409602651	0.0005902835428880	-0.0019975231577511	
0.3494986993597531	0.2296626981888703	0.0009522991639350	-0.0018517192129742	0.3941793986799500	0.2490143685431691	0.0004485437341114	-0.0020342269002039	0.4751762865991171	0.2667887300906806	0.0010936718973409	-0.0017714884961271	
-0.0155100079221291	-0.0883976717878018	-0.0019877762054497	0.0006076533290224	0.0207395744766413	-0.0677923399009477	-0.0019048690379580	0.0008328183580229	0.0801272814168253	-0.0549948493098599	-0.0018938615419815	0.0008576772486975	
0.3881965485517131	-0.0378288814420778	-0.0016133207637912	0.0013131807202130	0.4335510817940542	-0.0225402381890853	-0.0019441145249888	0.0007360536411776	0.5084494228944016	-0.0173553031833553	-0.0018652639223184	0.0009185044830137	
0.3397268067506234	0.2354729137724770	0.0016795595166261	-0.0012268803431011	0.3875717119802191	0.2582648276864482	0.0019659472915533	-0.0006752630042557	0.4675383714335508	0.2741696730948685	0.0019984869251511	-0.0005712557007509	
0.3850511470647109	0.2005889711001042	0.0007176956441806	-0.0019551501440093	0.4321537266941573	0.2175687426338971	0.0016353090554813	-0.0012855559802399	0.5130775896828419	0.2352700853453214	0.0007713364442425	-0.0019345126904496	
0.2068110079319411	0.1340016777907875	-0.0019751105076645	0.0006478322090395	0.2481548190422842	0.1556468644503171	-0.0020493062565696	-0.0003458281597061	0.3192197204618693	0.1672031708199337	-0.0020666231825499	-0.0002190092438928	
0.5019767294770727	-0.4061581210170569	-0.0013170748816818	0.0016114922465876	0.5453925820094929	-0.4063460849581079	-0.0013080938573848	0.0016188273521030	0.6221123988109267	-0.4200202049674944	-0.0012935252407406	0.0016305501323343	
-0.2254091031979075	-0.0738823521264150	-0.0015280655352257	0.0014119504179615	-0.1889830886207883	-0.0529806069879104	-0.0017520027538522	0.0011204451684774	-0.1298072283062591	-0.0342958928409278	-0.0015671411905379	0.0013682292423311	
0.5288486628558977	-0.4396137037813940	-0.0012908764527928	0.0016326584261744	0.5746516692011852	-0.4437125298674033	-0.0012910983149414	0.0016324821059651	0.6576345822431255	-0.4647190894476680	-0.0016421759441730	0.0012767283902079	
-0.5392902657279131	-0.3627770532443176	-0.0020752849597255	-0.0001091290879946	-0.5018602228514276	-0.3331444685790561	-0.0020754669549379	-0.0001055933665722	-0.4363683823728958	-0.3089168559471876	-0.0020778931370504	-0.0000319797448788	
0.2705503012294379	0.2032728674323216	-0.0011176687889970	0.0017563714102869	0.3130197551378568	0.2241223559747769	-0.0015480265464155	0.0013899261422878	0.3901786160562484	0.2391656665767329	-0.0018458809729243	0.0009570493891457	
0.1225946914322517	-0.0747684836860158	0.0020119876766135	-0.0005214571835623	0.1610661562489892	-0.0555563918311434	0.0019521194298648	-0.0007144437281308	0.2223588694744100	-0.0457479725457402	0.0019682401893458	-0.0006685164734679	
0.4463362606254637	-0.3388910199870495	-0.0013250047573617	0.0016049457965851	0.4892062954318093	-0.3366283686585363	-0.0013307319486873	0.0016001765381130	0.5645278502539484	-0.3466145625548835	-0.0012987858385199	0.0016263420173467	
0.4745326839376880	0.0057486709010042	0.0016298841285738	-0.0012924613303979	0.5236729946537539	0.0222789786437581	0.0020709176127534	0.0001735157508638	0.6088996301412906	0.0250486197751100	0.0020647872061703	-0.0002357714869651	
0.5044145309580483	-0.3371486248895281	0.0014856452508898	-0.0014567382958488	0.5489486744081611	-0.3330784037974151	0.0014583969856158	-0.0014841523196846	0.6262653028246916	-0.3429333205760883	0.0014674408307106	-0.0014751660294834	
0.1402563484611914	-0.0813595042834142	0.0019105682622505	-0.0008195929010435	0.1786039346233781	-0.0628753217630332	0.0019387000822439	-0.0007502689436817	0.2409273405120419	-0.0536071834003494	0.0019231975884194	-0.0007893492585979	
0.1506607741312931	-0.0854278132225931	0.0019568561319373	-0.0007012998602842	0.1890780798416070	-0.0667348542271896	0.0019572211111647	-0.0007002755068069	0.2513026615259932	-0.0576168370442569	0.0019470830066877	-0.0007281251177475	
0.3439235689655684	0.1852641733945536	0.0020580244931502	-0.0002891524989421	0.3905618127461312	0.2040037109059612	-0.0015351341390460	-0.0014042232870199	0.4696404207457310	0.2228399257936526	0.0020770475426562	-0.0000674810163001	
-0.0164439444815856	-0.0881903822926232	-0.0020138056529368	0.0005143560611154	0.0198640952846886	-0.0674681396481429	-0.0019020765884674	0.0008392081629692	0.0788437261431307	-0.0543824161672632	-0.0019097397195113	0.0008215312885739	
0.1590605955417128	-0.0883662888890756	0.0019658582061630	-0.0006755236079258	0.1974798170921737	-0.0696625211988549	0.0019783666271020	-0.0006377688702815	0.2609194308773506	-0.0612314792134397	0.0019532162944074	-0.0007114244664676	
-0.0446567995987783	-0.0395839459647043	0.0002998284653990	-0.0020615359860342	-0.0128059306923760	-0.0217985628159965	0.0004540309565811	-0.0020330031134495	0.0484666658834063	-0.0051691309425043	0.0003550892278701	-0.0020526953471418	
0.3717666083191078	0.2384827100335976	-0.0007931049712914	0.0019256461963368	0.4198759546235433	0.2554048837351188	-0.0019911620142385	0.0005964085851647	0.4997865104609363	0.2760388845986979	-0.0006415485093366	0.0019815733125710	
-0.3574489173729524	-0.3478089705935877	-0.0020724306722272	-0.0001542958151670	-0.3241947320956097	-0.3217764303884845	-0.0020736769111965	-0.0001364341974677	-0.2649626799122558	-0.3041625965708610	-0.0020771343333780	-0.0000647405448045	
0.3823137258559830	0.2081224055436052	0.0014777684053250	-0.0014647681290755	0.4276244254532851	0.2256349145305148	0.0006985254939308	-0.0019621154841564	0.5103777411625716	0.2439775790753569	0.0003430682777374	-0.0020547488215773	
0.0500528067449078	-0.1005243781605429	-0.0019859796006767	0.0006135287914056	0.0873151037802105	-0.0811774165382168	-0.0018719244888570	0.0009047839956046	0.1465231732253923	-0.0697600143531904	-0.0018935426988345	0.0008583844688175	
0.2352642893717106	0.1556470485034349	0.0014842723199733	-0.0014581441517174	0.2786275914934808	0.1739691615916673	0.0007902644018264	-0.0019268195194733	0.3500040932210857	0.1895309397886634	0.0017101511497941	-0.0011836466782803	
0.2669652369127915	0.2124996438980133	-0.0002163757893978	0.0020720098722047	0.3084923700661387	0.2301779584245554	-0.0010446829488553	0.0018009585450019	0.3832151246006952	0.2499997087809511	-0.0002883922987473	0.0020631750505950	
0.3761758360235854	0.2101509614384736	0.0020759188027728	-0.0000962536944777	0.4267554846619026	0.2287944721688462	0.0004827047321068	-0.0020263532376694	0.5082241630378934	0.2482462705255095	0.0017274711753901	-0.0011580939865512	
-0.2194607345186303	-0.0783800838046974	-0.0017794046847091	0.0010761717109257	-0.1829658417416247	-0.0553477578885338	-0.0020533912505749	0.0003205522096368	-0.1235592156463339	-0.0384315302120209	-0.0019232440114792	0.0007892355760651	
0.4604071654434065	-0.0978841257581298	0.0004852973453764	-0.0020257307878447	0.5027905765988734	-0.0885873913235533	0.0006792678279890	-0.0019688989532087	0.5842287875598633	-0.0842973033283920	0.0004949151645010	-0.0020233908474991	
0.4676351236649321	-0.1367551830494301	-0.0019242120140716	0.0007868607259900	0.5144043125717548	-0.1241565733220496	-0.0019236552278436	0.0007882277381448	0.5933749048757249	-0.1253584915813563	-0.0018869138040931	0.0008729316138205	
-0.1753468916184909	-0.0755300072778610	-0.0019645356063083	0.0006793795017010	-0.1392342507915688	-0.0520805593723699	-0.0020439415168644	0.0003763857837223	-0.0799501467138104	-0.0363293595384823	-0.0020047716131806	0.0005486783130629	
0.4695049214423368	-0.3668100791880168	-0.0012722964877281	0.0016472509269126	0.5122725497948377	-0.3656146477212215	-0.0013003499192211	0.0016250854585561	0.5876999446737776	-0.3764011144374498	-0.0012623579617100	0.0016549176585241	
0.5047823270196230	-0.4095488427816825	-0.0013229296048963	0.0016066652999854	0.5486481269810872	-0.4104007979469528	-0.0012983898636361	0.0016266597438442	0.6267406669409892	-0.4258985123010399	-0.0012886565752393	0.0016344199127067	
-0.1847450660741247	-0.0643900264907746	-0.0000579752398359	0.0020825224663121	-0.1508955483286711	-0.0472089408306569	-0.0015841857707266	0.0013483580064456	-0.0921484911858926	-0.0246939063218591	-0.0000383966358038	0.0020829776992119	
0.4151338704301268	-0.3004641397648528	-0.0013730475255076	0.0015638350904321	0.4563775177580338	-0.2956776765327773	-0.0012634169615355	0.0016541052779671	0.5293726079217385	-0.3017241653872525	-0.0012720657685357	0.0016474299949480	
0.2307851789122854	0.1585964179269060	0.0019454234174780	-0.0007325697843468	0.2742422649346865	0.1780810147983678	0.0016304936987270	-0.0012916883958586	0.3457936110697462	0.1934655630788325	0.0014071791776503	-0.0015330399204253	
0.0862508235932108	-0.1114300624606563	-0.0020069492222589	0.0005406183470027	0.1235807729203895	-0.0918966163545943	-0.0019855223853192	0.0006150142275521	0.1839499310460884	-0.0821862578876811	-0.0019579508601027	0.0006982223066657	
0.3802895618241440	0.2093100421014629	0.0019323586234695	-0.0007665341096591	0.4269102583812492	0.2279634575931303	0.0005573099849511	-0.0020070197919153	0.5101161961914764	0.2457288526293779	0.0005038994457527	-0.0020211610440844	
0.3344289563433501	0.2396365956367701	-0.0011473237020426	0.0017370481038027	0.3812522585577642	0.2605267230557180	0.0019797057809983	-0.0006335788256756	0.4627549616125484	0.2755938897273245	0.0020616126254160	-0.0002622086256696	
0.1899429156010110	0.1317836823655689	-0.0020647824390223	0.0002358134408589	0.2329890030134211	0.1524115359245359	-0.0018539361835802	0.0009412712289132	0.3010932774956457	0.1662984418702594	-0.0018875816222949	0.0008714793781385	
0.5133209283002411	-0.1274860847803709	-0.0020587709338441	-0.0002837619426300	0.5639950721634224	-0.1210559326027339	0.0005202311951713	0.0020169983607735	0.6442426043634437	-0.1152309084479239	-0.0020668045028789	-0.0002172828165929	
0.2217024575876110	-0.1651756549881376	-0.0003333032040203	0.0020563634412524	0.2587008550214082	-0.1531632351082715	-0.0015483595216082	0.0013895533454044	0.3220349222339512	-0.1469686104935587	-0.0014295368708149	0.0015121082838493	
-0.0236023780855096	0.1364363268120846	0.0001801150276811	-0.0020754936628924	0.0154702292741484	0.1539424239641987	0.0019079471588308	-0.0008257065782970	0.0753180909700784	0.1730431449111516	0.0006539168413093	-0.0019775059630018	
0.4592381328261081	-0.3541950819669243	-0.0013557279142412	0.0015789484228274	0.5014103883807941	-0.3514589424752306	-0.0012756171744088	0.0016446678802293	0.5765743019742511	-0.3615545868258321	-0.0012730310599747	0.0016466804574412	
0.3751534569814055	0.2101550958895128	0.0020770990356871	0.0000658688627341	0.4262474476143403	0.2305685654211049	0.0004832095245693	-0.0020262323204901	0.5070534055250979	0.2489106062039292	0.0019250590287522	-0.0007847758219389	
-0.2774560655007576	-0.3412497077547673	-0.0020700892522658	-0.0001831806074216	-0.2452203885896228	-0.3166644409387049	-0.0020724376891183	-0.0001542010664230	-0.1870335346082443	-0.3018639913446933	-0.0020773849646715	-0.0000560791656994	
0.4811135732621121	-0.3812279187883466	-0.0013486535571219	0.0015850254447924	0.5240265848437942	-0.3799187255080115	-0.0013150416478755	0.0016131601783802	0.6001437085056485	-0.3920295218003568	-0.0013021382072084	0.0016236457280694	
0.4661284503338212	-0.1127100940899706	0.0010274915910860	-0.0018108709271530	0.5111285326348645	-0.1042115595667990	0.0011153298864179	-0.0017578650243145	0.5911033121033171	-0.1011065276887677	0.0011111105191173	-0.0017605483927217	
0.3664337279323946	0.0655730921920188	0.0001695769003254	-0.0020763856798055	0.4090657396444719	0.0789129024922670	0.0013645112213875	-0.0015713261320620	0.4859641659878289	0.0926585451564267	0.0003181787566523	-0.0020587698354239	
0.2378046293313408	-0.1482883667943345	-0.0019934372487733	0.0005887205758732	0.2775452264002750	-0.1319207378420540	-0.0019301913406571	0.0007720023885527	0.3416953984536155	-0.1264435829466419	-0.0019257979435055	0.0007829517166538	
0.4916389399028949	-0.3936057790258400	-0.0013350130811157	0.0015965886797386	0.5347006563714496	-0.3930702102301604	-0.0013016114516488	0.0016240701512425	0.6107040882074368	-0.4054347575636441	-0.0012746144666072	0.0016454489889049	
0.5018013596745263	-0.2190197984741734	-0.0019308281332911	0.0007704003572558	0.5497372150668767	-0.2091659023126648	-0.0018759598555809	0.0008963449536697	0.6286729271066498	-0.2144799994209384	-0.0018704106528674	0.0009079249540249	
0.1475738111345903	-0.0842942717787713	0.0019475369839544	-0.0007269038910073	0.1859897120566294	-0.0656332013066350	0.0019578262312524	-0.0006985734402815	0.2482529149132389	-0.0564512566249539	0.0019451400200373	-0.0007333257014647	
0.4503108728758478	-0.0787259072877490	0.0020573644109623	-0.0002938354335489	0.4986007698563240	-0.0677672408947504	0.0003537714641740	-0.0020529240062544	0.5762931304812782	-0.0617606923656176	0.0020696511047216	-0.0001880904899985	
0.3862412824270884	0.1976336475765200	0.0008618641104678	-0.0018957186873531	0.4341825670658563	0.2163012763003212	0.0018098179073595	-0.0010239332225220	0.5154757137364174	0.2313492254866785	0.0014907182063964	-0.0014515205523991	
0.4939755095050906	-0.3266710662974143	0.0015636606522559	-0.0013722254507626	0.5385757072561115	-0.3226642649479359	0.0014383077703042	-0.0015037260255419	0.6151002400256371	-0.3312719555907479	0.0013983831282107	-0.0015411076555276	
0.1073523532547771	0.1470761624214060	0.0010142439625239	-0.0018183610969404	0.1437243909555829	0.1656858801109845	0.0001669057682914	-0.0020766031832061	0.2116468187825862	0.1821830067011808	0.0006358190338811	-0.0019834283647391	
-0.5556059424722962	0.0004742871092530	0.0018211361275695	-0.0010035624396660	-0.5139977700347558	0.0242158843925901	0.0012910779094116	-0.0016324983248851	-0.4429561226433757	0.0475904871484885	0.0016326778291878	-0.0012889127352759	
0.0821524971644335	0.1564242635107707	0.0017270119899376	-0.0011587820637451	0.1215637636272472	0.1790862487004615	0.0020426080659793	-0.0003835919074614	0.1880456645212856	0.1936049819677435	0.0019877461442142	-0.0006077521498754	
0.5153813745624680	-0.1272058683091460	-0.0020577492580653	-0.0002911144862236	0.5639950721634224	-0.1210559326027339	0.0005202311951713	0.0020169983607735	0.6462845380077373	-0.1149296441572387	-0.0020524995021508	-0.0003262414300838	
0.4782585594675335	-0.3778637283331536	-0.0013314799108013	0.0015995511091878	0.5226137906962804	-0.3781575124110112	-0.0013188838805490	0.0016100046404784	0.6006344276262059	-0.3926647431492280	-0.0013004047188040	0.0016250413883495	
0.4444506441478120	-0.3366560838068962	-0.0013303624198281	0.0016004853098968	0.4868258358096453	-0.3337473794224357	-0.0013227345805519	0.0016068266671205	0.5617307903832252	-0.3430250081736884	-0.0012914833358726	0.0016321760016461	
-0.0124127459165944	-0.0894747513255901	-0.0019276997739474	0.0007782338993153	0.0237700610702182	-0.0690452040769547	-0.0019471327823780	0.0007279913319661	0.0830977014029032	-0.0563039282740704	-0.0018968200679261	0.0008510812468856	
0.1382070220909792	0.1500127279423205	-0.0017739481348898	0.0010851873868128	0.1777663262087723	0.1719968915626088	-0.0018492818927028	0.0009504281495641	0.2470016601788814	0.1859934434196551	-0.0018801166280879	0.0008875488477534	
0.3460145853223164	0.2324280993374224	0.0019347141180691	-0.0007605393290532	0.3928930317529269	0.2521424681876272	0.0010753662419832	-0.0017827158867947	0.4735946444219445	0.2705521766100730	0.0005527708005014	-0.0020082809893984	
0.3659277935590119	-0.2071329572985522	-0.0009451797895212	0.0018553815067407	0.4044336489311513	-0.1977321613399656	-0.0008799356615570	0.0018873565471747	0.4764744079984082	-0.1972784158389381	-0.0012085742728252	0.0016947901394877	
-0.2691628576051825	-0.0776181082982244	-0.0020008255493666	0.0005629683505682	-0.2327093100516076	-0.0527356929372794	-0.0020664644905073	0.0002205090033889	-0.1714345000918421	-0.0352419843320053	-0.0020455552617129	0.0003674694756859	
0.4557916646474158	-0.0793878103032965	0.0017691544364478	-0.0010930239058473	0.4987578679646900	-0.0687482556708572	0.0003084692237469	-0.0020602543907879	0.5814011403995558	-0.0647671868371036	0.0005220366687284	-0.0020165294888989	
-0.1496254892676602	-0.3312234710801461	-0.0020760036565829	-0.0000943965228513	-0.1174106904110163	-0.3093279337735387	-0.0020759667822139	-0.0000952080420966	-0.0623822383161315	-0.2993141307400918	-0.0020780982725594	-0.0000128800090633	
0.1453732462406985	0.2197665527796142	0.0011058341343488	-0.0017638839691123	0.1830109506671117	0.2395853456074399	0.0000871388835241	-0.0020815010399645	0.2540589934761771	0.2583305387720112	0.0004565151582208	-0.0020324439365222	
0.1315571802182895	0.1571121154657940	-0.0009629194435551	0.0018461912302470	0.1718171704824099	0.1753975848475023	-0.0017029921801623	0.0011939750307755	0.2382380569201614	0.1918871356367496	-0.0012854975050999	0.0016369181698645	
0.4906859826803560	-0.3924865805676761	-0.0013379259787863	0.0015941362663386	0.5333329622444518	-0.3914130873119654	-0.0013026632732081	0.0016232223848177	0.6097947569396684	-0.4042839719527443	-0.0012756929778077	0.0016446087893715	
0.1463709958100837	-0.0838042114723643	0.0019426063184966	-0.0007400447870405	0.1850956387279816	-0.0652968690958091	0.0019564476314665	-0.0007024443631972	0.2473469766574869	-0.0561303349931472	0.0019430470184928	-0.0007388811180938	
-0.5913734008220071	0.2017565294175546	0.0018774483917555	-0.0008932072669184	-0.5487970839234976	0.2238035649106104	0.0013383535101900	-0.0015937755532102	-0.4740020381194881	0.2435118429343185	0.0015907450826206	-0.0013405743899052	
0.2263468693081317	0.1599155179128164	0.0020184993652331	-0.0004955208646172	0.2715531171162043	0.1806798488760946	0.0015091626477422	-0.0014322373358234	0.3409078953379900	0.1961029197772826	0.0020090366371850	-0.0005327693691948	
0.4852238421622366	-0.1000005711441319	-0.0004472956690690	0.0020345030706964	0.5285845193104688	-0.0917571806571929	-0.0008912362697274	0.0018820199824842	0.6100837118772156	-0.0885127184562131	-0.0006839177603292	0.0019672805173571	
-0.0996412015200921	-0.3266419742755056	-0.0020778229056671	-0.0000362770850689	-0.0684863075725524	-0.3058343512721435	-0.0020773540168056	-0.0000572197241815	-0.0124797315718032	-0.2979567782270121	-0.0020781112484580	-0.0000105685425007	
0.4759105346827859	-0.3749844216385731	-0.0013102110577623	0.0016171056761184	0.5193141157601651	-0.3741476219903676	-0.0013291483481602	0.0016014987443744	0.5964534056163511	-0.3874768074089155	-0.0013093819028886	0.0016177804825814	
0.3243215629927080	0.1666591335227146	-0.0009643752982171	0.0018454273626356	0.3710102989401824	0.1855125325956835	-0.0014967723881533	0.0014452455002118	0.4479518918456424	0.2000650208180536	-0.0017651344770143	0.0010995363041302	
-0.5498004507514000	-0.0042677159240537	0.0012787193151241	-0.0016422450657416	-0.5110532419224956	0.0188097647769178	0.0007101432222028	-0.0019579197411694	-0.4388404509580087	0.0425344047883724	0.0009616772899629	-0.0018468418101051	
0.0818928774841204	0.2049631993634276	0.0016179161657048	-0.0013074863037918	0.1225518309339704	0.2278210486310674	0.0020211780777846	-0.0004844229756061	0.1900333473204100	0.2433841340145669	0.0019791010896300	-0.0006354746013267	
0.5114676304049213	-0.0312577232406628	0.0006689700983075	-0.0019724391963708	0.5582560236050431	-0.0218758863892259	0.0006951426252544	-0.0019633225338287	0.6462621016600905	-0.0177102451095630	0.0007062204670341	-0.0019593451905697	
-0.3065392208999532	-0.3434450919008132	-0.0020694337569419	-0.0001904787575031	-0.2732865008923102	-0.3184178924062662	-0.0020735193599579	-0.0001388198732578	-0.2161270556770013	-0.3026150584818363	-0.0020770347934547	-0.0000678742508675	
-0.2836606685196402	-0.3417754219339618	-0.0020721380272395	-0.0001581965797710	-0.2514388894024917	-0.3171248491405342	-0.0020736491643177	-0.0001368573771801	-0.1943057108561549	-0.3020556910808087	-0.0020775706786792	-0.0000486762403146	
-0.0975605824689588	-0.3265974551163504	-0.0020777948854530	-0.0000378556618726	-0.0664015695930682	-0.3057659638357892	-0.0020771794563430	-0.0000632688291293	-0.0103975917304856	-0.2979437952444307	-0.0020781141988182	-0.0000099684672772	
-0.0215812334864056	0.1804035503259317	0.0014106257205419	-0.0015298532913487	0.0177801283703852	0.2022969070413081	0.0019872332043676	-0.0006094356474190	0.0817236523573788	0.2182955322270085	0.0018987295159044	-0.0008467913568302	
0.4738416789281785	0.0062834483832357	0.0015677714997381	-0.0013675033466461	0.5226649113207107	0.0222571811471608	0.0020765135965856	-0.0000823563474144	0.6088996301412906	0.0250486197751100	0.0020647872061703	-0.0002357714869651	
-0.3543489752102288	-0.3475676428600932	-0.0020717980460926	-0.0001626101814031	-0.3210857256385176	-0.3215721267092338	-0.0020734084237713	-0.0001404752813217	-0.2618464770151747	-0.3040571006394986	-0.0020770807058461	-0.0000664472251884	
0.2796948967318822	-0.1141461705371455	0.0019767412061414	-0.0006428141495246	0.3202125398406089	-0.0975384435945950	0.0019387155790163	-0.0007502286982066	0.3876514528587409	-0.0925474331963743	0.0019301626554826	-0.0007720744635241	
0.0793370011798046	0.2095348416707436	0.0002812155376242	-0.0020641704614735	0.1193632936228672	0.2288712897865681	0.0019240348275846	-0.0007872960516813	0.1845451474354158	0.2464897104449572	0.0013765816367069	-0.0015607094690045	
-0.0186408754058561	0.1781971613353563	0.0018441783513295	-0.0009603425227993	0.0206031253842223	0.2015627244940958	0.0020180289776336	-0.0004974426255157	0.0853603624885315	0.2169978142977794	0.0019997017314095	-0.0005669671379885	
0.3479224049445053	-0.1827816399517060	-0.0018531754787038	0.0009427755098715	0.3895771824241123	-0.1699412615954374	-0.0017557088531605	0.0011145996443191	0.4592791476082716	-0.1687273458190954	-0.0017639836085736	0.0011013909241801	
0.5300829759362631	-0.3655096957789303	0.0013539745641620	-0.0015804597318450	0.5747940167951360	-0.3633968758862492	0.0013938618649614	-0.0015452185870850	0.6533153628079464	-0.3752549527474621	0.0014219236291975	-0.0015193054333490	
0.4566740227606454	-0.0804916994312295	0.0011897208223721	-0.0017081440565548	0.4990358715656009	-0.0707396527518493	0.0002636920374248	-0.0020664936934671	0.5815874459853156	-0.0657306158051662	0.0003763143193901	-0.0020488914962454	
0.2385853401892370	0.1529799229186173	0.0017176712182165	-0.0011726521017991	0.2791950248685383	0.1708417472615358	0.0000473874579799	-0.0020827916277711	0.3521557991273296	0.1874917232937961	0.0011116068965466	-0.0017602334540988	
-0.4644521026991546	-0.3563395484299425	-0.0020677729354590	-0.0002078165478671	-0.4291639636641351	-0.3278661206289028	-0.0020708110369020	-0.0001747893985780	-0.3657435882487763	-0.3063559429032053	-0.0020768260010498	-0.0000740172304884	
0.5101138947458823	-0.1659873079897280	0.0019706586829958	-0.0006613171575266	0.5589369530518660	-0.1544508075024731	0.0019571375978359	-0.0007005100449731	0.6401475421445355	-0.1580776392367453	0.0019400448289487	-0.0007467673306782	
-0.1859635313721755	-0.0531119518228743	-0.0003479834874881	0.0020539179756863	-0.1544264896146733	-0.0341292932751789	-0.0002263583142293	0.0020709377539383	-0.0928172415065678	-0.0147394177695924	-0.0002903443810085	0.0020628998744540	
0.0830986415544013	0.2041217332463904	0.0017961437328194	-0.0010478523960749	0.1237020280628331	0.2275510605398679	0.0020428307835682	-0.0003823980873347	0.1912529308890143	0.2430089145863747	0.0020094859849911	-0.0005310635052144	
