-0.5153152067485631	0.0383874763622591	0.0019784043463835	0.0006376512668976	-0.4499582912484236	0.0104925289386114	0.0019232617011218	0.0007891922519726	-0.3460735795096403	-0.0207445132153438	0.0018034505524536	0.0010351624922905	
-0.5911959013505732	0.0315624707930357	-0.0020671147396040	0.0002142963096633	-0.5226269070032061	0.0053289573523176	-0.0020394182231524	0.0004002860979854	-0.4133082173949375	-0.0255599706732748	-0.0018588395319772	0.0009315016664401	
0.2296069178892797	-0.0191119564051643	-0.0020736001671707	0.0001376014620591	0.2868013694498603	-0.0686373031169172	-0.0020682878982221	0.0002026009312745	0.3864527102923645	-0.1253830074442011	-0.0020636493387739	0.0002455795692543	
0.4488842212649879	0.0242506775657251	0.0020699519347427	-0.0001847335410550	0.5164111471146462	-0.0303544219253465	0.0020658033178626	-0.0002266495991599	0.6379746614016635	-0.0928853148087443	0.0020562758436392	-0.0003013961748732	
0.2805224300103433	-0.0230760969444071	-0.0020697529974340	0.0001869602786812	0.3396903167808261	-0.0743837631588722	-0.0020660431258598	0.0002244420427124	0.4426034804549412	-0.1335110386577348	-0.0020612046226936	0.0002654127072189	
0.2939962302744921	0.3158801576492764	-0.0020599215410958	0.0002752419264033	0.3585636848462463	0.2684528475733485	-0.0020745490733430	-0.0001223856704005	0.4686001609242290	0.2219450219642282	-0.0020487373371698	-0.0003491994335637	
0.3959203425192195	0.2097446247854521	-0.0020752391142275	0.0001100017876819	0.4623827164099394	0.1604541907369936	-0.0020717773988847	-0.0001628743462321	0.5799746469368048	0.1100635809180834	-0.0015661715599791	-0.0013693445969261	
0.4073790774895398	0.0784013091315094	-0.0020438237161188	-0.0003770281298512	0.4728216973042414	0.0272156448171405	-0.0020780289548160	0.0000213408121167	0.5901826927482918	-0.0302329596699043	-0.0020664379872408	0.0002207584751559	
-0.2504023413212164	0.0054815539014187	-0.0020759666189983	0.0000952116186858	-0.1953671238251664	-0.0293620457101091	-0.0020677491364648	0.0002080543956625	-0.1049939264644925	-0.0679918473152895	-0.0020535378799290	0.0003196068021670	
0.2825039941023462	-0.0784651065409306	-0.0019648180815874	0.0006785580339131	0.3399068218344103	-0.1319390870850040	-0.0019520747918015	0.0007145662941966	0.4425446828952107	-0.1950595245690195	-0.0019427659513461	0.0007396235182424	
0.4707147409003809	0.1005902981498212	-0.0020568416905619	0.0002974905171737	0.5382476082907137	0.0475967435907814	-0.0020173722968368	0.0005001123899879	0.6650052506147008	-0.0104634079024781	-0.0020766536949683	0.0000787261268071	
-0.0115051221485520	-0.0169617220902326	-0.0020767068093677	0.0000773052093877	0.0414613988705910	-0.0588085743622161	-0.0020781366645523	-0.0000023515236368	0.1298167836812283	-0.1055600691945305	-0.0020781312143571	-0.0000053193550915	
0.4082659653096095	-0.1303890727553138	-0.0018319550154752	0.0009835737531011	0.4706298761881051	-0.1907569005888445	-0.0018090882359442	0.0010252283043875	0.5850928390688117	-0.2654418424665457	-0.0017836784176801	0.0010690377225160	
-0.4062543166069745	-0.0149339263951757	-0.0020737145926954	-0.0001358573808589	-0.3480697934353312	-0.0462702768623663	-0.0020756950875195	-0.0001009861513051	-0.2535328519796693	-0.0812477504057258	-0.0020777315977163	-0.0000411990487085	
0.3241825874922881	0.3175975548345528	-0.0020768854613134	0.0000723210424635	0.3896493981348037	0.2697746029827443	-0.0020755270339828	0.0001043998218987	0.5008774292160953	0.2223439192572412	-0.0020757220173362	0.0001004283135897	
0.2742536472687940	0.3185165030711825	-0.0020481730453558	0.0003525105262357	0.3377884590920552	0.2711330663564677	-0.0020385528229676	0.0004046921108427	0.4456591255506446	0.2236544901293943	-0.0020407396358482	0.0003934595230584	
0.3750098186196422	-0.0295700613582446	-0.0020631937209015	0.0002493972761651	0.4375458269183590	-0.0840321554612345	-0.0020553788766473	0.0003074835539299	0.5497703967850565	-0.1476243010493701	-0.0020414298609678	0.0003898444236695	
0.1621049414386940	-0.0353585083477720	-0.0019230006235750	0.0007898313810208	0.2160618721833527	-0.0836047491648330	-0.0018656384628395	0.0009177396774623	0.3107799302474438	-0.1392820524477785	-0.0018273016371350	0.0009922350928035	
-0.0592296738517709	-0.0104652336925264	-0.0020746304616282	0.0001209911861591	-0.0072576247635119	-0.0508390866740066	-0.0020703451953869	0.0001802501429072	0.0820798028379913	-0.0959099907781797	-0.0020653654409404	0.0002306253244627	
0.3262498449740909	-0.0979556884594366	-0.0020238906473209	0.0004729039626285	0.3854219862357517	-0.1532834033496498	-0.0020156895004789	0.0005068857867895	0.4916907611470012	-0.2193462426213059	-0.0019800143697017	0.0006326089520201	
0.4456414900181571	-0.0961972200104267	0.0019765230023440	-0.0006434881246526	0.5113171341473459	-0.1559239705327981	0.0019698242519483	-0.0006638108955109	0.6307135806695969	-0.2281297198185329	0.0019562625066804	-0.0007029623384225	
0.4572533464465709	0.2107180940388933	0.0019256747337162	0.0007832562195154	0.5268067109580112	0.1615176921003075	0.0020427402873226	0.0003828836337524	0.6504526828173485	0.1095144516749333	0.0020707104129377	-0.0001759833982162	
0.0267357530044900	-0.0242872627451785	-0.0019811888948437	0.0006289024261415	0.0787663566301586	-0.0679746738960463	-0.0020455577792425	0.0003674553911713	0.1692168385763322	-0.1169420109947519	-0.0020737023274765	0.0001360454026155	
-0.0997556196081668	-0.0073471718719945	-0.0020720224558596	0.0001597106819280	-0.0467268470900997	-0.0466163553492780	-0.0020664824861108	0.0002203394503063	0.0405997130918181	-0.0901455560378536	-0.0020575760634882	0.0002923422041592	
0.3409421450903896	-0.0527656947628863	0.0020089390077043	-0.0005331392289484	0.4011743537858401	-0.1070483597903150	0.0019885959578654	-0.0006049517410580	0.5100798891817695	-0.1710817319025605	0.0019615016742176	-0.0006881333220565	
-0.5278187194567486	0.0352010738698704	0.0020211782281773	0.0004844223449746	-0.4613124339610399	0.0071161488881026	0.0020239816894545	0.0004725122072472	-0.3564595165958822	-0.0248200832241348	0.0020017762222706	0.0005595615686268	
0.2390851281039665	-0.0409667985516974	0.0020763849863097	-0.0000855531837949	0.2961834040984325	-0.0910746443018691	0.0020681643342217	-0.0002038646921760	0.3959000004499524	-0.1487963577866749	0.0020564511641714	-0.0003001916038243	
0.4716450852824374	-0.1543907588312415	-0.0019608789946120	0.0006899145472951	0.5379941123863958	-0.2182159505859891	-0.0019048356846734	0.0008328950232478	0.6619197282928901	-0.2976532270650011	-0.0020480949280816	0.0003529663756531	
0.4541496418555018	0.1330293222879200	0.0020766217111781	-0.0000795695013737	0.5225726054114448	0.0815326968612029	0.0020752400337821	0.0001099843515884	0.6452355138560888	0.0261725329797137	0.0020780229624419	-0.0000219193877254	
0.4218550478323577	0.0780481258260690	-0.0020761316710946	0.0000915232700480	0.4883622214284187	0.0260256068265929	-0.0020718106408104	0.0001624488296354	0.6068141949229269	-0.0322235971066692	-0.0020081313137096	0.0005361886273645	
0.2878399325116752	0.2394015588142382	-0.0020764411995567	-0.0000841708663075	0.3511997949457071	0.1927280448930809	-0.0020221550544313	-0.0004803078193727	0.4582945363924542	0.1457141846117322	-0.0009691439528743	-0.0018429150024155	
-0.5070296508380958	-0.0121169900751012	-0.0020686002132788	0.0001993706517293	-0.4446649824844324	-0.0412213021156729	-0.0020625566036606	0.0002546384640700	-0.3449599085087305	-0.0738908435079893	-0.0020524265891080	0.0003267021146834	
-0.3688698053103760	0.2947473346680913	0.0020778361713725	-0.0000355052555074	-0.3002985503842592	0.2559192634537482	0.0020769650745205	-0.0000699855431235	-0.1953638567657472	0.2120119127528655	0.0020758483431221	-0.0000977689636443	
0.3521949413789243	-0.0264774554769785	-0.0020578119421541	0.0002906688362583	0.4135451494787059	-0.0802359523921795	-0.0020468701704955	0.0003600357064997	0.5236556890210877	-0.1428800582844241	-0.0020335041838859	0.0004294612566303	
0.0996370195140132	-0.0254718181615290	-0.0020675774266795	-0.0002097623951260	0.1528121029674535	-0.0706083373260400	-0.0020762334813809	0.0000891719634505	0.2450942842644908	-0.1221687005262975	-0.0019841783272162	0.0006193583126025	
0.3823350055682539	0.1377400031666269	0.0020648243452001	0.0002354443808877	0.4478478047010057	0.0881659524333787	0.0020766471424939	-0.0000788996431018	0.5621489306931886	0.0344596772527461	0.0020582183043512	-0.0002877627492020	
0.3313347727859655	-0.0503796544144838	0.0020299911762336	-0.0004458514617141	0.3916850156044400	-0.1042840284671683	0.0020049463034080	-0.0005480364276398	0.4988857691728448	-0.1673786128740853	0.0019776965445423	-0.0006398541176308	
0.4198733882407308	-0.1362438986666988	-0.0018887802276531	0.0008688655125193	0.4830093777800113	-0.1972308277484237	-0.0018721028064018	0.0009044131305139	0.5985397136691106	-0.2728429360647599	-0.0018609930453503	0.0009271701795069	
0.2462581828058118	0.3208953914098083	-0.0020775558600180	0.0000493077887896	0.3096501709990375	0.2741511881312313	-0.0020755722974605	0.0001034914923080	0.4156552738804029	0.2274157306616613	-0.0020735341542920	0.0001385976088107	
0.2264286985263294	0.3146296585735792	-0.0009541939243831	-0.0018507386665015	0.2887884977433868	0.2708933809968808	-0.0014703473724170	-0.0014722544831712	0.3931564644604777	0.2265665213281325	-0.0019446171300073	-0.0007347180969253	
0.3449949985926486	-0.0255933893992942	-0.0020646219399899	0.0002372215468001	0.4062924457815644	-0.0790227192868310	-0.0020531761630490	0.0003219338634027	0.5152885123713487	-0.1411135468784097	-0.0020359956357923	0.0004174293349524	
-0.1631584147185586	-0.0023272045386850	-0.0020725349223026	0.0001528820536779	-0.1101569181337353	-0.0396985174461903	-0.0020660083061489	0.0002247639376247	-0.0207808856502650	-0.0812470555756032	-0.0020573452913902	0.0002939699429311	
0.2927613925508049	0.0741619223441745	0.0017036964625481	0.0011929648326590	0.3527827455493771	0.0273544008479436	0.0012740095117886	0.0016459197720705	0.4568651288496166	-0.0248659012188948	0.0010220369866994	0.0018139704653295	
-0.5053440037848699	0.0431242286593281	0.0016927115658385	0.0012085781160008	-0.4409858608987465	0.0160500784321522	0.0015180934705861	0.0014227201234311	-0.3392448686950229	-0.0151559996386688	0.0013525875366426	0.0015816528803578	
-0.5206804015380807	0.0368820088215691	0.0020162708510971	0.0005045567199463	-0.4552308845186817	0.0086680477090576	0.0019949930958260	0.0005833999169853	-0.3502529537169355	-0.0227570219890865	0.0019259775442466	0.0007825076010152	
0.2514546100432404	0.2666745387678385	-0.0020720386169941	0.0001594998241733	0.3137932040635307	0.2199731480189137	-0.0020667492468344	0.0002178103984273	0.4197765612213957	0.1720439905535930	-0.0020548292262211	0.0003111536976819	
0.2815824427955251	-0.0457799771803688	0.0020729033530902	-0.0001477767544872	0.3398145001022148	-0.0973600490577399	0.0020701286830401	-0.0001827322239128	0.4436761695690459	-0.1571512952420480	0.0020656466649626	-0.0002280799957980	
0.3761576507511741	0.1585852769044583	-0.0020688081509337	-0.0001971903313718	0.4415758187981538	0.1092181916967798	-0.0020754994938622	0.0001049486297999	0.5558432605882009	0.0559931383113321	-0.0020655646893120	0.0002288249082423	
-0.1994709113749040	0.0003169089401434	-0.0020726414739229	0.0001514233665546	-0.1454260421561602	-0.0360879777221002	-0.0020685343212974	0.0002000565557201	-0.0561367847659676	-0.0762174255868844	-0.0020603552442365	0.0002719599143518	
0.3794638286123153	0.2889291167358623	-0.0020729571696500	0.0001470161087834	0.4456383544153539	0.2403122544490666	-0.0020488857214187	0.0003483233810237	0.5622205772103297	0.1909584565518209	-0.0019702338540785	0.0006625880842860	
0.2825174230991129	0.3172743487357160	-0.0020731144580062	0.0001447699648795	0.3460510951525320	0.2699773633662174	-0.0020764356219661	0.0000843090371291	0.4551016010832023	0.2227362988169674	-0.0020597240678605	0.0002767231657813	
0.4716473757413788	-0.1054360859410921	0.0019210852860446	-0.0007945018515304	0.5382551984510926	-0.1666260507709766	0.0018938071189204	-0.0008577980131868	0.6628837121154603	-0.2399320306936712	0.0020617532809896	-0.0002610947825636	
0.3283358031141149	0.3174772297763499	-0.0020778963495106	0.0000317692766517	0.3938017500209645	0.2696400807571792	-0.0020781310937015	0.0000053665189280	0.5060142636249678	0.2223417225872546	-0.0020737372287115	-0.0001355096902516	
-0.3813198166930569	-0.0127770252545829	-0.0020694075109397	-0.0001907651145145	-0.3241896554871967	-0.0447887075047034	-0.0020736815090444	-0.0001363639463038	-0.2306658730262616	-0.0805680366141421	-0.0020768525611312	-0.0000732644256690	
0.4208630028220475	0.1123279953726256	0.0020712518042180	0.0001694594585548	0.4873557862973645	0.0612173596930474	0.0020781179679914	-0.0000091447446884	0.6068109640993293	0.0050406560372808	0.0020765903902481	-0.0000803868101117	
0.2262969465379265	-0.0586426168388169	-0.0020209940364482	0.0004851940543084	0.2818599194610267	-0.1090204077503650	-0.0019377857206319	0.0007526391847115	0.3802084355497690	-0.1678133920960139	-0.0018120187715783	0.0010200138076309	
0.2314856662088290	-0.0412378183962350	0.0020693187258624	0.0001917306069130	0.2888405528368941	-0.0905718688422635	0.0020779800653351	-0.0000256833132784	0.3875143489411983	-0.1476669565779390	0.0020648454381282	-0.0002352583974811	
0.2784309122606846	0.2205884387045484	0.0020675119244912	-0.0002104102559053	0.3408916544623768	0.1733095952819040	0.0020707336670329	-0.0001757081921345	0.4477337988592021	0.1245324384432901	0.0020756621287288	-0.0001016647010659	
-0.3106835855037820	0.2927879970036946	0.0020727901654113	-0.0001493638501574	-0.2441809772162812	0.2529975456261748	0.0020679460045605	-0.0002060785508171	-0.1423502965020469	0.2083700023218442	0.0020584123704436	-0.0002863642818409	
-0.3210291137808401	-0.0034914986521125	-0.0019902233940048	-0.0005995489285798	-0.2649540519941200	-0.0365444150853918	-0.0019909994807016	-0.0005969536627491	-0.1745752138901668	-0.0738113516519331	-0.0020027359428061	-0.0005560995382503	
0.1245988500473896	-0.0324545551766023	-0.0020486932504891	0.0003494592835440	0.1786664251725881	-0.0792554506536892	-0.0020569399363827	0.0002968070461101	0.2712466346595092	-0.1322149580530931	-0.0020555832129968	0.0003061076797566	
0.4468167934216261	0.2887203313053430	-0.0020728728354795	0.0001482063485059	0.5164274531831938	0.2389427118315497	-0.0020742074961924	0.0001280721172866	0.6401083963036598	0.1892417021643896	-0.0020769038457936	-0.0000717884783405	
0.4053904679828342	-0.1288581246740361	-0.0018291459149922	0.0009888140444296	0.4674011448234210	-0.1888756382219253	-0.0018015818500053	0.0010384275824970	0.5819028824215244	-0.2634980846031003	-0.0017732944003068	0.0010862606634165	
-0.3927694584886602	0.2948906592875144	0.0020781359747489	-0.0000029001771126	-0.3231501257288562	0.2564476308169804	0.0020777965565485	-0.0000377633682302	-0.2171629519387847	0.2127107044392310	0.0020774702144367	-0.0000528100291738	
0.4155669656666929	0.1116535911569184	0.0020557416168204	0.0003050367219117	0.4822283151887021	0.0610450422186095	0.0020726992763194	0.0001506261124710	0.6005709816458416	0.0052971394491195	0.0020775151998184	-0.0000510004886246	
0.3739536834558663	-0.1137813415025756	-0.0020149198348042	0.0005099519124385	0.4353370472949647	-0.1719392093876438	-0.0019539484429960	0.0007094010327987	0.5455267308137870	-0.2426803748753761	-0.0018523431078864	0.0009444180581994	
0.3345687003426434	0.3177844795366761	-0.0020591179603136	-0.0002812199666224	0.3999725064002921	0.2700839655273786	-0.0020637457685272	-0.0002447638221575	0.5123576925835054	0.2227102206144636	-0.0020697344590233	0.0001871664219360	
-0.1724404640664989	-0.0016177656657991	-0.0020724744381344	0.0001537038870176	-0.1195122779101778	-0.0386902332894006	-0.0020667100519804	0.0002181838469299	-0.0300872235417675	-0.0799369676833756	-0.0020575572898758	0.0002924749681829	
-0.1454225661756179	-0.0036659700545037	-0.0020726647192387	0.0001511032580387	-0.0924686736443362	-0.0415954711365945	-0.0020684920517527	0.0002004953145382	-0.0041884230521307	-0.0835468872260914	-0.0020618152251138	0.0002606027165850	
0.4572487096828435	0.1331229595490298	0.0020699719578775	0.0001845079183855	0.5256584602142031	0.0817018573307340	0.0020751838907939	0.0001110438712315	0.6494159307766745	0.0260614517808216	0.0020758965192268	-0.0000967354848672	
0.3979583703291991	0.3147753687417948	-0.0020764306207801	-0.0000844327363904	0.4654905001626428	0.2662143358677644	-0.0020778206376053	0.0000364074077987	0.5839997477888015	0.2181686280787187	-0.0020730386698737	0.0001458565906770	
-0.3854950437852128	0.2948890543623618	0.0020781371100586	-0.0000019153974944	-0.3158762773186862	0.2563173138518544	0.0020776678836665	-0.0000443107705378	-0.2109300064879179	0.2125583723419029	0.0020773569504799	-0.0000571125839690	
0.2900553217186803	0.2203049200533289	0.0020647467812925	0.0002361270117871	0.3532086624127697	0.1736473860265432	0.0020435387670977	0.0003785772462347	0.4593268756958866	0.1252660778802013	0.0020548456196571	0.0003110448755565	
0.3285364399208465	-0.0985247327370676	-0.0020233809009756	0.0004750911155282	0.3877099122201244	-0.1538643989210224	-0.0020040611394018	0.0005512806185904	0.4943948312368296	-0.2202028030716236	-0.0019415536193714	0.0007428159990258	
0.4196743072231395	-0.0347840345262796	-0.0020755502746362	0.0001039344316954	0.4851809656399335	-0.0908805074610216	-0.0020747479372906	0.0001189494676358	0.6016904760207409	-0.1569906759271613	-0.0020724630510382	0.0001538581163774	
0.2661495839402676	-0.0724473490253894	-0.0019916293374952	0.0005948383238704	0.3231939116178829	-0.1248902448361675	-0.0019435297455614	0.0007376040661237	0.4239482005143578	-0.1864415165485613	-0.0018600759328805	0.0009290179035145	
-0.4457523695872891	-0.0149983076956853	-0.0020703940591698	0.0001796851939054	-0.3865339472372942	-0.0458039829188328	-0.0020693851946064	0.0001910082563243	-0.2899015615478202	-0.0803274422622114	-0.0020710129517994	0.0001723683589957	
0.4707546374291325	-0.1050660224963361	0.0019206674515161	-0.0007955164644093	0.5373780910790633	-0.1662548679161485	0.0018914597873079	-0.0008629873637628	0.6618533735790748	-0.2397925688238732	0.0020504402896536	-0.0003390052986711	
-0.2668127790946632	0.0027016474064412	-0.0017666104805991	-0.0010971513655648	-0.2119308041365493	-0.0303070290886070	-0.0019453339341914	-0.0007328085627625	-0.1204658508346533	-0.0670725005853655	-0.0020643117343989	-0.0002399193461846	
-0.0436656683991521	-0.0111077611497111	-0.0020777681143626	0.0000393046692964	0.0082975749205368	-0.0518579874597809	-0.0020763624052461	0.0000861022076569	0.0977092071024329	-0.0973404758643711	-0.0020704287931134	0.0001792825194118	
-0.3159066292151045	-0.0018558302183243	-0.0019733902264641	-0.0006530797101145	-0.2598304067725030	-0.0349490971820709	-0.0019799423721177	-0.0006328353820802	-0.1693186117182690	-0.0722530763906273	-0.0019836871200443	-0.0006209376142219	
0.3625688490777124	-0.0596030809216123	0.0019604464548234	-0.0006911488284715	0.4240505372734833	-0.1152610147748017	0.0019351941065227	-0.0007593110433851	0.5340914070684137	-0.1812184508811849	0.0018950423684370	-0.0008550519439226	
0.3358166771262913	-0.1005866258934027	-0.0019572001478089	0.0007003343884524	0.3947852323664145	-0.1563756563678493	-0.0019012229473950	0.0008411499551469	0.5018690083001420	-0.2239606894483729	-0.0017717529802347	0.0010887855584382	
-0.5372359197629579	-0.0075431453167170	-0.0020236723394423	0.0004738419529294	-0.4737967068490825	-0.0363076610978606	-0.0020130353472008	0.0005173776040830	-0.3719715531503232	-0.0686383922650738	-0.0020098718275955	0.0005295940362147	
-0.3969531559827138	-0.0141901182344537	-0.0020704789733185	-0.0001786991603477	-0.3387412690278798	-0.0457226718496118	-0.0020740956002749	-0.0001298805959307	-0.2441831067441403	-0.0809984329767037	-0.0020772403642194	-0.0000612261470662	
-0.6421752168375691	0.0361867973961832	-0.0020602346620633	0.0002728764411853	-0.5694525591467594	0.0111554124790174	-0.0020512079430486	0.0003343055270804	-0.4561131172273039	-0.0174934450016891	-0.0020383414464560	0.0004057607404022	
0.2950236009906038	-0.0824768375856889	-0.0019647307394829	0.0006788121527141	0.3531942813187527	-0.1366458838191519	-0.0019234248573216	0.0007887925315548	0.4558606410151276	-0.2004835495922023	-0.0018541909452171	0.0009407667662581	
-0.0260033682051115	-0.0139378450310167	-0.0019248566463744	0.0007852745675455	0.0260078143564987	-0.0560979504958879	-0.0019575974540032	0.0006992174881429	0.1142946830378956	-0.1031330125479503	-0.0019853747683800	0.0006154929782678	
-0.6598272994750071	0.0381149244398916	-0.0020755597718772	0.0001037436486372	-0.5859670238757773	0.0140343373469504	-0.0020463508678756	0.0003629903190875	-0.4706522448215864	-0.0143205339576492	-0.0020295723755883	0.0004477635370515	
0.3010858746040252	-0.0848242198428620	-0.0018737506501654	0.0009009770407193	0.3582072801752050	-0.1389808386998557	-0.0018081662520555	0.0010268616375016	0.4614854327241977	-0.2039789064182841	-0.0016699322067802	0.0012400175020741	
0.3958560583963981	0.2624098337993376	-0.0020757531592338	0.0000997793271354	0.4623101901595477	0.2133328510780076	-0.0020543211206857	0.0003145074849305	0.5807006194514532	0.1630479824958290	-0.0020545170209746	0.0003132187827303	
-0.0914015396958354	-0.0079573275340719	-0.0020723933050785	0.0001547993998735	-0.0383877536731323	-0.0474822461223715	-0.0020664025465436	0.0002210916289061	0.0488995059815660	-0.0913023536161752	-0.0020569043630622	0.0002970547059927	
-0.5133017949012617	-0.0114792132880792	-0.0020643454842007	0.0002396273225933	-0.4509356613521061	-0.0404528086182378	-0.0020594949029467	0.0002784320684525	-0.3501854877598190	-0.0730352759600467	-0.0020494525442056	0.0003449558182925	
0.3439062827707453	-0.1042222642920799	-0.0018366821251686	0.0009746735140351	0.4029574164230982	-0.1608128884223287	-0.0017774755476972	0.0010793709335220	0.5100405651385607	-0.2294285257373546	-0.0017251152343215	0.0011616180495714	
-0.3802866341145523	-0.0126863789726144	-0.0020694376357944	-0.0001904364004530	-0.3231536866020721	-0.0447213040178675	-0.0020735889812096	-0.0001377707693904	-0.2296262379057285	-0.0805436324381181	-0.0020767141497792	-0.0000771067762899	
0.3918203019944635	-0.1216693657849106	-0.0018419156643800	0.0009646968396510	0.4531991347096374	-0.1809107488952440	-0.0018234313294958	0.0009993651358175	0.5654900105782612	-0.2537357146205422	-0.0018218550054799	0.0010022502650325	
-0.2566761474397082	0.0054767680921785	-0.0020742656857227	-0.0001271214420267	-0.2015773713823582	-0.0289258023469930	-0.0020774830199713	0.0000523013041828	-0.1111278571283875	-0.0672160950000417	-0.0020666510026543	0.0002187452516792	
0.1078760405782083	-0.0265062771197689	-0.0019566237662585	0.0007019511414075	0.1610443823660920	-0.0729410418775794	-0.0018865072097104	0.0008738143596000	0.2522282742201767	-0.1255000659952009	-0.0018192937771990	0.0010069151376096	
-0.6026366673529552	0.0325139726224909	-0.0020724155680217	0.0001544995682905	-0.5331073451109504	0.0068255432863321	-0.0020644347040269	0.0002388535964450	-0.4218643420157969	-0.0229272694581062	-0.0020417578236602	0.0003881144643065	
-0.3834167114218886	0.2948856019814388	0.0020781334662190	-0.0000043461879011	-0.3137985569622512	0.2562733522030406	0.0020776022221174	-0.0000473038240566	-0.2088528084812454	0.2125031598839345	0.0020772579487512	-0.0000606235964431	
-0.0540403740882872	-0.0107532876525518	-0.0020759780250776	0.0000949613491900	-0.0020866256376013	-0.0512363346483118	-0.0020724894208644	0.0001535007202176	0.0872992817347138	-0.0964907627266675	-0.0020676895482025	0.0002086487211029	
-0.3844851480419290	-0.0130906932311685	-0.0020692819872035	-0.0001921286898166	-0.3272991218906939	-0.0449853599017604	-0.0020738137319412	-0.0001343279070776	-0.2337842996806337	-0.0806817720641592	-0.0020771214325772	-0.0000651551967922	
-0.4041842323807987	-0.0147892268968181	-0.0020729670350636	-0.0001468762411794	-0.3459954441486291	-0.0461618338928506	-0.0020752342744294	-0.0001100935116591	-0.2514551466939469	-0.0811996536268154	-0.0020775718510150	-0.0000486259268545	
0.2722347307347140	-0.0448806038945872	0.0020641709495691	-0.0002411336355157	0.3304191137222137	-0.0962772252318365	0.0020598632015906	-0.0002756803719654	0.4322385503320778	-0.1556622259773410	0.0020539365578068	-0.0003170216881677	
0.3345440175525798	-0.0511462473800946	0.0020214959520338	-0.0004830881120267	0.3948558139365215	-0.1051830200372090	0.0019985620568420	-0.0005709914773354	0.5029288642585104	-0.1687018007642904	0.0019753723719930	-0.0006470292896030	
0.4665427349482147	-0.0374709459806755	-0.0020760414719927	0.0000935569676759	0.5351065338452476	-0.0953046262960576	-0.0020725315725691	0.0001529276845965	0.6577332225677099	-0.1634134127817461	-0.0020770914714533	0.0000661081512268	
-0.3709193679138981	-0.0117715123128704	-0.0020673711237017	-0.0002117960934495	-0.3137766693457227	-0.0440524911435998	-0.0020712144585039	-0.0001699175857237	-0.2202886736391995	-0.0800997340977979	-0.0020740238806248	-0.0001310265631257	
-0.1298321038881768	-0.0047230963584939	-0.0020730569890137	0.0001455946836184	-0.0769369052374345	-0.0430310204264910	-0.0020669127764121	0.0002162452532496	0.0113928101218641	-0.0856111566310753	-0.0020548831401680	0.0003107956620156	
0.2514471213261248	0.3206914314872406	-0.0020756538350537	0.0001018347360785	0.3148291474409357	0.2738538154449732	-0.0020732833564502	0.0001423183635891	0.4218458671641236	0.2269279392252307	-0.0020709554659901	0.0001730611094367	
-0.2098746234783058	0.0011617134972717	-0.0020689927707598	0.0001952339169425	-0.1557787765023946	-0.0349155124197805	-0.0020633535905892	0.0002480644852782	-0.0664618572294812	-0.0747879012483604	-0.0020551656795707	0.0003089124136024	
0.2868299321524723	0.3171127841208097	-0.0020751593644721	0.0001115035586513	0.3501629966395612	0.2696959102016344	-0.0020567655348922	0.0002980192118837	0.4592837049601888	0.2217800366037119	-0.0020058730769378	0.0005446174767187	
0.3908604516178658	-0.0319067483445166	-0.0020518685283511	0.0003302062754158	0.4543100926379080	-0.0870097170072755	-0.0020464847010701	0.0003622312414503	0.5681274437567334	-0.1515591765101847	-0.0020427224622042	0.0003829791971207	
0.2691430793578278	0.1899677805482122	-0.0020778573944912	0.0000342342643537	0.3304453153773305	0.1428775150415093	-0.0020712437734713	0.0001695580784602	0.4364560228187817	0.0930266730659886	-0.0020643138149562	0.0002399013543699	
-0.4156345793689684	-0.0154343949803816	-0.0020765102770835	-0.0000824404205883	-0.3574444378917395	-0.0466112775776434	-0.0020777016580616	-0.0000426895384149	-0.2628852329471950	-0.0813309466743200	-0.0020781190444842	0.0000088954931000	
0.3988373774603431	-0.1253410915131999	-0.0018359457057405	0.0009760669000251	0.4605362405898978	-0.1849889318653938	-0.0018089453903981	0.0010254815861031	0.5735451140649996	-0.2583684410685235	-0.0017831393519757	0.0010699411325201	
-0.5769247459881376	0.0277511498561336	-0.0018784094314901	0.0008911742943261	-0.5087925154657734	0.0002430012245571	-0.0020540951449584	0.0003159873545658	-0.4007501431855008	-0.0301306625075371	-0.0019693433105107	0.0006652434879761	
-0.6483263039898635	0.0369476049196862	-0.0020614965733953	0.0002631240277814	-0.5756903415057286	0.0121884420310099	-0.0020461791511741	0.0003639618739343	-0.4612964535117509	-0.0163900659031144	-0.0020313956373209	0.0004393755912921	
0.2950727709584655	-0.0236460159734027	-0.0020763510171836	-0.0000863777649401	0.3543215127583017	-0.0749928763686997	-0.0020757353938803	-0.0001001500674463	0.4592234753068360	-0.1341808013575241	-0.0020740754248948	-0.0001302039903543	
0.2670927773624104	-0.0727602747398495	-0.0019848474789143	0.0006171997594219	0.3240922070105644	-0.1252361487550374	-0.0019326183228445	0.0007658758282122	0.4248029804235840	-0.1868187780855655	-0.0018518078935354	0.0009454723202675	
0.2960952704536338	-0.0236007580978776	-0.0020751631003370	-0.0001114336615458	0.3553503774699587	-0.0749373987533034	-0.0020740683303048	-0.0001303175192139	0.4602429599907878	-0.1341264253606808	-0.0020737219418988	-0.0001357445946876	
-0.2328001386574384	0.0037861970783112	-0.0020626605620394	0.0002537907594069	-0.1787916971196107	-0.0316679477086450	-0.0020529526954013	0.0003233629431960	-0.0883564096375550	-0.0709958496084470	-0.0020416754322430	0.0003885498186320	
0.2324988286072339	-0.0411799985947560	0.0020693350076969	0.0001915539177525	0.2898889762373986	-0.0905936690680717	0.0020772252669600	-0.0000617387732902	0.3885874300097589	-0.1477934033543780	0.0020623754874102	-0.0002561085311896	
0.4685388557077368	0.2415052637552328	0.0020111108733636	-0.0005248454244331	0.5371610648794907	0.1904409547193395	0.0018246467899065	-0.0009971330813752	0.6639362234436472	0.1392471618645273	0.0020771109977638	-0.0000654886656087	
0.3969233031678308	0.2415365319660727	0.0020766126891286	-0.0000798057881554	0.4634099868875747	0.1923830645502275	0.0020741770139660	-0.0001285673063892	0.5807810437229979	0.1422017990511904	0.0020694374360928	-0.0001904385814250	
0.3303624495187495	-0.0501858437454356	0.0020331679431477	-0.0004310582295176	0.3907364887343643	-0.1040409701748030	0.0020077065014498	-0.0005377850516706	0.4976018271916791	-0.1669440278910707	0.0019786349000199	-0.0006369319124817	
0.3719805414750650	-0.0291961483894635	-0.0020637105936676	0.0002450617027526	0.4342782938941794	-0.0835470889652680	-0.0020579741421387	0.0002895124347204	0.5465034835008529	-0.1470278681606101	-0.0020474082721227	0.0003569475348054	
0.4488687272371605	0.2314006402869166	-0.0020745662889324	-0.0001220920360182	0.5196671131838300	0.1830937470152494	-0.0007925405220496	-0.0019258797393759	0.6388683253890139	0.1315366960037061	-0.0006605623371561	-0.0019752849759873	
-0.3127936502201985	-0.0008229806591323	-0.0019657468045777	-0.0006758493357020	-0.2567275047458665	-0.0339437947701105	-0.0019568100981712	-0.0007014289392095	-0.1673319559219435	-0.0716317823286823	-0.0019585011770428	-0.0006966694407711	
0.4675691644728854	-0.0586915889619632	0.0020686740953754	-0.0001985987311333	0.5350693523562884	-0.1171419314545055	0.0020619032167350	-0.0002599021098208	0.6587608931617353	-0.1867237747726435	0.0020715858556890	-0.0001653047453185	
0.4718245698120613	0.0727365328210838	-0.0020511998207651	-0.0003343556088479	0.5413341258354507	0.0199241965622204	-0.0020713074692082	-0.0001687742816717	0.6650185909615935	-0.0388419929625374	-0.0020780688817042	-0.0000169899814791	
-0.5362217274673282	0.0325868716178885	0.0019213390453743	0.0007938849159123	-0.4696421066837855	0.0050736225242473	0.0019954137425884	0.0005819523246551	-0.3637424725451079	-0.0266659819177146	0.0020190627819671	0.0004932085855141	
0.2690330551016880	0.3193183604222821	-0.0020625508387782	0.0002546853886573	0.3325454411874534	0.2720693964228418	-0.0020535965571378	0.0003192276716148	0.4404776573475075	0.2246857667962619	-0.0020409993829216	0.0003921031354064	
-0.1070765950974727	-0.0067695165973912	-0.0020702335011577	0.0001815348673073	-0.0540283481504700	-0.0458073226983223	-0.0020649846524748	0.0002340271431620	0.0343459672020450	-0.0892204302430590	-0.0020564617473483	0.0003001187321896	
-0.0031180514635228	-0.0166719549556564	-0.0020732075783297	-0.0001434235090017	0.0498376593264699	-0.0584832608086582	-0.0020712937519417	-0.0001689433863737	0.1381953517609699	-0.1052105837971944	-0.0020470400872158	-0.0003590635092626	
0.2391142327092641	0.1151662084420967	-0.0020749660895479	0.0001150616111635	0.2981178789672585	0.0681201108905905	-0.0020587025969046	0.0002842597830526	0.4010920891185488	0.0166019334825212	-0.0019742110040841	0.0006505818812847	
0.4376789291025500	-0.0933255742573837	0.0019133215351869	-0.0008131122950042	0.5030185958575277	-0.1529045426771343	0.0019260597689886	-0.0007823041781999	0.6214560759569112	-0.2247697978821913	0.0019430351102647	-0.0007389125893491	
-0.2970786621957353	0.2911414676468221	0.0020244136789182	-0.0004706486657822	-0.2317813253987963	0.2508099109524040	0.0019707483512268	-0.0006610485568691	-0.1318526392582418	0.2054321389894705	0.0018434346902933	-0.0009617763898342	
-0.3564519626464531	-0.0100161637702771	-0.0020581767672316	-0.0002880611723359	-0.2992651160612750	-0.0425797786359040	-0.0020639632182316	-0.0002429141125638	-0.2067868570287201	-0.0790043555729863	-0.0020694432625454	-0.0001903749394676	
0.2401731594341906	0.2663044114001762	-0.0020432089986862	0.0003803618783607	0.3023978936570345	0.2203156221120403	-0.0020421725198055	-0.0003859154942432	0.4073844652993222	0.1734124229517289	-0.0020712972009907	0.0001689008829793	
0.3856734109760787	0.2599414644874876	-0.0019744218177179	-0.0006499386057865	0.4530336291180042	0.2124865522627183	-0.0019934054986983	-0.0005888286106472	0.5694500386552894	0.1636951322438109	-0.0020578981415131	-0.0002900548650271	
-0.0188135382982062	-0.0159864214203768	-0.0020391727354792	0.0004015410520998	0.0333683242880354	-0.0580057433934519	-0.0020399432832234	0.0003975881379796	0.1226221870072086	-0.1051746393518534	-0.0020568184078292	0.0002976522543871	
0.4636479574380301	0.0685158620795896	-0.0014112940543023	-0.0015292336862256	0.5318069755955470	0.0179501505310161	-0.0018102825096252	-0.0010231074808065	0.6555424780128611	-0.0393874596111267	-0.0020535038963457	-0.0003198261695360	
0.4415603136280579	0.2668239669384389	0.0020332560781707	0.0004306402311074	0.5112277900694231	0.2176013047739374	0.0020765508418074	0.0000814070744926	0.6328067607135157	0.1677970217251276	0.0020723254438709	-0.0001557097553363	
-0.3729824851798370	-0.0119736900815615	-0.0020681967230545	-0.0002035341988768	-0.3158449970146951	-0.0442281298954203	-0.0020719961820705	-0.0001600528852262	-0.2223603568536930	-0.0802166850085960	-0.0020748283865527	-0.0001175307375093	
0.2493793435197107	0.2668230805919524	-0.0020735303906750	0.0001386541859011	0.3117184991384522	0.2201740164825955	-0.0020686246255502	0.0001991159262562	0.4176858637792400	0.1723194970085033	-0.0020621822335749	0.0002576677254935	
-0.4364101936921839	-0.0155671420016909	-0.0020770031304064	0.0000688411352584	-0.3771792457216684	-0.0463827515463642	-0.0020766070559617	0.0000799529657243	-0.2815753248072139	-0.0808061536980396	-0.0020760523340344	0.0000933144158293	
-0.3875849718818919	-0.0133593993372529	-0.0020691477343854	-0.0001935763693094	-0.3304097137609536	-0.0451704977936399	-0.0020738184074748	-0.0001342553430707	-0.2369117854802093	-0.0807593546046984	-0.0020772220327269	-0.0000618480383236	
0.1155309401191209	-0.0297991609660633	-0.0019204461161731	0.0007960533119835	0.1681901559553395	-0.0763040365523935	-0.0019059924422958	0.0008302312007470	0.2609993902663964	-0.1298725841492243	-0.0019401012653161	0.0007466199625930	
0.1507219484692395	-0.0329460429037879	-0.0020780742227909	0.0000163202334448	0.2047348124637465	-0.0799447543757808	-0.0020684940725389	0.0002004743607930	0.2991829378792857	-0.1337418067836582	-0.0020025266491550	0.0005568565067346	
-0.5383592801328198	0.0316538015836714	0.0019111287516934	0.0008182785461680	-0.4717731227527373	0.0043905251120913	0.0019677023602060	0.0006701057658663	-0.3667522030605055	-0.0273773933234188	0.0020081163850185	0.0005362448149846	
0.2335717696378745	0.0875367515190403	-0.0006803153225184	-0.0019685354460495	0.2915707272747362	0.0427863054759024	0.0004574401854031	-0.0020322349000837	0.3923066625547993	-0.0081925226287746	-0.0005938719788086	-0.0019964539129800	
0.2546326246159047	-0.0424406134587388	0.0020542703899095	-0.0003148403302896	0.3118233826583307	-0.0933669750951925	0.0020439107832138	-0.0003765534779696	0.4125010326404523	-0.1521174062069231	0.0020382862809193	-0.0004060391528666	
0.4581381329193350	0.2531387696868795	-0.0002951340699637	-0.0020622166698791	0.5246802170110421	0.2052159974182226	-0.0000135560685235	-0.0020832890079872	0.6535146974778983	0.1563066908502283	-0.0017433187195377	0.0011339765537025	
-0.1974082898731413	0.0001621452843074	-0.0020731849769649	0.0001437514738068	-0.1433699433971753	-0.0362729351621869	-0.0020688610350080	0.0001966319265278	-0.0540985197321427	-0.0764701492695219	-0.0020600204952770	0.0002744966148863	
0.4364242735752717	-0.0544796927325065	0.0020767802536472	-0.0000752962042718	0.5028714040396602	-0.1117647268672790	0.0020571909848427	-0.0002950532252015	0.6213978241064781	-0.1800738716073009	0.0020159588397301	-0.0005058081489177	
0.4386671255464072	0.2325881790332880	-0.0019376606710707	0.0007529626759523	0.5069796826723421	0.1821090019627658	-0.0020257883701012	0.0004646660261657	0.6286371174563563	0.1302100900550776	-0.0020679085482033	0.0002064559485480	
0.3137757964282419	-0.0238800055511026	-0.0020315626128063	0.0004385990190196	0.3739975603958128	-0.0766944636894144	-0.0020578428045858	0.0002904491648619	0.4800520843443308	-0.1375425107846867	-0.0020738739461130	0.0001333903547204	
-0.5849091862903135	0.0306462262984993	-0.0020379469759723	0.0004077472303336	-0.5163235855905323	0.0033329335882081	-0.0018714080524775	0.0009058570250626	-0.4083841568633133	-0.0281528869092780	-0.0019099544586128	0.0008210294234041	
-0.5018826897233528	-0.0126237387079624	-0.0020694860149059	0.0001899073003603	-0.4405761191542380	-0.0417519287824987	-0.0020631926967651	0.0002494057908260	-0.3407400012594415	-0.0745166262898906	-0.0020549060000671	0.0003106437249143	
0.4633904138219704	0.3073420712882307	-0.0016181285200875	-0.0013072221716660	0.5343290357925461	0.2599636452761251	-0.0018513492980916	-0.0009463744825791	0.6588014473969952	0.2134457265371434	-0.0020029104698162	-0.0005554674635956	
0.3198994423348192	-0.0960777582579744	-0.0019376336337302	0.0007530325979477	0.3789970572750405	-0.1515420438254334	-0.0019835383684606	0.0006214150031773	0.4843845207046260	-0.2173561382690789	-0.0020118912385647	0.0005218309994822	
-0.3605615514019604	0.2945431614159579	0.0020773391954718	-0.0000577579709305	-0.2919647656452201	0.2556035786150394	0.0020763288614655	-0.0000869113599225	-0.1880632094503767	0.2116263192548319	0.0020751633744837	-0.0001114285305981	
0.3773077238290687	0.1370002924656033	0.0020480246982030	0.0003533756817805	0.4425673635419196	0.0878197440860729	0.0020540063222019	0.0003165670985538	0.5568944140264169	0.0347566473225098	0.0020775462726526	0.0000497121106907	
-0.5452530276453049	0.0299094324938661	0.0020778829326149	0.0000326392973752	-0.4798743405120230	0.0017737291980677	0.0020489863521556	0.0003477279704662	-0.3751630228796557	-0.0300421741582431	0.0019942189491302	0.0005860538874028	
-0.5236744129644453	-0.0100415296002914	-0.0020540034682436	0.0003165857082519	-0.4613699338526395	-0.0388114613350730	-0.0020471148365261	0.0003586349625153	-0.3594539944339318	-0.0713877166764914	-0.0020404945199795	0.0003947350752963	
0.4686240770090153	0.3104087999691084	-0.0019183814281975	-0.0008010409078404	0.5404440158632577	0.2621122449360982	-0.0020240867510819	-0.0004720596998240	0.6650137813066939	0.2143774280811763	-0.0020767692583740	-0.0000756003731595	
0.4571450094170533	-0.1501518494929100	-0.0019932343913262	0.0005894104606916	0.5236826583532268	-0.2135670093499634	-0.0019838709629658	0.0006203470493930	0.6430881779083848	-0.2919523728442691	-0.0019822436014774	0.0006255534154980	
0.4041551738970750	0.0776388480261942	-0.0019953227306162	-0.0005822658596060	0.4696375443641250	0.0270073132816542	-0.0020574061759206	-0.0002935413913688	0.5861359364071563	-0.0299437771717369	-0.0020767411000389	0.0000763738035522	
-0.5463165853020981	0.0299717689075176	0.0020747751089279	-0.0001184721995426	-0.4807968588364626	0.0016366899702368	0.0020676933302892	0.0002086110499028	-0.3760971527746737	-0.0303187073438760	0.0020181762352705	0.0004968418542287	
0.4353217939187384	0.3121446728243829	-0.0020716996081662	0.0001638657693022	0.5040030994803215	0.2628148823118666	-0.0020681740195627	0.0002037659203814	0.6264883701379900	0.2142827961292921	-0.0020618774883017	0.0002601071630332	
0.2845689090128076	0.1684193382848155	0.0020628681183645	-0.0002520896333429	0.3460128936182243	0.1208391154299621	0.0020654485140067	0.0002298764080121	0.4509158721479731	0.0717774444665460	0.0020202638748706	0.0004882405287220	
0.4540788030618115	0.1546054250473244	-0.0020674189013173	-0.0002113268695772	0.5226754035011874	0.1033015169299039	-0.0020781117509311	-0.0000104687747715	0.6463444715399194	0.0480669201302979	-0.0020771514458612	-0.0000641863856372	
0.1339286461353280	-0.0335297519727782	-0.0020669132528915	0.0002162406761216	0.1879879919826335	-0.0803603719365689	-0.0020722010790318	0.0001573643595901	0.2815475556186481	-0.1334152508881091	-0.0020779144424012	-0.0000305568304284	
0.3820762539080313	0.2586291642072081	-0.0018521186574342	-0.0009448603596875	0.4489595227987535	0.2112490451900234	-0.0019979477130240	-0.0005731481394550	0.5652588057620680	0.1629261663225582	-0.0020388202077263	-0.0004033361119753	
0.2411544870541052	-0.0410853530494589	0.0020743147152352	-0.0001263148441894	0.2982024214514957	-0.0912804331339853	0.0020675317027545	-0.0002102148481371	0.3979369332603273	-0.1491156909373149	0.0020521053573703	-0.0003287238635067	
0.4602440343739826	0.1549230860490174	-0.0020775536681366	-0.0000494005175819	0.5289427787953229	0.1033123097828496	-0.0020781366926833	0.0000023264045366	0.6526950017945417	0.0483158513083378	-0.0020780568789317	0.0000184063641049	
0.3066128004508842	0.3172313527855211	-0.0020645070233589	-0.0002382245649579	0.3709203445548317	0.2700123799697787	-0.0020734505524862	-0.0001398489478763	0.4821227473123371	0.2231001376711843	-0.0020781128100452	-0.0000102553055612	
0.2648938649302806	-0.0721024661802331	-0.0020001905329449	0.0005652316287077	0.3219500877485987	-0.1243780413109121	-0.0019558417853930	0.0007041379087999	0.4227080684487980	-0.1858260573681306	-0.0018728720267052	0.0009028111532379	
0.4177847102817376	-0.1352312300567107	-0.0018800530889420	0.0008876841055260	0.4809028856401369	-0.1962486114001668	-0.0018611842430914	0.0009267843908213	0.5964622977254828	-0.2717990211074918	-0.0018444286593373	0.0009598592870908	
0.3327176187588213	-0.0994945613086597	-0.0019976356422575	0.0005742403127945	0.3926520879438951	-0.1554548979747484	-0.0019411664960418	0.0007438321213820	0.4986317994181886	-0.2221029508714723	-0.0018496664904417	0.0009496757016857	
0.4424840500446849	-0.1451614898062963	-0.0019500913255377	0.0007199885770618	0.5078810856725986	-0.2077979832452839	-0.0019270816569557	0.0007797708870985	0.6253393150317341	-0.2847774778230690	-0.0018860563102477	0.0008747920311554	
0.4186462178324017	-0.0347320612363214	-0.0020744523411342	0.0001240225931396	0.4841558878489951	-0.0908160573434968	-0.0020735534031695	0.0001383078839206	0.6006734591138125	-0.1569199693751590	-0.0020712196067117	0.0001698545055715	
-0.5330965659508097	0.0337144419001533	0.0019737645758999	0.0006519417882592	-0.4665022853517874	0.0059287800959080	0.0020189636292494	0.0004936163434556	-0.3615807449489113	-0.0261196833196750	0.0020204728320288	0.0004873707480410	
0.2484491354282675	0.2472673636899725	0.0020196205265882	-0.0004909082175777	0.3097387721620770	0.2002413436176415	0.0019547222758842	-0.0007072552758311	0.4146039746029471	0.1510661828524089	0.0015842205300441	-0.0013483169622009	
0.3283191280579580	-0.0245994821985876	-0.0020781342102194	0.0000039726066694	0.3896516082266215	-0.0772937069697013	-0.0020763050590177	0.0000874809817504	0.4966853714640298	-0.1382890739878815	-0.0020703772526240	0.0001798797080456	
0.4301760507965116	0.3125161817511651	-0.0020734345689985	0.0001400869077828	0.4987231859449568	0.2632606427636173	-0.0020731822393949	0.0001437911472164	0.6203704241927406	0.2149131212368305	-0.0020723603676809	0.0001552419242382	
0.2858293082558890	0.2747271251008991	0.0019823038599132	0.0006253614812508	0.3502350193103601	0.2289916255879446	0.0018759682005242	0.0008963274008969	0.4571535549731607	0.1823674521864468	0.0018205192197310	0.0010046867088336	
0.2514143513867760	-0.0688971778144857	-0.0020346654414123	0.0004238975440613	0.3086827110205888	-0.1205116046417991	-0.0020093483537080	0.0005315866184743	0.4082942600441175	-0.1804430704861243	-0.0019795164647131	0.0006341730252884	
0.3740284493469157	-0.0637519537099149	0.0019421419919608	-0.0007412685807342	0.4353565944522246	-0.1198619266782245	0.0019089472195279	-0.0008233802996810	0.5466296926386611	-0.1871265433979646	0.0018645173927217	-0.0009200265304981	
0.4665249887911571	0.3094042443476545	-0.0018320935783226	-0.0009833143368757	0.5373001983779666	0.2612303401686897	-0.0019613504168346	-0.0006885664817399	0.6629761693583733	0.2142229642324376	-0.0020657789668480	-0.0002268725472370	
-0.0748047048707458	-0.0093051516859624	-0.0020709051321709	0.0001736653878682	-0.0228942059444027	-0.0491979672961720	-0.0020649628785115	0.0002342201512489	0.0654604647146142	-0.0937551638631660	-0.0020566621092073	0.0002987356934691	
0.2972020792007802	-0.0832681252910993	-0.0019455887883474	0.0007321282726030	0.3553179576004690	-0.1375818841909293	-0.0018878157950751	0.0008709694513639	0.4579120962647072	-0.2015188221743701	-0.0017868483749789	0.0010637041749790	
-0.3263003717395632	-0.0049600621830492	-0.0020201602199179	-0.0004886713829585	-0.2702105025346878	-0.0380507671112909	-0.0020147872428758	-0.0005104781430234	-0.1797465424081769	-0.0751840688780650	-0.0020166904406760	-0.0005028685947584	
0.2659809107446516	0.3196495545977561	-0.0020677812377432	0.0002077335098961	0.3293164677613273	0.2725242914022814	-0.0020623403942643	0.0002563923822097	0.4374998729314168	0.2252225354963995	-0.0020521055469384	0.0003287226741740	
-0.0498768819235322	-0.0109396017035192	-0.0020767513418895	0.0000760933995625	0.0020764710207507	-0.0515088886594936	-0.0020741374768413	0.0001292067559639	0.0914380202962838	-0.0968595860406707	-0.0020700504804535	0.0001836204216925	
-0.0197935460601888	-0.0158025239979213	-0.0020334725909969	0.0004296115707625	0.0320578268589081	-0.0577237595454637	-0.0020308488322655	0.0004419086853608	0.1206693921374465	-0.1048647082186608	-0.0020356228562129	0.0004192525068204	
0.3400464027253383	0.3182813282684261	-0.0020780071746052	-0.0000233752597271	0.4067019634503013	0.2703351335179797	-0.0020333544335778	-0.0004301732594555	0.5197376029430845	0.2248595859845977	-0.0010857788129759	-0.0017763615061958	
-0.5049705145461298	-0.0123248882830507	-0.0020691651371383	0.0001933893279843	-0.4436442380966492	-0.0413669073929241	-0.0020627338651184	0.0002531912943530	-0.3429304117182241	-0.0741927891667654	-0.0020535047636461	0.0003198205729434	
-0.0062694336472978	-0.0168842975135994	-0.0020752696739820	-0.0001094208379527	0.0467006004166662	-0.0586566267722087	-0.0020765928344432	-0.0000803233293038	0.1350137396034472	-0.1054895333665721	-0.0020770409967114	-0.0000676832041744	
0.4230248552773630	-0.0862549089590722	0.0018844860720551	-0.0008781864196632	0.4871817372330165	-0.1449998383367126	0.0018578373428809	-0.0009335088724615	0.6035581743127172	-0.2158142639239701	0.0018174547048862	-0.0010102474057419	
0.4499030588178818	-0.0563404884285082	0.0020462033187395	-0.0003638252982186	0.5164336117314916	-0.1144764907331619	0.0020422134511277	-0.0003856977475142	0.6368903656061646	-0.1837856233535060	0.0020442775663713	-0.0003745471083515	
0.4549712017783725	-0.1494148158774296	-0.0019872664095729	0.0006093268200024	0.5205507528587414	-0.2125704200856971	-0.0019731758070534	0.0006537304983837	0.6412302469391844	-0.2912919012263147	-0.0019744023755604	0.0006499979609981	
0.4552662761472901	-0.1495047559452484	-0.0019882679613791	0.0006060342701042	0.5214769229148348	-0.2129234143108692	-0.0019767791694382	0.0006426968109303	0.6412302469391844	-0.2912919012263147	-0.0019744023755604	0.0006499979609981	
0.3231735930115923	-0.0488741617071408	0.0020543318582836	-0.0003144369891612	0.3833629039275863	-0.1022440048859466	0.0020343485408936	-0.0004254233843190	0.4894414203164781	-0.1644791945610907	0.0020027422078105	-0.0005560768620209	
0.4538574055308675	0.2346540902598014	0.0001700773143260	-0.0020763445457524	0.5214989065311004	0.1885752692963483	-0.0016620230127350	-0.0012506511967530	0.6486034707570876	0.1375885086797026	-0.0000385641689768	0.0020829745887500	
0.0311398260149425	-0.0250540214799239	-0.0020762982343215	0.0000876436210015	0.0833491498240474	-0.0683126632782837	-0.0020781016311414	0.0000123233848276	0.1733751747780273	-0.1170614434972084	-0.0020775558431131	-0.0000493085046289	
-0.1652207656615200	-0.0021718250790231	-0.0020726742871219	0.0001509713016174	-0.1122034690076792	-0.0394643923685269	-0.0020662811750283	0.0002222287324881	-0.0228076679972288	-0.0809418999924010	-0.0020575026738793	0.0002928608547748	
0.4564294642346893	0.2594481017159826	0.0010547247572218	-0.0017950666533410	0.5222148181599862	0.2122018142065319	-0.0001517660324402	-0.0020777703291212	0.6523033238940876	0.1574653822336740	-0.0006545592487861	0.0019772923533855	
0.4509566419562492	0.2885260074202555	-0.0020779024192777	0.0000313677529783	0.5205223038591609	0.2389023282661731	-0.0020738795376674	-0.0001333029565931	0.6453589428919311	0.1903880475992776	-0.0018293964409806	-0.0009883481501947	
0.2587703307510560	0.3202343700417692	-0.0020728413240099	0.0001486486235641	0.3221539795558647	0.2732842451446300	-0.0020701380979776	0.0001826249987202	0.4291642084780707	0.2262557387031203	-0.0020677557177387	0.0002079886497142	
0.3210669435332493	0.2458590600131880	0.0020781289877059	-0.0000061315912219	0.3844291287735950	0.1981421721696042	0.0020536933511995	-0.0003186012472679	0.4957356143379239	0.1481978227279102	0.0020133826083111	-0.0005160177971798	
0.4581924027851263	0.2111406909907498	0.0019376425016225	0.0007530096652754	0.5278220935136477	0.1616724387654338	0.0020722312098805	0.0001569650956435	0.6514937431537455	0.1094104807083138	0.0020667711891219	-0.0002176010494183	
0.3918031598420166	0.2619124487812120	-0.0020182313475789	-0.0004966168127487	0.4592851306359735	0.2135897680553079	-0.0020776665600111	0.0000443731016722	0.5757198282431746	0.1637457091160706	-0.0020637584778173	0.0002446561022581	
0.2919913516766000	0.1110646730244964	-0.0020436868404517	-0.0003777730698894	0.3532726397708239	0.0634820952914349	-0.0020535741817010	-0.0003193723002029	0.4603823002640146	0.0116440429161999	-0.0020771525457354	-0.0000641506041624	
0.3596577279212392	-0.1110992804742387	-0.0020154218811157	0.0005079541367779	0.4208540122255342	-0.1686731555835886	-0.0020265633955480	0.0004612571052318	0.5297474636166930	-0.2379137751620957	-0.0020290022679257	0.0004503527430806	
-0.0706843594454741	-0.0096293021602633	-0.0020712976471274	0.0001688953843507	-0.0186590162153313	-0.0496702315781344	-0.0020656508055472	0.0002280423049786	0.0696818051785062	-0.0943727131681709	-0.0020584719573158	0.0002859334914969	
-0.6192429067020802	0.0337402628341629	-0.0020719950203836	0.0001600679986434	-0.5486109143547520	0.0084608922603661	-0.0020670400804047	0.0002150188508395	-0.4363781357782867	-0.0206608226386545	-0.0020580937760276	0.0002886564800277	
-0.2659862645084070	0.0030946672839409	-0.0018128870192090	-0.0010184621228320	-0.2109981234737014	-0.0300194417827401	-0.0019815829668326	-0.0006276534285498	-0.1204658508346533	-0.0670725005853655	-0.0020643117343989	-0.0002399193461846	
0.2846982746960610	0.2395186926837977	-0.0020642658744758	0.0002403155775010	0.3481203563557764	0.1923735490020558	-0.0020769156442764	-0.0000714446044451	0.4562583113934615	0.1444751677617916	-0.0019886688282779	-0.0006047109500809	
0.3804403895776092	0.2888454764148589	-0.0020646524576931	0.0002369544585532	0.4466287662214525	0.2401420992471822	-0.0020338040168009	0.0004280319531136	0.5631830788342456	0.1906535221693106	-0.0019556555055703	0.0007046577008378	
-0.4072893123902880	-0.0150177982123577	-0.0020740779868210	-0.0001301629695355	-0.3491068466377381	-0.0463396356095599	-0.0020759361734775	-0.0000958764413195	-0.2545717807048451	-0.0812679456791980	-0.0020778102608107	-0.0000369978019774	
0.2696767366087882	0.2620835239888744	-0.0019959952939569	0.0005799445475472	0.3317023341535266	0.2147276337618746	-0.0019996493172854	0.0005671528960196	0.4372552942041452	0.1665940565464928	-0.0018949020870433	0.0008553643358900	
-0.2904995047796172	0.1013004716504176	0.0019334055735169	-0.0007638763104430	-0.2332464382999510	0.0653089453784600	0.0018640121965759	-0.0009210547679508	-0.1384226633623652	0.0226695528205186	0.0014464153527910	-0.0014958899499598	
0.4289195562986656	-0.1400897853400259	-0.0019317414970857	0.0007680957736503	0.4927438726736206	-0.2016078636101240	-0.0019180763460762	0.0008017748001768	0.6099853116727787	-0.2780285303608982	-0.0019166184193412	0.0008052710864544	
0.1775548481895969	-0.0410726671302703	-0.0020257335830697	0.0004649060098288	0.2326880679618321	-0.0898022040398090	-0.0020418534057298	0.0003876087761542	0.3282500806158167	-0.1451454792715529	-0.0020608823294212	0.0002679161752375	
-0.3314876194155612	-0.0060640451448116	-0.0020406312968611	-0.0003940238336696	-0.2753978435497303	-0.0391778496576902	-0.0020395958634168	-0.0003993754318747	-0.1828847356234999	-0.0759255259683949	-0.0020311505982744	-0.0004405126290055	
-0.3886175625131375	-0.0134567383652743	-0.0020691453827736	-0.0001936016299851	-0.3314458006728449	-0.0452481030954944	-0.0020738077530393	-0.0001344206419707	-0.2379501136155104	-0.0808093277272602	-0.0020772308179792	-0.0000615507856182	
0.3411127521740691	0.3183137845776387	-0.0020767047424611	-0.0000773609920400	0.4087483383309654	0.2715386699105520	-0.0014692221047919	-0.0014733830544932	0.5200840047155475	0.2253098702896468	-0.0009763224083465	-0.0018391031368520	
0.2814699391506261	0.2403013195761698	-0.0019235105410861	0.0007885825180475	0.3439228825706406	0.1926595455761989	-0.0020435422849620	0.0003785581614376	0.4519847179863541	0.1438953813023434	-0.0020779281754757	-0.0000296034063978	
0.3431791534479227	0.0804427590228107	-0.0017939192073827	0.0010516752403356	0.4052001308371673	0.0301703586188543	-0.0020767107146651	0.0000771997011952	0.5144051867559745	-0.0238461499053439	-0.0020761456146404	0.0000912048334382	
0.1203940041233825	-0.0315184151093551	-0.0019935616598335	0.0005882970393105	0.1734757967572942	-0.0782117687519967	-0.0020024181089835	0.0005572486363264	0.2668703203322370	-0.1315234585986566	-0.0020391659206767	0.0004015758318588	
0.2888924928364809	-0.0236611203709515	-0.0020768886034418	0.0000722302994003	0.3480852507634322	-0.0750409157389314	-0.0020771195384267	0.0000652158555815	0.4519959941751859	-0.1342999893257038	-0.0020773365026195	0.0000578552257223	
0.2575955945800230	-0.0702188572297988	-0.0020205572825145	0.0004870187579778	0.3147559624385617	-0.1221846509760550	-0.0019986019760511	0.0005708510355141	0.4154578185320223	-0.1827693723401759	-0.0019551512143646	0.0007060626983772	
-0.4416133672555934	-0.0153204384337738	-0.0020737222723907	0.0001357395205088	-0.3823759598953359	-0.0461386610081566	-0.0020743417268320	0.0001258682526223	-0.2857516858566383	-0.0805980914001054	-0.0020749078460154	0.0001161123925688	
0.4498863670440498	0.2314800131209269	-0.0020667109774778	-0.0002181750362422	0.5198145074045817	0.1839697466217329	-0.0000530560226562	-0.0020826542545359	0.6388683253890139	0.1315366960037061	-0.0006605623371561	-0.0019752849759873	
-0.0561187270961089	-0.0106463093419119	-0.0020755099899186	0.0001047398088061	-0.0041588954640654	-0.0510860255266338	-0.0020716664619888	0.0001642863799519	0.0851766400761679	-0.0962699653978153	-0.0020667256267859	0.0002180355276430	
-0.5371727213278970	0.0321831935008204	0.0019118432415951	0.0008165994304365	-0.4706405087133643	0.0047717796330227	0.0019835843639372	0.0006212674327407	-0.3647414194029348	-0.0268954919618679	0.0020170848828037	0.0005012761387439	
0.1589986498500039	-0.0342227659936932	-0.0019814292510459	0.0006281409504292	0.2130325307872979	-0.0821726658303754	-0.0019051723329144	0.0008321208242044	0.3075656070385300	-0.1374958719051556	-0.0018185113340815	0.0010083346267917	
-0.2088486057506158	0.0010722724676293	-0.0020693343058063	0.0001915615380030	-0.1547647836002433	-0.0350566026763582	-0.0020639096507744	0.0002433711008236	-0.0654524791166152	-0.0749497971855114	-0.0020559799975412	0.0003034177642311	
0.2530230683123099	0.1858207844095311	-0.0014661921185095	-0.0014764133625142	0.3136250348716764	0.1408343265177033	-0.0018654488896103	-0.0009181268816774	0.4186366301332900	0.0929616084303875	-0.0020467706386569	-0.0003606039341658	
0.3149223626606277	-0.0936155860900980	-0.0017897016653825	0.0010588722999017	0.3729810069324322	-0.1490289493337701	-0.0018205098232068	0.0010047038206374	0.4781180639888771	-0.2153840377851240	-0.0019265540406489	0.0007810800575574	
0.3626544229053017	-0.0280049192384089	-0.0020581305167386	0.0002883930882404	0.4249983506947497	-0.0821935721635000	-0.0020528979626844	0.0003237119744776	0.5360506492904931	-0.1452683976158554	-0.0020482518454202	0.0003520500767670	
0.2401207334224478	-0.0410175479251094	0.0020752107251186	-0.0001105387295938	0.2971367267775388	-0.0911811675797154	0.0020680096965329	-0.0002054352042572	0.3969249391572101	-0.1489538693638028	0.0020546423216870	-0.0003123916574445	
0.2899383725453923	-0.0462114056289621	0.0020763677817834	-0.0000859718039753	0.3491313919622041	-0.0980519640753945	0.0020734212199428	-0.0001402853359047	0.4530472380178392	-0.1581417274375178	0.0020674468301373	-0.0002110520925114	
-0.4395312842599898	-0.0154381184292681	-0.0020753830170452	0.0001072385980382	-0.3802995905558231	-0.0462602523661047	-0.0020756122575093	0.0001026828953545	-0.2847146664474531	-0.0806361534798135	-0.0020752857169784	0.0001091146144214	
0.4406644421430108	-0.0726300327263381	-0.0019538252521833	0.0007097419511143	0.5059628150694171	-0.1314329641894218	-0.0019532393420721	0.0007113608690904	0.6253995980357294	-0.2024321897672183	-0.0019554712007011	0.0007051715562542	
0.4478149237454423	0.1352454749585866	0.0017815726645588	-0.0010725608492630	0.5143366017550810	0.0831385933174685	0.0018603985469124	-0.0009283684499649	0.6380955987841910	0.0265633346296966	0.0020599092035969	-0.0002753347070698	
-0.1153023757040642	-0.0059722916378172	-0.0020683499330999	0.0002019634542385	-0.0623465419181676	-0.0448080091046268	-0.0020618594614337	0.0002602507377082	0.0258969641300026	-0.0879561347692825	-0.0020523345956132	0.0003272824063129	
0.4177357971911277	0.0782691589657538	-0.0020727962750313	0.0001492786152726	0.4842361898395553	0.0262796775740128	-0.0020736816837667	0.0001363612759813	0.6016173496896020	-0.0313575347858345	-0.0020688124270976	0.0001971452385083	
-0.5722247994104386	0.0262775081093409	-0.0020604370794870	0.0002713361028394	-0.5040531615491320	-0.0000310815200635	-0.0020667286576619	0.0002180066526710	-0.3982467563304595	-0.0312649824422382	-0.0011131796736709	0.0017592342658578	
0.2452148589963651	-0.0413655645514497	0.0020725856893052	-0.0001521888087086	0.3023592100214749	-0.0917351909125235	0.0020614203922578	-0.0002637231785520	0.4021487041519429	-0.1498937231484900	0.0020361766963739	-0.0004165408126826	
0.4116743009530444	0.2312309313124353	0.0015092507162217	-0.0014321440668642	0.4766439422320070	0.1813154273045424	0.0009147530771840	-0.0018706457413863	0.5973400629894743	0.1313433457892069	-0.0011874859830845	0.0017097062290601	
0.2914078114805861	0.0734721906657630	0.0019161715674941	0.0008063391259980	0.3523587900409486	0.0270139738487554	0.0013928559315987	0.0015461299324634	0.4560586839787564	-0.0259933946445096	0.0012857649813786	0.0016367070293898	
0.3304292530550282	-0.0989459136514019	-0.0020154275022774	0.0005079317213780	0.3895276333013757	-0.1544377914219600	-0.0019870260423101	0.0006101141252194	0.4965141359289120	-0.2211479678720440	-0.0019006487457856	0.0008424530946806	
0.4311669197377248	0.2879631070225587	-0.0020489510176160	-0.0003479371567875	0.4998151390718926	0.2389634532875277	-0.0020673497440609	-0.0002120057230224	0.6214075332155768	0.1898146747515637	-0.0020765165257588	-0.0000822820886592	
0.4074202086302319	-0.1299944956043610	-0.0018308127141158	0.0009857090130556	0.4698030739753245	-0.1903508084287963	-0.0018075419325535	0.0010279657001086	0.5838947512673984	-0.2646983660773856	-0.0017827671282665	0.0010705643310262	
-0.2192337296126138	0.0021425689140501	-0.0020648643390709	0.0002350916149343	-0.1652894291409721	-0.0337206202798239	-0.0020578889385070	0.0002901204783604	-0.0759372996992709	-0.0732851466852857	-0.0020482652251599	0.0003519718338524	
0.3668769584034046	-0.0611206709075147	0.0019582589929904	-0.0006973533074187	0.4280542382443380	-0.1168293648552315	0.0019302363431248	-0.0007718892986880	0.5392259739884138	-0.1835237041484608	0.0018871929167209	-0.0008723250128105	
0.4021239934460477	0.0770265267630110	-0.0020122674347262	-0.0005203711561450	0.4674801719914745	0.0265861513898012	-0.0020280360522762	-0.0004547056096918	0.5840562802750315	-0.0299354599133709	-0.0020773553111883	-0.0000571724770231	
0.3167580089427317	0.2451774810242199	0.0020057233180923	0.0005451715102673	0.3812748843651563	0.1981225406584581	0.0020611537144762	0.0002658097396423	0.4914092841754758	0.1494649543425409	0.0020643041125981	-0.0002399852447450	
-0.2900344757446280	0.2883140866068748	0.0017670171901916	-0.0010964929383754	-0.2256824619353273	0.2476432606778701	0.0016405386363193	-0.0012788420951749	-0.1270533990883294	0.2018033470868432	0.0014256114740440	-0.0015158282093222	
-0.3200251160505604	-0.0031926492929755	-0.0019848513445147	-0.0006171872656975	-0.2639446481142708	-0.0362571402204830	-0.0019881610582518	-0.0006063866401551	-0.1735615624842358	-0.0735379835067174	-0.0020011611273941	-0.0005617683345108	
0.4041211722038294	0.2411613437784386	0.0020677587640174	-0.0002079582107340	0.4706832958907305	0.1916135008805008	0.0020454963053104	-0.0003677991526900	0.5891950158038319	0.1407090573412761	0.0019474008247760	-0.0007272704127527	
0.3179040534566087	-0.0481381488689276	0.0020627882347074	-0.0002527457332553	0.3781537451275372	-0.1012766553088123	0.0020497188576258	-0.0003433618893720	0.4843348223478499	-0.1631653781520597	0.0020257078447788	-0.0004650187062805	
0.2930165447723161	-0.0237011036076496	-0.0020778684981474	-0.0000335501132217	0.3522487487225037	-0.0750650690068392	-0.0020776541713445	-0.0000449522941729	0.4571735967441146	-0.1342748637483289	-0.0020763677678739	-0.0000859721415953	
