0.1089476389432807	0.0260570985133024	-0.0000749861162472	-0.0020819766354156	0.1599878044819015	-0.0010357390598927	-0.0002257838443991	-0.0020710007781383	0.2130657021670959	-0.0500174479721096	-0.0003578165743659	-0.0020522193141032	
-0.0390566168838591	0.1562655705233310	-0.0000149052876301	0.0020832797454859	0.0149623505529453	0.1322952234069186	0.0000638294209723	0.0020823503995143	0.0697848141393899	0.0895798746350351	0.0001264023402407	0.0020794759528645	
0.2609897521474708	0.2156084093911739	-0.0001890189586064	-0.0020746977483312	0.3215376275730850	0.1832667370393664	-0.0002989422791640	-0.0020616653221447	0.3835773996766003	0.1343485690418090	-0.0003473711021129	-0.0020540221536330	
-0.0415345305476010	-0.2779650638085545	-0.0020737973531234	0.0001345817954835	-0.0000913706125518	-0.3055669919707344	-0.0020646000015150	0.0002374133623207	0.0414847201292889	-0.3606607259271008	-0.0020458250590435	0.0003659568908426	
0.1480311126029348	0.0677458311000292	-0.0001039260345215	-0.0020807265765879	0.2009310943662237	0.0375027980940456	-0.0001772457037013	-0.0020757419063433	0.2562170626441181	-0.0093680840917190	-0.0002353967350733	-0.0020699248175858	
0.5125925061225918	0.1230324635059437	0.0008563359782504	-0.0018982347932745	0.5860612525177800	0.0844114713179147	0.0018431385803787	-0.0009623465695455	0.6580394450158056	0.0272960449525612	0.0017352739211925	-0.0011463103848661	
0.3762669871468303	0.3003257227794033	0.0020392355081208	-0.0004012205408502	0.4476488144497357	0.2665841722126530	0.0005743607584431	-0.0020021828047708	0.5150517975333460	0.2175016617908213	-0.0000577375580410	-0.0020825291026072	
0.0850544360329366	0.1614586614842056	0.0000347290094162	0.0020830423989022	0.1402985102009513	0.1333325066182565	0.0001074798036376	0.0020805451299713	0.1966069375361031	0.0885277578482817	0.0001633552052074	0.0020768869163518	
0.2533962302863421	0.1490049581194812	-0.0005438886089701	-0.0020107167965362	0.3113434000142804	0.1178945298717972	-0.0005273387166598	-0.0020151425475734	0.3718251801452661	0.0667521084413780	-0.0002450522940315	-0.0020687983281406	
0.2749711583351454	0.3729565732651114	-0.0002132429070200	-0.0020723362645799	0.3413727040051637	0.3427836754796961	-0.0002925292209242	-0.0020625896419609	0.4071642909402695	0.2937772199305003	-0.0003346407624925	-0.0020561451105780	
0.4569185377755258	0.3278895236693853	0.0008790943904094	0.0018877505041050	0.5308711249392819	0.2914970906739792	-0.0019279323088798	0.0007776547720220	0.6004798072892068	0.2415497108576892	-0.0009923431789659	0.0018304652177403	
0.0006663212091065	0.0478703404846236	-0.0000311478584519	0.0020830993091263	0.0510991631172525	0.0218972552005923	0.0000244632229007	0.0020831889814696	0.1031493953070366	-0.0218486301249841	0.0000843654138129	0.0020816158681731	
-0.0378142779515729	0.3083337617206357	0.0000304469534295	0.0020831097234486	0.0215730331985143	0.2833420683135308	0.0001136840540010	0.0020802136939621	0.0808043082672114	0.2396000049603387	0.0001840090447373	0.0020751503417751	
0.0849643780881210	0.1562506963321085	0.0000415146829126	0.0020829175885676	0.1399899638194896	0.1281349691403609	0.0001251110373889	0.0020795544341067	0.1961585632127602	0.0833473651372078	0.0001778276656176	0.0020756918817791	
0.4551512740679102	-0.0499504177340219	-0.0018387673573906	0.0009707141312152	0.5220844991092550	-0.0922596104015033	-0.0017471869263677	0.0011279774963140	0.5893909687168544	-0.1549888700533059	-0.0017208598560762	0.0011679442759869	
0.0023910735041547	0.2281410700340138	0.0000253444763092	0.0020831783936023	0.0591549140231341	0.2031235217053762	0.0000914660044865	0.0020813144561463	0.1162810549659083	0.1593757710287484	0.0001529806062974	0.0020776808104894	
0.2527176354292329	0.1124711581661396	-0.0001354166824808	-0.0020789055526608	0.3095456779292644	0.0791859323774433	-0.0003568735771521	-0.0020523843299845	0.3690209661749899	0.0291335505682158	-0.0003904235340963	-0.0020462365788029	
-0.0371950666679589	0.3677138817018568	-0.0000102471780692	0.0020833080058983	0.0244116992519193	0.3427028426686853	0.0000778128869839	0.0020818723832952	0.0852286618293721	0.2968739720126213	0.0001413803580116	0.0020785065083349	
0.0835778998290051	0.0833254720194703	0.0000619107815306	0.0020824086160568	0.1360839061889606	0.0552095553560131	0.0001215069932212	0.0020797691978569	0.1903179584341078	0.0093651104460333	0.0001678327564336	0.0020765280947837	
0.0014179989867207	0.1427218492463583	0.0000308998028539	0.0020831030219374	0.0550203719187634	0.1177084616607741	0.0001012503620053	0.0020808591542245	0.1097585432732705	0.0739703528963164	0.0001576861124024	0.0020773272221240	
0.2061742905248258	0.2822943778978621	-0.0000522560132535	0.0020826745824385	0.2690287572207954	0.2531067901653832	-0.0011705103635044	0.0017214308673486	0.3302486981633566	0.2062219612068229	-0.0010988422375360	0.0017682699728493	
0.3423087593424003	0.3092098182963795	-0.0002395615817421	-0.0020694445435642	0.4075466959950673	0.2780362866654129	-0.0009966117450685	-0.0018281330435170	0.4737668156873007	0.2281426418426064	-0.0010317020721199	-0.0018084634123410	
0.2820347466621401	0.2280578270304783	0.0000667832297009	0.0020822572968139	0.3441429274892327	0.1958096086873289	0.0000539698031032	0.0020826306576606	0.4070625496450189	0.1469108792571482	0.0001014333750265	0.0020808501964957	
0.0826944420350713	0.0531370158356486	0.0000685966421219	0.0020821980505133	0.1341538113243474	0.0249951095632420	0.0001179947412620	0.0020799724320289	0.1876548241649250	-0.0208036024398685	0.0001748088972101	0.0020759495768185	
0.2575160251422839	0.1864965318588956	0.0000521848680047	-0.0020826763752457	0.3177222058391121	0.1541737123645681	-0.0003557731751901	-0.0020525763230002	0.3793934901866003	0.1052009954895454	-0.0004010840532102	-0.0020441634016198	
0.1115409480495586	0.0958171794854873	-0.0000640260310361	-0.0020823443334001	0.1649407748201689	0.0666853169342189	-0.0001440957043324	-0.0020783190943978	0.2200878130065506	0.0208526029165658	-0.0001928403237270	-0.0020743442862623	
0.1523050681557857	0.1875246442702509	-0.0000655503001309	-0.0020822966707139	0.2094682181658404	0.1583634661393347	-0.0002212372866538	-0.0020714938583483	0.2677519738105102	0.1125285886413576	-0.0002565807242347	-0.0020673931725553	
0.4010379587033059	0.2719936506209920	0.0020681829003643	0.0002036753108343	0.4695186335490849	0.2365675344298702	-0.0003692619036626	0.0020501806750379	0.5378233994572257	0.1868643915598289	-0.0009233527821940	0.0018663947028866	
-0.4675814671325941	-0.2499612350400005	-0.0020752609593870	0.0001095868196850	-0.4218567876046484	-0.2560054623983388	-0.0020685276847686	0.0002001255072894	-0.3771874749403011	-0.2896544753393502	-0.0020531382725885	0.0003221766308620	
0.0014550724957217	0.1458496659604456	0.0000326323534637	0.0020830764691382	0.0551794640453470	0.1208332431284557	0.0001029286704980	0.0020807764004805	0.1099820922318611	0.0770882839025990	0.0001607606437995	0.0020770903715860	
0.2809450469064153	0.4301681658236763	-0.0002113927619224	-0.0020725267583779	0.3493042744250168	0.3999750751124677	-0.0002875191437736	-0.0020632975226033	0.4162276207555755	0.3500713174504569	-0.0003308725844161	-0.0020567578960818	
0.1500105700238236	0.1176962701212409	-0.0000325439355938	-0.0020830778592928	0.2049026612740803	0.0885101681328938	-0.0001255243890802	-0.0020795293999329	0.2613075345490043	0.0415755463235653	-0.0001792462862070	-0.0020755692471453	
-0.3411594764111590	0.2145632987534667	0.0002206997502026	-0.0020715514842051	-0.2806820689957394	0.1968787947240113	0.0000900040141927	-0.0020813785097777	-0.2199078005125016	0.1603880762122769	-0.0000020699402028	-0.0020833322998685	
0.2626882769644288	0.2354451140721119	-0.0001303593828849	-0.0020792304189335	0.3244260278556513	0.2041389514401233	-0.0002602964196755	-0.0020669263066417	0.3871298512605938	0.1552709245344407	-0.0003172519526479	-0.0020589135735277	
0.2839527030582998	0.2436552166728074	0.0004541598570355	0.0020329741776580	0.3455013359946333	0.2116007363779714	0.0003643400012088	0.0020510654776157	0.4086704484406167	0.1624088547641505	0.0003897928043995	0.0020463574237286	
0.0044008906965225	0.3729346162101062	-0.0000590948509429	0.0020824908387641	0.0663783271219514	0.3468701414506714	0.0000417629724855	0.0020829126002492	0.1274008301090557	0.3010369948527522	0.0001040339324026	0.0020807211576151	
0.0696807094191441	-0.2862765288831371	-0.0020703812247042	0.0001798337554574	0.1131081362250854	-0.3201905282594079	-0.0020568073136771	0.0002977292901311	0.1567149071081324	-0.3816899780137779	-0.0020348119034066	0.0004231904066134	
0.2769324317546003	0.1812646483925376	0.0001173452231369	0.0020800093607520	0.3371913130097339	0.1478882999393103	-0.0000497094537150	0.0020827372319609	0.3989203673368356	0.0989571958105652	0.0000142911599103	0.0020832840704195	
0.2956921833836795	0.3478549327124381	0.0003220768381071	0.0020581605798261	0.3610470441935090	0.3167479113867451	0.0003746201006784	0.0020492034988551	0.4265967588463007	0.2676366185064346	0.0004116663457606	0.0020420480387254	
-0.3543949237706094	0.0437438423229826	0.0003748114838920	-0.0020491683271648	-0.3009751118195101	0.0291172525237584	-0.0000885464057712	-0.0020814413420680	-0.2464236167859497	-0.0051757084145556	-0.0001734233181701	-0.0020760663679862	
0.1533703081569473	0.3000096801401284	0.0001131957764725	-0.0020802404542419	0.2150298284875659	0.2708402738332834	-0.0000600502414804	-0.0020824633714860	0.2758334866263177	0.2249386198253284	-0.0000820756932878	-0.0020817078647470	
0.2876394726123441	0.2666287061814993	-0.0002489989634291	0.0020683246611852	0.3511772653127934	0.2343731234006710	0.0003466287793091	0.0020541481832215	0.4150606464108615	0.1864889096786724	0.0003258558182897	0.0020575626818533	
-0.0372962792554857	0.3458336648784542	0.0000182693892344	0.0020832528258125	0.0234278512695592	0.3208495102617507	0.0000908326436272	0.0020813423322985	0.0836595432747576	0.2760733977241004	0.0001523750272319	0.0020777255336054	
0.2674701288140403	0.2904664508284520	0.0000509814643775	-0.0020827063298206	0.3317264760141555	0.2593325181283350	-0.0002239035361058	-0.0020712059306114	0.3957183243304450	0.2104453785236998	-0.0003197421957069	-0.0020585263883989	
0.3602515151494392	0.2885191935603442	0.0002389269940494	0.0020695182729229	0.4271254331634020	0.2552110646981001	-0.0000254189357685	0.0020831774818369	0.4942834286864299	0.2052022867058447	0.0000250559659571	0.0020831819011831	
0.0015962637746745	0.1770736711958913	0.0000111228458094	0.0020833034922251	0.0565067635952018	0.1520812409520989	0.0000789946646627	0.0020818276539969	0.1122162725512784	0.1083334301702965	0.0001338127095984	0.0020790099315323	
0.4636957181036183	-0.0549258183864407	-0.0018416170494293	0.0009652696291902	0.5309070314507129	-0.0969470410586886	-0.0019096154781916	0.0008218214863403	0.5993150384941750	-0.1606922215081897	-0.0018854521728082	0.0008760998881629	
0.1095516894023769	0.0479011114592049	-0.0000814840137314	-0.0020817312251018	0.1612665068949846	0.0187350118707918	-0.0001450351021041	-0.0020782534228436	0.2151658801089810	-0.0281326032254113	-0.0001968974833908	-0.0020739612034494	
0.1102933302011662	0.0645747723404346	-0.0000950625545526	-0.0020811524806157	0.1625414671748553	0.0353819548955465	-0.0001575958508044	-0.0020773341060355	0.2168171771649776	-0.0114234328331294	-0.0002040240578669	-0.0020732688133349	
0.2498555923090690	0.0936654930556178	-0.0003303376082661	-0.0020568443173092	0.3061805904446124	0.0604552891869022	-0.0002565771460976	-0.0020673936188520	0.3655930211428451	0.0104376414334391	-0.0002792320346905	-0.0020644410644575	
0.2817432465022111	0.2093550820853299	0.0002278205641117	0.0020707766014009	0.3422201744794551	0.1769851761386689	0.0004880979848061	0.0020250544308226	0.4049439164634181	0.1292494310665560	0.0005025316980122	0.0020215032528715	
0.0027533024183101	0.4177028327043479	0.0000096303625991	0.0020833109632493	0.0661784044064690	0.3906304393163851	0.0000703369449639	0.0020821396986277	0.1284336446481602	0.3448100046651147	0.0001234270633051	0.0020796555655704	
-0.0717114631053083	-0.2761431542809312	-0.0020757977628148	0.0000988423646920	-0.0301662821185967	-0.3022368469723469	-0.0020676691096417	0.0002088521791345	0.0103392544660917	-0.3554114219944767	-0.0020577165463496	0.0002913467727598	
0.3294165273290857	0.2146010087427734	0.0008875812538714	-0.0018837551245822	0.3940118452226931	0.1812817354568430	0.0001973056459197	-0.0020739222186396	0.4581070643695244	0.1312344522427829	0.0001270140049283	-0.0020794384955353	
-0.2930199879891355	-0.2613287185426967	-0.0020754544061739	0.0001058409597785	-0.2514511828937304	-0.2759333580423957	-0.0020640821083158	0.0002418967247414	-0.2099147135727781	-0.3179616091827054	-0.0020448206211021	0.0003715559383993	
-0.0375053946966576	0.3270830998573205	0.0000326692726544	0.0020830758875578	0.0225494847299154	0.3020928878407248	0.0001067505330430	0.0020805828634948	0.0822915849808383	0.2572797241782308	0.0001632057470466	0.0020768987252280	
0.0165688644009219	-0.2825549824733593	-0.0020746353046348	0.0001209076987067	0.0591908577518740	-0.3136652031443714	-0.0020684091555211	0.0002013529773386	0.1009711446562478	-0.3724364486028058	-0.0020426066472871	0.0003835994996692	
0.1502803835064647	0.1249557996307642	-0.0000620830937714	-0.0020824034603322	0.2052261576462674	0.0958430388852916	-0.0001290395768108	-0.0020793131570935	0.2618673170649651	0.0489569550792857	-0.0001647022715345	-0.0020767799921502	
0.0862813029670995	0.2114579018285348	0.0000895954305223	0.0020813962260297	0.1431337622424133	0.1833425529064147	0.0001378793485948	0.0020787428630348	0.2006950580940535	0.1385329855775557	0.0001830105040156	0.0020752390849357	
0.2802906673601212	0.4239848840057201	-0.0002144694827288	-0.0020722090496565	0.3484180913235579	0.3937035159887587	-0.0002876371557051	-0.0020632809919336	0.4151922909130565	0.3438213094614060	-0.0003333277280456	-0.0020563594462548	
0.1503558425444477	0.1417088989766389	-0.0001265534199852	-0.0020794667178699	0.2059245847714011	0.1124903782899209	-0.0001017236639240	-0.0020808359547988	0.2630090376393426	0.0656174777230739	-0.0001443663668983	-0.0020783002168567	
0.0902700594516561	0.3802053981813454	-0.0000271075581322	0.0020831560861776	0.1532676847213836	0.3520868944046721	0.0000667821026971	0.0020822573331404	0.2149812551312110	0.3062534040645164	0.0001155279055259	0.0020801115989102	
-0.3631202460523474	0.0696056944817147	0.0003163569710275	-0.0020590519688642	-0.3078540062632208	0.0550556120506342	0.0005586501275134	-0.0020066453130586	-0.2520148778583657	0.0200399140362527	0.0005818666852889	-0.0020000034945160	
0.2871009576663502	0.2708801910840738	-0.0002287982146136	0.0020706682700214	0.3514121235789234	0.2385772794224165	-0.0000895675006667	0.0020813974341237	0.4152823585583361	0.1905697227607881	-0.0000897973822769	0.0020813874794635	
-0.3928204272211425	-0.2546687270389399	-0.0020728281018404	0.0001488338081462	-0.3491736551911483	-0.2649182469494364	-0.0020658515795701	0.0002262070773191	-0.3065302393326746	-0.3021097281505161	-0.0020519247337386	0.0003298550807787	
0.5123101397809910	0.1302009830387921	-0.0004455315079246	-0.0020348920661762	0.5818382758200831	0.0885314458251459	0.0006301509579987	-0.0019852454797702	0.6548504332119880	0.0333388445451530	0.0001130694015563	-0.0020802473614590	
0.2736654805967250	0.1425733512712649	0.0004974824887050	0.0020227580083321	0.3316363781880296	0.1103836695852729	0.0003902640064801	0.0020462671626984	0.3923946559711613	0.0604900472238530	0.0004129403298483	0.0020417895086013	
0.0045228869206348	0.3468877714691319	0.0000189126684599	0.0020832470564167	0.0654476507633757	0.3208335570859664	0.0000975332048272	0.0020810375846316	0.1258373967304000	0.2760369798023691	0.0001530471775342	0.0020776758832016	
-0.0369758531698969	0.4104285842186591	-0.0000572298362540	0.0020825431872782	0.0262319090807317	0.3843664350985251	0.0000768945842288	0.0020819066741460	0.0883309589418539	0.3385409885581372	0.0001431172744455	0.0020783870387264	
0.2952186462240388	0.3448145636693410	0.0003116139341385	0.0020597787285807	0.3605140263126760	0.3135327824556526	0.0003003480054734	0.0020614599789853	0.4260326368874408	0.2645858670026529	0.0003346886290934	0.0020561372806401	
0.3600094443305395	0.2200861098313669	-0.0009850181868874	0.0018344371292051	0.4280900781074555	0.1874934191223894	-0.0016628197463856	0.0012495863876514	0.4933272014765484	0.1372712201353491	-0.0015938451384627	0.0013368686785208	
0.2612576701970878	0.2187199116361457	-0.0001755559289749	-0.0020758862207583	0.3220022383402724	0.1864739850374578	-0.0002895532832429	-0.0020630116200388	0.3841223307384862	0.1375559854856074	-0.0003485463002975	-0.0020538220644523	
0.0902063078679819	0.3958333421251294	0.0000157038670015	0.0020832738494352	0.1536783344432830	0.3677115888922841	0.0000682130136713	0.0020822107166150	0.2157887728906012	0.3208515214152341	0.0001189701419004	0.0020799165909187	
0.2720729726892918	0.1312429667985664	0.0000426734459945	0.0020828940535439	0.3308620942989654	0.0980150538828752	-0.0001673826432178	0.0020765646073925	0.3914453895889149	0.0478573260084451	-0.0001431733686794	0.0020783831559881	
0.2469084898825378	0.0665022831221302	-0.0001266251180732	-0.0020794623313338	0.3028629949936287	0.0325138992429067	-0.0001470087902504	-0.0020781140489329	0.3616150934197737	-0.0177008300661612	-0.0001937613599196	-0.0020742580266713	
0.0006294412350957	0.0885203324949494	0.0000125891432729	0.0020832951057942	0.0524335063353999	0.0625083283521338	0.0000954292279752	0.0020811356153843	0.1056233290676205	0.0197948471694323	0.0001483373613654	0.0020780191643996	
0.0017478531222331	0.0238422182768213	-0.0001695919665477	0.0020763844431429	0.0515164150676641	-0.0022951269853212	0.0000515298735349	0.0020826927657905	0.1030017619291174	-0.0457722270557613	0.0000910079353033	0.0020813346365981	
0.5133386414291143	0.1218951136086943	0.0013198193550328	-0.0016092340243698	0.5868459291812111	0.0839530456632437	0.0018136388550473	-0.0010171159686688	0.6586648632066456	0.0269971770429802	0.0018095963700978	-0.0010243266537094	
0.1470447077037476	0.0468825303189597	-0.0000630517714748	-0.0020823742097460	0.1994942264346680	0.0166668289826621	-0.0001191659853121	-0.0020799053234003	0.2541632736741594	-0.0312317440095093	-0.0001608088940057	-0.0020770866179008	
-0.3323414123648341	0.0843537861937650	-0.0000698409134590	-0.0020821564795502	-0.2782601522448410	0.0697399431418168	-0.0001400350541499	-0.0020785980346723	-0.2226054702287600	0.0344393796876113	-0.0002209463079267	-0.0020715250699252	
-0.4696588563863577	-0.2498405178224245	-0.0020747318475802	0.0001192311788752	-0.4239281373675384	-0.2557912444869057	-0.0020683097263979	0.0002023768537585	-0.3792406046720726	-0.2893238636427060	-0.0020539170725838	0.0003171485360608	
0.0850017287435811	0.1583338241199256	0.0000368248062921	0.0020830062224132	0.1401191335019214	0.1302137350576696	0.0001184050826965	0.0020799489964246	0.1963413090715210	0.0854193519189860	0.0001722659229379	0.0020761632080255	
0.2202762130323166	0.2270884705842579	-0.0001337203944422	-0.0020790159009520	0.2804387581418458	0.1970990732709799	-0.0009541305933743	-0.0018507714804471	0.3407070624015607	0.1492134270705285	-0.0014640134268338	-0.0014785845905502	
0.2657636546619475	0.2645934915098369	-0.0001052820977837	-0.0020806580609957	0.3283224764492294	0.2333358314064335	-0.0002762364769150	-0.0020648460418945	0.3914670604107859	0.1844071964747638	-0.0003263578288609	-0.0020574827174177	
0.1469825968683687	0.0217721230272821	0.0003142377590426	-0.0020593780771303	0.1993296659436671	-0.0093010952981061	-0.0000960919550909	-0.0020811049680194	0.2533909637481206	-0.0572267298705987	-0.0000826921770170	-0.0020816833450167	
0.0005543479223920	0.0551607638178102	-0.0000239634802466	0.0020831948191567	0.0512334284656040	0.0291922956484337	0.0000488741233359	0.0020827571004601	0.1035632898192040	-0.0135586841514350	0.0001119866106133	0.0020803062258800	
-0.0395937572630863	0.0593595680779476	-0.0000896509791657	0.0020813938221752	0.0111181680193398	0.0353794384173343	-0.0000186784819562	0.0020832491798824	0.0631514715751089	-0.0073127379787363	0.0000471574180133	0.0020827968750444	
0.0007513370843442	0.0426644362714016	-0.0000462451859848	0.0020828174317733	0.0510666156521782	0.0166906213285264	-0.0000068661905728	0.0020833219619606	0.1029634910456300	-0.0270707047285225	0.0000495094798059	0.0020827420190519	
0.2526985573536499	0.1250215127900686	-0.0000480818304236	-0.0020827756340037	0.3107995229138261	0.0916590021596344	-0.0000445677483486	-0.0020828541835063	0.3706939981181994	0.0416939501617047	-0.0001327237604380	-0.0020790800833812	
0.0028124219611571	0.2541566253209700	0.0000498883865698	0.0020827329321957	0.0603559058843988	0.2281263053818635	0.0001080939199274	0.0020805131549087	0.1182087959105226	0.1843784117550785	0.0001676439919688	0.0020765434191322	
-0.3635461205632904	0.0719166309544115	0.0002879082246153	-0.0020632429954269	-0.3084662430119297	0.0573605370712837	0.0004297704217144	-0.0020382959782448	-0.2525728097962685	0.0228811837120725	0.0003889398117088	-0.0020465205311202	
-0.0727427967510015	-0.2760943707902647	-0.0020757299625810	0.0001002631374958	-0.0311830561818119	-0.3021344964364898	-0.0020678992401152	0.0002065496257009	0.0093336244394731	-0.3552798632325623	-0.0020578616346970	0.0002903150533757	
0.2558497899699229	0.1656371199292805	-0.0000687934035118	-0.0020821915265342	0.3147863626418351	0.1333389864861024	-0.0003186193689878	-0.0020587013502407	0.3757223316658456	0.0844315597844477	-0.0003739157229125	-0.0020493327868519	
0.3793477717209952	0.1692762405821918	0.0019549893196361	-0.0007065130814725	0.4438970305844312	0.1330336156393591	-0.0017301486065495	0.0011540701006395	0.5112848504491110	0.0801368708602616	-0.0014359362190312	0.0015060021585547	
-0.3793018878124330	-0.2555534661367447	-0.0020721233500134	0.0001583896733496	-0.3355705232719186	-0.2664040517299176	-0.0020625141666776	0.0002549836844073	-0.2940425948579183	-0.3041075601831858	-0.0020508131709326	0.0003367308360249	
0.0006531810837624	0.0895638551766768	0.0000126275252141	0.0020832948723395	0.0525275061849010	0.0645748079464063	0.0000914816753590	0.0020813137639628	0.1056823716879844	0.0208359354325700	0.0001476277119802	0.0020780699532293	
0.2732457882551329	0.1208185413054791	-0.0005974039982308	0.0019953945856442	0.3346681361711379	0.0875669171652077	-0.0014924676766403	0.0014497126582565	0.3940829532983543	0.0387189214988617	-0.0011854811991481	0.0017111038812244	
-0.0382642993713234	0.0281764932265803	-0.0000101369069895	0.0020833085480715	0.0107171980675713	0.0042836464766416	0.0003890382043135	0.0020465017355962	0.0617249122274935	-0.0383962118307471	0.0004841751407871	0.0020260006460579	
0.1475658884667053	0.0593753853444476	-0.0001089009700858	-0.0020804708566246	0.2003209688360658	0.0291768631034383	-0.0001469817540322	-0.0020781159709113	0.2553066958304989	-0.0176861684738456	-0.0002009055054487	-0.0020735748571679	
-0.5560392103865386	0.1790841622008025	-0.0000381339489673	0.0020829825490471	-0.4877492631227732	0.1674680598757525	-0.0008196273568573	0.0019144517831398	-0.4201434106258569	0.1362856934304598	-0.0006839236478544	0.0019672784603242	
0.0912391376165556	0.4531369590702187	0.0000977724157019	0.0020810263034216	0.1561660758140714	0.4249770651316225	0.0001762907271124	0.0020758236367691	0.2196705159413757	0.3770409260160560	0.0002233489340214	0.0020712661093973	
0.0901916124520215	0.3937497861941409	0.0000108910281246	0.0020833047231431	0.1536184730110282	0.3656298574357997	0.0000630855271002	0.0020823731822745	0.2156799154206189	0.3187733706307937	0.0001141777589941	0.0020801865187639	
-0.3629781913724306	0.0686035939234751	0.0003474148666713	-0.0020540147147450	-0.3076158209782424	0.0541383528355241	0.0006226198803116	-0.0019876321495676	-0.2517773832400151	0.0196363339231940	0.0005824974112604	-0.0019998189685161	
0.1092798998127159	0.0395763746600590	-0.0000646271343397	-0.0020823256714184	0.1607741009983914	0.0104352887905008	-0.0001213035152114	-0.0020797811351907	0.2144520422737715	-0.0364965437244270	-0.0001732295554885	-0.0020760826257487	
0.2279580514191428	0.2863712492360509	-0.0005275203561896	-0.0020150947679245	0.2890935462045549	0.2562407477645067	-0.0004235515565041	-0.0020396038232782	0.3508775537730235	0.2093897169886706	-0.0003462087763081	-0.0020542193673687	
0.2714661725790747	0.3176811199945271	-0.0002269638709986	-0.0020708711437682	0.3357020465078149	0.2864479519413797	-0.0003776631184103	-0.0020486420644372	0.4001034876655363	0.2374909527922409	-0.0004331506347432	-0.0020375767557115	
0.0828750567654435	0.0583431349767821	0.0000833258773644	0.0020816579489760	0.1344881142541814	0.0301810572710556	0.0001362635696361	0.0020788499374696	0.1881240798451685	-0.0156295647069191	0.0001888948259466	0.0020747091105078	
0.1133515479802458	0.1541598419517640	-0.0000678937461765	-0.0020822212035214	0.1687945342932813	0.1259823012678850	-0.0001657367394600	-0.0020766972807701	0.2253609240992840	0.0791852364170240	-0.0002264196406697	-0.0020709310163346	
0.4538857836611521	-0.1264901995593000	-0.0018372592521048	0.0009735797417397	0.5196777737674187	-0.1714725850911180	-0.0018071045707808	0.0010287382092758	0.5871561836648949	-0.2383407470598281	-0.0017649109895383	0.0010998967926979	
0.0032413030900433	0.2697966867063705	0.0000426680635916	0.0020828941643613	0.0613026250530677	0.2437500347347000	0.0001326173676938	0.0020790869065077	0.1195768959926704	0.1999964231793062	0.0001887311845976	0.0020747240775140	
-0.3221124697783668	-0.2594050076312114	-0.0020683971808984	0.0002014765648199	-0.2794992895688448	-0.2727902731453142	-0.0020571046059314	0.0002956578651735	-0.2389141141064989	-0.3130370833225648	-0.0020382558813178	0.0004061924904753	
0.1532155805279134	0.2500635027148838	0.0000789865132128	-0.0020818279648350	0.2128238656034870	0.2208313366247980	-0.0000359137873720	-0.0020830222083772	0.2725397720431997	0.1749991559455428	-0.0000732920082611	-0.0020820372636284	
0.3825273645691543	0.2822904668810715	0.0000383269688331	-0.0020829789886780	0.4498873756767301	0.2479137198648588	-0.0002214323393251	-0.0020714729129348	0.5172247728594976	0.1978942774189976	0.0000085955893700	-0.0020833155122877	
0.2674622057526290	0.2915037970256048	-0.0000547470302663	-0.0020826102697181	0.3318107496532490	0.2603424264679779	-0.0001093076274146	-0.0020804494237793	0.3958495586335575	0.2114660504513165	-0.0002172206534404	-0.0020719210280631	
0.3374846502865183	0.2562967703061731	-0.0005858480973399	-0.0019988350481074	0.4008391357170868	0.2250540445039987	-0.0006989573991018	-0.0019619608995609	0.4661055287542224	0.1750990598196843	-0.0006912623234423	-0.0019646989523704	
0.0727205543259124	-0.2865027111928388	-0.0020721474814786	0.0001580720741772	0.1164260896677872	-0.3206957459886062	-0.0020585304582933	0.0002855099072627	0.1599928645241876	-0.3823495999876036	-0.0020362788763134	0.0004160385104158	
0.1100933656418726	0.0604188573354229	-0.0000910247938809	-0.0020813338956849	0.1622065538158950	0.0312422428972245	-0.0001552004620453	-0.0020775153448041	0.2163991471815313	-0.0156505290304346	-0.0002009545127828	-0.0020735700845636	
0.0856939321927942	0.1843770412180195	0.0000513838778308	0.0020826963909462	0.1416295261233013	0.1562364948528710	0.0001497669989494	0.0020779161034183	0.1985618034730369	0.1114513442777794	0.0002000997729189	0.0020736531553783	
0.2820245444897701	0.2197720059747355	-0.0000362296356301	0.0020830167114413	0.3438848438045075	0.1875043911055717	0.0001360142700463	0.0020788663451721	0.4065668448624915	0.1385045902658463	0.0002014036600700	0.0020735262893909	
0.1504685500869426	0.1500249832448213	0.0000614568262401	-0.0020824221301103	0.2066340691210358	0.1208621387020788	-0.0001540347694446	-0.0020776025331466	0.2640421254146884	0.0749726438799330	-0.0001936193839368	-0.0020742713504529	
-0.4291171918949110	-0.2516932812375617	-0.0020760152556827	0.0000941398042567	-0.3865495367735937	-0.2595194521294275	-0.0020635323898656	0.0002465652258454	-0.3419026952076907	-0.2950679352186942	-0.0020421764039427	0.0003858948368473	
0.0030656766455440	0.3979132233722679	-0.0000979208248017	0.0020810192905113	0.0661853852803106	0.3708144556510384	-0.0000671134017057	0.0020822466280185	0.1279005371344972	0.3250030154906536	-0.0000096112120624	0.0020833110521298	
0.2863293079945826	0.2532358225526663	0.0004384602468482	0.0020364351085230	0.3480466070482930	0.2218909005024465	0.0005998493858191	0.0019946571501918	0.4114234876887048	0.1729359770298213	0.0006384611900268	0.0019825751878421	
0.3368246505433308	0.2656602702006374	0.0016804672342858	-0.0012256305119524	0.4031744684602738	0.2322873345903030	-0.0007859299863896	-0.0019286004106649	0.4688287226425121	0.1832715145088322	-0.0008387646189699	-0.0019061032669490	
0.1953291688543289	0.1270557030801393	-0.0003552166265192	0.0020526731944334	0.2545847986003771	0.0989880437142608	-0.0019289744461659	0.0007750531567943	0.3118789016511637	0.0513594646175074	-0.0018840955451033	0.0008790281498531	
0.3627185069259291	0.2167468478175987	-0.0015701099458318	0.0013648043456060	0.4312548504213936	0.1854690567553343	-0.0018095075763489	0.0010244842878658	0.4957541972140513	0.1355570245288013	-0.0017686803826387	0.0010937946694549	
0.0868182239578826	0.2374840981832264	0.0000039434627891	0.0020833295824298	0.1447837779447366	0.2093783531255956	0.0000759456323093	0.0020819416812118	0.2030330435568917	0.1645744332935918	0.0001366645655902	0.0020788234825352	
0.0104175224706751	-0.2821354703551450	-0.0020706503988243	0.0001766916545826	0.0528734737030210	-0.3129932668665465	-0.0020619795509872	0.0002592927635837	0.0944404282142670	-0.3712043073935513	-0.0020367247887391	0.0004138390349389	
0.2634386667577919	0.2438125323225221	-0.0002544618218022	-0.0020676563544836	0.3253028436924862	0.2124865071633774	-0.0002230962409085	-0.0020712934785617	0.3882096970478341	0.1636163651222525	-0.0002554037495041	-0.0020675396343109	
0.4414267112027666	0.2885471331441790	0.0005768545844203	0.0020014621356387	0.5109531782310679	0.2531550429368222	0.0003197410864195	0.0020585265615621	0.5821987035721943	0.2020530416248082	0.0002861154029443	0.0020634936230139	
-0.0779028546770122	-0.2758309442926017	-0.0020744629560537	0.0001238440258146	-0.0362746474553720	-0.3016134614453991	-0.0020678756739028	0.0002067866058501	0.0040613363714981	-0.3545614851205921	-0.0020570799738329	0.0002958300552292	
0.1103958865705644	0.0666514669576511	-0.0000962752475855	-0.0020810964542598	0.1627044739036965	0.0375356217219657	-0.0001599864833064	-0.0020771504434176	0.2170086900458360	-0.0093584609761219	-0.0002073172656715	-0.0020729404618226	
0.1134091740251443	0.1562403255755047	-0.0000565515738869	-0.0020825618086573	0.1688981358395523	0.1271420461361054	-0.0001590488896922	-0.0020772228064451	0.2255609492855807	0.0812374302577303	-0.0002126603263069	-0.0020723964289364	
0.3285673060918048	0.1988102745354247	0.0001823649438402	-0.0020752961986946	0.3938319150311165	0.1634836235168410	-0.0020405868898151	0.0003942548967993	0.4562787891336895	0.1132091597836344	-0.0020532398113167	0.0003215256407772	
0.2721070783742529	0.1322898859823008	0.0000919655075963	0.0020812923345982	0.3307908956074405	0.0990240025782796	-0.0001140847867371	0.0020801916452996	0.3913842382841546	0.0489020072984347	-0.0000865169984445	0.0020815271110462	
-0.0407076948883238	0.0102515909830116	-0.0011089424379819	0.0017619216765817	0.0119181488130570	-0.0131259750279885	-0.0014060360392300	0.0015340936710605	0.0624240788009109	-0.0551456019562502	-0.0013315891428528	0.0015994597219459	
0.0028398369538101	0.4656183220342296	0.0000020455014398	0.0020833323241276	0.0680668982565252	0.4385446089220210	0.0000649107118344	0.0020823168068117	0.1314956935137435	0.3916833480559774	0.0001210707793829	0.0020797947643640	
-0.0371942253267200	0.3593796326338228	0.0000095694307500	0.0020833112454289	0.0240497755938658	0.3343716441944430	0.0000904950787060	0.0020813571102836	0.0847086812706120	0.2896096979214744	0.0001533784540393	0.0020776513316321	
0.0016948900287311	0.1864543073046646	0.0000237116626954	0.0020831977150768	0.0568974006576376	0.1614629890782331	0.0000957449848004	0.0020811210399346	0.1128369114321174	0.1177278269824123	0.0001474549433850	0.0020780822810356	
-0.0390761779060027	0.1583472485731176	-0.0000234345862503	0.0020832008661225	0.0150168943646600	0.1343792682030968	0.0000563878388056	0.0020825662706378	0.0699118779950568	0.0916604272229555	0.0001221849262647	0.0020797292810564	
0.2763409901008448	0.3864637234578226	-0.0002145841889649	-0.0020721971151325	0.3432394647084320	0.3562008156756221	-0.0002892690929637	-0.0020630516870923	0.4091614917990944	0.3062873448114908	-0.0003292507526113	-0.0020570194485844	
0.2486292694169866	0.0833396825906571	-0.0002184503938009	-0.0020717910855344	0.3047488857414626	0.0500445039050446	-0.0003121810107335	-0.0020596924285659	0.3640284671641565	0.0000378948466649	-0.0003560364356069	-0.0020525304461368	
0.1531522437773679	0.3187195816576257	-0.0000814430948525	-0.0020817328343796	0.2149605189442593	0.2895865954511411	-0.0000490626242508	-0.0020827526463623	0.2761400199501761	0.2427204422547027	-0.0000968698089205	-0.0020810687255469	
0.4239213623794387	0.3020835730298816	-0.0015847726672574	-0.0013476647030900	0.4927056088774229	0.2651936420521777	0.0009764998213676	-0.0018390084712806	0.5621728384698743	0.2145053464657880	0.0011896745288489	-0.0017081764604334	
0.0291709353945693	-0.2830916941413499	-0.0020759496210360	0.0000955833655003	0.0716220772286311	-0.3147802826951618	-0.0020691156485071	0.0001939207448904	0.1152910838429968	-0.3751028673430398	-0.0020450543637267	0.0003702607883389	
0.0025003643131453	0.2354381032974860	0.0000291417231610	0.0020831284852935	0.0594485992656018	0.2093787458738527	0.0000946420024975	0.0020811717439020	0.1167177986183674	0.1656214265928326	0.0001537639305231	0.0020776226960026	
0.0024423073903025	0.2323099667917229	0.0000277347282292	0.0020831477892230	0.0593489100254500	0.2072939057797706	0.0000924560917448	0.0020812704905434	0.1165027408101043	0.1624988630234036	0.0001521900620182	0.0020777391580669	
-0.0391854388362529	0.1645910938362253	-0.0000474574090020	0.0020827900271040	0.0151520003000529	0.1406234621435506	0.0000294694549623	0.0020831238516541	0.0702520602389991	0.0979275510912402	0.0000992788566399	0.0020809546230861	
-0.6342196988387185	0.0238728574667705	-0.0005134052227861	0.0020187553796768	-0.5707754289042654	0.0186734098149916	-0.0003917557146357	0.0020459806733997	-0.5063699742909156	-0.0094506152838832	-0.0003844571253705	0.0020473716165679	
0.1494821927880290	0.1052318659509549	-0.0001727281184372	-0.0020761246141298	0.2036090209496861	0.0760501198221968	-0.0002484113570292	-0.0020683956702693	0.2597828362934735	0.0291636818003245	-0.0002838042439565	-0.0020638143572619	
-0.3410399659935753	0.2135294983152628	0.0002182458642307	-0.0020718127489091	-0.2806820689957394	0.1968787947240113	0.0000900040141927	-0.0020813785097777	-0.2199187271119531	0.1593433309452993	-0.0000131437771862	-0.0020832916632159	
0.0447865423513283	-0.2841091179138687	-0.0020736938719513	0.0001361748712040	0.0874485655010789	-0.3163040924345190	-0.0020673472177429	0.0002120304799946	0.1307496666644070	-0.3774547954012147	-0.0020643960421101	0.0002391891891071	
0.2964874146930746	0.3231655501749239	-0.0011595473965254	0.0017288714407748	0.3650161103516827	0.2950614334295438	-0.0020069328265345	0.0005406795142078	0.4265108893936924	0.2397182485078783	0.0019822528960613	0.0006255238147534	
0.2735250939540169	0.1199291908288164	-0.0007007713497567	0.0019613104857370	0.3346681361711379	0.0875669171652077	-0.0014924676766403	0.0014497126582565	0.3949913077010929	0.0376023980771842	-0.0014491498416352	0.0014932277832697	
-0.0398144185384446	0.2124847428201614	0.0000011817650323	0.0020833329964789	0.0162624128395094	0.1885385907789632	0.0000661364880159	0.0020822780422455	0.0726593783208214	0.1447936860329584	0.0001309467339259	0.0020791933263281	
0.0032727396420413	0.0064311653245229	-0.0012118746916411	0.0016924199033321	0.0562501231341377	-0.0175278819751336	-0.0017051265906298	0.0011909095820634	0.1072411408098897	-0.0611980495937632	-0.0016543487086331	0.0012608357047362	
0.3391961730012909	0.2624177925935983	-0.0000480737878874	-0.0020827758205832	0.4023286527255880	0.2301544537555866	-0.0006886771437118	-0.0019656111579453	0.4681512591294492	0.1813880680166414	-0.0008022837385741	-0.0019218210795340	
0.1501137986572733	0.1208508528833595	-0.0000832630538845	-0.0020816604753478	0.2050443567028222	0.0916300523380087	-0.0000862675092347	-0.0020815375177256	0.2615746997390080	0.0448306015876035	-0.0001353589262556	-0.0020789093328362	
-0.3508117051541849	0.2855271607508304	0.0004684161460359	-0.0020297205847470	-0.2865663241651464	0.2667010913797811	0.0002618283680263	-0.0020667318366300	-0.2229296751289636	0.2281838340869377	0.0001871970508462	-0.0020748637567888	
0.2560511570231404	0.1730013889905317	-0.0001558162832562	-0.0020774690174194	0.3156229489012783	0.1406204695380328	-0.0001628481935899	-0.0020769269318405	0.3768566033788279	0.0916741525440121	-0.0002588813034992	-0.0020671049155662	
-0.0385661883321144	0.2739548210140048	0.0000501151326888	0.0020827274612689	0.0194046022119851	0.2489631599860175	0.0001420738319916	0.0020784589851657	0.0777029693398404	0.2062597889750330	0.0001995540984299	0.0020737060017033	
0.2631778329687667	0.2416207686607726	-0.0002252473261393	-0.0020710594923741	0.3250001621203393	0.2094130157086942	-0.0002045363087669	-0.0020732180877072	0.3879375377626482	0.1613902548238767	-0.0002508569240200	-0.0020680990165270	
-0.3485081924878214	0.2728465188705911	0.0003088620363633	-0.0020601952444514	-0.2853173807233088	0.2542063502742090	0.0001856509711676	-0.0020750033609256	-0.2221208509930582	0.2166808659115280	0.0001115470290117	-0.0020803299609992	
0.5028260388688544	0.2696004907357122	0.0020662112295451	-0.0002228813715271	0.5759750475925227	0.2357939418096373	-0.0018444681200936	-0.0009597830773745	0.6498582254511998	0.1827251081456736	-0.0018558031867301	-0.0009375664016626	
0.4829993494030018	0.2103919143280960	0.0015873509517202	-0.0013446116802304	0.5543714911882205	0.1729757686257176	-0.0002185202356239	-0.0020717836833245	0.6266736867423532	0.1197770912567082	-0.0002140104843731	-0.0020722567412524	
0.0023909368908751	0.2270994836836514	0.0000251363650746	0.0020831809277630	0.0591113963531933	0.2020810010902682	0.0000923709810020	0.0020812742885858	0.1162023531318477	0.1583348592002155	0.0001539267824671	0.0020776105766147	
0.5068777340252675	0.1855410091905263	-0.0001057260079058	0.0020806354388080	0.5764733205810260	0.1479786778453382	0.0006480974514596	0.0019794303964694	0.6532493066421707	0.0917600343202276	0.0006317246248310	0.0019847427797896	
0.2821912243950827	0.2313352213200351	0.0001360703969165	0.0020788626538029	0.3442453463078516	0.1989106576003880	0.0000883958928779	0.0020814477715990	0.4072277278734833	0.1500155080693820	0.0001313756593090	0.0020791661329070	
-0.0372047123144909	0.3854140422367311	0.0000290841099740	0.0020831292945016	0.0249357880904340	0.3593750569946403	0.0000731546625643	0.0020820421181264	0.0863386609677564	0.3145777162287857	0.0001371012123334	0.0020787945868129	
-0.3605591000158900	-0.2573030114772472	-0.0020692874110194	0.0001920699722429	-0.3169379737542829	-0.2688476512682393	-0.0020637546500422	0.0002446885503221	-0.2753287266538653	-0.3071951231858428	-0.0020537942230652	0.0003179470877148	
-0.3510500254251477	0.2865038037848781	0.0004928269851408	-0.0020239030190002	-0.2867043041624597	0.2677214222415942	0.0002738122566820	-0.0020651705235953	-0.2230256934272818	0.2292165624644158	0.0002000931642735	-0.0020736537962697	
0.1951116787470242	0.1372761652506986	-0.0009431823279306	0.0018564027983126	0.2522818737625286	0.1060216802856613	0.0004377117834165	0.0020365969205913	0.3104804125357093	0.0591915663342660	0.0004020490819113	0.0020439728681954	
0.0834190898144190	0.0770838094541710	0.0000473116977372	0.0020827933587040	0.1357166517724118	0.0489724939463518	0.0001167460620686	0.0020800432450718	0.1898063182387290	0.0031450296557808	0.0001624076192575	0.0020769616021871	
0.2816175070425694	0.2083288934416653	0.0002669826071756	0.0020660690262386	0.3419831413091494	0.1760059042086380	0.0005072629386506	0.0020203152977151	0.4046106188728074	0.1280015288477283	0.0005306880381669	0.0020142586911241	
-0.3322656827762731	0.0749587005933952	0.0002408991731080	-0.0020692884867541	-0.2778534704948800	0.0625613189753166	0.0002772547120792	-0.0020647088828918	-0.2227785167722510	0.0282150042765235	0.0000709372293174	-0.0020821192317856	
0.3821365163228112	0.3367832259946892	0.0018600624494389	0.0009290450346641	0.4525860100311148	0.3035510939311615	-0.0004659820803070	-0.0020302835824077	0.5213572942137805	0.2533667916020671	-0.0005517084679942	-0.0020085745519059	
0.2773580888035229	0.1593814929410351	0.0002537371791566	0.0020677458515301	0.3368911882519789	0.1269575688589963	0.0002024544633135	0.0020734234427246	0.3980472344236177	0.0770329961181532	0.0003407841731415	0.0020551307817300	
-0.1371217110219678	-0.2714709085722952	-0.0020728366922631	0.0001487135203905	-0.0966988294294842	-0.2941787422994702	-0.0020598006439100	0.0002761497316596	-0.0561754989261209	-0.3440689469572278	-0.0020438886887290	0.0003766739860247	
0.0013310064509274	0.1375091377490660	0.0000261294316251	0.0020831686471761	0.0547657956873665	0.1125013957946137	0.0001007512897622	0.0020808834993422	0.1093472576121046	0.0687418254523054	0.0001549129057462	0.0020775369140840	
-0.0398081980619097	0.2062373738167774	-0.0000074476950466	0.0020833199542866	0.0160590383439957	0.1822914682572493	0.0000708696513066	0.0020821215445726	0.0722762725377429	0.1385572910980097	0.0001375084144974	0.0020787675562028	
-0.3573131284789204	0.1229261411094700	-0.0000843313878854	-0.0020816172538273	-0.2993812664495633	0.1061933529790194	0.0015021416791559	-0.0014396360313337	-0.2414953296958236	0.0716973661137353	0.0015313911057947	-0.0014083247523331	
0.2528397281217604	0.1155962350064648	-0.0000330002527303	-0.0020830706443152	0.3100305862712619	0.0822177992184939	-0.0002945687134630	-0.0020622979064322	0.3695980707844904	0.0323566446003524	-0.0003384079174994	-0.0020555253692934	
-0.0371806439368487	0.3666726249765859	-0.0000083731253072	0.0020833164228139	0.0243268401525889	0.3406195577840808	0.0000818480028156	0.0020817168743289	0.0851589895695630	0.2958352451256511	0.0001429603151032	0.0020783978950359	
0.1531194425115694	0.3176828054881001	-0.0000748621282344	-0.0020819811197068	0.2149384565137133	0.2885436952037714	-0.0000337672651159	-0.0020830582904271	0.2760889358283615	0.2416775133163026	-0.0000818625769224	-0.0020817162983907	
-0.3399705390546257	0.1917159748514344	-0.0001160942912947	-0.0020800799070342	-0.2816933857448177	0.1760852483903243	-0.0003710382004234	-0.0020498583425301	-0.2219053471254765	0.1393685585453261	-0.0004693926412116	-0.0020294938536091	
0.0009445201514606	0.0364397882036255	-0.0000796778771468	0.0020818014869752	0.0511560134148030	0.0104674691514267	-0.0000553710616565	0.0020825936892189	0.1028909995361286	-0.0333289876311011	-0.0000058334351515	0.0020833251254796	
0.0844519631911563	0.1343803623893116	0.0000258511542690	0.0020831721364335	0.1388361835485572	0.1062586807842417	0.0000891030913822	0.0020814174666459	0.1944618180674393	0.0614516549374000	0.0001372457420096	0.0020787850019620	
0.2951723370561058	0.3260860879508788	-0.0006405862541462	0.0019818861496916	0.3636618825009035	0.2958235389279748	-0.0017193795715647	0.0011701332656775	0.4274966382452416	0.2481887796343833	-0.0011554868788126	0.0017316015004461	
0.0039806772850199	0.3124963242484803	0.0000494124764071	0.0020827443342208	0.0635243589007626	0.2864556715325801	0.0001220594053274	0.0020797366885597	0.1229200069479595	0.2416521379774812	0.0001778140380078	0.0020756930550766	
-0.0387382212330594	0.1020766218306513	0.0000010672294735	0.0020833330586099	0.0132907854970846	0.0781281613066623	0.0000980225248190	0.0020810144786321	0.0665910859137449	0.0354123750697830	0.0001659381518489	0.0020766811161300	
0.4809732952736641	0.2604421131388529	0.0006527471926028	0.0019778942901092	0.5515157881213946	0.2239572640564879	0.0000136017436283	0.0020832887087858	0.6245088166152246	0.1718745208280217	0.0000735104703321	0.0020820295232800	
-0.0396059040474813	0.0760364733104312	0.0000916236508095	0.0020813074874836	0.0112505940900579	0.0520748928410702	0.0001060329478062	0.0020806197409807	0.0637862198869448	0.0093824731012142	0.0001558365589192	0.0020774674889719	
0.0044617578730254	0.3406315606553172	0.0000228941513762	0.0020832069056202	0.0651394428637345	0.3145910027416548	0.0001031903356446	0.0020807633754536	0.1253321963647683	0.2698113417357804	0.0001623301608874	0.0020769676878912	
-0.3408180407513759	0.2114581823120887	0.0002105551541495	-0.0020726124481895	-0.2806003229495831	0.1947942580354273	0.0000661558167181	-0.0020822774251713	-0.2199456554435726	0.1572540845371044	-0.0000404088390286	-0.0020829394443741	
0.2519402629939662	0.1382702714680124	0.0008282321101702	-0.0019107263592719	0.3115056085400720	0.1020841795705807	-0.0003564614590051	-0.0020524563059924	0.3724205199079647	0.0561889051105815	-0.0002551867861696	-0.0020675665584114	
0.1529650125537062	0.2249796749938062	-0.0001265615642700	-0.0020794662197228	0.2112462369087887	0.1957842909377692	-0.0001941050580098	-0.0020742257314201	0.2704454717119916	0.1499470755431804	-0.0002482122668662	-0.0020684196906454	
0.2865517194332455	0.4843957118376868	-0.0001896215610511	-0.0020746424836470	0.3568231916499864	0.4541087895867593	-0.0002881502451340	-0.0020632090398811	0.4248847005384644	0.4041819123281693	-0.0003344416255172	-0.0020561776727279	
0.5073860263917986	0.3052082562152817	-0.0002083220122469	-0.0020728392256635	0.5801302090391154	0.2708264382449351	-0.0008984777342079	-0.0018785564091416	0.6537209927155390	0.2176907723387412	-0.0006879483630107	-0.0019658676214084	
0.2818454207254262	0.2103888139526633	0.0001872562979713	0.0020748583838148	0.3425263309431825	0.1782164178110459	0.0004588071745521	0.0020319251754408	0.4049439164634181	0.1292494310665560	0.0005025316980122	0.0020215032528715	
0.0033625413775338	0.2781404857819819	0.0000158839125231	0.0020832724776252	0.0618085731527448	0.2520876944162612	0.0001094378631120	0.0020804425427807	0.1203063473734745	0.2083378233328860	0.0001681139487378	0.0020765052347344	
0.4054689914860001	0.3155783106459684	0.0008903101173323	0.0018824604798382	0.4734618113930320	0.2823439624117038	0.0003869617341857	0.0020468973499577	0.5429145620959028	0.2313352147984574	0.0004004591779496	0.0020442865221173	
-0.2556765287455784	-0.2640176949849688	-0.0020727504408105	0.0001499168573193	-0.2141286138029931	-0.2806949925202697	-0.0020644975693920	0.0002383068908848	-0.1736304827881323	-0.3244618558886445	-0.0020495669386564	0.0003442720785008	
0.3377433186186809	0.2572810790152434	-0.0006303771224963	-0.0019851733176306	0.4008391357170868	0.2250540445039987	-0.0006989573991018	-0.0019619608995609	0.4661055287542224	0.1750990598196843	-0.0006912623234423	-0.0019646989523704	
0.0045470098913445	0.3635700603654082	-0.0000193408823306	0.0020832431051996	0.0661350001816361	0.3374886415562560	0.0000652927525817	0.0020823048028268	0.1268923152618328	0.2916665330423703	0.0001268626123101	0.0020794477834693	
0.4245290274671225	0.2210801711181647	0.0005148106966319	0.0020183956296293	0.4928789662151436	0.1883955998858214	-0.0018770316267448	0.0008940871272086	0.5636544444021734	0.1352984223793141	-0.0016923734902164	0.0012090538476174	
0.2465014176247888	0.0574325925251140	-0.0000652564084019	-0.0020823059478211	0.3022657625298220	0.0228557262555692	-0.0001290550385846	-0.0020793121926935	0.3607466909844799	-0.0269867236849793	-0.0001976838242982	-0.0020738860249960	
-0.0374178865295833	0.3333333457945070	0.0000241383573177	0.0020831927900559	0.0228644356835748	0.3083331786032571	0.0001007443191352	0.0020808838385207	0.0827875767808012	0.2635605995726754	0.0001563955888310	0.0020774252686435	
0.3832224798166859	0.3304114443640659	-0.0003734922096223	-0.0020494104013407	0.4509667774083190	0.2978985592478386	-0.0008317549400041	-0.0019091878095944	0.5196022523043984	0.2478056258304630	-0.0008400489445236	-0.0019055347614050	
0.2803975300225239	0.4250154711533528	-0.0002139169880678	-0.0020722664431974	0.3485611916047926	0.3947249465660763	-0.0002875668329297	-0.0020632908433175	0.4153581555745132	0.3448358120308465	-0.0003328234009460	-0.0020564415411477	
0.1526987666797799	0.2625000982147137	-0.0000047674286518	-0.0020833278512077	0.2128011828921501	0.2333180700767055	0.0000506144868160	-0.0020827153253288	0.2727912030617881	0.1864304766376968	-0.0000019572697094	-0.0020833324093132	
0.4522010893338566	-0.0486278826326557	-0.0019307771125988	0.0007705288564182	0.5195846053725615	-0.0905734557449833	-0.0017517098270956	0.0011209053683506	0.5862442237108256	-0.1529073382163282	-0.0017448989037332	0.0011315313532580	
0.2645452473152418	0.2521105529993987	-0.0002701119498210	-0.0020656601980993	0.3264147369038713	0.2208146224072691	-0.0003153481499981	-0.0020592074879099	0.3893927190631041	0.1719103049377411	-0.0003258970458316	-0.0020575561195428	
0.0844065240042787	0.1302124059067562	0.0000192081077385	0.0020832443398008	0.1386547869735453	0.1020706151189044	0.0000944904759588	0.0020811786635649	0.1940923475173481	0.0562615558623306	0.0001470640685930	0.0020781101181437	
-0.0390692000658168	0.1510587065783068	0.0000006430789653	0.0020833332335843	0.0148227843406742	0.1270850321716951	0.0000725410003420	0.0020820636967141	0.0694494301559381	0.0843781471219184	0.0001264880737113	0.0020794707136258	
-0.0279719669841232	-0.2788296418326615	-0.0020717442571769	0.0001632974694225	0.0135192614464963	-0.3072537968038666	-0.0020592193611245	0.0002804727727593	0.0552032612489644	-0.3631533376873352	-0.0020417685121413	0.0003880579495434	
0.0033781289366115	0.2802249370767881	0.0000135217867594	0.0020832892318937	0.0619128074402666	0.2541595674489669	0.0001014173728053	0.0020808509803850	0.1204692888612454	0.2104174433124583	0.0001617413429990	0.0020770138542944	
0.2489433135726357	0.0864806017292610	-0.0002082623091102	-0.0020728452550426	0.3052049266116921	0.0531054738039866	-0.0002989986221740	-0.0020616571106963	0.3645419718494316	0.0031187627020325	-0.0003398926153290	-0.0020552791612891	
-0.1475477300290238	-0.2708326052894786	-0.0020758890983886	0.0000968953972229	-0.1070410586461966	-0.2928266408000414	-0.0020637229859101	0.0002449568001460	-0.0665928468772133	-0.3421254320904351	-0.0020444687009510	0.0003734971528497	
-0.0377781319153260	0.3093751482136688	0.0000302772194602	0.0020831122097669	0.0216228556256077	0.2843821306342371	0.0001114776544200	0.0020803336983127	0.0809037487205284	0.2406349755934427	0.0001829573681596	0.0020752437936330	
0.5057583618852626	0.1910721332985027	0.0011655599995450	0.0017248033290386	0.5775319266166001	0.1522034471452369	0.0000144056599941	0.0020832832778635	0.6546711339529141	0.0978692024774827	-0.0001293134381427	0.0020792960583223	
0.2536406758029276	0.1499664274949124	-0.0005225618789812	-0.0020163927690639	0.3113434000142804	0.1178945298717972	-0.0005273387166598	-0.0020151425475734	0.3719502507724251	0.0677274318098800	-0.0003731754099894	-0.0020494683996953	
0.0905241633227423	0.4385413244932396	0.0000881905919167	0.0020814565238704	0.1551675237637171	0.4104161325743241	0.0001133354341364	0.0020802328120340	0.2182501440336880	0.3624987127491023	0.0001632005496025	0.0020768991356889	
0.4766713949830217	0.2172237462963926	0.0017175966749328	-0.0011727618300337	0.5496846063551821	0.1812602279027330	0.0012275087312639	-0.0016810582341673	0.6216180435260681	0.1283142189225356	0.0008319149545023	-0.0019091177408112	
0.1474754598290227	0.0187735895951194	0.0002878487804282	-0.0020632513310128	0.1991299501595675	-0.0112918051015036	-0.0003321305723158	-0.0020565541125105	0.2528464727628490	-0.0605774336799974	-0.0004447110540282	-0.0020350724263636	
0.1111256280349872	0.0833353130076615	-0.0000845474214445	-0.0020816084466815	0.1639767723292239	0.0541824841587957	-0.0001636310366312	-0.0020768650940067	0.2187824408355235	0.0073393583634105	-0.0002201921358528	-0.0020716057721425	
0.2641125622596254	0.2489425400911437	-0.0002769627604038	-0.0020647482621004	0.3259605496734387	0.2177552026137658	-0.0002913746681568	-0.0020627538762364	0.3888987673223758	0.1687017091779131	-0.0003021153029640	-0.0020612004227515	
0.3254308656637304	0.2202013340671993	0.0017909509033020	-0.0010567473998748	0.3924325793736800	0.1873240308011659	0.0008275375181178	-0.0019110287967613	0.4562151945526809	0.1385821170115899	0.0008015068584815	-0.0019221468342146	
0.0030352064135297	0.4843765067664579	0.0000234428921908	0.0020832007722019	0.0688023725284501	0.4572820403669800	0.0001050688352255	0.0020806688951741	0.1327018509435685	0.4093945279311622	0.0001582326384273	0.0020772854559713	
0.1532346575450405	0.3207943699316007	-0.0000866809768985	-0.0020815202547905	0.2150237790976097	0.2916700126800792	-0.0000836409760788	-0.0020816452488621	0.2762569857478407	0.2448019183778537	-0.0001326758496932	-0.0020790831566492	
-0.3441941566006283	0.2405975340656726	0.0002679446598960	-0.0020659438561085	-0.2824617348740655	0.2229252906141946	0.0001717385299567	-0.0020762071187997	-0.2206076448155962	0.1854136197639417	0.0000849931514430	-0.0020815902040646	
0.1483650274466863	0.0854067892365845	-0.0000149787662599	-0.0020832792158325	0.2021706357685678	0.0551816378693707	-0.0000836074908596	-0.0020816466007703	0.2578739673232607	0.0083387862032988	-0.0001385418241527	-0.0020786985956582	
0.0035888533625135	0.2958444665678930	0.0000471673849680	0.0020827966482250	0.0625687304403151	0.2697940920432094	0.0001003373020842	0.0020809036024754	0.1216314736760911	0.2260405447306092	0.0001607709721671	0.0020770895681730	
0.3620609362404248	0.2712041668493379	0.0002732391718016	0.0020652468055715	0.4303293230035710	0.2387877519841670	-0.0019100729660895	0.0008207523048678	0.4959708891701307	0.1890057360278398	-0.0017517013171754	0.0011209187338078	
-0.0371702969175502	0.3874960231700845	0.0000388818971042	0.0020829686525238	0.0250082649665098	0.3614557724233325	0.0000805711645904	0.0020817669336596	0.0864813253208887	0.3166511808345146	0.0001458460841291	0.0020781963836886	
0.0846818336863855	0.1447938246687163	0.0000595061838471	0.0020824790670739	0.1393019915882762	0.1166652473069639	0.0001144776817131	0.0020801699523265	0.1951934036949380	0.0718816273223027	0.0001637080153723	0.0020768589972377	
-0.3581379982550573	0.0543369070934388	0.0008713033136822	-0.0018913772022558	-0.3021487051443372	0.0396251436085013	0.0005754338556069	-0.0020018731142264	-0.2470479740228496	0.0052426886207987	0.0004495631013225	-0.0020340007368799	
0.0822918098187876	0.0354189751506079	0.0000498821030003	0.0020827330834520	0.1330888978584835	0.0072897517545978	0.0001528716235231	0.0020776888722260	0.1860272268052606	-0.0395849327528764	0.0002096850948845	0.0020727010939272	
0.0023419742621814	0.2229307909973769	0.0000249153599626	0.0020831835960520	0.0589163425188673	0.1979116610272459	0.0001008711483391	0.0020808776635531	0.1158933348508874	0.1541733567345177	0.0001624062625771	0.0020769617088031	
0.0044393011937771	0.3385468612714714	0.0000238767030424	0.0020831958205559	0.0650324933598583	0.3125105147987038	0.0001055903570075	0.0020806423618643	0.1251573003894033	0.2676844168356831	0.0001655494832038	0.0020767122915658	
0.3689464980167154	0.1843089564268849	-0.0011368054932392	-0.0017439843283784	0.4321677654833196	0.1510649373815985	0.0004601405262439	-0.0020316221361410	0.4978061476191900	0.0979125348518410	0.0003514445606765	-0.0020533256342321	
-0.0371971423576785	0.4166746498247774	-0.0000838316855750	0.0020816375389559	0.0263894839035431	0.3906204821066364	0.0000223687315597	0.0020832126422183	0.0886977042233318	0.3447752237793779	0.0000866075252431	0.0020815233275540	
0.0895287471941058	0.3291688585598265	-0.0000053932780869	0.0020833263173853	0.1507312091258733	0.3010410205079889	0.0000785238996615	0.0020818455529669	0.2112361219535150	0.2551977579836414	0.0001266613995568	0.0020794601106585	
0.0028000249760517	0.4229105663207575	0.0000121607534797	0.0020832976632034	0.0663677377032216	0.3958364594717906	0.0000906988717204	0.0020813481951864	0.1287463125272157	0.3500049282008615	0.0001404495777104	0.0020785699267023	
0.0216896921851519	-0.2828014279260888	-0.0020765114109581	0.0000824117125574	0.0645793166856761	-0.3141090384278815	-0.0020706585626847	0.0001765954769355	0.1071648046885476	-0.3736250861693136	-0.0020433025441021	0.0003798565128139	
0.0044157490197134	0.3354205321922146	0.0000252953572033	0.0020831789936074	0.0648465173732720	0.3093647097647275	0.0001106329172167	0.0020803790185195	0.1249280172767535	0.2645713250625785	0.0001700126268949	0.0020763498699294	
-0.0395774471933132	0.1802062121109941	-0.0000430306153975	0.0020828866685862	0.0152712263047455	0.1562561188393915	0.0000168818163314	0.0020832645908034	0.0708061136379136	0.1135348267010555	0.0000750629822384	0.0020819738516618	
0.1093419805597754	0.0416573559887794	-0.0000700544705638	-0.0020821492694125	0.1608891617620599	0.0125110374957654	-0.0001266212692717	-0.0020794625668693	0.2146404422972882	-0.0343332471600447	-0.0001788370012253	-0.0020756047291124	
0.0840084709859226	0.0989601257050781	0.0000330104935550	0.0020830704812413	0.1371091818053438	0.0708365399870160	0.0001300550490559	0.0020792495724899	0.1916886389080334	0.0249535724174638	0.0001842826090977	0.0020751259443974	
-0.0376283300168678	0.4364577613763024	0.0000080176755083	0.0020833178280905	0.0264057594319231	0.4104088791150915	0.0000415282741412	0.0020829173162798	0.0892266526160439	0.3635472832020361	0.0000897188277456	0.0020813908840187	
-0.0934931077714837	-0.2745210751691341	-0.0020709178244511	0.0001735132115754	-0.0519230744897039	-0.2997344207151180	-0.0020580558070186	0.0002889284201843	-0.0114056085612564	-0.3519476263216697	-0.0020406096958981	0.0003941362474828	
0.2731548158049016	0.3583704385178047	-0.0004007509228289	-0.0020442290638186	0.3382647148678897	0.3283957445785131	-0.0008331052906060	-0.0019085960003398	0.4037552401223481	0.2794342850994183	-0.0008881233368234	-0.0018834983332329	
0.2524580593258030	0.1093804466692378	-0.0002253362347809	-0.0020710497723682	0.3091175930323257	0.0769768484331501	-0.0003941051405289	-0.0020455271572225	0.3684510982758709	0.0261343258302634	-0.0004207347546641	-0.0020401896600478	
0.1536876522258424	0.2927151830370875	0.0000094386595471	-0.0020833118449924	0.2146588748524431	0.2635516445767647	-0.0001041434859620	-0.0020807156497211	0.2753988127648465	0.2177064918803149	-0.0001338929054680	-0.0020790047424301	
0.2551101540239117	0.1573438740370563	-0.0003014026970072	-0.0020613052676189	0.3131224262878648	0.1248991325270971	-0.0004879835098373	-0.0020250821573644	0.3739913580207668	0.0760617507814221	-0.0004804457195054	-0.0020268927216960	
-0.0893544834137336	-0.2749149679698016	-0.0020695120419754	0.0001896220383730	-0.0478428324328714	-0.3003334022299128	-0.0020603537774625	0.0002719710819588	-0.0071988946393022	-0.3527509599392248	-0.0020454576377744	0.0003680152113060	
0.4840203943991879	0.2414494240288458	-0.0008932457928899	0.0018810622807949	0.5591788992871340	0.2066112161495082	-0.0019360615508379	0.0007570854313829	0.6296947070994112	0.1542006089969641	-0.0017908081532425	0.0010569905028607	
-0.6247398709862581	0.0028803508814667	-0.0014333020016334	0.0015085219710152	-0.5592524761536096	-0.0002952465284958	-0.0016949410548120	0.0012054337465978	-0.4962737832465611	-0.0266136491898750	-0.0016787592158021	0.0012279806580972	
-0.0375745575217360	0.4427092450214113	0.0000262130152683	0.0020831675918425	0.0265919112552925	0.4166800343903246	0.0000781829696713	0.0020818584485848	0.0895426038977390	0.3697812528770505	0.0001332950988769	0.0020790433486171	
0.1090321658211642	0.0291709628422348	-0.0000512014147647	-0.0020827009071383	0.1600988821859644	-0.0000141708287095	-0.0001953402914945	-0.0020741091872567	0.2134646387210368	-0.0469643322559601	-0.0002453508926725	-0.0020687627596484	
0.0029197243491833	0.4750001341055450	0.0000251008807048	0.0020831813577691	0.0683711609260997	0.4479205888928052	0.0000853652364712	0.0020815749019713	0.1320069348592450	0.3999980373759334	0.0001367309099012	0.0020788190980701	
0.2820401441017067	0.2187324489510737	-0.0000346689640898	0.0020830434041347	0.3438058512335511	0.1864715503487361	0.0001708649383392	0.0020762795558452	0.4064552081736592	0.1374748929655090	0.0002358828181574	0.0020698692042257	
0.0028685252634438	0.4406194010524482	0.0000086224827575	0.0020833154005978	0.0671415760384869	0.4135454329584690	0.0000821258174814	0.0020817058779946	0.1298930719956305	0.3666663399581634	0.0001375087212828	0.0020787675358076	
0.2675799656812369	0.2886852344722075	0.0001381022803462	-0.0020787279902720	0.3313771675148270	0.2572970124481040	-0.0004640259857269	-0.0020307337875803	0.3952893335589740	0.2083024029534236	-0.0005210911549651	-0.0020167752499810	
0.0868082390606666	0.2281098853171857	0.0000173247608774	0.0020832609360869	0.1443252217714855	0.2000025205255847	0.0001246026597893	0.0020795851097757	0.2022852520425276	0.1552252646969992	0.0001832489725680	0.0020752179357900	
0.0906747054241176	0.4416607330251180	0.0000982634129104	0.0020810030611754	0.1553707201201759	0.4135498290156051	0.0001337729413484	0.0020790125035931	0.2184776791912294	0.3656142425069353	0.0001790198211812	0.0020755888900790	
0.0843729444138498	0.1270858526352541	0.0000201174167312	0.0020832357142772	0.1385067204317124	0.0989486426214812	0.0001002801958871	0.0020809063690256	0.1938503340500698	0.0531519791321506	0.0001552397519928	0.0020775123945851	
-0.2847034730752051	-0.2618147688329581	-0.0020719893339324	0.0001601419580402	-0.2431388411272600	-0.2770446666095622	-0.0020563560284436	0.0003008458620826	-0.2025618623325329	-0.3194123796166901	-0.0020391597232545	0.0004016074580636	
0.3855222762555091	0.3405840304755099	-0.0017156202820731	-0.0011756656262730	0.4528605882781456	0.3074708843893305	0.0001983586735157	-0.0020738212646437	0.5221430411811230	0.2577899153735072	0.0000348559356119	-0.0020830402682751	
0.1503626620749342	0.1573107800968685	-0.0000152571474488	-0.0020832771855593	0.2067980787741005	0.1281217271219307	-0.0000078332631425	-0.0020833185331540	0.2643712662088787	0.0822209413424884	-0.0000582158846630	-0.0020825157194899	
-0.0363978495269122	-0.2782685440612830	-0.0020743381969397	0.0001259267037796	0.0052102770211138	-0.3061976286259236	-0.0020636988717266	0.0002451608892436	0.0467198761521507	-0.3615714925971960	-0.0020456337900601	0.0003670298800736	
0.2479350135527973	0.0770036589429839	-0.0002483069504729	-0.0020684082694343	0.3037965684709524	0.0428245630805833	-0.0002336038576026	-0.0020701289381612	0.3628048099629684	-0.0072499242496071	-0.0002993007178673	-0.0020616130562214	
-0.0387792960535492	0.0958249160474995	0.0000283230470878	0.0020831398337108	0.0128892682089562	0.0718670621412976	0.0001503936351580	0.0020778706166868	0.0660087682033184	0.0291906942524543	0.0002183653032070	0.0020718001006573	
0.3437357655573974	0.3147147066406998	-0.0009793775392164	-0.0018374698682583	0.4086294010625640	0.2821922266614619	-0.0002901672746644	-0.0020629249184165	0.4750405389367007	0.2332639948112260	-0.0002972738252349	-0.0020619077670082	
0.4043422306370688	0.3114417194635465	0.0003536344366917	0.0020529477330856	0.4725396127496388	0.2771183955009268	0.0000378215516510	0.0020829882733033	0.5421425067233339	0.2271257766271228	0.0002162228534361	0.0020720259172163	
0.0909980090830944	0.4479396934490613	0.0001044499123057	0.0020807002130269	0.1557774512455199	0.4197955863272644	0.0001638968134084	0.0020768440320873	0.2190774832855800	0.3718870022763269	0.0002069332134707	0.0020729790275188	
0.2823156444404979	0.4437825578178839	-0.0002159463547430	-0.0020720548964869	0.3511875276338181	0.4135441705597714	-0.0002873807375659	-0.0020633169012149	0.4183807379552444	0.3636004744638468	-0.0003286085087683	-0.0020571226587361	
0.3592662337669084	0.2217638016581056	-0.0008309500095896	0.0019095400373550	0.4269519634324803	0.1884439110115218	-0.0015245324894574	0.0014157835087201	0.4917923630475765	0.1387958288769174	-0.0013178413731797	0.0016108623495127	
0.1530011661598102	0.2718760976557615	-0.0001382080351462	-0.0020787209264617	0.2129427325733761	0.2427128847538355	-0.0001152789839157	-0.0020801254780341	0.2731391169933243	0.1958460919941300	-0.0001659838515050	-0.0020766774456884	
0.2598712259390595	0.2051972693527687	-0.0002676235999145	-0.0020659856792704	0.3198883650959590	0.1729429382878701	-0.0003774096604475	-0.0020486890065312	0.3817067910353202	0.1238788495604611	-0.0003997362158532	-0.0020444287201124	
0.5084666055779143	0.3103077286897352	-0.0007757945332014	-0.0019327202520377	0.5808042539619693	0.2739579554787457	-0.0002098428960492	-0.0020726850439316	0.6545882755460839	0.2229196352758173	-0.0003128130147280	-0.0020595960584806	
-0.3604010527825365	0.3033478799770427	0.0016683067912888	-0.0012422143916696	-0.2915773272604098	0.2856686381021163	0.0010267213026164	-0.0018113099604668	-0.2272220613481142	0.2470741115081429	0.0009910339345101	-0.0018311779374774	
-0.0411964207126427	0.0107607943018011	-0.0010404626235865	0.0018034122458070	0.0114331611208670	-0.0124971301311892	-0.0013785951902182	0.0015589222487069	0.0619337482416257	-0.0544848423256957	-0.0013006833735855	0.0016248172450023	
0.1108299814898187	0.0760589202762684	-0.0000937943833720	-0.0020812103088132	0.1633915401748046	0.0468498798089642	-0.0001671784018800	-0.0020765811426365	0.2179504265910557	0.0000296785647399	-0.0002221168865075	-0.0020713992562034	
0.4543947288682508	-0.0495672469032214	-0.0018607933079404	0.0009275729854191	0.5220844991092550	-0.0922596104015033	-0.0017471869263677	0.0011279774963140	0.5887257812504025	-0.1545643109081368	-0.0017214299818842	0.0011670995966832	
0.0019381218284901	0.0134373051180974	0.0001257183700147	0.0020795176231266	0.0525931982438543	-0.0139692674428855	-0.0011952606819316	0.0017042527718818	0.1032382203795356	-0.0569172445085669	-0.0009894328647964	0.0018320478646204	
0.5132254113322905	0.1333527158372412	-0.0006464536895650	-0.0019799705253543	0.5815140938248731	0.0927339079027100	-0.0002300155559168	-0.0020705327226017	0.6553634608390195	0.0375720680801010	-0.0005704576782249	-0.0020033039388549	
-0.3002943494988185	-0.2609740570262368	-0.0020756151996163	0.0001026231089946	-0.2587328432376340	-0.2751493889427535	-0.0020676805339880	0.0002087384788425	-0.2171715271597020	-0.3167430765681269	-0.0020514043234773	0.0003330922984422	
0.3605352763386835	0.2812486506116587	-0.0001120488082517	0.0020803028599706	0.4281756571906616	0.2468975787251574	-0.0005140387937798	0.0020185933382892	0.4947491902432219	0.1979388464768914	-0.0005265500839826	0.0020153497907404	
-0.0397734176201470	0.2010312304228361	-0.0000095408404569	0.0020833113772151	0.0158423840100410	0.1770820322065646	0.0000749548219255	0.0020819777679426	0.0719821129492757	0.1343636588142019	0.0001386645267544	0.0020786903731361	
-0.0369087908020725	0.4031267529983822	0.0000027774755811	0.0020833314726147	0.0258502632742404	0.3770901004139345	0.0001216657004425	0.0020797598731306	0.0877220168800817	0.3312122087224914	0.0001874985541424	0.0020748363963720	
-0.0379189340095882	0.3020830815852740	0.0000388336461814	0.0020829695571506	0.0212000115216493	0.2770722855101458	0.0001279784215104	0.0020793790675724	0.0802243772857444	0.2333209047663864	0.0001933185512120	0.0020742995496428	
0.2701979944028585	0.3083296405962719	-0.0003146499387028	-0.0020593148258957	0.3338811524963430	0.2770215796684120	-0.0004192852493944	-0.0020404895388277	0.3981306515538379	0.2280922930989424	-0.0004343357542093	-0.0020373231981227	
0.0030578482862320	0.4864594271383126	0.0000197801943146	0.0020832389596407	0.0689031332794366	0.4593601286462837	0.0001036111061102	0.0020807423610496	0.1328518649722947	0.4114686192679168	0.0001587818705424	0.0020772433365833	
0.1466411857846253	0.0291663939369139	-0.0000673076407011	-0.0020822403269974	0.1986966805468807	-0.0021328647114474	0.0001745437846521	-0.0020759719957031	0.2528367205059963	-0.0500774187567690	0.0001094812896654	-0.0020804402465136	
-0.3579002284358045	0.0539541793600948	0.0008591926203555	-0.0018969370430474	-0.3021487051443372	0.0396251436085013	0.0005754338556069	-0.0020018731142264	-0.2470479740228496	0.0052426886207987	0.0004495631013225	-0.0020340007368799	
0.4999084502037403	0.2700802657075088	0.0020269087115255	-0.0004597296825878	0.5736474511865166	0.2333956145723568	-0.0012047019349510	-0.0016975586650468	0.6472100131153662	0.1801209120003502	-0.0011669078652841	-0.0017238871573927	
0.4509349111867018	-0.1250452654176892	-0.0018661103400552	0.0009167749847765	0.5164992739038357	-0.1695971277085440	-0.0017961543478905	0.0010478341092747	0.5840069819262075	-0.2363516586129831	-0.0017560179238675	0.0011141102107043	
0.1521191609884960	0.1833176384899695	-0.0001156447404962	-0.0020801050741868	0.2089757962779880	0.1541546746562895	-0.0002710488982095	-0.0020655368493104	0.2671770495485716	0.1083183171583555	-0.0003102835841637	-0.0020599805566895	
-0.5531673095385506	0.1705969474724889	-0.0009534411638696	0.0018511285187661	-0.4845710288617807	0.1592704962659068	-0.0005415323553845	0.0020113558527848	-0.4175803128455985	0.1281541924306785	-0.0004460449198682	0.0020347790256953	
-0.3433054719155078	0.2332959971760786	0.0002528322489178	-0.0020678572512213	-0.2818864575541642	0.2156135575109427	0.0001553226882723	-0.0020775061645675	-0.2203211822770275	0.1781250634665584	0.0000708478133262	-0.0020821222914829	
0.0894985987042898	0.3166701949753868	0.0000232053985518	0.0020832034445626	0.1501795453821091	0.2895928052626588	0.0001070736657579	0.0020805661759181	0.2103084170064766	0.2426909958491907	0.0001598287196746	0.0020771626494787	
-0.4519953537765997	-0.2507185218696928	-0.0020752148291619	0.0001104612689577	-0.4062988801765482	-0.2575921782363366	-0.0020676981195450	0.0002085633370055	-0.3626739787290821	-0.2919734101966322	-0.0020556411739027	0.0003057162546799	
-0.0387853383598347	0.1135293996284816	-0.0000054089130295	0.0020833262766483	0.0137180455512531	0.0895814296839511	0.0000608117954642	0.0020824411611916	0.0673516510396741	0.0468825128162302	0.0001232122391832	0.0020796683679690	
-0.3478151563233322	0.2677478552074937	0.0002853384913314	-0.0020636017358024	-0.2849318931241531	0.2499813624110375	0.0001828765454280	-0.0020752509531938	-0.2218491374943852	0.2114810681843971	0.0001046027025647	-0.0020806924989967	
0.2675936513631481	0.2928840135250749	-0.0001923041970979	-0.0020743943062746	0.3318390381513139	0.2613587887185134	-0.0000175562481380	-0.0020832589884346	0.3959347558902353	0.2124871752494225	-0.0001313510531882	-0.0020791676953234	
0.0843416914285606	0.1239596347924613	0.0000242694701552	0.0020831912590732	0.1383423243371884	0.0958286115343065	0.0001041971698520	0.0020807129485984	0.1936172086580611	0.0499788597758967	0.0001614622282732	0.0020770356793819	
0.2277628596558564	0.2853847699555415	-0.0003625069054614	-0.0020513918795948	0.2888085765080732	0.2552114356663585	-0.0008042430642617	-0.0019209978642074	0.3505297755181382	0.2082998662215088	-0.0006911533663851	-0.0019647374764716	
0.1467714900496959	0.0333458886243858	-0.0000560252908185	-0.0020825761044396	0.1986821779170007	0.0031133725880230	-0.0001252479321887	-0.0020795461524077	0.2529911010228212	-0.0448265906046499	-0.0001918502629293	-0.0020744365480135	
0.2749914257370465	0.1470776102285062	0.0007007962421272	0.0019613015470504	0.3325846173290096	0.1145535609861970	0.0005306542455536	0.0020142676385848	0.3936816355304513	0.0656752218633697	0.0005927950585920	0.0019967755432426	
0.0011820886388454	0.1260458917029725	0.0000319819486134	0.0020830866069664	0.0541767103211028	0.1010409931992691	0.0001086776776631	0.0020804825911672	0.1084377081845880	0.0572789347012014	0.0001652087719543	0.0020767395597832	
0.0874140005238724	0.2614538860797183	0.0000981573627697	0.0020810080911315	0.1460340022763221	0.2344087246416581	0.0001618570483963	0.0020770047957109	0.2048542274580578	0.1885273222738355	0.0002051735762081	0.0020731548030286	
0.0858374289870314	0.1947829952662151	0.0000162797810242	0.0020832694064126	0.1422814665357008	0.1666683062601018	0.0001018511952830	0.0020808296851573	0.1994564631752468	0.1218772537796672	0.0001535369030372	0.0020776395697872	
-0.5490813965340282	0.1593068245503694	-0.0002987539419796	0.0020616927589976	-0.4839751347790979	0.1489218716412358	0.0003262294728526	0.0020575031750437	-0.4176654222238075	0.1166566199822075	0.0005031431756933	0.0020213503840374	
0.1523287041203558	0.1948058774041723	0.0000384185134270	-0.0020829772937956	0.2100827514907566	0.1656070923997164	-0.0001165927941119	-0.0020800518848767	0.2685066359345468	0.1197408361448184	-0.0001652715260556	-0.0020767345416181	
-0.0395141221967620	0.1770827327910495	-0.0000505312997169	0.0020827173554053	0.0152497418963448	0.1520886738063378	0.0000068971408149	0.0020833218592134	0.0707116729054078	0.1104142912934754	0.0000690460419097	0.0020821831224220	
0.4437251048326267	0.2999053456126325	0.0019940661103326	0.0005865763166597	0.5134336001818054	0.2644963633180681	-0.0003106504392571	0.0020599249891057	0.5845385562418717	0.2127867108774137	-0.0002855691150787	0.0020635696741346	
0.1483325794162553	0.0780996587965741	-0.0000173765880568	-0.0020832605022774	0.2017952979425311	0.0479306054948488	-0.0001359596549350	-0.0020788699356471	0.2572923973955451	0.0010242837675064	-0.0001874471198065	-0.0020748410670068	
0.0836017190088232	0.0843651164206196	0.0000635601346218	0.0020823586776446	0.1361478486799409	0.0562488398567212	0.0001245394151452	0.0020795889172107	0.1904038042134296	0.0104009515271626	0.0001711250299496	0.0020762580282806	
0.3621653465913666	0.2172816306181010	-0.0014850900440015	0.0014573071373131	0.4305290275678360	0.1858391833565339	-0.0017910455825913	0.0010565861197445	0.4957541972140513	0.1355570245288013	-0.0017686803826387	0.0010937946694549	
0.0857749801036667	0.1885355668112868	0.0000289196347582	0.0020831315958311	0.1419130598298755	0.1604332891223246	0.0001340504035783	0.0020789945423727	0.1989722680685017	0.1155926569601614	0.0001854821516814	0.0020750185338979	
0.2819843423059447	0.4405841220549340	-0.0002132097781649	-0.0020723396903283	0.3507560983191229	0.4104797797943792	-0.0002876057731997	-0.0020632853885525	0.4178576027616387	0.3603922247113487	-0.0003275566629880	-0.0020572912464911	
0.2490516711895515	0.0875247133533740	-0.0002165441138958	-0.0020719921994732	0.3053611675236546	0.0541615405786563	-0.0002901230500806	-0.0020629311696219	0.3647038863033905	0.0041665655669679	-0.0003296632372276	-0.0020569530522868	
0.0017452331327139	0.1916634663600041	0.0000287147023583	0.0020831344449704	0.0571580510702184	0.1666664478147964	0.0001008381885996	0.0020808792690217	0.1132341640089332	0.1229179299604086	0.0001535644306640	0.0020776375251360	
0.0010343894535596	0.0343740044501502	-0.0000944384696034	0.0020811810359439	0.0512209270768971	0.0084047333609676	-0.0000733346460120	0.0020820357547382	0.1029060367176791	-0.0354085929364340	-0.0000254857595347	0.0020831766612939	
0.3989161142747113	0.2721344138383828	0.0019377649448114	-0.0007526929408465	0.4687271438946792	0.2384210495961127	-0.0011207626325313	0.0017543889261582	0.5374894126002032	0.1871739664943878	-0.0010518009355123	0.0017967899792438	
0.0583311050749840	-0.2850787399840517	-0.0020672264311369	0.0002132107541652	0.1020029990103712	-0.3183771629346410	-0.0020452093650978	0.0003693993515835	0.1453654347711452	-0.3793838978486504	-0.0020439781260801	0.0003761859293529	
-0.3453124038015541	0.2489198898400228	0.0002751637557984	-0.0020649899846224	-0.2832274343567066	0.2312801007250133	0.0001920299780967	-0.0020744198363050	-0.2209303655542268	0.1927167534053332	0.0001001998224977	-0.0020809102600970	
0.3602307261549029	0.2864244502965447	-0.0001191814628041	0.0020799044321362	0.4271435100561802	0.2531266323274388	-0.0000300312721887	0.0020831157878153	0.4942482064529912	0.2031244446581712	0.0000335318109609	0.0020830621129703	
0.0022144671410258	0.0084765503796972	-0.0006350092783328	0.0019836890608312	0.0550975941620767	-0.0166336415738286	-0.0016165366437574	0.0013092000500773	0.1056479417368890	-0.0597489102737742	-0.0015010385413987	0.0014407919383174	
0.2866450920163888	0.4854285662100912	-0.0001832956692058	-0.0020752137911390	0.3569889261645547	0.4552700049808863	-0.0002877044826140	-0.0020632715579337	0.4250438867629578	0.4051978904711630	-0.0003344174166780	-0.0020561816299122	
0.2777371154994330	0.1885083551905378	0.0003119572649563	0.0020597264982783	0.3376592815569219	0.1562541236448833	0.0002580308255309	0.0020672117828598	0.3994423744989679	0.1061902140311522	0.0002782418120377	0.0020645754273982	
0.1112401605743896	0.0864561603448939	-0.0000801483666095	-0.0020817833360261	0.1642357750433594	0.0572869741397958	-0.0001592191838048	-0.0020772096950240	0.2190895224063992	0.0104317273346018	-0.0002156595503271	-0.0020720849162717	
-0.0397751359904026	0.2176934398640545	0.0000145758222904	0.0020832820883360	0.0163905372106182	0.1927051991765760	0.0000679013438461	0.0020822209545346	0.0729732371258176	0.1499954775507815	0.0001286534525007	0.0020793372032778	
-0.0374557526716884	0.3302083017026690	0.0000290220815776	0.0020831301639332	0.0227173223200803	0.3052126481697054	0.0001051409322335	0.0020806652349615	0.0825252951425290	0.2603915504673338	0.0001597486274467	0.0020771688415218	
-0.5501995223352579	0.1637196054416145	-0.0006489786853278	0.0019791402034127	-0.4837033119138359	0.1531364633815935	-0.0000504903795368	0.0020827183527849	-0.4169920464786446	0.1208555794201486	0.0001428014355772	0.0020784088719675	
0.0007589377097842	0.1020764362609672	0.0000251019440345	0.0020831813448923	0.0530055350263847	0.0760417060823950	0.0000859523906225	0.0020815506189096	0.1065702414176172	0.0333466684190454	0.0001531149430571	0.0020776708653045	
-0.3448880728769159	0.2458425891544767	0.0002736550048151	-0.0020651914712116	-0.2829251099493442	0.2281065683616338	0.0001855347456284	-0.0020750138084091	-0.2208360411487669	0.1906340760155610	0.0000962387056588	-0.0020810981528947	
-0.0372986863988687	0.4687489318648222	0.0000099123942930	0.0020833096338099	0.0277821873707990	0.4416795200925682	0.0000901361105447	0.0020813727647837	0.0914843799581025	0.3947881800745129	0.0001514653019506	0.0020777923832781	
0.3633021863315813	0.2162837018489518	-0.0016382980404534	0.0012817255677209	0.4325052743926383	0.1847045008672464	-0.0018214309158174	0.0010030246301616	0.4969873531494942	0.1347632967594573	-0.0018018050435297	0.0010380383254873	
0.2819323215819335	0.2114276813707557	0.0001463770823868	0.0020781588636012	0.3427354506535567	0.1792035817741721	0.0004295107485138	0.0020383509865273	0.4051751033376414	0.1302248894401379	0.0004772387348245	0.0020276540040724	
0.0010842174627420	0.0333433253062078	-0.0001028691987653	0.0020807793562089	0.0512691224508746	0.0073790619236877	-0.0000813596807673	0.0020817361124224	0.1029225523838408	-0.0364460044928734	-0.0000340523052898	0.0020830536270671	
-0.0371896729463440	0.3583376999797361	0.0000111558027944	0.0020833033151234	0.0239941982391360	0.3333310275072101	0.0000913244018023	0.0020813207053589	0.0846490932397753	0.2885142521598829	0.0001545063433448	0.0020775673412412	
0.0902302088110608	0.3833306135376164	-0.0000237177599628	0.0020831976453192	0.1533612133450413	0.3552133473982690	0.0000577179987087	0.0020825296475068	0.2151038074734977	0.3083327431046658	0.0001098096131147	0.0020804228561824	
0.0860285099664642	0.2052081898508299	0.0000642213184451	0.0020823382896083	0.1427781384983414	0.1770748924204776	0.0001036876095626	0.0020807385310520	0.2001620139119954	0.1323083234997827	0.0001520264482262	0.0020777511959237	
-0.3637858334666834	0.0739315319994773	0.0002638185098050	-0.0020664774703902	-0.3087523545171028	0.0593111030788022	0.0003239576700601	-0.0020578638941870	-0.2528268273190500	0.0248716947097309	0.0002686905314151	-0.0020658464976568	
0.0843654497747677	0.1260438189133086	0.0000212627704773	0.0020832242819765	0.1384496695992127	0.0979085079401468	0.0001019264066952	0.0020808259839551	0.1937715621406754	0.0520534310223618	0.0001578659521295	0.0020773134946082	
-0.0368934483881368	0.4062572332606280	-0.0000238562961899	0.0020831960555211	0.0260326699554209	0.3802057275907568	0.0001076376992544	0.0020805369262990	0.0879888126070680	0.3344016036808602	0.0001737638387598	0.0020760377520766	
-0.3548081365330260	0.0457638695708943	0.0005121407482902	-0.0020190781440270	-0.3009390981134447	0.0312209116018566	0.0000217013276967	-0.0020832197369631	-0.2463075659050973	-0.0031187353546018	-0.0000686808506274	-0.0020821952607181	
