0.078119587200595                   0
  -0.048166198651234                   0
   0.252898117476455                   0
   0.005811820179986                   0
   0.131925393467429                   0
   0.052950456043029                   0
   0.145162937760456                   0
   0.271757193880159                   0
  -0.234700901167182                   0
  -0.317902581407551                   0
   0.031814305222012                   0
   0.293681072069823                   0
  -0.136178441914380                   0
  -0.205605944279860                   0
   0.107511122940080                   0
  -0.121683026374910                   0
   0.005747392674480                   0
  -0.073486405965930                   0
  -0.140763724282400                   0
   0.354078804155500                   0
  -0.069491355286400                   0
  -0.013088493908950                   0
  -0.354776419124450                   0
  -0.249556598443750                   0
  -0.358539094234920                   0
  -0.021441434257640                   0
   0.143043975966640                   0
   0.477771519273960                   0
  -0.530530090859670                   0
   0.175512708996220                   0
   0.284927591781454                   0
   0.152332118590091                   0
   0.212316481829511                   0
  -0.296009242210205                   0
  -0.636370414811275                   0