0.24850031230242164    0.8670899422711302
0.6212588368889784    0.44003283623924605
0.1031222334004609    0.3434569507564751
0.7785135569726667    0.0091693105798909
0.38757218703030927    0.9185554374951614
0.7275876061955431    0.49394010970811575
0.7230009833335842    0.8943962645066046
0.9511539205079655    0.14095181204885088
0.05182180614944487    0.20206213527507177
0.8749520154374477    0.8015719758415754
0.0016140261774251208    0.17754683304598617
0.9038274539772946    0.26832170733130667
0.9811003306963928    0.6385183758095896
0.8032525103690136    0.9394952044672249
0.322951915669375    0.2454207170882441
0.25005230638966247    0.6049198948830021
0.8188289182199477    0.02282144811354292
0.009074351503339795    0.2511800902104151
0.30981191750139403    0.3997470092557145
0.593509207528288    0.2038158175230007
0.9743997628019103    0.9495782546991267
0.4015838814306163    0.8668535713283361
0.19059506647269764    0.6590767490275284
0.38726973988767677    0.7479756421708816
0.6113186459192306    0.3590570726838209
0.38284469964260004    0.14092359295308343
0.663371464067043    0.6700843667428362
0.6721181926483726    0.991901473808356
0.9260560951370354    0.13778470821027766
0.014937598309322953    0.5529471008888336
0.7303579446358426    0.3656579254329828
0.25282188398947647    0.029274893605007346
0.19862058447678188    0.25115682227120395
0.2365257340004161    0.7007389355228721
0.11844710299639294    0.19022742302634832
0.05199342045259003    0.8275137991720896
0.8679570471681795    0.258015782808932
0.007711360185077121    0.19865048943270747
0.6694083104472939    0.8714803516426983
0.9108170375001121    0.545039971563857
0.36583751772769646    0.47781016363098194
0.7954964617606299    0.020389924876402565
0.844884139949756    0.8951909492268042
0.30189712641365096    0.9764513692406003
0.7575556730328661    0.4037812493637194
0.36866774862179463    0.6429027634822992
0.8109080257496097    0.4298044123659057
0.1351877746391923    0.7722658139568781
0.02645780958020061    0.24603317313324835
0.7391431691718691    0.3407906499050697
0.4627096977071683    0.1217950626995341
0.365810774477898    0.26652308365759736
0.2937678279565581    0.08177355071259562
0.2026988873164477    0.3727440961156636
0.030138677871203834    0.7604613693781705
0.7403163976949467    0.008272933910207891
0.8151523537551058    0.7931575871611676
0.8875032199223585    0.718666002010639
0.4292065735407613    0.6108127181766401
0.30362913213516896    0.9709743852575496
0.9126039413696745    0.42398378886325006
0.8655979243815968    0.5400519092652933
0.9445613845632563    0.1650529938784291
0.5740919607401465    0.8444618756142583
0.564152707438941    0.9645843493210617
0.3903939520328339    0.24784005153717947
0.5973815454377953    0.6521371558669935
0.9898344121659215    0.1973790797823105
0.13273842686791482    0.11345468412894344
0.09154117733445588    0.33147048687362557
0.5362610022609906    0.08782238128908437
0.8309238521928988    0.7313923492129104
0.19395741890953744    0.8487361747676163
0.7750280029661407    0.5136421077313347
0.883021071619555    0.15858294943480455
0.7909077149363708    0.5778069467339781
0.6646740296414502    0.1813854627006366
0.021342282255824685    0.04084021952554018
0.4698216703419431    0.2805927427779269
0.3756545159037683    0.14988811442768224
0.03396551405927095    0.36962075892965984
0.48700970475708916    0.30063264148205615
0.21303707416179507    0.6858784174898254
0.8773377704535301    0.5775507271419533
0.4062290473137633    0.7841275812408659
0.786855490646126    0.6677329042728757
0.1482728040375394    0.844984730852576
0.38618927685397764    0.3516726400735477
0.3365782783658988    0.6319807937625905
0.2615646957284239    0.7999057857907668
0.10747100870543203    0.8277433460686086
0.6037428212791187    0.9021142333472028
0.14340002041103572    0.655698699906506
0.6286378846055021    0.9858839259900185
0.2699582664244551    0.732594275741365
0.7909868721027604    0.47422759848820784
0.047921533364327695    0.37007759872636004
0.7587923119718998    0.07161572825327611
0.34358644320179277    0.24432453689250822
0.5829339534938243    0.6974719402965048
0.05256100773647332    0.8834139628611237
0.9502443246662626    0.7831804129875306
0.8005969818756984    0.7606372709275486
0.7355132564747158    0.353561677438619
0.538625282208302    0.9254748922718408
0.5854638524767324    0.03676126914182021
0.6869813234750506    0.8918608573364448
0.055277651695382346    0.02886531764249689
0.4724274208318233    0.9366510634446956
0.7025449807085187    0.20542554824357384
0.5806850012932849    0.8685185522206713
0.1643018567622183    0.4067529252866333
0.5223633220847952    0.256889591323316
0.41453086936383743    0.6750718196922723
0.7400151418241876    0.04984932150918797
0.352360879888848    0.1126175812728909
0.19973832346338471    0.7761927256728713
0.5322323163727773    0.3117293100102505
0.9788333976543759    0.374632829086738
0.10567491021940878    0.3435492023687443
0.4457996830845645    0.3383877738614256
0.5044767224861724    0.7586970070189241
0.414405141859826    0.18676015870183704
0.3976990047026634    0.5330813429046382
0.9524547532781089    0.7765658393181425
0.8990667117924467    0.919212647732151
0.18581331671026113    0.38160081860605666
0.38939130459137994    0.21575848221559135
0.07415701918723494    0.3146586018899762
0.33743651655102047    0.7778611014066279
0.959416076618552    0.8872030017227654
0.7569035275739495    0.5115120384224567
0.26844085618292235    0.16336298452085463
0.10363177168162929    0.05340467433855234
0.33998827778933793    0.6999171671513984
0.7568816002843184    0.15713375900840543
0.869107658990669    0.45664167713865744
0.20299208506798894    0.7352096888914941
0.8402276334448915    0.09350845212481218
0.3584190422369231    0.8843845809629816
0.6524628857754162    0.9891486670389711
0.13865333241970612    0.8428968483280379
0.7137659250402866    0.6897733298360007
0.31504480705912385    0.324049262947826
0.4448848133371086    0.9780650448907371
0.4666239002122543    0.4219887014468924
0.4513604552127992    0.7826968524320002
0.47128434859071455    0.563690268715415
0.6571665010447083    0.1442271604089871
0.5257111440068449    0.4281427932178472
0.26742775541245845    0.6797115309309842
0.749299985648263    0.5127121128296228
0.29387474160574345    0.05447206205008959
0.6604455229262713    0.09175023485997968
0.45085188932737674    0.25224377296829203
0.12228656918690928    0.9660951360930738
0.0912596828970158    0.3691604211686217
0.6904030322096477    0.8075906127540544
0.6838499933769131    0.7481873312159903
0.9397339189725318    0.0029122025494774384
0.8255055205529107    0.6258701338388868
0.430686900595858    0.16503998494226968
0.7897249956225119    0.7668666142655818
0.5676336124702053    0.6847556224974087
0.5287013376817451    0.20226441739821555
0.8331420800440335    0.5345067755769499
0.31362365711763496    0.8748453516625538
0.3652843175574789    0.7441330375596478
0.7929775836983131    0.29081379005035024
0.3205566130626092    0.4287781900816794
0.8968103273869936    0.5369094627426578
0.1734843762972167    0.1021051501409016
0.4522052228504103    0.8307089892584898
0.7022873852670455    0.6985639067414573
0.8783726406145085    0.2821368803565283
0.006682456756088362    0.1844352879234945
0.6585378836575051    0.02196275548281501
0.30545970387557086    0.024856020727825
0.6482130709061815    0.8451359505180283
0.33902392632901535    0.03064747641566945
0.5115668333485126    0.9539891391529864
0.881164463940717    0.6109856142067303
0.3993517919827332    0.13767723051905678
0.4072348414724709    0.46590877301623523
0.28465534189826225    0.619036635587974
0.796555735980286    0.2203283279463195
0.8200574528278828    0.4620022425818018
0.05264473828877758    0.10663730730294718
0.37025416869102434    0.5698356342781716
0.7800072045348443    0.09838849810011108
0.1792678589728287    0.49562377687361714
0.8162602032974111    0.45681055273271953
0.8815255148334009    0.9263478224990134
0.3806764863367116    0.8616933281730788
0.3394520739653597    0.40128060091395534
0.21253211169829567    0.25147514260651427
0.812929017553599    0.771319594875427
0.4707915801082816    0.32304716583500137
0.13096299220901142    0.20988703587939606
0.01275669814805247    0.6749978509181291
0.9712880087329474    0.4454741550367103
0.5429842002153245    0.6038232520213875
0.2161525568212188    0.40690767332285716
0.3686596415144874    0.8771155207677137
0.767783765219824    0.04770854735646246
0.5762659743341387    0.5798468772208052
0.8333824279142175    0.4248424556326338
0.7734458946292118    0.981193052386421
0.6014818995250524    0.5183500378052617
0.6455745411288727    0.753553113557011
0.9572528007365266    0.7766530059542751
0.3198807318038712    0.981363698190842
0.8859732120173791    0.2970191375286677
0.0025878283001261604    0.1278249957692914
0.9190889334709749    0.7026787730218818
0.6153886623086595    0.9015930062404875
0.3411962810387914    0.8554800721983318
0.7486858579002085    0.49249864489567874
0.04744082874161415    0.48994659998349555
0.1704823025313984    0.3347553682612179
0.3266341792689178    0.2152507749978354
0.29305268981518284    0.10439346949510875
0.43281723873027533    0.27632071568669003
0.9653332493259039    0.38419881050002047
0.2378418329121672    0.4479970606296473
0.6576818920182004    0.12970014010465158
0.48274396067317316    0.9560493057962023
0.6738223318931573    0.011533839827718717
0.5135188820494878    0.7758180177491996
0.18524456169800407    0.5901716637110455
0.6541840085653243    0.041109171622660146
0.6611599752578299    0.6485794605586248
0.06722043315663262    0.31358304267436643
0.019477961724661652    0.7493701592677717
0.5055623527704853    0.5727170487800182
0.7918195551328273    0.11373179127292721
0.6094997743280792    0.5608841598961796
0.5030608637452494    0.04082688717562366
0.14637795496307437    0.6412559321373263
0.9038553978415953    0.7600335969072252
0.6787832725264964    0.7001404893716889
0.8244934653344611    0.4479938736629161
0.857230425942801    0.21316825669183448
0.26748093581560806    0.262098861962599
0.16023816416212422    0.3111903561414644
0.8283224445803465    0.9839120196528925
0.7169020110555449    0.06782653184156984
0.3773236346568063    0.4811521773388059
0.08935682566570602    0.1745992057307595
0.8945750385482836    0.29668003769039397
0.719478512814512    0.6160796665427899
0.3784618380968541    0.9209942933853177
0.7595352943171019    0.34569272319507216
0.030702064481188396    0.693899079548413
0.5251648370083415    0.55852225068529
0.6343546206779396    0.700228754575688
0.9281943885493966    0.9774781164214066
0.2837603058234408    0.23336240585715418
0.9701550079655197    0.04804112427542773
0.9059285225145179    0.5107064199027924
0.13446981426641091    0.8742658750868277
0.3676644749811433    0.7095770760066271
0.9903979828035752    0.9954332529909895
0.0008134785850586468    0.903165928158405
0.861481320533827    0.6582922988687983
0.809792039296714    0.02991412218797307
0.11927702919693339    0.4066056038712822
0.29801349593936055    0.46712793775156203
0.15179188128393073    0.18449247265795066
0.7335612091824921    0.23372510374060074
0.379650671125046    0.9627088608754528
0.010634151755034793    0.29740005245674594
0.5982542132026332    0.9975573707956318
0.466743929759758    0.03706714136670142
0.6329632090092412    0.25358697837710986
0.335896778549599    0.5253686663700272
0.9862786514327571    0.2313067412983567
0.06122775289832205    0.7794821287717537
0.7576069799429981    0.31439425415719535
0.34002947226805835    0.6677166397406147
0.038988339787901616    0.022499850273542954
0.12977482169112053    0.16362925434090103
0.8889366419675617    0.3291572052701275
0.9364251300397066    0.1379996868784905
0.18651083991033746    0.8472055062516743
0.6085609436288715    0.4594657699119493
0.012954214465241032    0.9964666762050112
0.7534372473666682    0.2819110205044586
0.8676404014926726    0.21720066647332548
0.42947539627617437    0.47934259161916204
0.11128917762308133    0.6630843539325262
0.5868101107049948    0.4511475284209021
0.6601476352897591    0.19300607477296383
0.5671384463011151    0.9253974956410691
0.6830464267613365    0.5804572290996108
0.4748899718455448    0.4921754766608555
0.7621717912739561    0.7708347061146055
0.3923590446887657    0.2320449781511431
0.9739325479400356    0.40112015934291967
0.3290625865326007    0.8600915453092652
0.8474888929833173    0.0055840468673113985
0.35923727155533003    0.8532119326918923
0.7027096842818654    0.7500179405202294
0.7893474890504475    0.05939395283811977
0.8334734471878353    0.7654680160302925
0.7200562179877956    0.4371641018703116
0.6449254023819482    0.7458516173770324
0.02834291461378946    0.6886154347025446
0.978516611761963    0.5533853565181694
0.30250672651087873    0.30363166251311746
0.7531905143452413    0.5049380494206714
0.553035839981824    0.8589760985720292
0.4785876141499148    0.33846595252922684
0.36669412628421405    0.2427073728449416
0.0431797807796126    0.20765268898232292
0.12670447732429224    0.35677741202203883
0.21595867097604415    0.42152987800694874
0.9938739591765207    0.13731061606377803
0.026483836964323215    0.12252074481110586
0.7566118629963232    0.7869474043506135
0.04903988335126308    0.12263686887598202
0.654621666826505    0.8818112441240691
0.6964103219496462    0.8795539707427564
0.880585158676624    0.4557480198219632
0.9994265368351665    0.6353549152788773
0.9343153399865018    0.893414277139025
0.4619086730198243    0.21738288045125076
0.24842914072158373    0.9037500207973026
0.8552050429271312    0.8851276385731848
0.44933155681662695    0.6273212418292877
0.22610231554900762    0.17133662331423327
0.03732142005198846    0.22642589382769573
0.5163797721552155    0.6714476566159546
0.6977426412891734    0.14303724344312174
0.8079550878641137    0.1362137494715414
0.24280004910825803    0.6120917735903082
0.3223757440350523    0.21305209723105456
0.43336272303224743    0.015803623730263006
0.8789783018959876    0.2684918701741179
0.3030633725280971    0.865282736366745
0.09391871814205821    0.9552158602327356
0.6140593080161696    0.9284763337603863
0.19482713454898382    0.716483187494682
0.9533104599243842    0.5466340779333181
0.3548395603637424    0.16796619929335543
0.7806637426939613    0.0741221202072817
0.1419393981833934    0.8096616464248314
0.0334927033646244    0.42625102040941476
0.176021007668834    0.47890669967843613
0.8512182027855333    0.8549411191365777
0.5367448970899595    0.35557956207977703
0.6982257139976589    0.23784623022133067
0.7453074130345729    0.9472231808047071
0.9247334740627908    0.05472262794574445
0.47887440416046734    0.23914036260689953
0.6768105092210863    0.29528842972876235
0.9432907846632179    0.5637625402228337
0.15239200921553753    0.12443197155225172
0.6875734852123252    0.21241016381303024
0.5356252380100894    0.07002651833699125
0.38325615752892817    0.29689693951800056
0.10939713253528116    0.4591551921419632
0.49017683504833776    0.7528758433346308
0.047565046602789485    0.4618525757948144
0.1443517042169482    0.42710282813366507
0.1423245286351995    0.08004829676436298
0.9624866115979342    0.8062210104867358
0.8519843927468611    0.8158815735218745
0.8405990572554776    0.16043321606557193
0.06633437137782683    0.8461170536829075
0.8040433882629114    0.7286801221744541
0.7415156924284612    0.892007099967383
0.294940231946776    0.9574497858806097
0.004442361601223688    0.7315210186360428
0.8892950315114347    0.17206118849782115
0.055224753861035536    0.6755543515252338
0.6105643767543478    0.9278917752786575
0.7937194073508929    0.8957931194606612
0.9776465777958618    0.7428402631033366
0.8309502303536074    0.5981995338416783
0.047358557758409914    0.10404747516484125
0.9169721728387266    0.27581212689139134
0.6609898901671605    0.274181466090502
0.515234859549293    0.15261799693864186
0.2927020092240922    0.35854652685274613
0.6784478660384041    0.9931225999957112
0.9912706462137149    0.8886365074303662
0.8331578227428467    0.6144577529344841
0.05810316724917053    0.7850803156862074
0.9293949792956915    0.871962795542764
0.6631570150253283    0.9056411772475457
0.783127994332619    0.6023091741706101
0.8392612052248172    0.6157709537086853
0.3569275888532697    0.9586361670461583
0.9518362181973357    0.81336454479801
0.48742387359848416    0.544451239648372
0.5560050194175523    0.6508330155660826
0.8379076450449667    0.8769310143923723
0.4014058016556572    0.6241164702518505
0.8227619404761086    0.6371952070526667
0.2026549155546704    0.803140906300831
0.8500180597631686    0.4093038366580164
0.2795872220333979    0.7326704898226621
0.22656676562029565    0.5069097670994924
0.09533127114454332    0.28018781606034326
0.0748554918855997    0.7697337786410128
0.6741260170003909    0.9787085958571318
0.7806519157075804    0.04635086094025187
0.6270740212367478    0.5356621277652582
0.5182494682041601    0.6147664501116452
0.04954400633658085    0.04239051338770161
0.4117492835272223    0.8507076912580354
0.29929019983198013    0.8607819586315593
0.6070102638460873    0.9612495357726767
0.002172438572376034    0.565793232299654
0.2992067981267841    0.2675351846231109
0.97197678989557    0.4810978036576534
0.5837767682508459    0.3997322614887302
0.7545227181989325    0.9671488835709807
0.5286835635397362    0.4272256387967417
0.4566738185816217    0.5786578517377101
0.4297227709808451    0.8613988193352753
0.30454511478555646    0.45949384666912585
0.9745393132670004    0.695087807162293
0.24417567155846642    0.4546101456490097
0.690299236057685    0.07842422707986851
0.7520826172893815    0.30597850829292894
0.22366593531372114    0.17042085848512722
0.968531747445921    0.037780881687143664
0.5803524818011669    0.11064111995971104
0.011637378087459904    0.641281710798594
0.8425383985590711    0.17734164160684962
0.3153321888650995    0.9147118498862628
0.5509605396808346    0.9689657342295084
0.9029273890750362    0.8830237942918888
0.10309676636443554    0.2602470537948678
0.6684717692083393    0.48662707859958587
0.12516108228980505    0.7571166149521886
0.1133340779991181    0.08759725638171867
0.3562882035563142    0.2684381594775629
0.8173481636265143    0.49803579917840324
0.029528826233215177    0.3526261275461051
0.8307042479836004    0.9052620833880409
0.40507461386714083    0.4290277777237055
0.2001807401522846    0.9551817532282354
0.9175870779357664    0.7177417588132942
0.6246331182871279    0.5623959306415529
0.81287942011092    0.9857235193337397
0.6821262215003565    0.7358977291921465
0.04204262449233287    0.9848972014195856
0.5807833554697137    0.7274092107950114
0.3155920123127336    0.0863434931860132
0.4466484406593265    0.42681895698245786
0.9501227508366863    0.5448117818419691
0.13043867885250449    0.37144190000857624
0.5587968580835769    0.14084715981618245
0.2557974486581034    0.9897923636360162
0.18069321451043718    0.25915487509408375
0.559468876993668    0.6281219638865077
0.6538693267036464    0.9934334061083545
0.5018307178495778    0.03463932652588331
0.18117305070029288    0.04769040580298323
0.7220734224235237    0.5257489684312397
0.20912104001194431    0.4102274133191657
0.2782982444647699    0.2718873374621411
0.2915054793072931    0.37465661472562384
0.17353452353719656    0.7235626647856821
0.7269951063443765    0.7622395015179251
0.014797493799321382    0.280194294182909
0.27788579935968394    0.716695855630916
0.5553664397269673    0.02792855568490049
0.038814691318927785    0.3067783851581469
0.3440341764390644    0.4337133132161204
0.862124898274953    0.3007772627205436
0.066441620047476    0.9973816457589089
0.6875657155863029    0.796106979403068
0.749260416079496    0.7502354613263604
0.5550385530137696    0.5352924495947788
0.9947011437055444    0.22739136002285032
0.7973787883996695    0.262349765727083
0.5394871547972013    0.26410467029818996
0.8276204669743823    0.9678571613784042
0.6925912953743099    0.7213362622722792
0.4401769651294982    0.45738407344144894
0.5721589671193614    0.043319462809995324
0.42091228659434976    0.7033886961089999
0.05554637770353432    0.371007475114117
0.19269673794303444    0.9294561777407695
0.5825784797801641    0.4129247213341638
0.5661800015965559    0.39795158668371733
0.4528765498092626    0.9195048667667489
0.21991863870632944    0.9259270194384546
0.33204920589593256    0.979834672383884
0.07407534549905614    0.9870686742699228
0.7969561378096008    0.17317375047192995
0.954393928192999    0.22937520797909694
0.21473004437532706    0.6920009361060082
0.9531950999919618    0.24938873024250996
0.923394617275527    0.8283152740375561
0.5037107303612725    0.7261470583318546
0.2613405564552522    0.3256758775760249
0.8163132488275286    0.7923557819225178
0.45053142227417164    0.7844409333190634
0.651202123681724    0.6934450918621884
0.17407928188471056    0.1760150549092978
0.36159702968223373    0.5807102381854914
0.5862999588674633    0.09680376707974014
0.6610982243685299    0.8948758438737139
0.6985935218984651    0.4374878187953841
0.3883752857737821    0.7754789950612717
0.8413761445591925    0.7075321620923383
0.06608271423023804    0.2117492253516542
0.8976366353983338    0.8313635143838103
0.9931042355138406    0.766741514266468
0.14764741000552006    0.4205818649338944
0.7162479925187757    0.2932716848375434
0.4931366044215144    0.7357662750435863
0.5937834312000212    0.25665916290672386
0.4019910566890348    0.8597286497673788
0.2886334781907782    0.9940767121770877
0.4006542362636598    0.028091958951968143
0.6044105500093371    0.05577795180375644
0.6897143697327943    0.3244035176982809
0.9860460964552304    0.18530178661017804
0.15541679778648532    0.0012379661293724364
0.08693312207534687    0.22459954607202381
0.7128291359690337    0.16772503122855253
0.8454978336889087    0.0773477338494184
0.5041559606097985    0.3754966108724609
0.1173828090267468    0.21614031309928516
0.3892643054185667    0.14821524230674976
0.2676763410419627    0.04952084275457369
0.7709652639662297    0.03802426970075956
0.4974596271385596    0.45225034162099775
0.5306367922787163    0.14689946940720144
0.9969706362149691    0.2739585246043019
0.07823031535009961    0.8805707992169289
0.742420767553706    0.26106262481693676
0.6961242458297154    0.957765744577606
0.8833119535525009    0.8231563897649083
0.8631000180185611    0.904747792102435
0.3606736610545238    0.5828913551488091
0.789592103702144    0.8501521871855084
0.5387225166569121    0.16745508030958423
0.1803804016695456    0.8354643078826705
0.28260789660044683    0.02020668683913196
0.7526095878511885    0.7975245115949974
0.9529083465339696    0.9887737180821294
0.1296062454809861    0.708671541074686
0.6205984424419788    0.011579524507307593
0.7210141276593649    0.5934647863066289
0.5489215488486769    0.5190340199211418
0.739526772764826    0.5366930588499155
0.7534541509195658    0.5566011532558461
0.6583443669143965    0.7254254880715139
0.16960225981654853    0.8933868353849468
0.9284457171805407    0.44484132639788765
0.711335374053069    0.5436056657612709
0.31824585125285565    0.8800590732235745
0.6247834389643565    0.5664188712017861
0.3780268758145606    0.4434030143891048
0.9448471091502801    0.7058928986503192
0.050192636818900294    0.9306856458382375
0.4353836898757548    0.148792057094431
0.4117636265364011    0.2723872252749202
0.8965963489539206    0.19328588627326204
0.042887892903236136    0.9534012932189853
0.586806133732453    0.22794976015737123
0.8965452266226506    0.7375942473935333
0.6128868776466356    0.25770108058282504
0.29533813582264434    0.4326551453852867
0.7292547239566585    0.23671238637334335
0.7095839693230126    0.3158788967981643
0.42009421870759023    0.8617405796192497
0.6366629096119354    0.5623306604077991
0.2573693849931329    0.06202414045474436
0.11722601475182248    0.5957702936529272
0.19114629317614162    0.5704703999532432
0.09241304707077047    0.42717761846930835
0.08934794032683979    0.5080409752291619
0.47483127731915364    0.04726750337833918
0.5190658088749553    0.3793140494805989
0.8502249541672107    0.643292644191968
0.5220093926771416    0.2402602673390235
0.7647689852607251    0.4419550889220858
0.27959335377084527    0.9093811308142206
0.9034000936847513    0.6671706284314343
0.6838995378146944    0.2674608393674345
0.9615410548110765    0.3236230864692413
0.03166153257128346    0.8870354528536697
0.8950454211226884    0.6563616041579634
0.4850171855101819    0.2704852348932092
0.6335897339885275    0.5053941193988665
0.3942727116163913    0.686568327242864
0.5857175680276085    0.5831268084407037
0.8552974942915728    0.13339506536265766
0.23946724249114748    0.5137983452106056
0.41262661133042733    0.44651880604394467
0.5762619182597362    0.5406423609938367
0.6840167133823687    0.6836376556535015
0.02568940064081282    0.6575888920084978
0.660455867843857    0.2052958440397068
0.43521238438091947    0.8099984217995166
0.06484409613342268    0.7150273545467438
0.11410628800406797    0.10639078983141514
0.844473647772698    0.6114397148216699
0.9351345686240788    0.694618292342082
0.8916335272948352    0.7488812062605992
0.8727835641841948    0.8855358511666607
0.09019284042702291    0.5568725401314742
0.4183871962075192    0.6191429482603046
0.8359266588715313    0.31491924734641197
0.018371716526212722    0.5385566758525422
0.7504034319910546    0.11535366791552604
0.7213666792814555    0.5981816918649894
0.04903413068622808    0.10688965765355185
0.23354628784839493    0.5978423199608942
0.38305760524864474    0.3125908048668111
0.20886557148878748    0.37224038485563127
0.254351417601989    0.4541814336108172
0.4944559130076349    0.6967428899293544
0.35467984587608603    0.1657253104840477
0.007509710229696376    0.10215216694184903
0.09284765078415291    0.0470599371847491
0.9485515753519496    0.4646331860195272
0.5245072848967214    0.49879296203568746
0.7974392962686161    0.15661426604839424
0.6210459698892046    0.6647573689052919
0.44334677370252584    0.582601608572342
0.12945323459497549    0.7649608787154518
0.5302404773769056    0.1665505939302936
0.8876020534476212    0.33479631840016144
0.09629717113494962    0.2807817748263226
0.9534998487144959    0.2834578843091118
0.4632069511303314    0.12458366000524745
0.3132450732436416    0.9949686929280832
0.8766412866667734    0.2481988023930437
0.8821643774548622    0.002645424661936513
0.370556277615119    0.23591953228717633
0.4754456654054313    0.7932568883492555
0.026702777547995993    0.7550902594941586
0.7616521305290256    0.11183366679747575
0.581251221935194    0.9169051840084741
0.5489120160046623    0.4499359298440293
0.4693451004611282    0.7137273127407522
0.7661037670448481    0.17120769901043853
0.6100224530161145    0.7457741140425151
0.7746809970452184    0.25616580247369836
0.27735784932435115    0.47278243040336165
0.1619066489451495    0.03049115248616152
0.8283671913170556    0.9205612415721611
0.1359643992422741    0.315427592831681
0.5910966785760237    0.4879182216127962
0.2755092485736341    0.3477106874057465
0.9325344636837736    0.49170744930613397
0.26111151196639315    0.26119816898836556
0.6475944220713761    0.7534993199289131
0.8655591797231188    0.7175332773697627
0.30999013076758986    0.8623717855622728
0.5834295545973249    0.36419694030132144
0.19005480973482092    0.276203064789035
0.3156544409949469    0.21755041544654774
0.6579834543494951    0.6041297360396456
0.023265449458946375    0.5132446360451575
0.9636887000338368    0.26322148815842605
0.049375909785638994    0.6352240607148136
0.17704263192011416    0.5756626025304077
0.40387486014145435    0.7747545856121554
0.5258776881243858    0.7210290305712654
0.8328171726434965    0.8080735095678975
0.9637361957591493    0.737347047342318
0.8336009244549569    0.7469642535187151
0.8600288268716847    0.5141083296402658
0.01613686999213071    0.9759402141818612
0.896983061661935    0.41616449018014046
0.30143861494112145    0.7205313558618154
0.9506982713961203    0.2900300207497748
0.4489313632685985    0.21979708730405134
0.26168441406379395    0.23384054425198064
0.5644458165441024    0.5690194726627174
0.17988385479688196    0.4722875978283798
0.6587852026636214    0.2611761937989927
0.07119071299780111    0.861866352210841
0.17929813793518723    0.5492174351112296
0.8317423097741898    0.9229794801102702
0.14288972362395191    0.5355050141152431
0.4024488746671522    0.3722841573381954
0.14822075853182293    0.5776769131595654
0.4333428492296083    0.41909656070887635
0.8657044156697318    0.6121216762108352
0.43920823597572856    0.300894228766466
0.08085779577305963    0.73435446610649
0.4439983139818573    0.8767764133988496
0.5173126039893263    0.500874497369693
0.1420052598868471    0.7782802785824765
0.9081443495854227    0.7928508421872396
0.45951864267837617    0.7925181262110481
0.048191447484993155    0.6219666621300397
0.9630620097252276    0.6347947022107672
0.1961636126289903    0.8067922214625709
0.21032696457441458    0.7703403529235822
0.5317034447403941    0.1810824198861789
0.03811645396748209    0.5121609279535386
0.7625386833212364    0.4805834281915031
0.4128161794135916    0.6672999027215163
0.934171532601588    0.3753642493401548
0.3763579407649429    0.3162528217853031
0.012617460053284013    0.7948327013077412
0.09007897613474514    0.9755166716990393
0.05218174175717816    0.1410773430871688
0.36471917268062004    0.5204893623562044
0.31683451245012884    0.5748234867212438
0.8356016192693103    0.739187803741927
0.3964268185856141    0.894278724723323
0.16862206788870493    0.21820081235039712
0.6518621138885636    0.7899506293165832
0.8607629426521142    0.5990894530579054
0.8766246976385681    0.7559926635248415
0.6432287814403213    0.2837906995104409
0.23462204128818098    0.8477067168563535
0.21077743204050137    0.05353768010329052
0.15978274258240743    0.09561163783554694
0.9407011573613859    0.6450652703635078
0.2789009013840362    0.5147168221045595
0.5321262151872694    0.5146866117028073
0.044459154116820665    0.8714376242688202
0.3502497188698681    0.41129153930873663
0.4521496900567774    0.10399805352695646
0.3027159391330021    0.5667720234812803
0.7664202174736059    0.28467793802878605
0.6196628796958017    0.8369357252434955
0.3193410984691616    0.9496976741892384
0.1302161867495757    0.4623167873869072
0.27808238525705953    0.2693503472748633
0.6518181398698801    0.530616717030689
0.7350963284028493    0.42014281375089535
0.10089190647629698    0.3964160116151707
0.2764682136996657    0.7475434882302932
0.1542311555918332    0.4804058554491122
0.8351678862107847    0.2947621592616658
0.22578578212498024    0.6460699172306366
0.2908918911009506    0.3958042582575032
0.27013658896141735    0.9996677455620389
0.8389955023466862    0.6488675578713974
0.8392206115880443    0.37574692017815803
0.11633116347334349    0.40737403575720044
0.4670307915543337    0.613333887866014
0.6480627093453075    0.2885595007534827
0.058431461604942836    0.5640787864235886
0.22191964102243467    0.41875552422289664
0.14108399757908474    0.26772191208240237
0.07302374842268478    0.45538466686841295
0.4241660782672856    0.3058814827615779
0.08973979010201139    0.08158374432677817
0.2673473700007454    0.6409545787523327
0.26790495749044796    0.24062875630437053
0.31798617664218787    0.34357989503293407
0.20515145553915204    0.4460388199274721
0.6653686824446152    0.7544822477819322
0.6343479967832644    0.5575589875504943
0.9947366278479268    0.9977690549982021
0.932076944295753    0.32266157681592333
0.4419628794494448    0.148726564527893
0.0937484948932037    0.8171259631112522
0.585694739546925    0.8957437197607667
0.8250655042076327    0.6609851751137195
0.5822361404439966    0.9197751777605125
0.6151014772376093    0.08928697059951918
0.6613101125667491    0.7360467191985851
0.3922006268081164    0.2172226587512749
0.2458914714656677    0.9103057771587719
0.5817746133386152    0.9111756169385736
0.9986603640243914    0.7227878194699111
0.742327340855758    0.37671007367777376
0.27606793190737844    0.7826748361043276
0.3817286027577089    0.0239234275940734
0.9636968697427939    0.7104609684847667
0.26895447633679637    0.9949583921991558
0.12830987582489906    0.6997393875459401
0.14515288386463565    0.7767302485151786
0.9112549566700154    0.955039690952894
0.8591013657191451    0.6856000451384598
0.35706728973037505    0.09300831733806758
0.5072778199438761    0.48818789931884754
0.047503908384644467    0.2854959934054735
0.6712217758440489    0.4551864653678399
0.12380055245391142    0.8289765203713777
0.8947505590297984    0.7557283559968679
0.1761908357911599    0.09050683853990282
0.4007122315274252    0.4037164040868819
0.03171440962695815    0.6141566765916275
0.42862979777722243    0.8749951908705347
0.24845979091037473    0.01099068457801522
0.34833354359902957    0.10253628490436761
0.3116557835159537    0.29879259778611966
0.35685395485482574    0.3794157557040738
0.6488723768410567    0.1941318594300303
0.10683456752151566    0.7122843359241462
0.9165049309815023    0.21320422120659632
0.2802478429132753    0.6703946262096832
0.8828625208505694    0.4317006492739115
0.022886363255741227    0.4473324734377293
0.6062657604271939    0.6523295894009327
0.27246621955775807    0.9544854525923958
0.8271956306775514    0.22655079338323936
0.8971915875785148    0.5418219016391161
0.4385229009245468    0.14391428742117984
0.8304753686507647    0.7501601858853049
0.37732706873295396    0.0927352913022359
0.4882428581047149    0.465319195808243
0.4228034195887538    0.9669794908057838
0.056796270468542076    0.46778905451251074
0.8738626702288137    0.10972217450025834
0.33845884935600634    0.6878723408954475
0.5265057644988904    0.7581977156766964
0.21873475663840636    0.39525092089167657
0.00592832644991792    0.7527973874512242
0.5310914288707365    0.6635315758911537
0.9230649173819627    0.9670740713416153
0.2426993886828177    0.012538862455777622
0.8791909679258589    0.2963908645605786
0.41528911308815664    0.9347585121715691
0.5658751167037193    0.7499252938993035
0.5005771769123895    0.14339205540771327
0.6714614240160295    0.6102935114230037
0.8356111234168189    0.5834565212733571
0.4279146147117463    0.3775040447454545
0.7603859872230947    0.32476526100124614
0.1670364139123779    0.028026722671276705
0.20039476457726768    0.24192942079054158
0.22927305648647622    0.7048664230558885
0.9871672289525257    0.3633520753272046
0.959572054980002    0.42033950085356
0.32898375981741923    0.43965898127547187
0.17263512900508116    0.051918980769029455
0.02694536381485757    0.5726142994332617
0.21567028044936132    0.07056369624747205
0.813378788302408    0.019923959084379383
0.7359582689089976    0.9608815011309044
0.6131835362200773    0.41881657455041044
0.3149599236686109    0.5628965356146574
0.21255512555266254    0.2904238653478395
0.21404929794092298    0.6735382244828332
0.46189845247707906    0.8425508570058493
0.22987543503123864    0.15334730172564615
0.30166919521456914    0.32578042290310205
0.08802993509878099    0.35247120974560775
0.7750972478244817    0.17087238414849715
0.9840487656401844    0.9138172895021037
0.12239427779272383    0.4955127819774605
0.4815891271357593    0.8021299770432828
0.3251440748527903    0.4542891350000411
0.5210763352534433    0.4061959585421715
0.9818768983913693    0.9223888214853859
0.9187753270833983    0.03929583257144187
0.28650763296736925    0.8164109180600683
0.9267129425882066    0.689675925862584
0.2740753613800626    0.7247101130779452
0.8565016970312072    0.34829072812097794
0.9006961442794899    0.5341313722834315
0.06209971155001304    0.10849559411530096
0.18493816348861092    0.673437102489308
0.8261428778701039    0.4332575532728946
0.4363571426440338    0.786410062022822
0.7720036812121915    0.9186645433395295
0.2854612699639154    0.31330053620924536
0.3573006225587383    0.6657861347111129
0.8438235097456874    0.3493689727839091
0.784690948327686    0.5924194390684008
0.2694155268455074    0.18784733633523065
0.03424289621693233    0.8948865054497595
0.8625013435192164    0.4209786373969868
0.07948117498903651    0.7138465705581678
0.7645205450442352    0.7309487316619832
0.35124760519950415    0.6647809753773197
0.261546694835989    0.4266631491399724
0.434198269800657    0.8785313725952362
0.7013262109613201    0.8956573972996256
0.8370507602255757    0.34701141144063197
0.6401428772860513    0.6226100343343266
0.677252253199421    0.4084280669873446
0.6914251524395219    0.09842337410825541
0.3444488892237605    0.23088199499098327
0.18827734618758196    0.9206687514314105
0.05063415249192604    0.510758741485088
0.7059892241496055    0.9506277762274229
0.12769789022061762    0.6450415655203168
0.47701867513956864    0.19047487471447688
0.4269586683647961    0.27248447092235084
0.2521532044696828    0.5860196270658662
0.5504232960974869    0.787377641427943
0.09976555321501035    0.6968296210263387
0.5500182534097595    0.7550998178697612
0.4129884681759024    0.49906052940876644
0.9614134289873084    0.9704985050632029
0.7699729026454663    0.06073091331899927
0.5288070942224083    0.6040211465060112
0.9444752382626489    0.033778495372964734
0.16379723566876225    0.938392804925607
0.9412219654676919    0.9781857880854419
0.8573038029804356    0.02400064671050539
0.6745476797494965    0.6860074704826311
0.942336934781552    0.055611163395050234
0.7660130659704154    0.004150775809519169
0.8217838478940485    0.6135292559537737
0.5696389900079193    0.7361444664566206
0.6095102936757328    0.3548192436041593
0.8359957457243907    0.6343784254075724
0.8205792925240669    0.6885162877592625
0.22657612779999092    0.664253359492162
0.12854371449870916    0.12143205863679252
0.8777092227890158    0.8697726604115059
0.40363800454021703    0.4109947387495243
0.5735828207147595    0.06484390724195799
0.3881751000804574    0.8147389539672938
0.7668191189265867    0.42511484881902595
0.8335955944643128    0.4998401768881462
0.3907981458628045    0.7088665556379881
0.49107624504462954    0.21348055383151032
0.915023743987436    0.9371625644299422
0.4403667046773021    0.0821726263280278
0.1070512577870073    0.682296233352369
0.2833441574654867    0.5689751829712413
0.9184850236822157    0.2717559241638188
0.23871132610076962    0.49410443182205044
0.5186400040416665    0.09829369521295805
0.2219099371041866    0.4268658076985228
0.8055147428688081    0.6089303120844214
0.5774089454953442    0.08269690633181948
0.0059406557880623545    0.2532155698077907
0.42924440697528254    0.8899809243282897
0.2171672890423504    0.09417200370082468
0.19326523760088876    0.715321032600172
0.8808591356827713    0.40185175886169877
0.6042390621457112    0.24406190576568476
0.12591680317944043    0.6684082868261989
0.5144066974658368    0.0868918131672245
0.7554624437661843    0.6861188599547199
0.8366076481093969    0.191044732235782
0.3838360935606333    0.2129099479813641
0.015553041638156628    0.060092637197818766
0.1412990946058208    0.39991458051311435
0.25704422311863606    0.6682435007379008
0.3834027387270187    0.9069126288991383
0.620672214413367    0.6772607886425852
0.7929220214283554    0.590991188367797
0.5963173417542211    0.906484019423065
0.22427933375882092    0.8060540497700157
0.6889760333227073    0.7782254908049582
0.6348769841757169    0.6688839789685632
0.22752298061977005    0.5641553778430999
0.09952256184410779    0.3693427052068776
0.25646988677140303    0.06779055918647714
0.8580633403514282    0.26762712032559577
0.16234181064451203    0.23783562259680546
0.5936756341610303    0.1194352611266778
0.4840740630481817    0.14333979255923457
0.13340672838600742    0.9149939488147372
0.06126337452500552    0.5900298911577733
0.24153729168006244    0.6698682851509576
0.7823052581120757    0.9426185786894017
0.5153839830661406    0.7753802993884524
0.5509404090296566    0.6281144949681172
0.959954011825576    0.5048442265234379
0.4248528298829817    0.5042993341041915
0.2874691189258112    0.8612435847346389
0.7719710494188485    0.7955223249798287
0.4327440584694009    0.9976939328051952
0.916074786736119    0.8920252682535179
0.14201545414584804    0.0803639016862141
0.9759569442905536    0.07663662301179097
0.3301378518451683    0.833439454189332
0.5801235238374431    0.8651089334366204
0.09102207824467867    0.2741710219672564
0.6953505194406095    0.35336240691929177
0.18787378714180747    0.03829834663944487
0.3013592354674859    0.4138999833656114
0.3310020925623145    0.43698143258760425
0.8770440807672493    0.0655688990734491
0.646366872210447    0.7111723463925794
0.9267923220577936    0.5714772056054633
0.46053300672919506    0.1608993799874916
0.04704649395556393    0.19054301542589092
0.7220535920323545    0.7967538616990892
0.5380517664041948    0.676930598597284
0.24140239503115724    0.5883048486394649
0.8357245507608342    0.3714490725626982
0.9483190779187356    0.8488250171930576
0.21254486132959904    0.5729637494415827
0.7942446998851622    0.36529063734313105
0.9800966069361852    0.3606212805529265
0.11398093992944447    0.7618100380157724
0.8588088834507737    0.11263143908008866
0.0862295981527137    0.09291182497232442
0.3905754627820599    0.12206606678268872
0.6203678939324258    0.29323235010028936
0.5824822061282682    0.3807862951318899
0.5362036164144983    0.11864191966059545
0.687031004015763    0.9042578114012609
0.6454248273524437    0.47496383671753173
0.8833850722374594    0.41637922665437666
0.5723033180863966    0.11904644342541637
0.14579497654878026    0.056117863101635246
0.9371725446179466    0.22665365708301533
0.32937475905183256    0.14266619466596797
0.9703723701473712    0.1892033179480619
0.8753549270698766    0.16810083113751562
0.045291982687465815    0.32965095842109515
0.46880464921078757    0.6458260171606947
0.6234658873401691    0.865208730529704
0.3368651526928548    0.44212648873313176
0.6933713564786426    0.31223073137968704
0.7122341854855057    0.9860487928619106
0.24729008886644777    0.9624831543171433
0.6609110334956649    0.7132702324224771
0.004639644850655156    0.3833721819975313
0.8638021196777643    0.2681780977206154
0.2667928961167241    0.7868597189652293
0.8354794309291202    0.20148767578861504
0.5119542903802503    0.5808961590941584
0.6620421827271941    0.9614906394060312
0.9637831868545101    0.9677646807595282
0.25545082634104155    0.30630148049532724
0.11672476333992554    0.07645700321866422
0.9713678129224532    0.8484076525248789
0.12709955780735438    0.2643325174488218
0.9455998026302073    0.49633806467301955
0.31063967341403664    0.8495417853718055
0.13940873941415455    0.45446092515506975
0.9426172561883792    0.9637221343649218
0.9138770152553655    0.7005582382428082
0.13233785571501078    0.7983207950431228
0.9462898007158496    0.9052676128994299
0.48098048734426424    0.6398367861221801
0.5242182110966078    0.4480614990222547
0.14152085922797752    0.3704731408466977
0.22456499523809503    0.6104564529409255
0.07342767675348472    0.5142213212909288
0.058985926263911415    0.24810663021368762
0.806001670577903    0.059039700829828456
0.8924663600364142    0.31027173097593486
0.5927247017729009    0.5066381571468117
0.7217070556320944    0.3912286607320714
0.5020330841466698    0.3632439776354266
0.9320057975537761    0.5322692910148168
0.5134482078950264    0.3052666245517981
0.7092419875394291    0.34469425793438524
0.18861967624200338    0.20421801818845586
0.4120482372834129    0.45256840838799284
0.7385734402201602    0.22527708621155873
0.9377690651176962    0.8658337624997159
0.13413893584404013    0.9974071970823424
0.11356861448845845    0.25809070618939156
0.9338523684506703    0.7070417374254716
0.5438306657506009    0.03825098430903284
0.4645272833614045    0.432804780762827
0.061568253974059406    0.32478736464770686
0.5356430523238922    0.14166959638908083
0.7411045089148602    0.46933284655220375
0.14683138859901046    0.27569442600332095
0.9655579030662409    0.6722387580224538
0.6172258476272126    0.3931103571347321
0.013048773554822368    0.5589045665556898
0.4842966962643016    0.19225119519610923
0.15951586865759637    0.8332541712904411
0.6096624556389272    0.3649015494848644
0.7200645516696813    0.43624946750045535
0.9229275916473345    0.7440609957786544
0.5127471930113514    0.18097731988614818
0.9039933131177835    0.8641896291929163
0.8971286743929734    0.42246099581214747
0.691760253631881    0.11222690691876358
0.526462960481304    0.9763340570145156
0.5165386202275923    0.6122174473788955
0.5383566403794666    0.2654854014572754
0.9860527749333099    0.5308825900269825
0.6445283684673226    0.707104975796359
0.7618263074639238    0.28061006345937045
0.8919214069198032    0.9764658118568987
0.8999827458926368    0.7986699016976644
0.18999411503544517    0.2437467533278488
0.6691565732417588    0.6874812344550454
0.11908914522775715    0.3030804948048522
0.4276030527613619    0.3997176735680268
0.8498540743645353    0.06845398255124913
0.09845844297124717    0.8184114079243281
0.6631985990526408    0.481894396037408
0.19765126882405215    0.08399521194793058
0.2486835150589901    0.13775547363218266
0.8247576963446848    0.8582303733549079
0.1568607084820388    0.3500687649854939
0.6592202648800602    0.09639884602665871
0.30991899067615547    0.5039334983622492
0.8490705592528329    0.9646188488244072
0.3579925292601709    0.5720010896545926
0.6917698202189191    0.09105580003959668
0.9417932796935298    0.7112980869679026
0.42760298771323524    0.10400532643463123
0.10651472040105792    0.790607981147067
0.17040801859002452    0.7197644887309045
0.7704534392683069    0.29270351797600114
0.7028744790601908    0.932746181219096
0.9232699071768227    0.17310505979464086
0.25769527721959884    0.38862549450571304
0.43208798649731195    0.8132269401081917
0.37925867303720473    0.8631958853641333
0.5347415413900245    0.5160544801642284
0.946969914482721    0.5315433949077419
0.17395724526010437    0.8162049003605854
0.0018976325360751112    0.9498672138957867
0.16982340629427983    0.7799873798910748
0.2885501182723871    0.17798156534009224
0.520440021076213    0.652430341578953
0.8734897445753522    0.2821302173318678
0.8087699212926593    0.1496213138868454
0.07893916614343088    0.8755039282893318
0.12739704419437925    0.11997105126341556
0.06315534441279236    0.5321643549916002
0.42041476432724334    0.4380272488261234
0.4823069465130483    0.07022432971639403
0.3587524843588539    0.16206674540341037
0.6814265673552029    0.7619977820928858
0.3722754251671825    0.8779637704767094
0.7268020810567517    0.1473253246684907
0.39777309684951234    0.026199456199496263
0.5543989386514112    0.668698648051073
0.10125264496553643    0.7608291532640983
0.33197879234913263    0.08776565904882783
0.6422019281418396    0.04490945732375207
0.7224053037565068    0.34459198576383265
0.06102220639604128    0.18640413920278398
0.16067440432619273    0.9240956280904307
0.7593836193617183    0.1589223140282252
0.3580537026281425    0.5992503791886168
0.7027422547679574    0.7017201879101713
0.03185334451989341    0.4134409506464525
0.7869769178741124    0.5880091107952734
0.14781200401844674    0.7275575327565753
0.5513068177657374    0.52603068312744
0.050546331685529244    0.24963704266323417
0.9608412343589816    0.3270364718758263
0.6757701848685722    0.5274827273797849
0.8272423536444296    0.739220031344584
0.1008375854347181    0.06939950148912177
0.2557531651567859    0.5818254341675457
0.07235421750393223    0.1910058433964814
0.38050470440913564    0.22343061577312362
0.3478036401494935    0.901315737990841
0.9835102871125743    0.4724106585275931
0.48099387419419903    0.1213696695510631
0.9837324561766236    0.0650146174544175
0.2450677551543765    0.29346418465818225
0.5127988521952773    0.11600293904484515
0.8760100540826099    0.7703677973599676
0.8091426441299516    0.40550942286095726
0.03999175641745967    0.5618261632770769
0.46556028396399896    0.5651377014760555
0.7264350149192358    0.8338088873751521
0.20650901589924708    0.8061148565916154
0.7828186457912591    0.5042666216015779
0.8932938967988291    0.112492491054484
0.04601145937415785    0.5282289384576395