0.078877	0.0
0.097111	0.0
-0.021769	0.0
-0.16148	0.0
-0.11292	0.0
0.11728	0.0
0.23979	0.0
0.040291	0.0
-0.078877	0.0
0.12767	0.0
0.076794	0.0
-0.13107	0.0
-0.19385	0.0
0.035828	0.0
0.27109	0.0
0.010333	0.0
-0.097111	0.0
-0.12767	0.0
0.12978	0.0
0.099993	0.0
-0.055893	0.0
-0.14572	0.0
-0.054357	0.0
-0.052491	0.0
0.021769	0.0
-0.076794	0.0
-0.12978	0.0
0.19339	0.0
0.16344	0.0
-0.12408	0.0
-0.30828	0.0
-0.042079	0.0
0.16148	0.0
0.13107	0.0
-0.099993	0.0
-0.19339	0.0
0.20921	0.0
0.12155	0.0
-0.15652	0.0
0.045798	0.0
0.11292	0.0
0.19385	0.0
0.055893	0.0
-0.16344	0.0
-0.20921	0.0
0.23695	0.0
0.20122	0.0
0.084227	0.0
-0.11728	0.0
-0.035828	0.0
0.14572	0.0
0.12408	0.0
-0.12155	0.0
-0.23695	0.0
0.29417	0.0
-0.002936	0.0
-0.23979	0.0
-0.27109	0.0
0.054357	0.0
0.30828	0.0
0.15652	0.0
-0.20122	0.0
-0.29417	0.0
-0.10706	0.0
-0.04455	0.0
0.052601	0.0
0.13687	0.0
0.028857	0.0
-0.18172	0.0
-0.18479	0.0
0.098449	0.0
0.31302	0.0
0.032705	0.0
0.10156	0.0
0.084595	0.0
-0.10853	0.0
-0.19092	0.0
0.043999	0.0
0.27708	0.0
0.086648	0.0
0.040533	0.0
-0.10156	0.0
0.12885	0.0
0.026502	0.0
-0.15724	0.0
-0.082404	0.0
0.16666	0.0
0.16174	0.0
0.002971	0.0
-0.084595	0.0
-0.12885	0.0
0.15977	0.0
0.11125	0.0
-0.12446	0.0
-0.21273	0.0
0.024784	0.0
-0.04895	0.0
0.10853	0.0
-0.026502	0.0
-0.15977	0.0
0.21785	0.0
0.076577	0.0
-0.25039	0.0
-0.19544	0.0
-0.013752	0.0
0.19092	0.0
0.15724	0.0
-0.11125	0.0
-0.21785	0.0
0.22302	0.0
0.11571	0.0
-0.16988	0.0
0.05717	0.0
-0.043999	0.0
0.082404	0.0
0.12446	0.0
-0.076577	0.0
-0.22302	0.0
0.29701	0.0
0.14037	0.0
0.034174	0.0
-0.27708	0.0
-0.16666	0.0
0.21273	0.0
0.25039	0.0
-0.11571	0.0
-0.29701	0.0
0.29907	0.0
-0.058405	0.0
-0.086648	0.0
-0.16174	0.0
-0.024784	0.0
0.19544	0.0
0.16988	0.0
-0.14037	0.0
-0.29907	0.0
-0.062013	0.0
-0.031976	0.0
0.090585	0.0
0.11602	0.0
-0.088456	0.0
-0.21979	0.0
0.013299	0.0
0.2996	0.0
0.1282	0.0
0.037087	0.0
0.10871	0.0
0.039154	0.0
-0.16936	0.0
-0.10156	0.0
0.21297	0.0
0.18309	0.0
-0.23403	0.0
0.037438	0.0
-0.10871	0.0
0.11403	0.0
0.002145	0.0
-0.12231	0.0
-0.007359	0.0
0.13271	0.0
0.016581	0.0
0.000219	0.0
-0.039154	0.0
-0.11403	0.0
0.17842	0.0
0.062477	0.0
-0.22604	0.0
-0.14425	0.0
0.25145	0.0
-0.03919	0.0
0.16936	0.0
-0.002145	0.0
-0.17842	0.0
0.19255	0.0
0.007263	0.0
-0.21037	0.0
-0.021216	0.0
-0.001079	0.0
0.10156	0.0
0.12231	0.0
-0.062477	0.0
-0.19255	0.0
0.24649	0.0
0.08201	0.0
-0.2788	0.0
0.041916	0.0
-0.21297	0.0
0.007359	0.0
0.22604	0.0
-0.007263	0.0
-0.24649	0.0
0.27238	0.0
0.016643	0.0
0.002963	0.0
-0.18309	0.0
-0.13271	0.0
0.14425	0.0
0.21037	0.0
-0.08201	0.0
-0.27238	0.0
0.31363	0.0
-0.045335	0.0
0.23403	0.0
-0.016581	0.0
-0.25145	0.0
0.021216	0.0
0.2788	0.0
-0.016643	0.0
-0.31363	0.0
-0.006181	0.0
-0.013341	0.0
0.10688	0.0
0.052487	0.0
-0.16625	0.0
-0.11486	0.0
0.20848	0.0
0.19629	0.0
-0.22806	0.0
0.036834	0.0
0.10521	0.0
-0.014489	0.0
-0.17369	0.0
0.038483	0.0
0.23969	0.0
-0.071756	0.0
-0.30223	0.0
0.035238	0.0
-0.10521	0.0
0.10596	0.0
-0.000115	0.0
-0.1072	0.0
0.0004	0.0
0.1089	0.0
-0.000923	0.0
-1.2e-05	0.0
0.014489	0.0
-0.10596	0.0
0.17494	0.0
-0.023995	0.0
-0.24145	0.0
0.05727	0.0
0.30451	0.0
-0.035487	0.0
0.17369	0.0
0.000115	0.0
-0.17494	0.0
0.17701	0.0
-0.0004	0.0
-0.17986	0.0
0.001194	0.0
5.7e-05	0.0
-0.038483	0.0
0.1072	0.0
0.023995	0.0
-0.17701	0.0
0.24435	0.0
-0.033277	0.0
-0.30827	0.0
0.035898	0.0
-0.23969	0.0
0.24145	0.0
-0.24435	0.0
0.24837	0.0
-0.000953	0.0
-0.00016	0.0
0.071756	0.0
-0.1089	0.0
-0.05727	0.0
0.17986	0.0
0.033277	0.0
-0.24837	0.0
0.31346	0.0
-0.036466	0.0
0.30223	0.0
0.000923	0.0
-0.30451	0.0
-0.001194	0.0
0.30827	0.0
0.000953	0.0
-0.31346	0.0
0.000342	0.0
0.004845	0.0
0.10496	0.0
-0.019333	0.0
-0.17327	0.0
0.043328	0.0
0.2391	0.0
-0.0766	0.0
-0.30147	0.0
0.035154	0.0
0.10967	0.0
-0.0687	0.0
-0.14627	0.0
0.16773	0.0
0.13458	0.0
-0.27637	0.0
-0.067292	0.0
0.040399	0.0
-0.10967	0.0
0.12609	0.0
-0.011721	0.0
-0.14786	0.0
0.038519	0.0
0.16757	0.0
-0.081808	0.0
-0.001247	0.0
0.0687	0.0
-0.12609	0.0
0.17551	0.0
-0.10022	0.0
-0.17886	0.0
0.21278	0.0
0.12862	0.0
-0.045667	0.0
0.14627	0.0
0.011721	0.0
-0.17551	0.0
0.21513	0.0
-0.036991	0.0
-0.25304	0.0
0.10192	0.0
0.005981	0.0
-0.16773	0.0
0.14786	0.0
0.10022	0.0
-0.21513	0.0
0.24036	0.0
-0.11632	0.0
-0.21585	0.0
0.052561	0.0
-0.13458	0.0
-0.038519	0.0
0.17886	0.0
0.036991	0.0
-0.24036	0.0
0.30272	0.0
-0.07676	0.0
-0.01572	0.0
0.27637	0.0
-0.16757	0.0
-0.21278	0.0
0.25304	0.0
0.11632	0.0
-0.30272	0.0
0.30899	0.0
-0.058588	0.0
0.067292	0.0
0.081808	0.0
-0.12862	0.0
-0.10192	0.0
0.21585	0.0
0.07676	0.0
-0.30899	0.0
0.030902	0.0
0.02452	0.0
0.1036	0.0
-0.093094	0.0
-0.13556	0.0
0.19152	0.0
0.11853	0.0
-0.29856	0.0
-0.04528	0.0
0.038444	0.0
0.087061	0.0
-0.092814	0.0
-0.057289	0.0
0.18179	0.0
-0.055184	0.0
-0.20164	0.0
0.2081	0.0
0.039406	0.0
-0.087061	0.0
0.12638	0.0
-0.050978	0.0
-0.14859	0.0
0.14373	0.0
0.11336	0.0
-0.24292	0.0
-0.006245	0.0
0.092814	0.0
-0.12638	0.0
0.13751	0.0
-0.10548	0.0
-0.073125	0.0
0.17184	0.0
-0.043098	0.0
-0.050542	0.0
0.057289	0.0
0.050978	0.0
-0.13751	0.0
0.20422	0.0
-0.12689	0.0
-0.19266	0.0
0.28169	0.0
0.027183	0.0
-0.18179	0.0
0.14859	0.0
0.10548	0.0
-0.20422	0.0
0.20594	0.0
-0.10743	0.0
-0.15207	0.0
0.054214	0.0
0.055184	0.0
-0.14373	0.0
0.073125	0.0
0.12689	0.0
-0.20594	0.0
0.26103	0.0
-0.18958	0.0
-0.061097	0.0
0.20164	0.0
-0.11336	0.0
-0.17184	0.0
0.19266	0.0
0.10743	0.0
-0.26103	0.0
0.29165	0.0
-0.036845	0.0
-0.2081	0.0
0.24292	0.0
0.043098	0.0
-0.28169	0.0
0.15207	0.0
0.18958	0.0
-0.29165	0.0
0.095022	0.0
0.038591	0.0
0.068818	0.0
-0.12938	0.0
-0.022687	0.0
0.20957	0.0
-0.10733	0.0
-0.20963	0.0
0.27217	0.0
0.033917	0.0
0.074778	0.0
-0.10397	0.0
0.015574	0.0
0.12967	0.0
-0.15847	0.0
-0.008298	0.0
0.20886	0.0
0.045	0.0
-0.074778	0.0
0.13609	0.0
-0.11893	0.0
-0.093889	0.0
0.24849	0.0
-0.097547	0.0
-0.23115	0.0
-0.018507	0.0
0.10397	0.0
-0.13609	0.0
0.137	0.0
-0.10546	0.0
-0.057067	0.0
0.15072	0.0
-0.058731	0.0
-0.056166	0.0
-0.015574	0.0
0.11893	0.0
-0.137	0.0
0.18668	0.0
-0.20028	0.0
-0.033512	0.0
0.28402	0.0
0.067713	0.0
-0.12967	0.0
0.093889	0.0
0.10546	0.0
-0.18668	0.0
0.23193	0.0
-0.17958	0.0
-0.13861	0.0
0.024407	0.0
0.15847	0.0
-0.24849	0.0
0.057067	0.0
0.20028	0.0
-0.23193	0.0
0.2343	0.0
-0.20416	0.0
-0.11031	0.0
0.008298	0.0
0.097547	0.0
-0.15072	0.0
0.033512	0.0
0.17958	0.0
-0.2343	0.0
0.2981	0.0
0.060755	0.0
-0.20886	0.0
0.23115	0.0
0.058731	0.0
-0.28402	0.0
0.13861	0.0
0.20416	0.0
-0.2981	0.0
0.08741	0.0
0.055194	0.0
0.033301	0.0
-0.14675	0.0
0.094716	0.0
0.12705	0.0
-0.25398	0.0
0.068305	0.0
0.26362	0.0
0.0337	0.0
0.061754	0.0
-0.093121	0.0
0.055054	0.0
0.042923	0.0
-0.12745	0.0
0.113	0.0
0.012125	0.0
0.050046	0.0
-0.061754	0.0
0.12453	0.0
-0.1731	0.0
0.040472	0.0
0.19124	0.0
-0.2905	0.0
0.10661	0.0
-0.038899	0.0
0.093121	0.0
-0.12453	0.0
0.15001	0.0
-0.14758	0.0
-0.031368	0.0
0.21016	0.0
-0.18522	0.0
-0.042264	0.0
-0.055054	0.0
0.1731	0.0
-0.15001	0.0
0.1564	0.0
-0.18676	0.0
0.057787	0.0
0.12903	0.0
0.10561	0.0
-0.042923	0.0
-0.040472	0.0
0.14758	0.0
-0.1564	0.0
0.21645	0.0
-0.27597	0.0
0.066157	0.0
-0.059836	0.0
0.12745	0.0
-0.19124	0.0
0.031368	0.0
0.18676	0.0
-0.21645	0.0
0.24958	0.0
-0.25758	0.0
-0.074704	0.0
-0.113	0.0
0.2905	0.0
-0.21016	0.0
-0.057787	0.0
0.27597	0.0
-0.24958	0.0
0.25213	0.0
0.16424	0.0
-0.012125	0.0
-0.10661	0.0
0.18522	0.0
-0.12903	0.0
-0.066157	0.0
0.25758	0.0
-0.25213	0.0
-0.094039	0.0
0.068091	0.0
-0.013622	0.0
-0.11677	0.0
0.17872	0.0
-0.054093	0.0
-0.18275	0.0
0.29537	0.0
-0.12023	0.0
0.031851	0.0
0.050622	0.0
-0.072523	0.0
0.051721	0.0
0.00124	0.0
-0.056001	0.0
0.079178	0.0
-0.054429	0.0
0.04972	0.0
-0.050622	0.0
0.087368	0.0
-0.15794	0.0
0.14052	0.0
-0.010511	0.0
-0.1685	0.0
0.27106	0.0
-0.061008	0.0
0.072523	0.0
-0.087368	0.0
-0.20345	0.0
0.11171	0.0
0.10475	0.0
-0.2944	0.0
0.001592	0.0
-0.051721	0.0
0.15794	0.0
0.14744	0.0
-0.18546	0.0
0.07487	0.0
0.10713	0.0
0.092791	0.0
-0.00124	0.0
-0.14052	0.0
0.20345	0.0
-0.14744	0.0
0.15519	0.0
-0.22391	0.0
0.15773	0.0
-0.13951	0.0
0.056001	0.0
0.010511	0.0
-0.11171	0.0
0.18546	0.0
-0.15519	0.0
0.20285	0.0
-0.31117	0.0
0.077815	0.0
-0.079178	0.0
0.1685	0.0
-0.10475	0.0
-0.07487	0.0
0.22391	0.0
-0.20285	0.0
0.24279	0.0
0.070077	0.0
0.054429	0.0
-0.27106	0.0
0.2944	0.0
-0.10713	0.0
-0.15773	0.0
0.31117	0.0
-0.24279	0.0
-0.20063	0.0
0.070144	0.0
-0.058995	0.0
-0.036542	0.0
0.15857	0.0
-0.19615	0.0
0.079829	0.0
0.14121	0.0
-0.31216	0.0
0.026592	0.0
0.055205	0.0
-0.082007	0.0
0.063717	0.0
-0.007284	0.0
-0.059299	0.0
0.10064	0.0
-0.092092	0.0
0.05269	0.0
-0.055205	0.0
0.063636	0.0
-0.11767	0.0
0.14052	0.0
-0.11563	0.0
0.041482	0.0
0.062461	0.0
-0.091217	0.0
0.082007	0.0
-0.063636	0.0
0.10135	0.0
-0.20035	0.0
0.24013	0.0
-0.17763	0.0
0.013371	0.0
0.074766	0.0
-0.063717	0.0
0.11767	0.0
-0.10135	0.0
0.14667	0.0
-0.25986	0.0
0.26239	0.0
-0.1242	0.0
0.007028	0.0
0.007284	0.0
-0.14052	0.0
0.20035	0.0
-0.14667	0.0
0.1662	0.0
-0.26165	0.0
0.22618	0.0
-0.12209	0.0
0.059299	0.0
0.11563	0.0
-0.24013	0.0
0.25986	0.0
-0.1662	0.0
0.16624	0.0
-0.25999	0.0
0.20835	0.0
-0.10064	0.0
-0.041482	0.0
0.17763	0.0
-0.26239	0.0
0.26165	0.0
-0.16624	0.0
0.18307	0.0
-0.20588	0.0
0.092092	0.0
-0.062461	0.0
-0.013371	0.0
0.1242	0.0
-0.22618	0.0
0.25999	0.0
-0.18307	0.0
0.092551	0.0
0.074116	0.0
-0.10356	0.0
0.068405	0.0
0.03845	0.0
-0.175	0.0
0.26648	0.0
-0.24449	0.0
0.088901	0.0
0.02362	0.0
0.062107	0.0
-0.11946	0.0
0.15185	0.0
-0.14418	0.0
0.090892	0.0
0.001778	0.0
0.046962	0.0
-0.062107	0.0
0.064891	0.0
-0.1166	0.0
0.14181	0.0
-0.13298	0.0
0.090234	0.0
-0.021634	0.0
-0.10647	0.0
0.11946	0.0
-0.064891	0.0
0.065625	0.0
-0.12213	0.0
0.16081	0.0
-0.17542	0.0
0.16314	0.0
0.15573	0.0
-0.15185	0.0
0.1166	0.0
-0.065625	0.0
0.076037	0.0
-0.15448	0.0
0.22395	0.0
-0.27127	0.0
-0.17215	0.0
0.14418	0.0
-0.14181	0.0
0.12213	0.0
-0.076037	0.0
0.10116	0.0
-0.21353	0.0
0.31582	0.0
0.13994	0.0
-0.090892	0.0
0.13298	0.0
-0.16081	0.0
0.15448	0.0
-0.10116	0.0
0.13586	0.0
-0.28071	0.0
-0.05527	0.0
-0.001778	0.0
-0.090234	0.0
0.17542	0.0
-0.22395	0.0
0.21353	0.0
-0.13586	0.0
0.16837	0.0
-0.071278	0.0
0.021634	0.0
-0.16314	0.0
0.27127	0.0
-0.31582	0.0
0.28071	0.0
-0.16837	0.0
0.21577	0.0
0.064365	0.0
-0.12253	0.0
0.16843	0.0
-0.17874	0.0
0.13748	0.0
-0.041508	0.0
-0.097023	0.0
0.2519	0.0
0.017693	0.0
0.038076	0.0
0.084161	0.0
0.13192	0.0
0.17439	0.0
0.20471	0.0
0.21687	0.0
0.20638	0.0
0.025019	0.0
-0.038076	0.0
0.046734	0.0
0.096333	0.0
0.14239	0.0
0.17853	0.0
0.19906	0.0
0.1996	0.0
0.062897	0.0
-0.084161	0.0
-0.046734	0.0
0.051012	0.0
0.10069	0.0
0.14335	0.0
0.1738	0.0
0.18788	0.0
0.10831	0.0
-0.13192	0.0
-0.096333	0.0
-0.051012	0.0
0.052119	0.0
0.10061	0.0
0.14098	0.0
0.1694	0.0
0.15462	0.0
-0.17439	0.0
-0.14239	0.0
-0.10069	0.0
-0.052119	0.0
0.052121	0.0
0.10069	0.0
0.1424	0.0
0.19451	0.0
-0.20471	0.0
-0.17853	0.0
-0.14335	0.0
-0.10061	0.0
-0.052121	0.0
0.053382	0.0
0.10548	0.0
0.22085	0.0
-0.21687	0.0
-0.19906	0.0
-0.1738	0.0
-0.14098	0.0
-0.10069	0.0
-0.053382	0.0
0.057928	0.0
0.22744	0.0
-0.20638	0.0
-0.1996	0.0
-0.18788	0.0
-0.1694	0.0
-0.1424	0.0
-0.00548	0.0
-0.057928	0.0
0.20975	0.0
-0.033733	0.0
-0.071509	0.0
-0.11666	0.0
-0.16241	0.0
-0.20137	0.0
-0.2263	0.0
-0.23094	0.0
-0.21076	0.0
0.008734	0.0
0.050252	0.0
0.082274	0.0
0.078129	0.0
0.03458	0.0
-0.034426	0.0
-0.10222	0.0
-0.1394	0.0
0.044027	0.0
-0.050252	0.0
0.051032	0.0
0.089303	0.0
0.10422	0.0
0.091014	0.0
0.052235	0.0
-0.002499	0.0
0.086681	0.0
-0.082274	0.0
-0.051032	0.0
0.066869	0.0
0.13552	0.0
0.18397	0.0
0.18932	0.0
0.13747	0.0
0.097208	0.0
-0.078129	0.0
-0.089303	0.0
-0.066869	0.0
0.10059	0.0
0.20268	0.0
0.26287	0.0
0.24385	0.0
0.056528	0.0
-0.03458	0.0
-0.10422	0.0
-0.13552	0.0
-0.10059	0.0
0.13403	0.0
0.24795	0.0
0.2874	0.0
-0.031665	0.0
0.034426	0.0
-0.091014	0.0
-0.18397	0.0
-0.20268	0.0
-0.13403	0.0
0.14935	0.0
0.25419	0.0
-0.13912	0.0
0.10222	0.0
-0.052235	0.0
-0.18932	0.0
-0.26287	0.0
-0.24795	0.0
-0.14935	0.0
0.14998	0.0
-0.22208	0.0
0.1394	0.0
0.002499	0.0
-0.13747	0.0
-0.24385	0.0
-0.2874	0.0
-0.25419	0.0
-0.14998	0.0
-0.23827	0.0
-0.061344	0.0
-0.099951	0.0
-0.10135	0.0
-0.046385	0.0
0.058451	0.0
0.17958	0.0
0.26708	0.0
0.27422	0.0
0.018245	0.0
0.055623	0.0
0.078703	0.0
0.055691	0.0
9e-06	0.0
-0.055773	0.0
-0.078974	0.0
-0.055933	0.0
0.055591	0.0
-0.055623	0.0
0.081112	0.0
0.15345	0.0
0.16649	0.0
0.087507	0.0
-0.065408	0.0
-0.21836	0.0
0.0805	0.0
-0.078703	0.0
-0.081112	0.0
0.13592	0.0
0.23556	0.0
0.20515	0.0
0.022616	0.0
-0.2274	0.0
0.032837	0.0
-0.055691	0.0
-0.15345	0.0
-0.13592	0.0
0.16667	0.0
0.24148	0.0
0.15239	0.0
-0.064314	0.0
-0.072768	0.0
-9e-06	0.0
-0.16649	0.0
-0.23556	0.0
-0.16667	0.0
0.16696	0.0
0.23638	0.0
0.16739	0.0
-0.16639	0.0
0.055773	0.0
-0.087507	0.0
-0.20515	0.0
-0.24148	0.0
-0.16696	0.0
0.18983	0.0
0.30694	0.0
-0.16817	0.0
0.078974	0.0
0.065408	0.0
-0.022616	0.0
-0.15239	0.0
-0.23638	0.0
-0.18983	0.0
0.24425	0.0
-0.048925	0.0
0.055933	0.0
0.21836	0.0
0.2274	0.0
0.064314	0.0
-0.16739	0.0
-0.30694	0.0
-0.24425	0.0
0.13728	0.0
-0.078612	0.0
-0.086354	0.0
-0.00755	0.0
0.13042	0.0
0.23529	0.0
0.21026	0.0
0.030166	0.0
-0.22177	0.0
0.027466	0.0
0.053012	0.0
0.078778	0.0
0.053966	0.0
-0.014748	0.0
-0.084975	0.0
-0.10196	0.0
-0.041158	0.0
0.047853	0.0
-0.053012	0.0
0.10366	0.0
0.1661	0.0
0.093423	0.0
-0.098336	0.0
-0.26077	0.0
-0.22755	0.0
0.046446	0.0
-0.078778	0.0
-0.10366	0.0
0.1413	0.0
0.16767	0.0
0.020036	0.0
-0.18814	0.0
-0.25767	0.0
-0.024554	0.0
-0.053966	0.0
-0.1661	0.0
-0.1413	0.0
0.14131	0.0
0.16613	0.0
0.053986	0.0
-0.10269	0.0
-0.10265	0.0
0.014748	0.0
-0.093423	0.0
-0.16767	0.0
-0.14131	0.0
0.17711	0.0
0.25222	0.0
0.13584	0.0
-0.097251	0.0
0.084975	0.0
0.098336	0.0
-0.020036	0.0
-0.16613	0.0
-0.17711	0.0
0.22887	0.0
0.28841	0.0
0.014315	0.0
0.10196	0.0
0.26077	0.0
0.18814	0.0
-0.053986	0.0
-0.25222	0.0
-0.22887	0.0
0.23519	0.0
0.14606	0.0
0.041158	0.0
0.22755	0.0
0.25767	0.0
0.10269	0.0
-0.13584	0.0
-0.28841	0.0
-0.23519	0.0
0.16935	0.0
-0.06659	0.0
-0.033403	0.0
0.080577	0.0
0.17463	0.0
0.12664	0.0
-0.069979	0.0
-0.26332	0.0
-0.2599	0.0
0.02819	0.0
0.071939	0.0
0.10598	0.0
0.040805	0.0
-0.093897	0.0
-0.16642	0.0
-0.0707	0.0
0.12979	0.0
0.049688	0.0
-0.071939	0.0
0.1403	0.0
0.15529	0.0
-0.041129	0.0
-0.26051	0.0
-0.21834	0.0
0.10841	0.0
0.027979	0.0
-0.10598	0.0
-0.1403	0.0
0.14919	0.0
0.12254	0.0
-0.059234	0.0
-0.18379	0.0
-0.093429	0.0
-0.055686	0.0
-0.040805	0.0
-0.15529	0.0
-0.14919	0.0
0.17936	0.0
0.21146	0.0
0.028763	0.0
-0.21868	0.0
-0.091385	0.0
0.093897	0.0
0.041129	0.0
-0.12254	0.0
-0.17936	0.0
0.24489	0.0
0.24457	0.0
-0.06729	0.0
-0.008112	0.0
0.16642	0.0
0.26051	0.0
0.059234	0.0
-0.21146	0.0
-0.24489	0.0
0.24907	0.0
0.21925	0.0
0.11521	0.0
0.0707	0.0
0.21834	0.0
0.18379	0.0
-0.028763	0.0
-0.24457	0.0
-0.24907	0.0
0.2874	0.0
0.12331	0.0
-0.12979	0.0
-0.10841	0.0
0.093429	0.0
0.21868	0.0
0.06729	0.0
-0.21925	0.0
-0.2874	0.0
-0.024394	0.0
-0.064548	0.0
0.013838	0.0
0.14627	0.0
0.14718	0.0
-0.054965	0.0
-0.26576	0.0
-0.20951	0.0
0.12223	0.0
0.034663	0.0