-1.17490061406045	-0.502058816912206
-0.269168836132021	-0.299456023037456
-0.0388444219724012	-0.153666678075846
0.201597539990585	0.104547746677242
0.0199957883745568	0.258655634958321
-0.310586099331911	-0.428894414874719
0.291600594066388	0.0969302161302518
-1.19777703676566	-0.650835621284611
-0.0276035869449067	-0.0270767659763612
-0.273881875867766	-0.468366977899961
0.0537011815025292	0.0765319967265502
0.283444583405399	0.306816403548372
-0.0644662193101853	-0.0875437032195711
-0.00772634055840526	-0.159505772699889
-0.243168289844057	-0.0120146316543709
-0.0677880152546898	-0.0540768719215845
-0.0710413981676146	-0.0462373924790134
-0.0650760276265323	-0.0501737295661995
-0.0672252988343776	-0.0408956927063942
-0.0609153380566704	-0.0441229826750279
-0.41255810912567	-0.0599858415973931
-1.25348359946101	-0.282081263816293
-9.26769150143098e-33	-3.94911970361433e-32
-1.49491848373733e-32	-8.31626988376244e-33
-0.540238830307414	-0.633732168483913
1.08815041857879e-32	-3.38128599025329e-33
1.91077076923903e-32	1.01663804425216e-32
0.387122849989889	0.0753703061183618
-0.576327780944871	-0.192783690499599
-0.153191899422096	-0.151250806917656
0.397238706578882	-0.0518315353508773
0.134877680565867	0.43528816299001
-0.673950306230267	0.313578529178717
-0.53761815351817	-0.675756380320468
0.31875407434432	-0.208044713910515
-1.06222841251993	-0.172726585403984
0.396977208256715	0.220769078163991
-0.141723258163986	-0.279206724948124
0.00760216406758721	0.101944560513706
0.279392164049785	0.0115957585633721
-0.274952851173786	-0.534828627630052
-0.555027001835657	-0.0569116944558395
-0.727163703279055	-0.216616969112492
0.166509350037003	0.0588186987103568
-0.0145696738712427	-0.218608685449812
-0.246690839121694	0.254553183045125
0.547830135852106	0.0055823856653486
-0.46605472293997	-0.640925228340066
-0.419018903214979	0.15537940373362
-0.97435174275649	-0.204983650530513
-0.504276415083143	-0.454808097989004
0.0823013553139657	0.0174699480409491
0.27325306158584	0.0618855067902718
-0.0934305029748751	-0.023417732730638
-0.238962615615887	-0.0851643780988236
0.163615982037858	-0.00289664967232284
-0.987839010182925	-0.395752766308938
-0.087450339513798	0.0834605099071231
-0.0815496478252638	0.0649605735272714
-0.566519800530096	-0.48201582227793
0.150380962904887	-0.179264189087395
0.198346634498481	-0.120070577219837
0.149975938508152	0.232607239941171
-1.20440236956336	-0.582425827342486
-0.219892415948356	-0.284825298482815
-0.0661667132714627	-0.232354858515699
0.299661804646465	0.418452898691828
-0.220205363155881	-0.221150272059474
0.00317834434559504	-0.0980316802957973
0.143478032002838	0.023248915592302
-0.973105534618981	-0.399128075297566
-0.201757208256765	-0.185820016296592
-0.173596854218106	-0.155977711100578
-0.120155983994338	-0.0173904118119422
0.0896898548492573	0.0789139725404169
0.396756629985794	0.221422095958334
-0.233534140014273	-0.334115251737471
-0.92619758499676	-0.295140686722556
-0.0688327518233886	0.0587925118140758
-0.27135175989781	-0.165491129070222
-0.0212817800618037	-0.00411351108964003
-0.437046887473192	-0.378613226628508
0.191708812889741	-0.145594176372655
0.301180749444964	0.210225060764062
-0.985512522101314	-0.172334780617692
0.283358241417566	-0.171547516858569
0.120660105415317	-0.148244222879564
0.340552334225262	0.651842281979051
-0.686404893226889	-0.00664491697747485
-0.582571919846664	-0.362964495181677
0.199583920908527	-0.469433132229145
-1.09792520407324	-0.0852301361140174
1.3120397746138e-32	3.40047005805871e-33
0.651257903540439	0.194648778575247
1.26629893843461e-32	2.57593130061793e-33
-0.275532583734421	-0.800568018998613
9.72594621915554e-33	-3.55815557225542e-32
-0.680295879032197	0.0132703018981856
-1.1431160834543	-0.746780053460071
-0.199962161141179	-0.320618391384713
0.0876189725162868	0.0857820017986116
0.104145304295157	0.108363842978692
-0.181035933713732	-0.267050098356311
0.160938418239593	0.282678434528907
0.00275635449678275	-0.1808466281716
-1.14485331656001	-0.543403684681301
-0.051712030108126	0.285368379122448
0.593884766813233	0.393045547500441
-0.0508366125241306	-0.333346501704366
0.268455779834494	-0.288953990202777
-0.319656831739167	-0.665440513275017
-0.543929366544749	0.219036073728091
-0.874307189757939	-0.35804473710297
0.229495756897058	0.255681542947972
-0.215255574692943	-0.174420872215434
0.183323830066217	-0.095965988463534
0.164561735785834	0.140668733609306
-0.493502536195396	-0.0917108314056008
-0.174768792998561	-0.408579282142813
-1.01045860131605	-0.72448472641684
0.252341124266282	0.35188178448514
0.0756602036754253	0.165695097119271
-0.180433329722588	0.0206792367020147
-0.277105346881418	-0.208547622808212
-0.212647037840306	-0.325304434467031
0.244101011736285	-0.25524036083607
-1.08021210897078	-0.0612040364491327
-0.0191144793601309	-0.107445588252596
0.623462647534672	0.343793246261143
-0.0423754018569297	-0.144276452252947
-0.167150882194765	-0.608006421317504
-0.0740907855598289	-0.0773182798516975
-0.643174002920717	-0.00407536895373408
-0.730836659085031	-0.0972635846897472
-0.0277283357432577	-0.257607375113425
0.292980739428582	-0.0158878400658181
0.168466839195127	0.342021719117953
-0.436381181116829	0.297624492910771
-0.734930448954255	-0.468595896442068
0.260950504118389	-0.341651708637365
-0.704391566949338	-0.319371699869564
-0.0443596295062769	-0.085537799091967
0.328407161937293	0.27181659469619
-0.0658558967181015	-0.114731871266601
-0.448399007031315	-0.0859403857305419
-0.00492011345858019	-0.0744576886951054
-0.167871191729393	-0.238017340282463
-0.878148597035014	-0.13376295661928
-0.145131483389789	-0.0466941373701424
-0.16457568112878	-0.0608465170128549
-0.183102858722126	-0.119469016003374
-0.202637918340532	-0.176160422152319
-0.220229584020323	-0.277436006650511
0.524159867891338	0.196795098816241
-1.1301677264398	-0.664235787527923
0.11374222595393	0.240044219981559
-0.229653337297791	-0.176381299064587
-0.287738268700569	-0.397229913364886
0.0346670128133603	-0.277256492806485
0.268521335086457	0.0981086529603026
0.0365865104990317	0.186314927812576
-0.611311588641979	-0.096700519155841
0.239599743826223	0.102130966971504
-0.070882331215087	-0.296075663631309
-0.387623447337874	0.075449317261322
0.397308414887068	-0.00301996044582059
-0.410056471354589	-0.454528873584305
-0.302757407679219	0.17815899708708
-0.86871883948374	-0.117799929522348
0.125504646509543	0.0209289495333502
0.0212030381040559	0.232297877081495
0.81299302420634	-0.220630090680031
-0.562586884185211	-1.08051700023092
-0.851137550963821	0.254146980261372
0.051757778809143	0.305943346651501
-0.846413031442599	-0.180371389361348
-0.297369516923526	-0.0540555119737196
0.16403564193954	-0.0348082653546498
-0.356566487818956	-0.504044244204813
-0.459380533138705	0.0724408530214947
0.380202343437948	0.277201944125508
0.180406109422845	-0.205762329691426
-0.400134205637391	-0.0710253035599275
-0.32552455748384	-0.128132067147506
-0.279831490060247	-0.0676841543114475
-0.173144278966285	-0.0913906245817389
-0.0816772780236765	-0.0396542726217104
-0.00582787339744568	-0.0405517588185503
0.219928346596321	0.0392906698660412
-0.707368075743694	-0.108056559463559
0.00324340661739097	0.0202524880660923
-0.511377272653284	-0.355226280588695
-0.00248125987698738	-0.009860596213115
-0.264620082153236	-0.0207978107408895
-0.0137834895977901	-0.032821642618007
0.305274140937178	-0.0313192340740255
-1.20177938444572	-0.686163682220291
-4.06459313720246e-33	7.32111683971323e-32
-0.258674483935471	-0.456281303716804
4.18072285101408e-32	-1.92585104713065e-31
0.274471831853896	0.320692754377204
-7.74720994850215e-32	2.4021205636787e-31
-0.0366636501126699	-0.208102495641316
-0.512825007134574	-0.274145627126237
9.29085274359584e-33	-1.55292888294521e-33
8.35897165034119e-33	4.29030438706165e-33
1.62595399895601e-32	-1.30058144962398e-32
-2.10858664252611e-33	4.66788885753732e-33
5.26263207687485e-33	-6.21335758139283e-33
-0.512825007134574	-0.274145627126237
-0.897765040122453	-0.295709241565212
-0.289119957887572	-0.280029263139704
-0.105131390413389	-0.0190091857959125
-0.220139537147052	-0.113010193496158
0.260748643498502	0.195884948765476
0.285139521284152	0.0455813268904325
-0.250589898121293	-0.24288112032297
-0.75774373461078	-0.43052000589626
1.19407656552009e-32	5.7569130534911e-33
0.276785000978908	0.204450223539337
2.58164890514033e-32	1.49852019842825e-32
-0.454041470158063	-0.163403327408924
4.40105084947864e-34	1.3158953960845e-33
-0.156828604467277	-0.335146410761216
-0.573694554106631	-0.161845822292268
-0.192633641230946	0.0218038625414462
0.263956917685706	0.219042997666194
0.406308655214781	-0.217025302451235
-0.180150225854856	-0.606722994383562
-0.741053633661604	-0.134122495534517
-0.0836173847491529	0.365134824197147
-0.668764830346009	-0.0524313198860531
-0.105612552861135	-0.0448009628348789
-0.394364915469515	-0.16708611722283
-0.214999365118463	-0.15476602172784
0.0333907828410001	0.0477447884238376
-0.227311862627211	-0.168386309193168
0.384933827221145	0.045750854412914
-1.0107438245115	-0.162443292101654
-0.0615003475210474	-0.0651682326391689
-0.194440050844	0.162408113214607
-0.632989267027419	-0.154767948002297
-0.165142841858855	-0.886306305709851
0.837131092167494	0.122321391902967
-0.0995788011282356	0.299945997824802
-0.895791266215744	-0.333922778214767
0.107849303710092	0.208999620720638
0.02847290855521	0.0593609087850997
0.556965630457021	-0.119765969371256
-0.253531156448795	-0.567378444180852
-0.575734408959142	-0.320584782876474
-0.169204266854495	0.345072368479723
-0.375211181987631	-0.0910590394595248
-1.29722532940865e-32	9.29160007302874e-33
4.48056965158549e-33	1.00773695732424e-32
-0.159136871736545	-0.193131761095115
2.26143276538668e-33	1.45657278668769e-32
4.29548220094573e-34	-4.77771706670568e-33
-0.491149567483489	-0.115651918238407
-0.702882959541442	-0.310267132048183
0.201624451889533	-0.0768797373365315
-0.0863707900823686	0.239146139855156
-0.117270307434021	-0.274675730737969
0.367816884398211	0.259213535905783
-0.610530314739968	-0.0231832392306798
-0.162535692303577	-0.454286569197819
-0.669244218141614	-0.0409985415855008
-0.323687904547329	-0.133628150217933
0.000297639215992447	-0.020385972588841
-0.201178787978789	-0.10002940210578
-0.359823680068002	-0.167467672773746
-0.0170503305391305	-0.119015479055847
0.373263668983176	0.0932916599812638
-0.643644954862277	-0.366124154252756
0.320147787461145	0.236341179112591
-0.365277180274942	-0.113256033491847
-0.047912029907149	-0.0738792041438695
0.0951353238224058	0.0872403653419891
-0.364377113845761	-0.0501291413888759
-0.0517828943841161	-0.367050660917622
-0.837689094117485	-0.171247480117352
0.508118572487648	0.204427641378165
-0.253943021386003	-0.299353730308514
-0.349703666667195	0.119754782691516
0.150521649387514	0.123607950773711
-0.0216989302984993	-0.46898583445492
-0.429715800543797	-0.129478793509941
-1.21325885961278	-0.69526741793268
-0.130945521402047	-0.190160180852493
-0.127849871039529	-0.321774879176845
0.23834685480751	0.384752238008534
-0.0400913454373429	-0.0354702140020751
-0.136909168857481	-0.270035490565722
0.185650434160812	0.0889165871836543
-0.799756138676445	-0.264594467044588
-0.335436738983024	-0.173566761643805
-0.317747586978535	-0.238117036705769
0.194608046191086	0.117562814119601
0.0434720692302098	-0.0371162585118415
0.221079535803154	0.0989109754809452
-0.184359002916585	-0.158003797494484
-1.29589737118169	-0.671123193472742
0.168868074485678	0.276958117314568
-0.0523982747460435	-0.330383181047222
-0.265600987526585	-0.490511215018583
-0.182019979865934	-0.142628917592171
0.0446307842729201	0.256064726512298
0.305122211857984	0.0429656559249098
-0.618338161441094	-0.0969239404181734
0.226379703295659	0.021434660879992
-0.176695359154603	0.14665295021874
-0.199597986468135	-0.541767507179783
0.482365192399239	0.177354790711128
-0.633483824739837	0.173482434198697
-0.229909082221687	-0.377667556516889
-0.431516884679413	-0.143798855842034
0.052762441348792	0.0596303762005824
-0.0474002454562395	-0.0635212855349172
-0.105069702451386	-0.129217751037984
-0.048099850472257	-0.0782612445093388
0.0516178845359958	0.0683299094367892
-0.5064759265603	-0.162246674690103
-1.14241760648392	-0.991322164148902
-0.0481734499296168	-0.280783466062344
0.0735139671469775	0.256916888829041
-0.04355710419432	-0.234847932186139
0.0637970090864928	0.194422251150968
-0.0368547549127835	-0.169102713766948
0.060499774815545	0.0597214055024244
-0.847701584815627	-0.375677788309631
0.105524230125953	0.0403278466887121
0.141940472106895	-0.273045227884803
0.491963915749222	0.57649569546156
-0.949329940716167	0.377368692840537
-0.443178246537551	-0.874241371013456
0.34098091659539	-0.202395376870778
-0.431826765716092	-0.14566017220542
-0.0531353578307685	-0.0605171676641609
-0.0476924563432633	-0.0644271187498811
0.105668389104035	0.131236504776682
-0.0482228578722222	-0.0795299767788418
-0.0518393015989682	-0.069427053313213
-0.50657075500176	-0.161846155809369
-1.02857653308561	-0.397689679653183
-0.14604340927361	-0.214031916636009
-0.308248128969974	-0.0446998047076198
-0.089560720220152	-0.29274057705782
0.480704276305476	0.397303612255947
-0.20838945963435	-0.0331346236337368
0.0550893287256469	-0.227928894291516
-0.879095283283985	-1.13933900006736
4.62223186652937e-33	1.10740971802266e-33
-3.46667389989702e-33	-3.2740809054583e-33
-3.85185988877447e-34	3.85185988877447e-34
-7.70371977754894e-34	2.40741243048404e-35
-3.46667389989702e-33	-6.52408768661176e-33
-5.38928663152437e-18	-5.2481522096053e-17
-1.05786054558936	-0.439440090841821
-0.13825515395748	-0.205832834052648
-0.178303983334245	-0.266330756711814
-0.315575222147654	0.115361796768629
0.567534750303919	0.419090194036521
0.063694739060628	-0.435120764233041
-0.185206699933188	-0.0336856113875948
-0.65004471568222	-0.156045075832192
-0.466324826504064	-0.297416773907693
-0.216606010785689	-0.0425685192134712
0.108850376736035	-0.0347683260146196
0.190244759475398	0.05927048955613
0.0865635545398487	-0.0194920253948192
-0.195410868096676	-0.04939904941681
-1.04042287973936	-0.453967945162936
0.301665317857555	-0.0302906442952932
0.220449590825826	0.407495057597132
-0.237254978178577	-0.16487779792511
-0.154673977662403	0.120356295847904
-0.493700988502918	-0.407985337691715
0.174657114366587	-0.317439077428637
-0.967307425511766	-0.221012396810674
-0.18205139702026	0.00843951590311505
0.0426642042099496	-0.0766718827285036
-0.170672036975031	-0.504588319977054
-0.659424299580423	-0.0706573789387278
0.441802099635433	0.444708269372017
0.213023968998993	-0.277704368772681
-0.487570904052906	-0.199038957665357
-0.0440439722581705	-0.0688103355923273
0.0488898476368356	0.0668989605401048
-0.0426014688312116	-0.0749139482174889
0.0466531818863488	0.0751633917791454
-0.0396553548074003	-0.0847656278306438
-0.523435432232475	-0.214060350391258
-0.703520583853729	-0.0907092048137823
1.3593158555752e-33	7.00681300171295e-32
-0.518350282217614	-0.347085876675283
2.98182491752066e-32	6.04577715586276e-33
-0.271837848244131	-0.039806327255826
4.87466974645607e-32	-6.71006957369971e-32
0.297844757397403	-0.0497372610906882
-1.02654004080196	-0.255870405440209
1.50765085079826e-32	-1.14432053451207e-32
-0.321702542106909	-0.15523534674549
-1.05312391953375e-33	2.2308373098168e-32
-0.371633618603351	-0.467566909904521
-3.33822057921657e-32	3.85084014742513e-32
0.420754915880019	0.14007685487783
-0.716649415389775	-0.221382623659922
-0.0621042139940939	0.0861688375380429
0.206536845675212	0.161646083755242
0.39079365805399	-0.175993398474206
-0.0418408005165161	-0.616453891742681
-0.854341835383677	-0.270702951157091
-0.074247545715818	0.436518649687941
-1.3264635551837	-0.839603939706826
0.133548906731309	0.53389182396857
0.253456083216367	0.239161454107978
0.15912992972548	-0.0975212462221955
0.0937003717094518	-0.380909426475408
-0.058708251157608	-0.487982639794583
-0.48228672616604	-0.124939241573711
-0.860704222937835	-0.0971117270487782
-0.1735574071566	-0.121173910369102
-0.0235879182375935	0.250919286527922
-0.800865713188837	-0.129638969627996
-0.0796019022654188	-0.851014249057786
0.724662650328993	0.0866865918007808
-0.0612201537136497	0.269546892271716
-1.21587834358216	-0.577140048835688
-0.306589613669669	-0.495912534423206
0.256867181282239	0.27837165751311
0.00413740795648948	-0.142166728717273
-0.101511425850126	-0.067514706698674
0.178543445514591	0.12355224710841
-0.0879232943240604	-0.0979982321686112
-0.384328412776877	-0.08051629932811
-0.123616408609182	-0.119501167097334
0.000563233922986587	0.012963227207528
0.076615430395649	0.0433156461941581
0.000839153844809433	-0.0190130012117045
-0.122122260746278	-0.123107423367994
-0.482275694625412	-0.112062861024322
-0.308845648834524	-0.0589237195293197
-4.94290672543369e-32	-1.23560442994594e-32
-0.125006007080182	-0.111012899959487
-9.7334693830008e-33	-3.34690513148044e-32
-0.128409240248437	-0.0960044259292367
-4.41280579298687e-33	-6.06367005928169e-34
-0.44132303175661	-0.0914302133465562