-------------------- RANSAC Iteration 1 --------------------

0.067263878881931304932	-0.54619836807250976562
0.10947462916374206543	0.19025373458862304688
0.054383810609579086304	0.045948661863803863525
0.062947772443294525146	0.08897218853235244751
0.22577375173568725586	-0.56402605772018432617
-0.011478435248136520386	-0.0035456621553748846054
-0.059079077094793319702	0.025757070630788803101
-0.0050399559549987316132	0.0052640591748058795929
0.67992204427719116211	-0.58480000495910644531
0.0097925448790192604065	-0.0025803162716329097748
-0.026747789233922958374	-0.029024705290794372559
0.0037586749531328678131	0.0059118233621120452881

-0.32468554377555847168	-0.41343024373054504395
0.33977302908897399902	0.61369395256042480469
0.16701364517211914062	0.213472709059715271
0.21999987959861755371	0.39222639799118041992
-0.037257216870784759521	0.53755545616149902344
-0.0098966173827648162842	0.20392477512359619141
-0.064093470573425292969	0.13301976025104522705
-0.16240727901458740234	-0.074102759361267089844
-2.1806280612945556641	3.0949130058288574219
-1.3793228864669799805	-0.52795898914337158203
-0.62480086088180541992	0.77523893117904663086
0.69233858585357666016	0.49422195553779602051

0.037615898996591567993	-0.99382537603378295898
-0.75951462984085083008	3.818492889404296875
-0.24732090532779693604	0.60277777910232543945
-1.3576812744140625	1.544745326042175293
0.53616642951965332031	-1.2341461181640625
-0.45805895328521728516	-0.042486250400543212891
-0.80777305364608764648	-0.36157518625259399414
-0.53115808963775634766	0.73431807756423950195
1.3775994777679443359	-4.8390417098999023438
-0.53282791376113891602	-4.5097374916076660156
0.19130256772041320801	-5.2079038619995117188
-0.7373021245002746582	-4.8115630149841308594

0.048487309366464614868	-0.090334415435791015625
0.31666508316993713379	0.2638702094554901123
0.47163185477256774902	-0.44782173633575439453
2.0727212429046630859	-1.4951616525650024414
0.25418925285339355469	0.33351755142211914062
1.672146916389465332	-0.44842895865440368652
0.53979760408401489258	0.80232650041580200195
-1.1862313747406005859	1.3897995948791503906
-16.083127975463867188	-0.39321216940879821777
-8.5000362396240234375	-8.9224538803100585938
-8.9754915237426757812	-0.24696458876132965088
-4.8688025474548339844	13.994450569152832031

0.05036398768424987793	-0.21135474741458892822
0.83546823263168334961	0.34835225343704223633
0.27699166536331176758	0.087909154593944549561
0.38179200887680053711	0.13882799446582794189
0.51969701051712036133	0.29916286468505859375
-1.5532151460647583008	-4.7539453506469726562
0.77567368745803833008	-0.42030641436576843262
0.27660790085792541504	0.23987247049808502197
0.048958551138639450073	-3.4182131290435791016
-0.85091960430145263672	-2.9197328090667724609
-0.56143599748611450195	-3.3766088485717773438
-0.93383133411407470703	-2.9946870803833007812

-1.2230783700942993164	-0.46793738007545471191
0.7844969630241394043	-0.13139049708843231201
0.57841736078262329102	-0.1328869163990020752
0.65961617231369018555	-0.080736055970191955566
0.06050631403923034668	0.25264617800712585449
0.044242043048143386841	0.48212563991546630859
-0.20532716810703277588	0.065153777599334716797
-0.085047423839569091797	0.13981857895851135254
0.2703278660774230957	0.11819709092378616333
0.87080657482147216797	0.0053252954967319965363
0.55718606710433959961	0.50996506214141845703
0.27809089422225952148	0.027535252273082733154

0.14281828701496124268	-0.99228560924530029297
-5.218723297119140625	1.4300323724746704102
-0.5119883418083190918	0.28838935494422912598
-1.1834045648574829102	-0.22144724428653717041
-0.26412308216094970703	-1.5929331779479980469
-1.6004978418350219727	-1.1536395549774169922
-1.7749183177947998047	-1.3734754323959350586
-1.1307680606842041016	-0.99329739809036254883
-1.68549346923828125	0.084412977099418640137
0.02764088846743106842	-0.96629744768142700195
-0.58735507726669311523	-0.19230680167675018311
-0.19392432272434234619	0.55622237920761108398

0.47318488359451293945	0.92391782999038696289
0.35050165653228759766	-0.063157737255096435547
0.51010894775390625	-0.031533349305391311646
0.4212112128734588623	0.18850411474704742432
0.30137524008750915527	-0.49485251307487487793
1.1953498125076293945	-0.58481329679489135742
0.83388698101043701172	-0.84591233730316162109
0.41063728928565979004	-0.60443848371505737305
-0.6399103999137878418	-0.14018841087818145752
-0.13834586739540100098	-0.12037109583616256714
-0.25194758176803588867	-0.039784044027328491211
-0.29849863052368164062	-0.1574436873197555542

-0.34433689713478088379	-0.47562861442565917969
0.20590934157371520996	-0.020412009209394454956
0.34774041175842285156	0.013321975246071815491
0.22533170878887176514	0.18532229959964752197
-0.028403291478753089905	-0.56262356042861938477
-0.035948283970355987549	-0.13056519627571105957
0.01829219423234462738	-0.09886144101619720459
0.11166574060916900635	0.028247239068150520325
1.7254602909088134766	-2.9320664405822753906
0.89191406965255737305	0.25568914413452148438
0.31865656375885009766	-0.58098787069320678711
-0.48214364051818847656	-0.18746386468410491943

0.46174567937850952148	0.4325790703296661377
0.92763704061508178711	-0.55966746807098388672
0.4267857670783996582	-0.48390522599220275879
0.50657504796981811523	-0.35822540521621704102
-0.042453613132238388062	-0.084499955177307128906
-0.71359163522720336914	0.18040761351585388184
-0.49208426475524902344	-0.19299556314945220947
-0.14372348785400390625	-0.075344100594520568848
1.2898089885711669922	-0.89599406719207763672
0.85331034660339355469	-0.87830615043640136719
0.97933125495910644531	-0.98691576719284057617
0.80395579338073730469	-1.0270984172821044922

0.31810510158538818359	-0.14390236139297485352
0.60046172142028808594	0.61542791128158569336
0.16022849082946777344	0.12923611700534820557
0.23084372282028198242	0.21161344647407531738
-0.50003463029861450195	-0.20264418423175811768
-1.4791224002838134766	0.84045106172561645508
-1.441561579704284668	0.43335539102554321289
-0.75389552116394042969	0.13634315133094787598
0.28933486342430114746	-4.0975098609924316406
-0.77377372980117797852	-3.5190515518188476562
-0.4361311495304107666	-4.0438404083251953125
-0.88019335269927978516	-3.6120688915252685547

-0.32459175586700439453	0.43813207745552062988
0.8405323028564453125	0.17997439205646514893
0.442760467529296875	-0.020214773714542388916
0.57106566429138183594	0.020023008808493614197
0.2341359257698059082	0.41772061586380004883
0.15135388076305389404	0.39716750383377075195
0.11891242116689682007	0.26284083724021911621
-0.097329810261726379395	0.24658766388893127441
0.29993522167205810547	0.30382263660430908203
-0.050887651741504669189	-0.013266482390463352203
-0.050942551344633102417	0.048277258872985839844
-0.0029642225708812475204	0.19989171624183654785

0.10256817936897277832	-0.92866462469100952148
0.76880258321762084961	1.0579422712326049805
0.16153375804424285889	0.3171425163745880127
0.2724914848804473877	0.54184252023696899414
-1.2831174135208129883	-0.61395400762557983398
-2.4293715953826904297	-0.12005462497472763062
-2.2001137733459472656	-0.0063818180933594703674
-1.4010767936706542969	-0.22143137454986572266
0.3746191859245300293	3.46441650390625
0.057249568402767181396	2.2309136390686035156
2.2090394496917724609	1.9164975881576538086
-3.0853130817413330078	-2.6417572498321533203

-0.21544292569160461426	1.0059864521026611328
0.88652658462524414062	-0.21717886626720428467
0.50735837221145629883	-0.29349172115325927734
0.5862553715705871582	-0.21211427450180053711
-0.22176393866539001465	-0.046684205532073974609
0.06398607790470123291	-0.14984473586082458496
0.11349908262491226196	0.145782470703125
-0.047462221235036849976	0.0086846388876438140869
0.34249761700630187988	-0.25571325421333312988
0.00036217525484971702099	-0.2271207273006439209
0.0094177844002842903137	-0.45100760459899902344
0.035646311938762664795	-0.33267328143119812012

0.17706260085105895996	0.07569850236177444458
-0.16779412329196929932	-0.16764198243618011475
0.064920626580715179443	-0.47414949536323547363
0.11681164801120758057	-0.20624528825283050537
0.28220251202583312988	0.34517830610275268555
1.8237993717193603516	0.95324456691741943359
1.1232385635375976562	0.79199886322021484375
0.62329852581024169922	0.3724009096622467041
-3.4830152988433837891	1.4169968366622924805
-2.4681322574615478516	2.0942842960357666016
-3.1032991409301757812	2.0690486431121826172
-2.5347425937652587891	2.2328619956970214844

0.025971869006752967834	0.13680183887481689453
0.43184646964073181152	-0.46289786696434020996
0.3669840395450592041	-0.33137017488479614258
0.41119781136512756348	-0.18455150723457336426
-0.0082192067056894302368	0.017370689660310745239
0.015965353697538375854	0.69970101118087768555
-0.1524063795804977417	-0.031662538647651672363
0.031199313700199127197	0.023732583969831466675
-0.23688878118991851807	-0.064317330718040466309
-0.37487015128135681152	0.20970924198627471924
-0.27140733599662780762	-0.11852795630693435669
-0.19538752734661102295	0.057153638452291488647

0.20196355879306793213	-0.29907822608947753906
0.16468033194541931152	0.12519958615303039551
1.2983250617980957031	2.1275010108947753906
-0.14732091128826141357	1.0320633649826049805
0.12107059359550476074	-0.32308974862098693848
-0.71769601106643676758	-0.056048143655061721802
2.4293320178985595703	3.0524728298187255859
-0.28956532478332519531	0.69279789924621582031
0.83928632736206054688	-0.84242498874664306641
0.42896530032157897949	-0.39054983854293823242
0.20802478492259979248	1.8246268033981323242
0.39715501666069030762	0.74724775552749633789

0.030942438170313835144	-1.082205653190612793
-0.58982574939727783203	0.86493474245071411133
-1.411290287971496582	1.2617089748382568359
-0.77074277400970458984	-1.0688964128494262695
0.30444508790969848633	1.1341778039932250977
1.2266745567321777344	0.87977015972137451172
1.3190137147903442383	0.9913933873176574707
0.83752751350402832031	0.72347551584243774414
1.1135430335998535156	-0.057462356984615325928
-0.072726547718048095703	0.66454261541366577148
0.38522246479988098145	0.14746963977813720703
0.14798596501350402832	-0.3489774167537689209

-0.47916316986083984375	-0.54666733741760253906
0.31390529870986938477	0.19073338806629180908
0.5283063054084777832	0.42841270565986633301
0.16454817354679107666	0.67756247520446777344
-1.3099722862243652344	-0.23756748437881469727
0.49292200803756713867	0.96074569225311279297
-0.2551491856575012207	0.91279494762420654297
-0.73583626747131347656	-0.35358259081840515137
3.3952918052673339844	-9.4900655746459960938
0.0095518864691257476807	1.0234057903289794922
0.65813016891479492188	-0.10315584391355514526
-0.093028843402862548828	-0.35918965935707092285

0.044795028865337371826	-0.023000776767730712891
0.01432131696492433548	0.36511954665184020996
0.10713503509759902954	0.039160829037427902222
0.18822774291038513184	0.084843821823596954346
-0.18047836422920227051	0.24749799072742462158
0.60949307680130004883	-0.52417111396789550781
0.16336929798126220703	0.073642589151859283447
-0.027649274095892906189	0.071464680135250091553
-2.5962357521057128906	5.8029956817626953125
-4.7940912246704101562	1.9070175886154174805
-1.5670101642608642578	3.2811436653137207031
3.9213502407073974609	4.2041831016540527344

-0.7670834660530090332	-1.6034407615661621094
2.0657396316528320312	0.57530075311660766602
0.78325361013412475586	0.67525345087051391602
1.3645675182342529297	0.26363593339920043945
1.6265624761581420898	3.5630853176116943359
0.3835532069206237793	0.39583846926689147949
0.1431493610143661499	0.59374588727951049805
-1.0325821638107299805	-0.84994655847549438477
0.14544391632080078125	-0.71067023277282714844
-0.86953842639923095703	0.06766033172607421875
-0.95736783742904663086	-0.29119464755058288574
-0.19586443901062011719	0.34808275103569030762

0.49864220619201660156	-0.46910956501960754395
-0.45662000775337219238	-1.461760401725769043
-0.60515004396438598633	-0.95345330238342285156
0.19076217710971832275	-0.76150757074356079102
-0.028469003736972808838	-0.15802314877510070801
0.25003960728645324707	0.74913048744201660156
-1.0056105852127075195	-1.0126568078994750977
-0.024475200101733207703	-0.30811059474945068359
0.33042538166046142578	-0.27230355143547058105
0.022593116387724876404	-0.68482536077499389648
0.56564164161682128906	-0.085805512964725494385
0.191549643874168396	-0.17628911137580871582

0.20029252767562866211	-1.215044856071472168
8.9618396759033203125	6.0734100341796875
-0.99403738975524902344	1.3360275030136108398
-0.33370658755302429199	-4.636112213134765625
-0.70226758718490600586	0.97828024625778198242
-1.1372903585433959961	0.2889754176139831543
-1.2837133407592773438	0.011166944168508052826
0.31697171926498413086	3.5564742088317871094
-1.6827223300933837891	6.1987595558166503906
-2.1349599361419677734	3.7673456668853759766
0.990875244140625	6.0904183387756347656
-7.8111810684204101562	-2.8501627445220947266

0.15506063401699066162	-0.022530606016516685486
-0.049251265823841094971	-0.1281055063009262085
0.076303981244564056396	-0.2463496774435043335
0.10701394081115722656	-0.10417777299880981445
-0.19276039302349090576	-0.33622300624847412109
0.46450731158256530762	-1.6217474937438964844
-0.26539137959480285645	-0.40397861599922180176
0.077751800417900085449	-0.24734824895858764648
2.7597746849060058594	-1.8784940242767333984
2.7088937759399414062	0.27324000000953674316
1.6458960771560668945	-1.1581648588180541992
-0.75675576925277709961	-3.5382177829742431641

0.030220247805118560791	0.072638787329196929932
0.42561668157577514648	-0.027354048565030097961
0.35087564587593078613	-0.0035093612968921661377
0.37767317891120910645	0.12114430218935012817
0.020874071866273880005	-0.010133383795619010925
0.29124540090560913086	-0.39411008358001708984
0.044553432613611221313	0.098598405718803405762
-0.024608233943581581116	-0.030523616820573806763
-0.10932515561580657959	-0.14143684506416320801
-0.27063164114952087402	-0.061945535242557525635
-0.064543537795543670654	-0.18397057056427001953
-0.08948612213134765625	-0.058864861726760864258

0.30998253822326660156	0.059869349002838134766
0.2545725405216217041	0.39463067054748535156
0.74742150306701660156	0.035357624292373657227
2.4830377101898193359	1.6570531129837036133
-0.107881888747215271	0.10511460155248641968
0.65340024232864379883	-0.81117761135101318359
-0.73069047927856445312	-0.093987546861171722412
-1.7881530523300170898	-1.3438322544097900391
-10.289825439453125	-4.0125155448913574219
-4.7911939620971679688	-7.74851226806640625
-6.5520949363708496094	-2.5789787769317626953
-11.718822479248046875	7.5034122467041015625

0.40977427363395690918	-1.5983775854110717773
0.54223680496215820312	2.3086087703704833984
4.1868042945861816406	6.7707433700561523438
0.51658803224563598633	-2.1635241508483886719
-0.041240386664867401123	0.71302551031112670898
0.82109045982360839844	-1.0015058517456054688
1.7282067537307739258	-0.60148012638092041016
0.71154713630676269531	1.2297098636627197266
-3.3827433586120605469	-6.0839776992797851562
-2.0197565555572509766	-4.9135651588439941406
-5.7006292343139648438	-4.7830743789672851562
6.759246826171875	-8.0419607162475585938

-0.011851820163428783417	-0.1040727570652961731
-0.10346146672964096069	-0.028155848383903503418
-0.0084022684022784233093	-0.083696067333221435547
0.0054722232744097709656	-0.072518028318881988525
-0.25926673412322998047	-0.044726606458425521851
0.088739380240440368652	-0.188373565673828125
-0.068856760859489440918	0.034437887370586395264
-0.016690233722329139709	-0.020177286118268966675
2.8426644802093505859	0.93933951854705810547
0.94630825519561767578	2.0236101150512695312
1.4980182647705078125	0.50650638341903686523
1.3221139907836914062	-1.9409831762313842773

-0.018661782145500183105	-0.59733533859252929688
0.64090365171432495117	-0.12263908237218856812
0.56378740072250366211	-0.12273321300745010376
0.60066127777099609375	0.01285891607403755188
0.11981224268674850464	0.43967422842979431152
-0.30028325319290161133	-0.65502250194549560547
0.57071846723556518555	0.0066617056727409362793
-0.033161524683237075806	0.19198805093765258789
-0.1483376622200012207	-0.19366002082824707031
-0.4356886744499206543	-0.096423178911209106445
-0.064336694777011871338	-0.30572834610939025879
-0.11574929207563400269	-0.12390942871570587158

-1.016056060791015625	-1.5581566095352172852
0.87634867429733276367	0.89575839042663574219
0.64160418510437011719	1.5266590118408203125
3.7598724365234375	3.8918764591217041016
-0.03807102888822555542	0.026460343971848487854
0.3030618131160736084	-0.38379395008087158203
0.11044876277446746826	0.56426906585693359375
-0.034654803574085235596	0.063646100461483001709
0.0023452122695744037628	-0.019300594925880432129
0.23151251673698425293	-0.63183563947677612305
0.39518743753433227539	0.87466788291931152344
0.010633037425577640533	0.0074587194249033927917

0.79418236017227172852	2.5994555950164794922
0.74433213472366333008	0.14256756007671356201
0.65249288082122802734	0.1972777247428894043
0.7478873133659362793	0.31128180027008056641
0.039297580718994140625	-0.0091010043397545814514
0.22131966054439544678	-0.072779677808284759521
-0.052636150270700454712	0.13895134627819061279
-0.049102902412414550781	0.0053459461778402328491
-0.20030669867992401123	-0.073454678058624267578
-0.34357824921607971191	-0.049158107489347457886
-0.076360009610652923584	-0.1890795975923538208
-0.10567801445722579956	-0.068301759660243988037

-0.52524113655090332031	-0.65440773963928222656
-0.93495297431945800781	0.17447556555271148682
-0.15536130964756011963	0.031737368553876876831
-0.23488567769527435303	-0.028447899967432022095
-1.3505141735076904297	-0.55667364597320556641
-2.8346965312957763672	-0.053904917091131210327
-2.5724329948425292969	-0.02988933958113193512
-1.6458057165145874023	-0.11146790534257888794
2.5993373394012451172	-0.34571108222007751465
0.15947017073631286621	0.95675110816955566406
0.12203939259052276611	-0.019041169434785842896
0.002820459660142660141	-0.053665000945329666138

0.31670957803726196289	0.34508886933326721191
1.244953155517578125	-0.38289731740951538086
0.48384690284729003906	-0.35554492473602294922
0.53359687328338623047	-0.31349903345108032227
-0.17985111474990844727	0.023234954103827476501
-1.4983409643173217773	0.10940811038017272949
-0.71458101272583007812	0.10932888835668563843
-0.30998221039772033691	0.14070466160774230957
-0.8718020319938659668	1.8415750265121459961
-1.9173371791839599609	0.9292964935302734375
-0.75821077823638916016	1.2615232467651367188
0.70257461071014404297	2.5659909248352050781

-0.60475778579711914062	-1.5031317472457885742
0.84492278099060058594	-0.2566649019718170166
0.71394777297973632812	-0.058357443660497665405
0.68726110458374023438	-0.012384742498397827148
-0.093960672616958618164	0.3035748898983001709
-0.12503746151924133301	-0.2794965207576751709
0.3046436011791229248	0.049863766878843307495
-0.039655849337577819824	0.077318333089351654053
0.026396390050649642944	-0.15517042577266693115
0.31526237726211547852	0.30927368998527526855
-0.42321553826332092285	0.29449427127838134766
0.030714744701981544495	0.052274364978075027466

-0.19954086840152740479	0.38040307164192199707
0.44788274168968200684	0.11537107080221176147
0.40232270956039428711	0.20044697821140289307
0.37588825821876525879	0.36026981472969055176
-0.0036648232489824295044	0.0054800133220851421356
0.29876694083213806152	-0.1298828125
0.035950046032667160034	0.18869818747043609619
0.0024231444112956523895	0.010543566197156906128
-0.04738887399435043335	0.21337413787841796875
0.17608147859573364258	0.21758471429347991943
-0.060656506568193435669	0.33060494065284729004
0.051265958696603775024	0.21157304942607879639

-0.52029496431350708008	-0.5344193577766418457
0.21764898300170898438	0.63245481252670288086
0.064229324460029602051	0.23744016885757446289
0.017464183270931243896	0.40067601203918457031
1.2064861059188842773	0.16892598569393157959
-0.36925706267356872559	-0.85209959745407104492
0.24799750745296478271	-0.76170927286148071289
0.64168012142181396484	0.32461324334144592285
-1.2547689676284790039	5.3907155990600585938
0.36708757281303405762	-1.2162060737609863281
-0.75302875041961669922	-0.084860980510711669922
-0.043734285980463027954	0.41283217072486877441

-1.9140523672103881836	0.83220857381820678711
1.0890432596206665039	0.057938780635595321655
-1.1919815540313720703	1.8585269451141357422
2.4863543510437011719	4.5964460372924804688
7.1289963722229003906	6.0673847198486328125
9.7180013656616210938	10.526104927062988281
10.955114364624023438	7.0160617828369140625
6.2374548912048339844	5.1171250343322753906
-0.20876789093017578125	0.18587586283683776855
0.30311936140060424805	0.18323667347431182861
-2.7455694675445556641	1.9423044919967651367
2.4472308158874511719	3.6607279777526855469

-1.0713136196136474609	-1.3771535158157348633
0.4095745086669921875	0.31616669893264770508
0.70657265186309814453	0.50229930877685546875
0.44834491610527038574	1.1094352006912231445
-1.378995060920715332	0.64175909757614135742
0.12037160247564315796	0.28544577956199645996
-0.0057004760019481182098	0.35782986879348754883
-1.3832747936248779297	-0.25127777457237243652
-0.47668984532356262207	0.80256390571594238281
0.38915738463401794434	0.46034437417984008789
0.40741106867790222168	0.66107195615768432617
0.47976276278495788574	0.093258962035179138184

-0.85372716188430786133	-1.403948664665222168
0.22721721231937408447	0.23885333538055419922
0.40057554841041564941	0.40803188085556030273
-0.018264671787619590759	0.65958046913146972656
-0.73277604579925537109	-0.90427798032760620117
0.040325075387954711914	-0.2721532285213470459
0.14099986851215362549	-0.25429448485374450684
0.54812514781951904297	0.87624162435531616211
-0.9691664576530456543	0.85948461294174194336
0.088349469006061553955	0.5435854792594909668
-0.054765947163105010986	0.68912261724472045898
0.17648674547672271729	0.31156325340270996094

0.18408016860485076904	1.1500703096389770508
-0.019036807119846343994	-0.11064986884593963623
0.014791407622396945953	-0.23523660004138946533
0.10891621559858322144	-0.09337736666202545166
-0.99443578720092773438	0.4869092404842376709
-0.15106625854969024658	0.98650407791137695312
-0.15631955862045288086	0.82480621337890625
-0.50438463687896728516	0.43247154355049133301
-0.95317387580871582031	-0.15439821779727935791
-0.11165457218885421753	0.01903977617621421814
-0.14766298234462738037	0.13039503991603851318
-0.20258216559886932373	0.062476556748151779175

0.3610801994800567627	-1.2959442138671875
7.7927408218383789062	-2.142719268798828125
-1.4607313871383666992	2.5910229682922363281
1.3276404142379760742	-2.4298684597015380859
0.61080682277679443359	-0.6612790226936340332
-1.0815453529357910156	0.64344525337219238281
-2.1584410667419433594	0.011003284715116024017
1.0836701393127441406	-2.0197074413299560547
-0.43172004818916320801	7.2739090919494628906
-1.0614855289459228516	5.0059771537780761719
2.7166750431060791016	6.4186272621154785156
-12.725162506103515625	-0.66544473171234130859

-0.88809490203857421875	-0.7538344264030456543
1.3026961088180541992	-0.63930976390838623047
0.85458958148956298828	0.054488196969032287598
0.77968519926071166992	-0.094180218875408172607
-0.50560617446899414062	0.55326485633850097656
0.15423204004764556885	-0.57572984695434570312
0.41702449321746826172	0.37061631679534912109
-0.15407328307628631592	0.083202563226222991943
-2.7284309864044189453	-1.5932582616806030273
-2.8954880237579345703	-0.9037106633186340332
-2.9268853664398193359	-1.2590330839157104492
-2.9605174064636230469	-0.78679537773132324219

-0.2951571345329284668	-1.1495869159698486328
-0.032631121575832366943	1.1458948850631713867
-0.44405582547187805176	1.5972292423248291016
-2.4209461212158203125	-1.2756067514419555664
0.91522300243377685547	1.3112996816635131836
1.6520044803619384766	1.4324938058853149414
1.8587061166763305664	1.1204465627670288086
1.0173578262329101562	0.78981322050094604492
-0.31141594052314758301	-2.8542609214782714844
-0.61514949798583984375	-2.2953476905822753906
-4.5680260658264160156	-1.9004079103469848633
1.9196594953536987305	0.16425998508930206299

0.072673834860324859619	-0.14375594258308410645
0.063740521669387817383	-0.30952021479606628418
0.0143771367147564888	-0.18398907780647277832
0.10982754826545715332	-0.17985983192920684814
-0.029404316097497940063	0.095315992832183837891
-0.12132172286510467529	-0.37385356426239013672
0.14633673429489135742	-0.018810035660862922668
0.0056614996865391731262	0.047091182321310043335
0.82733839750289916992	-0.97378671169281005859
0.45523604750633239746	-1.0427000522613525391
0.64377176761627197266	-1.1011215448379516602
0.44342380762100219727	-1.081160426139831543

0.20414973795413970947	-1.1715282201766967773
-13.39896392822265625	-15.234527587890625
-0.42998564243316650391	2.9648716449737548828
4.4061989784240722656	-9.5965642929077148438
1.0672593116760253906	-1.4364632368087768555
7.9407863616943359375	3.7761211395263671875
-1.7816314697265625	-0.56111061573028564453
2.6658728122711181641	-8.3428144454956054688
6.3894324302673339844	-1.6436637639999389648
-2.2915668487548828125	-2.7145481109619140625
7.0391888618469238281	-5.6771950721740722656
11.13222503662109375	4.2072153091430664062

-0.047996040433645248413	0.39185109734535217285
-0.52064734697341918945	0.44710931181907653809
-0.020814437419176101685	0.054943736642599105835
-0.042848791927099227905	0.080800466239452362061
-1.4088103771209716797	0.55623626708984375
-3.9296362400054931641	1.5471459627151489258
-2.9904530048370361328	1.6327508687973022461
-1.6585785150527954102	1.0859644412994384766
-0.55262112617492675781	4.3420915603637695312
-3.7147910594940185547	2.9342548847198486328
-0.92834514379501342773	2.8072271347045898438
2.0725522041320800781	3.5956439971923828125

-0.015616873279213905334	-0.27344790101051330566
-0.29190358519554138184	-0.13942295312881469727
-0.12442424893379211426	-0.097196765244007110596
-0.077165961265563964844	-0.16258424520492553711
0.26231944561004638672	0.19401526451110839844
-0.12405706197023391724	-1.0783673524856567383
0.30846375226974487305	-0.18042317032814025879
0.10984333604574203491	0.12550248205661773682
-0.12121657282114028931	-1.3489252328872680664
-0.4697831273078918457	-1.1333596706390380859
-0.35724776983261108398	-1.3251976966857910156
-0.49513107538223266602	-1.1565594673156738281

-0.019685566425323486328	1.1823635101318359375
0.19467659294605255127	-0.32772135734558105469
0.44273525476455688477	-0.37842190265655517578
0.37923863530158996582	-0.097909152507781982422
0.78881049156188964844	-0.16211758553981781006
1.8072996139526367188	0.24922244250774383545
1.5954593420028686523	-0.13606780767440795898
0.99453306198120117188	-0.25635576248168945312
-0.65389490127563476562	-0.65519136190414428711
-0.03338243439793586731	-0.30902552604675292969
-0.22914494574069976807	-0.2987054288387298584
-0.28281959891319274902	-0.3949730992317199707

0.0071330992504954338074	-0.25954633951187133789
-0.53411430120468139648	-0.4107742607593536377
-0.0050981175154447555542	-0.29452991485595703125
0.16507229208946228027	0.076302476227283477783
-0.40180301666259765625	-0.43729704618453979492
-0.73479950428009033203	2.3418071269989013672
-0.54613846540451049805	0.22568994760513305664
-0.23465499281883239746	-0.34598514437675476074
0.57208561897277832031	-2.387176513671875
-0.16947998106479644775	-2.3554441928863525391
0.11876183003187179565	-2.5402624607086181641
-0.22832947969436645508	-2.2725815773010253906

0.36997830867767333984	0.34579792618751525879
0.025428151711821556091	-0.43456304073333740234
0.32340991497039794922	-0.53778481483459472656
0.31671935319900512695	-0.2190214991569519043
0.41330742835998535156	-0.081077598035335540771
1.5894173383712768555	0.52821964025497436523
1.1371985673904418945	-0.082624308764934539795
0.6197681427001953125	-0.12691907584667205811
1.9563219547271728516	-1.2169243097305297852
2.2726447582244873047	0.16808652877807617188
1.4556041955947875977	-0.7720012664794921875
0.94361966848373413086	-2.9162151813507080078

0.19095209240913391113	-0.36584588885307312012
0.43492692708969116211	-0.2526219487190246582
0.59889304637908935547	-0.14927761256694793701
0.50716918706893920898	0.028513332828879356384
-0.12682655453681945801	-0.24664776027202606201
1.4016628265380859375	0.59378218650817871094
-1.0635067224502563477	-0.17387697100639343262
-0.1006064489483833313	-0.24575926363468170166
-1.3915227651596069336	0.90750414133071899414
-0.95440757274627685547	1.0508478879928588867
-1.1702821254730224609	1.1015938520431518555
-0.96158683300018310547	1.1375966072082519531

-0.41388082504272460938	0.050196677446365356445
0.28459298610687255859	0.60125780105590820312
0.3283672332763671875	0.27838876843452453613
0.53019416332244873047	0.6612580418586730957
0.064523398876190185547	-0.66006219387054443359
-0.6521358489990234375	-0.018054595217108726501
-0.16558505594730377197	-0.38477170467376708984
0.28479078412055969238	-0.045002847909927368164
-3.6553223133087158203	2.327136993408203125
-4.0058960914611816406	-2.2569620609283447266
-2.2460920810699462891	0.53749263286590576172
-0.60384827852249145508	2.2125165462493896484

-0.13462619483470916748	-0.60222315788269042969
0.40892037749290466309	0.61073541641235351562
0.16051900386810302734	0.18170464038848876953
0.22042581439018249512	0.31972137093544006348
-0.054601632058620452881	-0.72715818881988525391
-0.0016903383657336235046	0.024322275072336196899
-0.17092204093933105469	0.10615167766809463501
0.015004850924015045166	0.0029396354220807552338
-1.039151310920715332	2.6699974536895751953
-0.74751055240631103516	0.75628715753555297852
0.37933108210563659668	0.96973633766174316406
0.65352511405944824219	-0.82751619815826416016

-0.099409371614456176758	-0.50474590063095092773
0.56252849102020263672	-0.11303526908159255981
0.57825505733489990234	-0.15881703794002532959
0.60704851150512695312	0.032717470079660415649
0.052767626941204071045	0.45920768380165100098
-0.037548284977674484253	-0.66788911819458007812
0.52345192432403564453	0.19249933958053588867
-0.10546591132879257202	0.17243710160255432129
0.16582605242729187012	0.3597494959831237793
0.4746545255184173584	0.086149245500564575195
0.14038716256618499756	0.27039182186126708984
0.15733686089515686035	0.018107650801539421082

0.030662950128316879272	0.072226442396640777588
0.34461513161659240723	-0.3529281318187713623
0.3192908167839050293	-0.31388723850250244141
0.38412573933601379395	-0.14892704784870147705
-0.011615118011832237244	0.025182649493217468262
0.071677170693874359131	0.55523693561553955078
-0.11899685114622116089	-0.061452139168977737427
0.045015633106231689453	0.010263605043292045593
0.19733880460262298584	0.050615858286619186401
0.26567199826240539551	-0.1484524160623550415
0.19199684262275695801	0.1291204988956451416
0.12001121044158935547	-0.0066981711424887180328

0.30041980743408203125	-0.44333255290985107422
0.54316151142120361328	-0.082146108150482177734
0.56971591711044311523	-0.086359612643718719482
0.582225799560546875	0.093812271952629089355
-0.14773860573768615723	-0.026610188186168670654
0.66406273841857910156	-0.018020179122686386108
-0.71070230007171630859	0.43944686651229858398
-0.19466051459312438965	-0.090489082038402557373
0.096825391054153442383	0.24938364326953887939
0.41056689620018005371	0.10619463026523590088
0.12919546663761138916	0.23613774776458740234
0.17768245935440063477	0.0097324810922145843506

0.62771385908126831055	-0.94523084163665771484
2.4880099296569824219	-4.7794518470764160156
-1.8687745332717895508	-1.5740095376968383789
0.29127556085586547852	-1.3025614023208618164
0.15543496608734130859	-0.30495017766952514648
-1.5668953657150268555	0.68034672737121582031
-1.2968258857727050781	-1.3332154750823974609
0.063490927219390869141	-0.62868291139602661133
2.3998732566833496094	-3.8584446907043457031
1.8511614799499511719	-4.1811895370483398438
2.1888713836669921875	-3.8596360683441162109
1.3209986686706542969	-3.9349398612976074219

-1.0415548086166381836	-1.5244362354278564453
1.5625593662261962891	0.61693441867828369141
0.64348512887954711914	0.55759418010711669922
1.1402660608291625977	0.44471415877342224121
1.0813183784484863281	-0.63562542200088500977
-0.16489519178867340088	-0.18808783590793609619
-0.098677046597003936768	-0.28024631738662719727
1.2647849321365356445	-0.50428718328475952148
0.26311439275741577148	-0.58021593093872070312
-0.55755752325057983398	-0.14898023009300231934
-0.68812388181686401367	-0.3335418999195098877
-0.26994377374649047852	0.22930257022380828857

-0.3705285489559173584	-1.7197268009185791016
0.22142718732357025146	0.65716916322708129883
0.57139956951141357422	1.1891127824783325195
-2.5328183174133300781	2.0458371639251708984
-0.837436676025390625	1.124472498893737793
0.24056537449359893799	-0.014441684819757938385
0.32356497645378112793	0.095702372491359710693
0.42381331324577331543	-2.9018261432647705078
1.2007869482040405273	2.4609591960906982422
2.4790410995483398438	1.5984667539596557617
2.3925926685333251953	2.3957211971282958984
3.4762315750122070312	2.0976397991180419922

-0.006238515954464673996	-0.98143208026885986328
-1.2459408044815063477	3.9110445976257324219
-0.35008996725082397461	0.69029897451400756836
-2.5480465888977050781	1.4051957130432128906
-0.43446657061576843262	0.81235307455062866211
-0.50137537717819213867	0.23863139748573303223
-0.54293388128280639648	0.019234707579016685486
1.3076713085174560547	-0.97976988554000854492
2.0688321590423583984	-3.8595473766326904297
0.19833412766456604004	-4.0864014625549316406
0.94803011417388916016	-4.5785875320434570312
-0.12827321887016296387	-4.7142114639282226562

-1.0186315774917602539	-1.5580719709396362305
0.78850495815277099609	-0.18603101372718811035
0.68206679821014404297	-0.11883044987916946411
0.68362051248550415039	-0.025289125740528106689
-0.0090400418266654014587	-0.025563519448041915894
0.097253084182739257812	0.29761031270027160645
-0.25360247492790222168	-0.01499497145414352417
-0.030190706253051757812	-0.02898278459906578064
0.010191827081143856049	0.0043629156425595283508
0.25995314121246337891	0.3363278806209564209
-0.40845984220504760742	0.081400066614151000977
-0.0057260161265730857849	0.0046205529943108558655

-0.1016276925802230835	-1.390857696533203125
-0.2685184180736541748	3.0570569038391113281
-0.47208192944526672363	2.6065249443054199219
0.39497649669647216797	-2.9970059394836425781
0.97110617160797119141	2.0150523185729980469
0.99304091930389404297	2.8296430110931396484
2.2040767669677734375	1.8344101905822753906
0.7076842188835144043	1.069281458854675293
-0.97496354579925537109	-0.72477841377258300781
-0.73017388582229614258	-2.0891325473785400391
-2.1969318389892578125	0.069237187504768371582
0.84517455101013183594	0.023522401228547096252

0.17811688780784606934	0.17119206488132476807
0.38130116462707519531	-0.06951793283224105835
0.48008200526237487793	-0.016934912651777267456
0.4242604374885559082	0.16725140810012817383
0.074183329939842224121	0.010905679315328598022
0.67162871360778808594	-0.19153732061386108398
0.33883789181709289551	0.044676240533590316772
0.15764002501964569092	-0.055567122995853424072
-0.52764892578125	1.0295909643173217773
-0.10532791167497634888	0.97090941667556762695
-0.27994653582572937012	1.1276309490203857422
-0.11250647157430648804	1.0194300413131713867

-0.55218452215194702148	-0.50048625469207763672
0.26924240589141845703	0.46986499428749084473
0.095753543078899383545	0.16719220578670501709
0.092852801084518432617	0.28266513347625732422
1.1341652870178222656	0.18762819468975067139
-0.2878506779670715332	-0.81649219989776611328
0.24386186897754669189	-0.69061481952667236328
0.60629379749298095703	0.28226220607757568359
1.1549961566925048828	0.76073342561721801758
0.2688586115837097168	-0.098421663045883178711
0.037399128079414367676	-0.2075869441032409668
-0.13547517359256744385	-0.039751168340444564819

-0.30952695012092590332	0.39515829086303710938
0.7529652714729309082	-0.41534605622291564941
0.5365574955940246582	-0.30309203267097473145
0.55495220422744750977	-0.18540699779987335205
-0.0019905953668057918549	-0.013236578553915023804
-0.20358411967754364014	0.52902597188949584961
-0.24807274341583251953	-0.10314959287643432617
-0.016703791916370391846	-0.012914446182548999786
-0.36261028051376342773	-0.27473217248916625977
-0.63965749740600585938	-0.016991268843412399292
-0.47211599349975585938	-0.35629278421401977539
-0.45268550515174865723	-0.10691897571086883545


