0.15750960793159474    0.16004151576230652
0.4289822340707088    0.651332118301124
0.5688057482382269    0.5988647387096693
0.7137843542451863    0.020104408137436414
0.9031936679738055    0.6520151957414653
0.1813998317213379    0.23322040339426042
0.8022142666678238    0.5544463026906026
0.8855290921485921    0.10311975087134062
0.6785123946203104    0.7432379021212485
0.8833238049794228    0.19860135184776517
0.4007230708741223    0.01191943452629296
0.4374765697046583    0.729676000596027
0.4712771817108734    0.4414110441419774
0.31022150522323955    0.8327464779536986
0.6799772851212795    0.2304489111119914
0.1039590036780964    0.5494389571219813
0.6000350960586986    0.9900164410282446
0.9734680071995663    0.6944746134877118
0.40129195046835475    0.6112279456261791
0.941835643251375    0.27059077974678947
0.52630211757332    0.16916095655833585
0.612564141601943    0.5349863139174458
0.029666961157468252    0.9009254681638132
0.9561805369377057    0.625334622140252
0.003955768843002971    0.7056791141848318
0.006911840087328702    0.8449504107128869
0.5254610508971884    0.1368905288223088
0.3156413538306979    0.9739017118897959
0.7796683439759204    0.5866094213366198
0.7565884052498575    0.0873910578491901
0.1798814719110149    0.09744356067784321
0.28204763186387494    0.06480338897054438
0.22524714752648722    0.5766925247545744
0.483985132356455    0.16040709692773913
0.3751805924191154    0.27890665876709253
0.4015612269394966    0.3261346460162995
0.12593016695464798    0.6054887112372358
0.44857305505986167    0.8940439248083174
0.8793114494759136    0.04293454452471601
0.49395299293121075    0.2989001347808171
0.6489536401172227    0.8640526719689319
0.1117955138248341    0.059448964341127786
0.037418075422676056    0.835063709773239
0.6056068309046809    0.32676236733847763
0.023959621933914654    0.13242335924840032
0.09298718290870522    0.6809994362015663
0.3328828777804811    0.6778597046950061
0.08900180787237355    0.12606843129840217
0.18577838910676325    0.7316558546154197
0.36535794863681037    0.9602719242809508
0.5865578241812297    0.4339870612964991
0.5739008181612102    0.6534353645915345
0.29463939604281975    0.23820376551179923
0.20385017313787768    0.8339821415919213
0.6915906664862239    0.8331894406652933
0.792194597841573    0.7696062900207121
0.6338590573812881    0.15764831928011458
0.5751810935856485    0.7616017774966442
0.11359449858588033    0.6096472061120994
0.5143027395843962    0.8773655937589311
0.7231566996186725    0.7303254823759155
0.6157105608265201    0.7468963888093769
0.30028873328666483    0.715783484909555
0.277175657891666    0.549179523857235
0.18268064111643545    0.8938559894877651
0.4403784489786191    0.541504124186283
0.021483140793584266    0.5902430410882007
0.2689278923990919    0.9046477043068823
0.4741346896545493    0.7613486369951901
0.45121894183083855    0.4885182540745825
0.23637344512055902    0.2584465206247675
0.09527304888684762    0.8938843529795995
0.3241564046675709    0.9779463246490516
0.16562963075209636    0.05581918966380406
0.5384604141083316    0.9757596918929574
0.5185039679430363    0.5957046302365339
0.45591144518021354    0.5213721061066041
0.6286662782482304    0.4799800740508344
0.1676514324532532    0.11949211923901659
0.884753735966096    0.168580264487582
0.7587482940625201    0.053089402055645385
0.18278704025556336    0.16887197990776537
0.33932793778843195    0.603857014199255
0.9879243929184913    0.1446765483170085
0.29748279761969454    0.26038147266630984
0.931317767410893    0.05152640150776655
0.5468438506385309    0.7927699755725737
0.88192995262417    0.11601464667950623
0.4962733107035968    0.7784259800400504
0.7175817848623582    0.14539155601266973
0.7218952937082721    0.1565215532771762
0.3822124217866296    0.36522839851509237
0.7703979736334887    0.15791581232983587
0.9766055645093439    0.8267785368188165
0.6449630763723833    0.8807624657531117
0.722410638241852    0.6921706591693406
0.1754999641056365    0.5877250470160995
0.14207559194118557    0.6079586190818347
0.7976490888438248    0.8329081226184119
0.6837853405297403    0.7991851554326637
0.1416073314320745    0.2560072892720062
0.2020033745719767    0.19863271400913773
0.7539718204178465    0.5011017913343281
0.8666921349781265    0.3800210575393279
0.678546521237416    0.7931383250747266
0.4346553666433164    0.8755764727657822
0.985635490432359    0.9257380308513379
0.5684556118892843    0.6846568813840797
0.28844663735170273    0.42785044923960736
0.004842834311941102    0.6957465670665164
0.8007323556374304    0.20083830490542853
0.8701035486068294    0.85679843159069
0.6175801125947877    0.15069681296030457
0.17247666511123816    0.14499869262420773
0.4395355707280395    0.32836143329262946
0.7869994546730485    0.07611614366197639
0.7551507408408256    0.6299756172986768
0.1911722977707302    0.9638452587605426
0.819423543282487    0.3122321110935209
0.7199395068770902    0.08348025396398628
0.15052351183183243    0.0025732499703172707
0.013176165990125943    0.23554421598087227
0.06358478084468011    0.001584590605399061
0.17836828446028097    0.7222971372950457
0.5629041858429975    0.12971657835376038
0.3424665916927434    0.6309815456719481
0.827725057201476    0.5873903450283506
0.4615997397782401    0.759935350025216
0.9110206740485076    0.7820984413952865
0.2261347586016278    0.9422004549698058
0.5198256777935459    0.5039938823017422
0.006126874927213866    0.3786972438939791
0.4040656557074731    0.1922777821019923
0.5724129117387136    0.5760239630722668
0.4053429582061807    0.9353042952529453
0.3165543383442164    0.07657411211680687
0.2624768942867739    0.2459374317386731
0.15327111719000341    0.7284225094895607
0.497158692817375    0.9040914786482679
0.1773093724790884    0.3969591196136242
0.40244413085724173    0.4056092061237817
0.8801593663025302    0.13337416879020614
0.10428293622283635    0.9387630879070474
0.8151366651165739    0.8524521488283492
0.8593355461974297    0.5715049237462393
0.32327139341760325    0.3790078314516878
0.22247531292084521    0.8081281783193275
0.643742683790868    0.5298096467497704
0.4693215268290851    0.32699732069820353
0.6642964290421252    0.11132553771266784
0.1642955896747471    0.7110952506685422
0.7377533687161597    0.09010904389728402
0.38117836399818295    0.16080562401698484
0.37119666228367376    0.6948106214731056
0.3925063176956507    0.04574776168278749
0.8434258365285803    0.5584939557549782
0.3025165229781235    0.7666499174243719
0.12406597925142693    0.009052019841388814
0.8403369282451079    0.16703933733361498
0.7285711084144078    0.8866535921830621
0.3043986228304374    0.6058949637205329
0.8959329457943501    0.44545326874648317
0.6933598912229331    0.13728044336967105
0.00867468446439501    0.36981127747481257
0.44681795623121534    0.44774092285234923
0.7849563754011151    0.8675882279812588
0.6399808303398458    0.529839119128779
0.08448027188937379    0.6030579233642939
0.4981834774697871    0.6268766212488315
0.6442867890574733    0.5461945919033389
0.6005351901878095    0.8044032771723473
0.3103207480986232    0.8880543649145125
0.8176642296832604    0.11857848542395555
0.807712877884984    0.3918321093753332
0.0046755719495714665    0.7986553247892252
0.9701126925334913    0.08550319270732731
0.0699651956205316    0.3425457699566401
0.29545245923062957    0.6607201051998208
0.46392723636597055    0.4909396186002304
0.20206122050940922    0.7675879655269708
0.5897473647630642    0.9626211555618698
0.48353197043695095    0.23398879558945462
0.12003140300172488    0.09731108389784326
0.8106125518354133    0.5289373905305979
0.6010601919640934    0.3961461048383783
0.40875907306803483    0.8526799567194363
0.5448890826877995    0.9349839509669697
0.9408633946903531    0.30336815531195205
0.5497589814365158    0.8248976988920973
0.8907983400030177    0.9237295688043492
0.16279505666608474    0.6867776851149665
0.06608193889973601    0.6520112665097726
0.9597887239550427    0.18314614123207518
0.8788479429618057    0.37414441068077586
0.4266344435044511    0.8931460188402423
0.9523384755217588    0.5041152328071281
0.4675714314620547    0.4345718827886038
0.9027317721167338    0.34015524495461014
0.1889423079568775    0.4666570410197195
0.9290672227259971    0.5110553686214518
0.23047177330771995    0.2747293889222471
0.8229740498989775    0.19528817766620965
0.8730126358505805    0.24482866186591878
0.5073009073140902    0.512386861545207
0.8771398220226188    0.29642110970035596
0.5485858377063544    0.08462354277940709
0.15161807132822736    0.43434534734352637
0.7050746879141618    0.9537064544071219
0.18602670245862196    0.8493913076959931
0.20200084883397018    0.15502237727516133
0.873837921830148    0.3380635279195361
0.13607896210258752    0.20145623040336025
0.9078067364361293    0.5246331305129837
0.6327843949968217    0.7292003223346868
0.9424343208377672    0.14224029144811423
0.21720984851831737    0.4407475191287946
0.39968183217617304    0.993835824477797
0.1489979596306905    0.8665460111972714
0.562852927378505    0.39060355629970833
0.005873206123240049    0.4064177307945369
0.6534883124724242    0.4319236861489497
0.9366069201682696    0.26493795193315783
0.42530358286558756    0.134683804606065
0.01271908707108449    0.3030073698853597
0.39306866164667076    0.46680697446560293
0.9398815615639604    0.2815837718604004
0.6585736037634777    0.7543596264413712
0.9100214950791781    0.7669761935400643
0.2763290403838876    0.6582539033055688
0.10518019905885856    0.452261124102991
0.021874149017165    0.2726649092884379
0.09312776942647116    0.5040308110200438
0.9050727061358101    0.433760733716664
0.9493010767226235    0.15297726912178233
0.5721254606399373    0.352120422179933
0.04439048530676626    0.22528818652828142
0.13892802198490894    0.5747412179840752
0.24063798161148342    0.14150262507024314
0.4882285173059271    0.4988234354591059
0.12175048901232555    0.8660703525261302
0.6400143188766141    0.5071347548328728
0.5440365835648868    0.6975908094304455
0.991634749801525    0.8151938721331715
0.8866932783584156    0.7600279171033069
0.24841431954745397    0.9946474547471267
0.38589263197530643    0.10185892099694249
0.6140066149828827    0.3249868538815941
0.04664202985572197    0.09843799090094452
0.8894982780723406    0.42847654273212776
0.43966525247293187    0.033325644314865066
0.2984029944771882    0.05284465338348987
0.07585719966356508    0.8119147246714848
0.8690275959545524    0.06036766769452395
0.3309920685215322    0.39025389547951383
0.43195370465880845    0.26111667611567246
0.3027381647149494    0.25481284477228816
0.8614617854912565    0.1264774605255008
0.4475195508144094    0.21288947411341486
0.23869417222564615    0.4592273661402979
0.2332057213349623    0.6247606470928018
0.8479074785271219    0.6889962816904318
0.7775284124380086    0.8878789355841541
0.8285529062841486    0.7846442104664364
0.390290414875168    0.38102174396046995
0.2581882715400854    0.16023312083858365
0.46300925256538594    0.6558060099047465
0.9537933560912417    0.23768580612552848
0.2829796901144297    0.030104454489431554
0.482827300720279    0.3934905279885579
0.8300520790645889    0.8080538032464042
0.5578646712049014    0.7516476639082594
0.3763147923026269    0.8081499715527698
0.37176251088980816    0.9131679335189489
0.8186184719931595    0.7641299561337558
0.7145641525702069    0.3351903191541077
0.7098918102737095    0.16938276408036979
0.4064000476896672    0.34154863514099776
0.25117520551794703    0.06777603322976078
0.10828703525374372    0.6464412406824671
0.1932759053052031    0.17189677846997276
0.09069222457155823    0.4643876745752342
0.8960433339691749    0.31599155610291074
0.6088348325859916    0.1928288429247158
0.607518876254068    0.36521208686701634
0.9084508108895699    0.5233943718959897
0.5138867793556436    0.6666557132098849
0.1272844530744084    0.9806343311157968
0.9201153239710644    0.9784571121661816
0.7973268331406242    0.23694229175322135
0.25366996653388507    0.44966326070032525
0.5141633136633617    0.5098662487219647
0.9793436623079044    0.6281290951274359
0.6094848947515801    0.8490686224926951
0.905751100133497    0.9467630005444883
0.8098352172628247    0.655975567429923
0.5143122132075457    0.16439640458069427
0.7292526476226309    0.6875135462314164
0.10028977401364036    0.5353231984769184
0.801370579889233    0.9561808575840971
0.008658585715777711    0.018720222832014244
0.8117364054170166    0.62696452696569
0.7424804327322865    0.7066518639603325
0.32178320554275786    0.09549538358911658
0.4714551399914595    0.1885763683789876
0.20382080531231805    0.6643342044834
0.293744086514951    0.5773539487599553
0.2751026845105149    0.07834730995576455
0.6667997604909459    0.18625466835638127
0.8457233024780237    0.9896419290791814
0.13715486702396973    0.3489231798800543
0.8211250846678226    0.3555324024701385
0.6825517623255482    0.3217208453430025
0.8716313018411195    0.33605116800081714
0.9371519173241876    0.6198618953323229
0.5566266334072489    0.9848517667868371
0.8284892921073941    0.17597000156358433
0.16302938381979604    0.2034377245589356
0.2744374822747586    0.2123820423373799
0.31146432527581647    0.3541210354575044
0.3788022807484932    0.1479021886598355
0.0811879635285464    0.8777519010266865
0.11242764034681918    0.029754527564230582
0.1940835806615877    0.13699516151670044
0.4143287389195496    0.4711209144648909
0.7871671158568903    0.6611345932011456
0.5787846563380923    0.22986843486829311
0.9305828991243204    0.279247121223996
0.7148771422054212    0.4676122634675386
0.9949670768826859    0.47353534989315427
0.3490860419350865    0.39856724644561736
0.9834418313102542    0.7079343769648174
0.9316500567175949    0.7774322388780088
0.9938661385593328    0.1373409118111757
0.8299461910499386    0.5922731343094578
0.8221708905519165    0.001795663306238815
0.5474827284329913    0.014645931252430078
0.4219161392652635    0.9168881041483679
0.5450308991693347    0.19001823443764132
0.6901071765126541    0.1527161919466007
0.23596795621151845    0.8820778844935149
0.37805219232981235    0.5010263560540953
0.929539930966897    0.8260722704505827
0.13495462941138014    0.9981080425410331
0.6493761215756757    0.8905062385637317
0.7058528501390944    0.2447979529084392
0.39206307557786646    0.9900124975320754
0.48389374685050557    0.08780664917463987
0.2208420694061819    0.8922953431040483
0.8099112231021364    0.6675772827516251
0.44676985364984745    0.4059049443729583
0.8759017025909344    0.41596928619444284
0.399093662470146    0.352795293946623
0.6938416491989134    0.08694549003650787
0.12063474348283654    0.4842728541673931
0.7619178773249895    0.6476734723864241
0.7095886812321839    0.1532051943499424
0.3257205091119626    0.24821010113952768
0.456970985941372    0.03306717994385955
0.6361822656862295    0.6059180940102344
0.017084763453761864    0.6621919648836507
0.4223832690938689    0.00534017004042342
0.1388458037889213    0.16954814813929775
0.8829194805957674    0.5595485826947517
0.7124768799572663    0.5844895637761169
0.2519580288265246    0.9396928627198606
0.022576502325505565    0.06943512258634055
0.8212468031532103    0.5995271192366085
0.21930978178701221    0.3962061677530231
0.4871356235380284    0.0063955024912649705
0.6501906119514425    0.5757801979898127
0.30591591953994035    0.3751193127770047
0.29707081342196906    0.3083001636317515
0.8325271883773939    0.7725287815541204
0.3904453500615368    0.19331876197276343
0.05189868293158684    0.3587493576453089
0.05779148610611262    0.22925187290455917
0.9612075489065253    0.08595170483665804
0.45650821664641406    0.6310061194629355
0.42381835710013416    0.604205426027906
0.6876532867345899    0.541154095048495
0.47136270346990283    0.7539273204929211
0.9169650591955576    0.3992490865862135
0.8594856145683536    0.8434290579042656
0.38165562773144734    0.20894627534170862
0.13651113966106299    0.23621514951093525
0.3156748804361602    0.945174543367898
0.25212677150989027    0.7487691744460696
0.8753017197316011    0.18531189343397214
0.1913121557624593    0.11534363747462195
0.734343658106088    0.6141600670959797
0.33896794775520167    0.41486693484552806
0.8407527839801767    0.3545278930636331
0.4263270381162916    0.7245162989193494
0.6630062944291761    0.24926460882181134
0.7204740233133247    0.8220082962944326
0.5779671706763825    0.648025417569813
0.3794323843483136    0.8331287853775671
0.1136905743813712    0.6304841899931788
0.7361242323873463    0.7362402294090222
0.5961166971945182    0.014612318823379988
0.7675084811484747    0.6624227447437403
0.8434582643691659    0.23499704870082994
0.9426021375102993    0.5670454999029002
0.025674227642559888    0.48191448247892943
0.19577219920141897    0.07794271965102029
0.3248428227099345    0.5763179073570635
0.3633904201417746    0.7442729886220427
0.8303630802357322    0.2278264412754809
0.8918006734355577    0.21575021110830228
0.7824265781929551    0.996895188004693
0.10263123782014749    0.9376455387102318
0.41795044377025503    0.8081902699226073
0.14337057284934906    0.3342321779856201
0.8026723163140512    0.2917978195977611
0.9796185584581296    0.07373494324152863
0.9872344128500707    0.9541548316186144
0.6049091132580016    0.3265847505177164
0.3340391839404082    0.029755353971333776
0.13736621378778713    0.8467177278610916
0.7881460783416561    0.21765325702357652
0.46714145223756276    0.5268978220585814
0.39428075198547474    0.9576714966441144
0.3532400775468745    0.11824916193789137
0.3523635617282177    0.43131361727449624
0.27374055105479167    0.11227574840757115
0.35864154340401644    0.332044663918732
0.3647439866426234    0.6796491890184102
0.5340003630780996    0.2665297278378773
0.41952208959933746    0.096868309035262
0.5918667215810427    0.8861316283056164
0.6785720012241361    0.10693958236128376
0.26624881780611376    0.8322432413458987
0.5874938831763312    0.08114723584634742
0.6779682017902708    0.6266172860078725
0.2822958352170073    0.24300556406773377
0.004942425569691711    0.25804653124702503
0.6763589026654067    0.6974949857356232
0.8608777521126301    0.6205069049950893
0.6230223843468286    0.49212736490224573
0.7914637718712374    0.3196557437276555
0.8226933604078019    0.6929646836736991
0.5224443177988691    0.04483007685408813
0.21822214123298878    0.2214090157754074
0.7436246599008325    0.06523928651950395
0.4114283368160221    0.049219763193802946
0.6278467469877662    0.7380591258922915
0.27177747396201957    0.6278189546929476
0.4123096331285052    0.4476575052920533