-0.308020031386806                   0
   0.174320385545227                   0
   1.073368674558063                   0
   0.044021243593143                   0
  -1.087802235860990                   0
  -0.521579914320420                   0
   1.030741178986311                   0
   2.037880200615127                   0
   0.134242779646347                   0
   0.100069167160170                   0
  -1.165129895614368                   0
  -0.402801585572021                   0
   0.832324197448726                   0
  -0.156233333958431                   0
   2.270962110300870                   0
   0.041251540504049                   0
  -0.913470115220630                   0
  -0.904009833064777                   0
   0.738408520417913                   0
   3.889898765793379                   0
   0.852948899579609                   0
  -0.082503876127730                   0
  -1.046499305361585                   0
  -0.860560056775021                   0
   0.159852310313333                   0
  -0.914924844942854                   0
   1.828490218588729                   0
  -1.768768340403381                   0
  -0.957629032740580                   0
  -3.962884952924953                   0
   0.838790735514473                   0
   0.790161636315719                   0
   0.593204754176842                   0
  -1.527732373779189                   0
  -1.018393799629153                   0
  -3.052134479104782                   0
   0.943632654872264                   0
   0.374895065722787                   0
  -1.483507100522501                   0
  -0.241550935607106                   0
  -0.192725263416153                   0
  -1.085240324577184                   0
   0.359732266955533                   0
  -0.900950558049136                   0
  -0.074129624221735                   0