4.1338         0
    1.3236         0
   -4.0246         0
   -2.2150         0
    0.4688         0
    4.5751         0
    4.6489         0
   -3.4239         0
    4.7059         0
    4.5717         0
   -0.1462         0
    3.0028         0
   -3.5811         0
   -0.7824         0
    4.1574         0
    2.9221         0
    4.5949         0
    1.5574         0
   -4.6429         0
    3.4913         0
    4.3399         0
    1.7874         0
    2.5774         0
    2.4313         0
   -1.0777         0
    1.5548         0
   -3.2881         0
    2.0605         0
   -4.6817         0
   -2.2308         0
   -4.5383         0
   -4.0287         0
    3.2346         0
    1.9483         0
   -1.8290         0
    4.5022         0
   -4.6555         0
   -0.6126         0
   -1.1844         0
    2.6552         0
    2.9520         0
   -3.1313         0
   -0.1024         0
   -0.5441         0
    1.4631         0
    2.0936         0
    2.5469         0
   -2.2397         0
    1.7970         0
    1.5510         0
   -3.3739         0
   -3.8100         0
   -0.0164         0
    4.5974         0
   -1.5961         0
    0.8527         0
   -2.7619         0
    2.5127         0
   -2.4490         0
    0.0596         0
    1.9908         0
    3.9090         0
    4.5929         0
    0.4722         0
   -3.6138         0
   -3.5071         0
   -2.4249         0
    3.4072         0
   -2.4572         0
    3.1428         0
   -2.5648         0
    4.2926         0
   -1.5002         0
   -3.0340         0
   -2.4892         0
    1.1604         0
   -0.2671         0
   -1.4834         0
    3.3083         0
    0.8526         0
    0.4972         0
    4.1719         0
   -2.1416         0
    2.5720         0
    2.5373         0
   -1.1955         0
    0.6782         0
   -4.2415         0
   -4.4605         0
    0.3080         0
    2.7917         0
    4.3401         0
   -3.7009         0
    0.6882         0
   -0.3061         0
   -4.8810         0
   -1.6288         0
   -3.3782         0
    2.9428         0
   -1.8878         0
    0.2853         0
   -3.3435         0
    1.0198         0
   -2.3703         0
    1.5408         0
    1.8921         0
    2.4815         0
   -0.4946         0
   -4.1618         0
   -2.7102         0
    4.1334         0