0.2360031820640942      0.21688910570654873
0.7009311753043372      0.21680790963955743
0.14993162041824348      0.8055630165480214
0.7570661195398494      0.6100205849461637
0.4105810164607606      0.7124484806159141
0.6588809262843895      0.772000213152005
0.8373920356379116      0.9849805385025627
0.5717160813074236      0.7017611338461618
0.6206878630022628      0.5611514312265764
0.5346218029259857      0.6013840858722768
0.3900505882620642      0.8786545777099775
0.6232027338361252      0.5824564324157486
0.6229180770480454      0.23469563128921322
0.2811543507219343      0.9459643793861279
0.17893034887786508      0.4213025626863196
0.7670969962876986      0.939538597534942
0.9130956270888775      0.9021831821747548
0.9867975334029075      0.25529576057622183
0.10243809004184112      0.16144134902031126
0.640149219152961      0.7609108473628716
0.7603687505442007      0.42924198940032765
0.618385255596178      0.9933562112222101
0.5360777494906432      0.6971710151449864
0.06915607702834436      0.5719900122956356
0.5419797762808258      0.08377212172569659
0.9530632412839648      0.06988591698102731
0.863395886738819      0.9371376218445702
0.6789199147871583      0.07763451885898887
0.688788842706938      0.16475697195436
0.35508364344229704      0.15934018159596697
0.5105520682536104      0.5625803842545576
0.6671788809525301      0.8255267558982258
0.38903891181122696      0.8967431944586663
0.45443296415044077      0.71748477426236
0.5897533911934043      0.057082919550530686
0.0820119243276527      0.12379545105934198
0.6339339485539743      0.02943274832517173
0.03930724596956736      0.038592666563652456
0.3976332786840211      0.036723300664206926
0.9601499835386282      0.6346067720849835
0.9280247024782253      0.31164440778794056
0.8702724181007773      0.8129611024854679
0.009802220812596962      0.7138463225476381
0.385115457408469      0.5329475678405775
0.1968895108793265      0.454831155461191
0.23265571065891777      0.3979915208974387
0.0496416740226564      0.8491352006252952
0.9621189291731793      0.42353975049700376
0.8642670917847006      0.5701128231863257
0.043531668983741056      0.09787490193854032
0.6889082688845676      0.8219605620317485
0.7581359407012733      0.9298618158741669
0.7472403881874081      0.9210089634751613
0.09823993470877546      0.8322402218837466
0.1912549455792849      0.8318210430117592
0.4670009560099595      0.6113190030186633
0.010895777488308944      0.2284317551573074
0.02521570649300675      0.058016968369208444
0.5517284268332914      0.07617237136075139
0.7259800024744647      0.8908000637825224
0.4642050422888988      0.43574758918750955
0.1474885592929276      0.32871855244411097
0.7516171522956943      0.9004366912938013
0.5123543152147452      0.16217441632609964
0.1669287968057953      0.35875647912739783
0.10053294610583796      0.3462302476598125
0.2986357668236348      0.026841675760408856
0.6267440938222097      0.8962540449837859
0.7559133073756787      0.9280622903579987
0.6121861197713838      0.1496354882334443
0.47853805410736294      0.4118161650783476
0.40578870432747016      0.4108565762982872
0.5686792604179964      0.10600966110765508
0.047227130029756426      0.40702639379223426
0.4791222464775611      0.7437265930775216
0.01345649301293439      0.59343650262329
0.6448756723284492      0.23859488333165135
0.8837647456842064      0.8079761160301056
0.44824355121115844      0.9525514385830862
0.5980727357255695      0.19183418840712307
0.5861164612015928      0.19036710127050926