0.9438167256117536    0.008733940497344772
0.009351876687446747    0.3615395465341389
0.24862890724434972    0.7283869934498339
0.6142713571264886    0.21237354228078842
0.8275795375661414    0.34723652188182186
0.8528397434257924    0.6397174608459415
0.9143867575368556    0.47846636687449484
0.9306786081790233    0.3979656063160719
0.789038308550799    0.6816342243640321
0.23055614680635617    0.665317001813138
0.8037947984240714    0.7106261924135269
0.15929763429103505    0.5270995091187043
0.12676720964972388    0.6266283590971844
0.8059972927938301    0.9359219383649864
0.15962562891589172    0.8959567962151396
0.33946821725939524    0.6598067446484608
0.6396950651489526    0.6198538841503529
0.7755495592961708    0.4127166160004707
0.5476479353959436    0.705066811824218
0.29386277381256565    0.3947409130141559
0.4199437624758835    0.348094337194494
0.4114322473137413    0.20677476787042104
0.5564042653100976    0.7237745093063228
0.6889592016328376    0.26678615252766535
0.6619091495879847    0.18944866063505095
0.38344569222174596    0.944444465062162
0.22132967853868646    0.8353710473387979
0.7567560339113204    0.853127595062674
0.018815617868088275    0.959511666286514
0.2166008770631902    0.09188439992659703
0.5054646222676804    0.6368356897562075
0.8911298170718864    0.9377482769481085
0.3603859822680493    0.7544156824670618
0.3476023779970623    0.5193020330929565
0.42280628825133904    0.16278196117324417
0.5683945790142766    0.26721214120065584
0.8605184156039043    0.32948880828727045
0.10881619212781612    0.8171400194297067
0.8882234891613174    0.5847113330005405
0.12413974477431977    0.16182639229647555
0.7292551281813973    0.2564550067287734
0.7835806980780242    0.15478642800032216
0.5980068779427716    0.16322505129420173
0.7688781527771951    0.931476809989249
0.7200650997456655    0.0638775967932006
0.9608670097834962    0.22200578648738833
0.9531358508319265    0.7816239783208099
0.5422083337044303    0.863691566281495
0.5878252961048371    0.0014185861246389653
0.007880656250033757    0.8206885617607256
0.5160810157261642    0.9095969159576747
0.6173008857134454    0.19176257773211014
0.7315055454155979    0.906280009294985
0.7112888736127525    0.3913973625074523
0.8750051889198591    0.11562954585700225
0.29399137931818253    0.3627444179071808
0.21182316827643577    0.36923083990845895
0.9209737996665279    0.6520074704856462
0.8369371107935284    0.946309819402207
0.876866974967367    0.21239189823629157
0.2281281602662264    0.6887908908174492
0.7879752787460719    0.7660114093919144
0.7192923024902331    0.980074675620257
0.006039524012752873    0.7725317081817331
0.40335476177111906    0.7578842352115052
0.7361642686322922    0.11067381325220405
0.605661660264019    0.5187542275303187
0.6999816133567092    0.0935574344748642
0.43287669473198154    0.6650740542652251
0.5488360788986402    0.819258227116032
0.020170676750953964    0.602123029869094
0.9501598000559552    0.5654479927786102
0.5493955519080778    0.4013581290823691
0.7618332473491267    0.8918378709216468
0.599488292783825    0.8847121385877879
0.3568509612366477    0.1318011818245477
0.8678503220891596    0.5413361806478254
0.37588125554565477    0.09413915886497382
0.17600704715675697    0.8874889299227318
0.709157077061539    0.056063146545770604
0.8257342527769471    0.33665308914347536
0.06976043162304113    0.3094819941800071
0.14008633940872484    0.7868407102815709
0.630565535288927    0.8573160245182185
0.9617315240293738    0.8735314426414724
0.5666372003166156    0.6872294208374776
0.6142851966226124    0.4716947021563842
0.7263407232338963    0.4955379151033221
0.08008244005432763    0.25353531787927586
0.41838296815061216    0.6659516214744103
0.9343282846275827    0.43891174521348786
0.1373299417731848    0.3525536690285618
0.3797684495801845    0.33424185215751057
0.9133941409831838    0.45347584897743776
0.11613004797977244    0.24363658966134127
0.14897558745290262    0.13703031768037555
0.8185333491378037    0.9526788461572251
0.8501018711573192    0.44657610095389844
0.931158216255237    0.8811675598277107
0.8200598907475725    0.6158845212920301
0.0111192406026408    0.9026724447623493
0.40145403560837045    0.4266558051523497
0.9919468819761723    0.7701363851826939
0.800718724655689    0.894283929783769
0.7787827191545802    0.43403766138921007
0.706442954045355    0.46426325126745516
0.11601710681203925    0.6402165346464199
0.6833584170650422    0.0956653759566004
0.7432574370272607    0.3857453423968622
0.054244312103483905    0.6072329061432622
0.6990132076822271    0.5256995832127853
0.9645438574632532    0.08863077699818533
0.5319722588890645    0.06435718140942637
0.2850435524823127    0.5991647374272913
0.6109801888613913    0.7773730473875979
0.2714445352949697    0.3687243579241708
0.8907748349903128    0.08195633456505402
0.9875969942491483    0.20179973781637028
0.2305258993440944    0.7834482943074121
0.10949522931370481    0.2154789978125211
0.15539273917806407    0.8295997217618083
0.6210174275566158    0.5732232831508672
0.7407620822270318    0.8421556596341466
0.6293975686140936    0.918513571818588
0.7357198674499592    0.3953700201157242
0.17499662398027294    0.05737434344660586
0.5716653626418093    0.04149007293483753
0.2803563277489656    0.06651829599729608
0.5766271934538543    0.06493020598922783
0.21269707409731486    0.7830556181374888
0.3264148716415729    0.963844711120933
0.3933151859337225    0.9063449181479881
0.058242259014696485    0.6419422714722078
0.3725494489692758    0.26663811976278895
0.5065254678444886    0.16787947457550856
0.21182197093771182    0.04824767004655395
0.9834850957140344    0.04256457677122816
0.8134384922120625    0.1904249540973595
0.46109995777170987    0.22795689052053558
0.9143812610250812    0.3830573674833062
0.16484505005873262    0.7358036772919749
0.5472882406281292    0.6338796686272608
0.9657649179715437    0.2067010047501896
0.5002921943423457    0.921726714360382
0.9832466220907128    0.310002865816162
0.9851732800177957    0.16253078506449614
0.7162785197935158    0.46688187805157955
0.13836169633366713    0.7989414071560077
0.276680904678948    0.6233230832570651
0.19726555763855935    0.8444308916778087
0.5999482639180556    0.902601039779465
0.5081450208418086    0.0740273173025443
0.9431204295345703    0.6926666661248988
0.5552888046489912    0.4752063993050055
0.5921480310284433    0.3519644885075226
0.9844117519426976    0.9787664823418294
0.007940286431461052    0.27159025896351774
0.7791942668869858    0.25899253230687314
0.5587322785040623    0.055584950390858756
0.9404176965730182    0.5213107449151921
0.4413180965436099    0.10224833115321696
0.4257918848033493    0.9846732422551723
0.06484319865027421    0.18515385101210113
0.728990637295335    0.7878073136944073
0.8918056632081715    0.41235361584586605
0.802278008582483    0.31736886133075815
0.6793785504150323    0.33296900582200895
0.33143186578065675    0.5835935583783944
0.36021408343345285    0.7490349039773594
0.35953571119190464    0.451216634462444
0.12998353885025704    0.5968261343851942
0.48111098846853007    0.02231252424393393
0.574025198487526    0.24695693460782708
0.8809824476209116    0.9735000394643805
0.6730200191220255    0.6678181541488011
0.0810169020806335    0.42035634983645886
0.7324340727976968    0.041284409600595096
0.8202342538144463    0.24922331102745154
0.600942990732277    0.42727692056482636
0.22326354560768258    0.8029750958312669
0.07496901391641564    0.5431440645373358
0.4000234671506775    0.4517216307381613
0.8897253974495252    0.5551235154392504
0.560249770594486    0.24837273382180247
0.4817386845229896    0.19802084574646228
0.2781792031395327    0.35371810379696766
0.2154895509912198    0.9593125860741141
0.0027266979727513796    0.11043671794100973
0.21217761297717952    0.08042391864703768
0.15848768947850234    0.4075486634726435
0.990590238238773    0.6162742750833423i