-0.72436449995975	-0.514647292126549
-0.841356595546719	0.7844615610478
0.385802741527594	0.127735890458827
0.35311075293106	-1.35220577420762
-0.440139636801146	0.952366795158131
0.221577046985118	0.337853572085368
-0.496376150221622	1.12856692851652
-0.607152392783918	0.618617773381343
-1.42862728971848	1.03492722293629
-0.237397940996096	0.460301392743509
-1.11178041219076	0.0410279955888368
1.39578110807989	0.425012674569266
0.00848334055925273	0.175844883848187
-1.44545324636152	0.403510678773844
-1.50689630248186	-1.4069531253443
0.298949462351727	0.335259746443033
-0.418919337508404	-0.651982404492185
0.167564819569459	-1.22787987090327
1.08712339781685	0.163828156780954
1.04339686064387	0.0623506686832185
-0.281425952148207	-0.391627668788021
-1.72310565401225	1.65948691991447
-1.2402614966748	-0.112016757967488
0.861315784838047	-0.285441140541441
-2.18989711471008	11.1027303638679
-1.03118538558478	-1.34371749999946
-1.48361973407587	-1.32459479357446
-1.19934267881935	0.297191578889515
-0.78708714207919	-0.456255289922484
0.140459122446242	0.123319274933256
3.5637551041028	5.65702190614843
-1.19839658615517	0.196291868135888
0.26762719350473	-0.28814960754505
-1.40719745352943	0.236655419232278
1.09290440210707	1.69519107242066
4.45265576000742	4.82369755587108
2.62594664990777	1.64410233477763
2.60518569632131	-2.10594001123989
-0.757594788728843	0.326546606643756
-1.07983635489623	-0.071390864416605
-0.119994689368549	1.1375951993703
-0.16960817386999	0.506316345957777
-0.872319028762281	-0.426688550304465
-0.575800981324653	0.873721711608718
-0.365792646301	-0.0801046155504181
-0.186401750768074	-0.85136241763885
-1.83615404746007	1.61271278439615
-0.471668184810853	0.00696290177136495
0.570722321103846	0.840148358456749
-0.0685945599983339	1.79282286961055
0.158039442210295	-0.0903805511716254
-1.03739003250816	0.83917790852996
-1.20284579721463	0.0653182536589505
-0.0423679638312973	-0.665069237282891
-1.04398118697339	-0.351347805050423
-0.514401661488515	-0.488165623792126
-0.105405122573036	-1.75918228829659
0.141072537060737	1.08573746435883
0.399235446951134	-0.814707642096048
0.01124108282867	-0.00848539035445027
2.02295834008715	2.35039959639614
-0.0718408521760589	0.559157236612373
-1.98125222848432	-0.374186963305987
0.443214694688787	-0.197939576355171
-0.975625159267918	-0.460298544171596
-1.61009343560362	-0.805522583967575
0.995511123571415	-0.118221591549603
1.88972091456459	0.554966469157377
-0.50289430321142	0.310635950250353
-0.0756206469849033	0.265150731250598
-1.07799872029601	-0.0781483035670071
-0.049352745910125	-0.707391120811663
-0.508975901686049	0.841272144519507
0.0129958139780293	0.503345509870958
0.553316476936774	1.4649917248033
-0.511246073913898	0.381421967706241
-0.518364097320323	-0.0928946129960456
-0.433076912395005	1.88453683162676
1.14382814634714	-2.1701345977116
-0.279661295205522	0.245588412176491
-1.24025180140249	-0.899433194457586
-0.347014054421541	-0.428369982208084
-0.0835576569032351	-0.467330401421404
-0.390664618060356	0.220901822690165
0.482391043048927	0.880895106158594
-0.491499545812409	-0.0460293279845627
-1.12835811179815	-0.175841154220171
0.19139775740529	-0.478360872565702
-0.368450312102581	-0.0525254329573735
-1.67032694448127	-0.90755223769962
0.68324274799466	-0.250845218975797
1.12597156592701	1.22791845732947
-0.802102768887717	1.14648144477242
-0.514017161472818	0.00370381771495861
2.06663546931386	1.65327717316306
-0.841366577420865	0.0829934175144469
1.12361198177205	-0.190480854231686
0.766048967772212	-0.0305426089837117
-0.663754743046044	-0.282704555587614
0.96670422684061	0.761816911139085
-1.25367916749058	-0.0655490341699079
-0.165134391756908	-1.50065870285252
-0.505199991680638	0.783097163384105
-0.931989784279504	0.771662255704707
-1.09973107802569	-1.10775649250008
0.347400571906437	0.256842428705016
0.674399168250355	-0.200129767509431
-0.649899954200244	-0.6200630605777
-0.239729104311847	2.02727059736809
-0.426271445378973	-0.63197518310539
-0.491646263194063	-0.663771496113335
0.99183445000941	-2.33933411759338
-0.551579282283011	0.286267781859611
-6.03993515249186	-5.32143942790529
0.499998526170607	0.0569003539232425
-0.654150289914238	0.176324257452322
-0.540245310433793	-0.120833333393978
0.0645432794819001	0.199304231796297
-1.9280943471748	-0.27393459148018
0.913630626695597	-1.30902874893998
-1.27499653950086	0.116834683628922
0.700423386977376	0.754572910280664
2.19233173501149	-0.331139730810221
0.490482894934577	-0.568260092447361
-1.16369194424697	0.0475024557251953
0.363509676396062	0.327606344453897
0.576815829961324	-0.320583585661446
0.427899521842498	0.947122791366777
-0.519302085343964	-2.09835802763535
0.0771652083838172	0.16607443563257
-1.38886545307046	-0.396275939197821
-1.19827869096333	-0.0899576717659768
-0.384454326456856	-0.304631163231448
-0.519629621445274	0.0953758040781575
-0.253288030416232	-0.179830719707348
-0.655651303586734	0.0979977758200689
-3.92684580757407	-0.0934410862904252
0.476813870376696	-0.632251010049028
-1.30584657208454	0.0103323167345826
-0.587049509052419	0.907272772017374
0.928851615159604	2.16127150509858
0.673728091569766	-0.0460751114179944
0.485104773367771	0.158130945959728
-0.638245571597781	0.086692098197711
0.0852659391095748	0.526409427073043
-1.90115570629219	0.101472866634025
-0.529243433107338	-3.11892070474923
-2.81221626656014	-2.03298273695999
0.549270978688637	-0.830703738663498
-1.01041286746759	0.762200146618475
-0.588403364483176	-0.210222193039361
-0.914051326354218	1.35084960451399
-1.65962171468617	0.525809171007101
-0.739249752289378	-0.274994118793432
-0.887811575329277	-2.81525645543688
0.20414201185304	1.34210573839603
-0.563552230175096	-2.17165135083116
-0.0239146205948416	-1.24845111264484
-0.664390929170597	-0.236758586404878
-1.47554109300187	-0.424199568053648
-1.66611096040608	1.18644041241845
0.0414918201705645	-0.463957833187558
-0.624204776795205	-0.841165695558336
0.169236730307932	0.40240580643535
-0.50479394325585	1.51715637804369
-1.30512481761961	-0.334906880256022
-0.0431336672098425	-0.458862144358265
0.629000444675618	-0.186279270577375
-0.0671446647946631	-1.26904439673132
-0.305968680137741	0.611244943194833
-1.01790030869078	0.545763278451727
-0.445125605732398	-0.965219722535376
0.179344293128897	-0.765746240651
0.0849459746384956	0.105842186524399
1.38874502726278	5.0268293722768
-1.58603343271934	0.401057931547932
0.677239088103236	0.107891058363729
0.357514804600136	3.7004114200013
-0.903996380938025	-0.153473205342584
0.15112069620298	-0.541585613377739
0.673894033914346	-0.575924369274175
-0.489154578109746	-3.8209697949068
-1.97611765567791	-1.01762575994912
-0.747594439904292	-0.917792344206205
2.45454941917341	-0.53333386296116
-0.926972511775452	-0.540737543039308
-0.170748213247557	0.984508835312114
-0.531438493991331	-0.0641916162922754
-0.416139541405252	1.0629181817661
1.78521424693728	0.655577523526473
0.17729783089425	1.27987173331731
-0.922016847420676	0.211891978188283
0.372096406836895	-0.785436271536519
2.63289725059221	0.685331029536901
-1.43984585437754	-0.048013416783531
-0.42113095680488	-0.697231216790338
-0.0434253431686404	-2.03130217923523
-1.0565992091193	-0.493568303747976
-0.324017623653061	0.925631779990861
-1.00979880972788	0.224016142558467
-1.0359268089713	-0.375154596368864
-0.415829549227834	0.975150821153718
0.23581449077635	0.798962164801028
-0.357376521171669	-3.4379690455794
-1.50461787758641	-0.322312158017036
0.366794925469619	0.345478802895648
-0.617919712112932	-1.20499981041791
0.406282191150763	-1.31918942622419
-0.885413946425192	0.403218635629991
-0.349587613414651	0.0651613832170505
0.00778904454605282	-1.2094106065291
-0.296965197377273	0.444768536931046
-1.57336517086349	0.795218545512779
0.3077962611208	-0.740862087102647
0.186072162678766	-0.508219664623784
-0.295066795265243	0.150652608350092
-0.598083634502331	0.538165027766727
-0.461310829950394	-0.418331163264792
-0.20816143575688	-0.0547065768564729
-1.2242366915382	-0.472056384795896
1.53931980465027	0.312037105496043
1.63440147552194	-0.596758977235266
-0.681426415614095	0.0152199329958032
-0.479331881123193	-0.878983731993906
0.382544683741244	-0.252905352845914
-1.92214245211745	-0.259847137361231
1.88933371077662	0.967377551927159
0.23561901939199	-1.29231548293351
-1.06246338779793	0.0333688747130535
0.164056769543703	-0.461688289283656
0.965208028066858	0.681845706911219
0.632959404582118	1.04669896935851
-1.6146420108915	-0.165596869618635
-0.0352834314095187	-0.783927894256826
0.845196753976305	-0.251553180002198
-0.543754898685251	1.37259353321459
-3.04494746910454	-0.987900586768076
0.0733718076992442	0.105001222744271
-1.32882457068663	-0.760759440579219
-0.73977758465867	-0.185628004359248
-1.12934803903183	-2.25593118598571
-0.448820860875317	0.278630737061321
-0.743975137146978	-0.18407788177055
0.146429645161131	-0.211588547157279
-0.692774401666851	-1.65714476018916
-0.745675054225947	-0.822962019939141
0.413411203792868	-1.42949285044648
0.161966403755306	0.138951270590462
-0.81354906240759	-0.401830660043481
-0.243059883022051	-0.805170378240257
-0.25741822604418	-0.271232084220907
-0.698315083950647	0.061686046237629
-0.717897843516086	-0.165100065792437
-1.19954608813449	1.1402891009726
-1.00303199140669	0.131596156422809
0.0947350035328736	0.097307230756643
0.0817190805585658	-0.337658455493999
-0.132021938826969	-0.189760364107823
-0.827540722740184	0.676654350948091
1.82907899313649	0.329197769427385
-2.46831976782165	0.747531702365761
-15.2819148667401	-3.09150472768751
-0.73827634132045	0.510692360805894
-0.0369241608688722	0.333860896231408
-0.136060674151298	0.12773040955923
-0.14778646123894	0.0762264587482578
-0.15768350263724	0.361072208104365
-4.35511791854586	-6.37818517382354
-0.793754476309925	0.0361757122498748
0.226466057815944	0.273732688702321
3.80991608967882	2.36467378481185
-0.610235000727389	-0.84597367702806
-1.19086345608649	-0.0504258645794197
-1.91378035133042	-0.233541839365883
0.253483538786558	0.0640984928564715
0.341045770710084	-0.116777422566552
0.35925780973987	0.180463114064447
0.3616903606004	1.01222908828111
0.0430789605845765	0.054836977459305
-1.03985158773337	0.34904398122922
-1.35833238280548	-2.19195541786937
-0.996490435209693	-0.54796187700026
-0.916730283874815	0.163932584761847
0.795818593521188	-1.09395708817671
-0.913361929711411	-0.347638011312439
1.50961012960261	-0.0540664723258394
0.086825258592402	0.249027164963872
1.08788878903455	-1.95659045786144
-0.589429549098167	0.312587128250283
-1.13300015184522	0.201222543254729
-1.07227581184127	0.854315175131547
-0.247512214011064	0.607244183460803
-0.442058899366858	-0.191307843720667
0.618220700427377	-0.256268025784209
-0.850688756377938	-0.423254122181944
-0.200156307353484	0.1669791630884
0.381076309532369	1.00386933316864
-0.687082425609074	-0.371339719227026
3.08652814756561	1.97645585012367
1.09879362718539	1.16922633946748
-1.49319925770609	-0.715349846715138
-0.838055170517612	-0.243923073560189
0.192146287596813	-0.551111490500321
1.66435756902978	0.472168894979661
0.267496427829695	-0.887955006439476
0.158353795395722	-0.922397032299592
0.558200769837672	3.45218877579503
-1.1908799123691	-0.406224548999462
1.04839412673558	-1.14714034701917
-2.01886805423565	0.952785810559279
-0.815219765876865	1.59700236406674
3.17914070402902	2.17598320942124
0.905563854408054	-1.71612626943765
-1.06177188870396	0.443700561254502
0.72763540959349	-0.0794316817369641
4.89711463214242	4.63098116862096
-1.16436076340859	-0.0648465636385636
0.947135608704833	0.242983881521379
-1.46949822501356	-0.429535046090845
-0.16164346208382	1.61716804870539
0.149319191927858	-0.61436159343959
-0.0339943875872787	-0.459602404719673
0.133457701317305	0.43318490642949
-0.743217431720516	-0.196961343030569
-0.779569986259577	0.142331783054579
0.995429213222985	1.81324183472576
1.08535730914496	1.49725817551434
-1.08385047265265	-0.0547645374493217
1.03892154520229	-0.43114852912146
-0.172982751779077	1.52632690206574
0.170811336474703	0.151239485747365
-0.144873610671258	-0.21024470059394
-0.544783281222708	0.101307929944614
0.962139545657271	1.74493931252547
-1.48949173309114	-0.0428669677132424
1.29092763199347	-0.043864576262051
-0.483556108666343	-0.709141177953259
-0.35136048292453	0.353834305295319
-0.306111173029115	0.905824696038727
-0.254233773323397	-1.27894780241659
0.74820574214833	-1.20039179940759
-0.197604883043584	0.461049563667229
2.55135456988401	0.106358787986659
-0.919566482541605	-0.0352315855019694
0.56857254586469	-1.09886308392741
2.70879821345523	-0.0940403019311719
0.867242991347058	-0.739091904352575
-1.01506433974162	-0.164836080258418
-0.854624272155008	0.00318787642730759
-0.834233905589379	-0.738464589379978
0.226349743056689	-0.302495789526345
-1.93126057699826	1.06160926514603
1.08251391505262	1.831609732314
0.258430780590644	-0.697417278099094
1.00941372476222	0.285147772364949
-0.430550296458137	0.63319029932914
-10.0834239956417	-1.93428662957795
-0.374898174236148	0.272873233432962
-0.789880625770058	-0.00714419730054275
0.00121673034883123	0.447634850980369
-1.19606247922123	-0.452057980324226
0.856836823266806	-0.104558501251437
1.19392430148777	0.729733791775913
-0.337083104697222	-0.149634319020048
0.625291854255806	-0.734356490810498
-0.998388889007277	0.433889038502471
-0.518960981718169	-0.593421250847551
-0.446574782558481	0.350412666313222
-0.935682581534556	0.60373045940983
-0.0586542191172381	-0.488907565342295
0.209546120574081	-1.05254394281479
-0.331827837278574	-0.00332403534820825
-0.293513812917881	-1.08021476369237
0.151997983577545	0.836405115137128
-0.352309615793372	0.0872660988487364
0.519079692595672	-1.3037274202058
-0.165283025617889	1.30462280869816
-1.55338973734384	0.0819250536090144
-0.58640373655535	-0.16066216438512
-0.102609897391291	0.0802178996507038
0.140842452080767	0.524448992716369
-0.18399070649075	-0.832397803877847
-3.12048760206747	2.64456769839367
0.474011190646702	1.96889370184307
-0.789999814977776	-0.371933031113726
0.976899192395736	2.4448403628838
0.2010543942912	-1.48525512045525
0.232801619919476	-0.534735169635823
0.0785322103765537	0.0603735443647134
-0.757182014600202	0.0514351729834569
1.02138448940198	0.963941407425289
-1.7987326755137	1.83741397852774
-0.214925240762972	0.467726086936113
-0.778868262141928	0.31874999217204
-0.416051006633277	1.08092683597676
-1.58046787932312	-0.565416155555141
-2.64392590513028	-1.30150825411431
0.400537004049578	0.0561569002689819
-0.686975370563085	0.93197233402169
1.52268143539236	0.882760133328557
3.64007555611062	-16.5862668020425
-1.09666503682707	-0.0611689170290577
0.890657047213728	-0.932703277706946
0.848287828618982	-0.711126846838682
-0.749014136235421	-0.764753009169311
-4.57852835536679	-0.106509461234929
-1.43108834828177	0.0552516982604848
0.18009595397196	-0.850650038319826
-0.565463368693785	-0.455956222785856
-0.892814207923408	2.45060668550163
2.29183487123676	0.625705768704697
-0.637715070221684	0.0309255832192366
-0.691855160789391	0.290435203175075
0.671953153975401	0.307282500992281
0.070513603613162	-0.82081063746398
1.68962322983448	-0.0304390164344616
0.404317209762603	-0.653598216236849
0.287748885969918	0.604884913061662
-1.48127201553193	-0.424791262457605
-1.27665055668747	-0.14751941268639
0.680725286312293	-1.59014533118136
0.434888079286155	-0.593313057040288
-7.8014137769778	-1.04558536991116
-0.809692574445614	-0.184551628604265
0.450287162549703	-2.2887867039399
-1.23571914419998	-0.022935479430143
-0.574484137906505	-0.265841778932524
-0.582063914699372	0.826915668298027
1.09872657452	0.334465984477789
4.18843085228473	1.2049551702943
0.937216201369679	0.451223626097302
-0.597248214101885	0.231981000668168
-0.513580515168393	4.44323616018348
-0.592338236815864	-0.559049569996717
-0.169184065325552	0.0893256048208697
0.26450673805298	-0.157436944405126
-0.809443479445613	-0.377513041256656
-0.372275415454696	-1.36977862907979
0.784428831614027	-0.258175038413912
0.00694333919053191	0.782050920256549
-1.46445096977616	-3.59836243771726
0.107138601756383	0.0577641127890623
-1.23039907400928	-0.403389111136056
-1.17095855562764	0.107741071567483
0.0675635145281947	0.655910294317227
0.618907713454223	0.638046063425739
-0.327768702104501	1.0768601436063
-2.04323704797634	-4.89046642550028
-0.80373488201993	-0.00601804287961508
-0.54570893033188	0.163144559444575
0.348081743427114	0.131243275796204
-0.533937995098786	0.16698901155825
-0.955016347773742	0.0436775034935606
0.189853712796695	-0.159029163671882
1.74893095743039	-0.0602656706321833
0.135662405244619	1.12800514103379
-1.54106780563679	-3.70594615252747
-0.291152388233877	0.14515942316508
-0.535828315706503	0.171571728953596
0.252222310939888	0.272917192586706
-0.71502989172195	-1.84712095200167
-0.76335984444073	-1.84060806759018
0.112674496831857	-0.491867574053912
-0.614054286313661	0.203221357702779
-0.37453862271674	0.516486002307126
-0.0689727832771277	-1.41383513705963
0.191446265665165	-0.536544284582147
-0.143711096833926	0.613884098148013
-1.249881153375	-0.155791953810167
0.0482359785928882	-0.336586033714948
0.093967648271836	-0.993565902771745
-0.606209811615978	-0.105841914910228
4.38655426533107	-2.62074559256929
1.09129404054059	-0.533816764359371
-0.999525446897477	-0.183128541052953
0.98179617837061	0.191922543792187
0.423521314636755	1.27676302378333
-1.08120062230443	0.123662773693526
0.125684856268062	0.595132747536672
0.842248430481164	0.384554758694823
0.405148976933762	0.359058566217064
0.0835724533115359	1.34119359903037
0.246359247372779	-0.032757315510506
-1.09694696244162	0.281552203366174
-0.670760862660836	-0.955857588257706
-5.46461662736654	-1.00656720697522
2.068253285112	-0.380136661820906
0.0448755174953778	0.854710113639957
-0.68093144202237	-0.25755600613069
-0.928914620388632	-0.206872976820438
0.473514599998041	-0.181585799506091
-0.316216986533213	-0.00270324624332087
-0.464699633042264	1.00221223462558
-1.43358793201922	-0.884699890262075
-1.16565784595175	0.123892428615072
1.15656058667358	0.186279988157476
0.434114102973356	0.436805571263297
-2.27448527290661	-0.125042869904069
-0.368045595065436	-0.554607517105644
-0.900596710446013	-0.262500408871813
-0.40769620338524	-0.427435224975432
-0.611734069394329	-0.185296924190583
0.0486620601906932	0.357519782492493
-0.578906977368658	0.325319270816833
0.0953649752544867	0.290139928996186
-1.1460649137868	0.158891545557271
-0.0704091823766232	-1.92845707055029
-0.13319350887989	0.20908758852871
-0.0229398206248411	-0.298418173090846
-0.456862627963646	-0.865474201706391
-0.90064865836997	0.886459323550948
0.674814376809572	0.038169518603684
-1.26870720819427	-0.345583535762274
0.367707291505432	0.555684639499649
0.829542922794385	-0.643370521029538
-1.35984681453891	0.712530195445827
-0.188368681811122	-0.365162689764595
-0.823704199637398	0.196790945675621
-2.54078321184654	-2.3871220212557
-0.360756345195965	0.0244946956257387
-0.65551701387453	1.36583559411676
0.942347126514815	1.94127389567268
-2.92397571973363	-2.01189559564222
0.237811242155902	0.677046482155173
-0.601023012494764	3.71318559611358
0.300730716480582	-0.437055921455925
-1.06271162473635	-0.421607980503384
-6.20808405878833	-4.3350071630674
-0.480039985181313	-0.518601892342033
0.661306993805594	-0.938980938478938
-0.434746642581615	0.695097162747185
-1.25346645578144	1.09648672652695
-0.170094588267724	-0.18036901729509
-1.4788070851296	-2.26318638752588
0.304852103027399	-3.61416364394269
-2.20191175129576	1.08098366071271
-0.488159612407632	0.048080366465474
0.0600569592726311	-0.567086429878184
0.365458948764575	0.0129186079403328
-1.98630293964851	0.709416385509882
-0.389672352855242	-1.35746210481084
-0.540787769133332	-0.490531549272967
-1.15262420565038	0.26119569569279
-0.77881098137581	0.0629438518943684
-0.753614991607706	1.18333843701823
1.21339933513653	0.351405912550203
-0.687098959213983	-0.679330184233389
-0.22063470837507	-0.0302559299828208
-0.303464882363804	1.59519173221182
-0.809049006207416	0.0431497528847546
1.23062772109421	1.43154268138629
2.31199178340284	0.789460874552905
0.145841629992729	-1.07528157346967
-0.82448250412729	0.191700622384388
0.0285090569364389	-0.67942771159354
-0.212436103769354	-0.511070355570984
-3.63420831258922	2.26598211204438
-0.679210561172783	-2.06435905915991
-3.01031906003999	-11.174491656097
-0.0239901692735337	0.374021036943103
-0.623366028450889	0.123546516339533
0.831987446020307	0.50447548381037
-1.31368280443457	-1.51505602667399
-3.63227797840577	0.0621127287782174
-0.79555992594202	0.0408615741949948
-0.614547189243883	-0.261129811275012
0.106203461877389	-0.25759722105922
-1.102661630943	0.459490529467105
2.08479483314556	7.56486997205611
0.510053237909503	-0.866896632548371
-1.07213707008123	1.0749410358465
-0.903573889260283	-0.137029534349109
-4.16628842384137	-4.28170430695111
1.26809950319895	-11.0046832246366
0.745082756695338	0.407967338538413
-1.91783870969307	-0.0161287776850073
-1.03731560990712	0.628880045469644
-3.40885954362991	-5.10770710639546
-0.39285777632841	-2.63131436150326
-1.63578312165193	0.804245003259819
-1.38256057482681	-1.58360478129404
0.352086388807448	0.745013658359711
-0.866453098956275	2.73498694477127
-0.584128838584337	0.482384327748926
-3.16111714305715	4.02258956867087
-0.608638800751177	0.240320333185786
-0.115046471938786	0.11845039686021
0.129329810762476	-0.0320280967638906
0.0913936494498943	-0.389393686997634
-0.804011105486786	-0.178385525967458
-0.938927929728074	-1.16685590670653
-0.464703242364816	0.0754277345811087
0.099182046834705	1.03579661000543
-1.75033778050611	2.27939949427176
-0.585324680711112	0.786521566231622
1.90355244746093	0.869900639687521
-0.176436075928469	1.02500579004313
-0.92608500351332	-0.0804752666334422
-2.31088420905448	2.26560990468027
0.237395835846674	0.814345207546292
-1.19593591490628	-0.0705862779138241
0.0911125749872144	-0.213800359266241
0.468133797396329	0.590060187070469
-0.166297779537598	1.67261698402506
-1.75932931899162	-3.0231165590849
-0.751817185264759	-0.8248988605247
-0.248870365423687	-1.02767477135457
1.53011634534619	0.203479918843951
-1.84632349581263	-0.957571819940098
-1.27112147628698	-0.648545130189395
-2.10758948598346	-1.6265745588519
1.69542149869856	-0.206305990842423
-1.17366863326797	0.513726415131751
0.275151541000474	1.27223000728201
-3.19917914264639	1.26507166309129
1.97265458000608	0.075687882491084
-0.195922636055528	0.777830919744815
-0.585053620878099	0.340467490717618
0.134356126374947	-0.630409945643866
-2.43341526228483	-1.81693970563956
-0.751579560488483	-0.569962712955107
0.138799770692583	-0.495217669195745
-0.103226205668404	-0.344758369162279
-1.46287134329459	0.609040106689242
0.629905414059543	-0.220271594306634
-0.712036613893524	0.151780724101863
-0.0138012437210453	-0.339847997635506
0.0462987395822465	-0.0240839874850997
-1.21832335402158	0.117526310661709
-0.0514689341323644	-2.04713258170323
3.01862513034642	0.561788633906514
-0.613306587883882	-0.0632333615137497
-2.27910115486136	3.69437370009328
-0.972122537928756	0.127545435671151
-0.100842854005921	0.0425335713285203
0.66635867421662	-0.371761799033709
1.30471739499651	-0.272354972409597
-3.91782870261422	2.14531372358192
-5.00740994618422	-1.8557767240672
-0.0244582464050846	0.126544949485032
-2.20722231474465	-0.595083927540929
-0.869304688555951	-0.330287542487131
-0.588795749999761	-0.102998427418131
-0.249297389054879	0.724040404319715
-1.81926669066229	-0.135004511911986
0.176274918582913	-0.388647078543624
0.111090056896667	-0.716018188744128
-0.604900832569885	-0.213763029896197
0.0256381967894672	-0.166285761459336
-0.927020372593617	0.0149266129514868
-3.47551197549049	5.69046449739817
0.179967822765175	0.230642479506551
-0.675688141386592	0.289595506836564
1.68760768931229	-0.0495150609800786
-0.616233525303674	-0.452495924986187
0.274931238498227	0.122163943656622
-0.154072958622972	1.2570121301645
-1.13957129092664	-0.0308381580635906
0.372749436367913	-0.254305614987088
0.894297479583965	-0.993713707961597
-0.672854180235463	0.524245096883716
-2.57780712272162	-2.03678529761567
-1.65024022724924	0.241011619682579
0.988433687386847	0.550233516309865
0.232083309774547	0.127463379853275
-2.30648807902705	-0.0364949824002463
-0.224624517497137	-0.229286113595092
-0.488687134294802	0.745016047214412
-1.48748910596213	0.180186899339519
0.0921146213550801	-0.280970919144947
0.0510472683496397	-0.862075987526113
-0.417783047167998	-0.0354927393631975
1.30031572909517	-0.0416579692001714
-1.5099028857228	1.19764382345153
-1.59858738427556	-0.623221585034203
-1.05239051975821	-0.827915089294805
0.581548159701643	-0.0872375360467654
-0.345781065435189	0.0525003194780974
-1.13812508369552	-1.13724291829077
-0.442724310037824	0.363118592045327
-0.41023548284567	0.259828011652686
-1.56692804189697	1.1564744257221
0.38683267629343	-4.12988482231803
2.37252205272672	1.39627440667047
-0.695363479789017	-2.01242815246288
-1.29807041734929	-1.21678321168698
-0.124301095571649	-0.235035058478294
-0.375617174872221	0.248508278590314
-0.859770717452279	0.0834608605808436
0.203522307005135	-1.25290769226695
-2.5990251763873	3.02627033162812
-1.64321971220666	-0.487759401428006
-0.334953264071004	0.232857266390514
-1.12723424578919	-0.378034560383642
0.306447963925478	0.743660136460444
-0.457059367717141	2.40246988331274
-1.0509943132111	0.231307234712517
-0.21265873827145	-0.690435786218844
0.864367943805802	0.680817687404291
-0.0307956405256592	1.34917421404921
-2.64251828351941	0.936516249665794
0.0994231345204699	-0.289516744053681
0.278297985986832	0.462755396608773
0.445785860887997	1.05316850142964
0.223701972584228	-0.055573924101539
-1.25149308054143	0.462468265670596
-0.318468926253574	-0.889908502963136
-1.79455005509311	0.667288603345014
1.08988862957073	0.420467264120241
-0.559787164474794	0.214180113297018
-0.696827893839035	-0.511373827499805
0.151004631304624	0.0432365200708419
-0.790651488932405	-0.439657512640793
-0.0625984140921734	-1.44514728354671
-0.64902008310645	0.576505114136128
-0.113540296865905	0.784532798062985
0.935091727909976	0.765964478403572
-0.365137719621654	0.318741485914465
0.156779291666186	0.33291166220538
-0.609943782682626	0.32159377651673
-0.617864134186957	1.25434879716399
-0.84021172503306	0.0571070675742249
-0.858148156396953	0.712695684447126
4.65327502800402	-0.221397352524429
0.174835738160128	0.870823719684635
-1.17500520800129	-0.0611211292122659
-0.0185758963292	0.392346616762947
-0.381843809442759	-0.410571048805621
-0.526669997811564	0.156624447381194
0.616300666470601	-0.459180325449436
-1.93332073355697	0.834084769282069
-1.32284792740476	14.8032411433737
0.267971774805616	0.0653057018458911
-1.13990548834531	0.142448980233347
-0.319484812981904	-2.09220131224653
-0.0369730077396889	0.38866776648304
-0.37371085689617	-0.565541592323757
-0.132269362285961	-0.861499066458014
0.229539997593023	0.427456420695069
-0.566860878621919	-0.184751431255191
-1.15134685469466	0.16575084779827
0.10049234328886	0.137299542030004
0.808775624767691	1.00840383143636
-0.677594848806453	2.60634029255355
0.0191658690373831	0.849859686032574
0.33562615527859	0.420331290255475
0.591850903165986	-0.260706595948753
-1.13922098187991	0.79246550428653
0.176410435869415	-0.439760431727852
-1.08062909530518	0.126924863369011
-0.828585469850202	-0.607616444121727
-0.403625672838792	0.569672878448211
0.525123321838093	1.30628990091306
1.01414545553345	-1.33672170065572
1.18878332303571	-0.10107103748037
-0.531933750805344	0.268425015601601
0.297150409222997	0.858422413485066
-1.02034065994891	-0.436792146612582
-0.915868582307437	0.361695445874471
-0.175494567325239	-0.259998578561184
-0.214574703308656	1.67759677668293
-15.4610879002964	7.81442864626517
-0.075432164961204	-1.2475974548381
1.04853401479392	-0.453692693409229
-0.698375426119626	0.0348726532938298
-1.04371725324167	-6.31880923197253
-1.18696589229616	0.0984412544707945
-0.627510948943412	-0.27786133618648
-0.0284686964749547	0.128094861856157
-1.19853246793566	-1.46695485866564
-2.36090059167815	-1.42293217802945
-1.79813123940331	-2.28293765813231
-2.39836968751894	-0.84591642953909
1.21304718891421	1.71192924261868
-0.742334266329712	-2.17506702071618
-0.723380640610149	0.0671627146121565
-0.277432445669992	-0.340188139763182
0.509595868047689	-0.29460893331838
-0.243520625724225	-1.85005254087069
-0.960553035807554	-1.45693135995171
-1.45095019425419	0.45251830923421
-0.607329684161237	-0.82820205790436
-0.546073075804138	-0.383638532986784
9.25434199328613	5.68351030260703
0.14756818769534	0.29210131521749
0.298675611746878	-1.8825324237839
-1.5260182386235	-1.28835126172781
-0.506547873322669	-0.1921745274106
0.03251218413747	-1.01868490160645
-12.3087623381971	-4.19008260284495
-0.582670198297195	-0.528082072891722
0.725071290675207	0.100316555157646
2.40802650383562	-2.40909594763734
0.837628697870791	-0.148128763697994
-0.294753596696159	1.07102865737262
0.516461391367626	-0.435043123735834
-1.6290503561867	-0.567525147996586
-1.02956677481481	-0.413895159582778
-0.538761665392687	-0.159266416524105
2.09280792258727	0.0247172820999768
0.00183588463090189	-0.980383302467188
0.970115147081748	-1.22846916734954
0.402268039797074	0.751174724686225
-0.602009997073372	-0.375002735965464
0.900105800175459	-0.304377293048264
-0.191549330166251	0.191999588161392
-0.446676036265876	0.453903143088216
-0.920330590677285	-0.175580086836206
0.0366311074339531	-0.0876115643795869
0.127075153366194	-0.400001631123354
-0.0514810701795572	0.0179945288307003
-3.28514652611979	-5.16906642425735
-1.55694086415727	0.219532689323968
0.303686616398915	-1.0089784376562
-0.727855571890153	0.473308167638489
-0.0342710807049142	0.580636132108224
-1.46718060691966	0.659102607400968
-3.20142923703471	-11.3079916905494
-0.997478088284746	5.87835379079149
-0.993827737518722	1.27608039729682
-1.30411482847851	0.344152596280519
0.313642761138384	0.38248081962876
-0.713791666527391	-0.0387898217632873
-2.64322552496286	-0.329535238747312
-0.370594040503516	-0.415102797005021
0.226708503664015	0.376499659673259
0.202361647312336	0.157135086289372
-0.136596862084986	-0.240379171506489
-0.904801840256449	-0.107653940360061
-0.205288182409386	-0.16330769574734
-0.242741758421052	1.13002622391837
-0.475275368962013	0.0848423436414059
0.0348548941327045	1.05219399838415
1.09203307609582	1.36790793664884
0.815050154210209	-0.317390724480082
-2.49386811746826	0.013115069568655
1.34087654800671	-0.67180463944199
-1.41873739766211	-0.851342820490736
-1.15111645142624	-0.454632839033665
1.52682194960988	2.84122961454896
-0.223803651242742	1.0322116355723
2.21529382724647	1.55952212251908
0.372570726204196	-0.0635771067263294
-1.0251316545094	0.0689670143249718
-1.29135740320639	-1.45446386744407
0.294279971641079	0.459069132385727
-1.33981717016809	-1.62334749242653
-0.31374010783457	0.439469882241392
-1.02635954945228	-0.0690018299476463
-0.0502426729404399	-0.314576643860202
-0.158796241494618	-1.00900985918041
-0.473941038314313	-0.42482374856787
0.210471293735929	1.03070548239312
-0.600272867684032	1.39665045125629
-0.740662641571439	1.50981878690094
-0.490223856511008	-0.478442401574028
0.296720925737771	0.0319461920427935
-0.687463825969158	0.239223610840169
-0.358981038674001	-0.100873039088153
-1.68080449464742	-0.787025396637967
0.499608749638149	0.485332929296331
-0.0731596557702515	0.378694681855108
-0.491854695839771	-0.201163625059283
0.0466978680052978	-0.603353297991567
-0.514744897981414	-0.305686877102334
-0.148461112397435	0.0208678113962532
0.105649782663011	0.534691478581668
-0.701333982221309	-1.91230142479654
1.31276234838456	-8.91244000960043
-1.27814689219789	3.27469729718979
1.07161600831788	0.243102906202549
-0.444586560287489	-0.680698626589642
-1.56814788296574	-0.578666120723228
-0.227321482540156	-0.660290079792313
-0.712892298620068	0.470733105996653
-3.04890710371082	-2.64823169332837
-0.931537918179472	0.0776003026124675
0.728655769209721	-1.44245662171122
-0.467527609428373	-1.57772865608943
-0.155066974632245	0.997178413268371
-0.0174814053683364	-1.10726285639115
0.101701521426708	0.832276926223956
-0.63026765367189	-0.722140099767084
-0.307465580282352	0.292375043198278
-0.23074406495869	0.703742860697672
-1.76261614323095	-1.04035598907404
2.31990298547773	-2.20631305171929
0.187843835300538	1.5652891110001
-0.41992741949874	-0.208972960687529
-0.869930898597676	-0.00657531099098096
3.02597503817277	-1.51253011879012
1.89212944270539	1.94990857548721
0.637807602622023	-0.050748879407971
-0.881535469041451	0.181016275738383
0.452272870450468	-1.07082879182798
1.53796760521797	0.0351178012274133
-0.916989485762182	0.492765886402149
0.177819979243431	-1.22378284803107
-1.43801685768731	-1.0592810611767
-0.729052496921734	-0.270671592330161
-0.988927507822084	1.03766601993889
-0.945948273226995	-0.976204261044029
-0.236169724631751	-0.385513527352794
1.95564354019798	0.916184204980603
-0.296941246423553	0.702493004848948
-1.30085248554987	-2.18937245553296
0.431263318463559	-5.19753034187381
-0.341436298677666	-1.13733382706506
-1.16209091207697	-0.0476167239028104
-1.85993358321114	-0.675033343714815
0.0975037191345453	1.04114138518234
0.035830208844248	-0.7739688370075
-0.55860400564669	-0.628678745351176
0.220092251687864	-0.149754488692585
-1.28753201558351	1.22637752603211
-0.238969419918009	0.180321291660254
0.952369702120216	-0.740025096353022
-0.947391982724483	0.00335638048838768
-0.808386775970799	-0.920247231491101
-0.151826401158521	0.998655992228526
-0.12510094017748	-0.314814731271889
-0.0982001442130867	-0.865186979570149
0.45083104160794	1.23746330102253
-0.856402292041059	-0.418705878960973
-1.03387808607311	0.0279287030349746
-0.0353309664577228	-0.154250928299044
0.387639759977007	0.383982379834693
-1.03828458233638	1.36981330055895
-0.528378441827007	-5.15596223746677
-0.487501178278205	-1.07250646667479
0.0264622614403983	0.147134591346706
-0.623495924101282	0.781752507437289
-1.48834766084806	-0.11763562625282
0.11055973011552	-0.103935473363914
0.0812242780673147	-1.85722204644948
-0.176489313954501	-0.0429233956637466
-0.164649480999581	-0.40256482947544
-0.849811317570326	-0.18857766044546
-0.858503610916025	-1.5928186417624
-0.0767806641564471	1.05489314230384
-1.1002313628127	-1.23510518930061
0.381504719853677	-0.0765350576553838
2.02204143596695	2.52855938072985
0.151014127619612	0.162348257282503
-0.468593341988001	-0.434528109746105
2.09091447526217	0.0854908445241813
-1.02216327475835	-0.42809153863548
-0.451161616397039	4.78180394797882
0.481577382783298	-0.459852217181359
1.34977323171333	2.29633299473173
-0.317209979124496	-0.651196204315615
-0.363998374445421	0.251092499957097
-1.55525524501688	-0.69998310655371
-1.38954629345714	-0.044434291463182
-0.825841296244765	-0.174117138718658
-0.555392675104704	-1.83973319864027
-0.658320201418492	-1.2510014869207
0.381922651109448	0.852483675392629
0.0557830900759788	-0.368561135326658
0.462214379609161	0.313389998514979
-0.158856185661912	-0.0506960608004235
0.226066767707743	-0.353327976335819
-1.06778283157875	0.0876798403261349
-1.01610195206152	-1.89316118425292
-1.02179555162498	0.976958940782573
0.792670787919016	0.222129706416811
-0.473708665680006	0.000502517336592691
3.5502336240855	-2.82891598546637
0.010937048905219	-0.437711836871333
1.61315040834176	0.88803439160387
0.350904571243138	0.749565119100546
-0.650189062043062	-0.241438698577386
0.590479330677456	-0.496963206414425
1.3360269743536	0.778866638363743
-0.948332907389288	0.171402857294793
-6.85732203089711	-0.832624411784149
-0.308890743284453	-0.56021562222602
-0.468158519542013	-0.0911297701031302
-0.227107989795251	0.939131728850998
1.56181108678781	1.14129299699173
0.624928112826186	0.306282971392193
-0.962034993957729	-0.0983213460418143
-1.43637467550263	-0.919098141885735
0.0752353873557303	0.541107167815339
-6.28968585799875	-2.04266163878477
-1.60661784104032	-0.0925463665573815
0.357996442551123	0.501161473306176
-0.438004062015411	2.12540057026432
-0.414199276429882	0.176327622198931
-0.43781917076762	-1.47948203586799
1.10069550131711	-0.364280566809534
-1.02929661701761	0.426198127814326
-0.29547737031483	-1.31642005253398
-0.863637096462836	-0.552152918015194
0.0925249996946962	0.124720406399379
0.0310861848119499	0.223346439854733
-0.935410844135761	-0.438598563202072
0.0596676088532792	-0.0800343104974405
-0.518202620762568	1.31122628418081
-0.694181983432161	0.400331190138818
0.514276293537785	-0.570301706222142
-1.64973612016935	-0.53170768319147
-0.51523929962656	0.469064409922684
-0.222685846602423	-0.17175491511939
2.07534616374967	-0.901719123034761
1.36094091557508	5.69914787982144
0.868808124418506	-0.295433070602708
-0.939484566140516	-0.0113746926555028
-0.144023444617144	-0.0911333459146694
-1.30208922701395	-1.12495128571431
-1.17943870598891	-1.04396602738313
2.02170868590756	0.85555742778319
-0.888468002397718	-0.55704626147331
1.15306127592724	0.44575939796367
0.912510437736703	0.529570321792678
-0.901595709863405	-0.0167986548731608
1.03517337700417	-1.67692185506657
3.01375304201761	-9.41814730117323
0.692250948131838	-0.692236909317969
-1.08836341562169	0.119850618648874
0.634983948163484	-3.1066243860074
-2.95507168389197	-1.17442875721118
0.101769676789161	-0.462033287722365
-1.39758865452386	0.685469284622425
-1.4300146497654	0.953943040028639
0.606129675289371	1.3809726613456
0.25541148641097	0.25699658358602
-1.30350811721111	-1.01036507756347
-1.65438892218522	-5.15728031326029
-2.31162041742436	-0.830491613243708
-2.75671537102027	-3.02105636726607
0.529857148091322	3.14363701896888
0.900017824507275	1.74443256720042
-0.928730256701972	0.0903608147747922
0.163839924241197	-0.407230886674152
-1.32236299748704	-0.110699807735728
0.815912500569992	0.634803701920873
3.9470671242935	1.74814000820705
-3.23950454882952	-1.11005455004604
-0.991494710574512	-0.421575076004441
0.18888877902683	-0.199960465184317
1.83742555512827	-1.20615549899029
-0.322913030233674	-1.41828357888634
-0.241276133674849	-0.524927608131353
-1.87057982296203	0.0276220164263967
0.228954808332094	-0.0885451006160043
-1.98838466978493	0.724640630150539
-1.32244539864213	-3.24756825710129
-0.575926407126148	0.191405410721625
-0.250772284262702	-0.549332441368065
1.73087643692897	-1.06851497529455
-0.192417779649305	0.631644810779624
-0.448118381319109	-0.704191280815746
-0.807175528719781	-0.369128879018563
0.454086561849488	-0.267438256172853
-0.510307377319424	0.140110905914823
0.410689701677925	-0.402833494327544
1.30010997962475	0.910481983749855
-0.906252863306168	0.263661415737574
1.27891130055985	6.52837117578943
-0.34257426573105	-0.439494134874695
-0.543252630019318	-0.125028905170975
7.30998435984301	-12.7237056422903
-0.36812771687398	-0.871343001177172
-1.22633362781181	-0.934538519134684
-1.21572970126891	0.149127317400315
-0.522532411692732	-0.686037831568036
0.150321012089613	-0.0977044860628219
9.23746105915498	-9.14704087250867
-0.0682533202997767	-0.517595152523466
4.48160887879071	-3.34974031481619
-1.08199544602578	0.189545125893597
-0.0789925340818573	-1.25898667455993
-1.1285130341439	-0.280298062854056
-2.11647661045535	-0.104081704080421
5.52290615880424	-0.439351599833836
0.232430214278653	0.794577028655373
-1.30111703836347	0.0572333063643144
-0.76040246198544	0.843295875608066
0.581497109776248	0.198237075436111
-0.00707388213157667	-0.453001695111402
-2.81991607252331	-0.215471826092615
-0.753326672019362	-0.783280198291069
0.121012042952135	-0.226168987680902
-0.67193881852693	-0.259382278593382
-4.36909485317646	-2.43170139020807
1.87634062099053	-0.262459016512565
-1.62848157606987	1.90708055289034
0.0405046341714524	-0.21467912843745
-0.777676723095094	0.603192660550425
-5.11584467829176	-0.365439797787047
-2.44513224313744	1.30311042146243
7.7636490849554	-3.90053009032192
-0.268521139826681	0.0538970479108203
-1.2033454361178	0.0580006973379286
-0.517633892587412	0.237918013784154
0.63175591666888	-0.842581577988919
0.604245424731967	-0.185208808057627
0.301015141255942	0.391070829791429
1.589214913078	-0.178929703079807
-1.2246026395907	0.251035811622974
-1.04579115502076	-0.809189768440175
-1.01720112250996	0.4946220437349
-0.0208071069320569	0.551690339855618
-0.347252856322666	0.00658472950195859
-1.92822993208264	0.911485274839668
-1.04333440796642	-1.32352632958956
0.488687283691848	-0.378306309425142
0.205580992203663	0.0450905767923238
-0.955904699936986	0.26882796327914
1.30989357606709	0.5813394953738
-0.703472645504104	0.572283327568975
-0.502809200737501	0.403089469115357
-0.0738095537472927	0.386347428083146
-1.66295992898447	0.29906520210203
1.65572261256651	-2.31939641447304
0.040726197715298	-0.305626815040255
-0.238940275511261	-0.454190001356198
-1.13922458344757	0.910828387507419
-1.52106510601265	-0.12443523170674
0.931129301800787	5.36341593033395
1.32367118706102	0.971974229523017
-0.910016624691632	1.08391143127116
0.32924198027079	0.22168361146927
-1.12929179501723	3.97102882691738
1.50800516326247	-0.31243160362676
-1.801199070501	-0.0806278019034966
-0.777070848908575	-0.260150606005984
-0.587462067227731	-0.362909542272769
1.07289539759223	-0.184134667790421
-0.956265464425606	-1.39863124088714
0.624046320264504	-1.19472008574881
-0.21025520521739	0.492100013227239
-0.309118886856539	-0.153619388030972
0.0694352005670581	1.27006523428124
-0.327597255513563	1.8415619934994
1.14425218282893	0.84975771705798
-0.952444270668257	-0.123194129714184
-0.103573027679476	0.187420914235101
-0.548780206681718	-0.0406684390176966
-1.26956651816955	-1.14364965294732
-1.29989833098978	-0.529721490163053
-0.0905924031772644	-1.00991894628158
-0.863373251588722	0.665370460016065
0.0976140457979369	1.12140621491285
1.74744590467245	0.872831344874653
1.60275571930679	-3.0436850739582
0.24217378999434	0.4562316371451
-1.74399100423147	0.531641661253835
0.300518796263125	0.697157504387017
0.031110917618562	0.0407023532246536
-0.368550472952343	0.308019893766715
-0.359407208526785	0.846399695601859
0.199973242203369	0.269922684784455
0.228595383387321	-0.431918601646082
-0.454598309533136	1.04731972239553
0.576099830237119	-0.279977987101921
-0.905340563159077	-0.0431469999834415
-0.347137305883854	-0.189776792848772
-0.348381642543909	0.00175867847931066
-0.134966017224878	0.983680758878826
0.223263930216401	-0.0724282755109487
-0.997785389356419	0.596596113754556
2.02766042081516	0.712335274355451
0.19735211347409	0.234387645321343
-0.051222557418015	-1.71412761847892
-0.825452275023097	-0.496676063599707
0.0805796078536708	-1.53639483512861
-1.37004486425866	-0.0503173944031766
-0.125574241012516	5.86608503519436
1.51273618768997	-0.0780264962245062
-0.252303782687022	-1.13019149901486
-1.59213595299067	-2.63204582233336
-1.10491712392188	-0.268915746433995
-1.71440734061897	-1.01535287450978
-1.32864788999161	0.688277001631591
1.87439727147753	-2.95012151396981
1.70631772414694	-0.761918363431526
0.540446807599275	0.395227936083994
-0.911531970122061	0.0108642628774575
-1.07975134415098	0.245493356494244
0.658179688854384	-0.380916909219497
-1.81275852056137	0.896757361785731
-1.43736846621321	-0.724456782748968
-0.0297011223953969	0.204125015471294
1.85516727870188	-0.183796068603636
-0.0898366856798807	0.156819203409465
-0.943805015450856	-1.5153741977252
0.680279278042744	-0.357436826453742
2.01969866832288	-0.578274784546482
-0.238402126205114	0.0990491456077957
-3.7326174008763	-3.206800231855
-0.709229413748204	-0.0438999677256324
-0.817128290334296	0.370578028909625
0.271643729140803	-1.2167331337575
0.7672255564217	-1.39010916024291
-0.47650827637166	-0.328552935958281
-2.7128935185615	1.80633280021725
-1.47654424918847	0.236299455745107
-0.262317110673158	-0.0409513910262563
1.37852181203705	-0.262151060905366
0.689987762249057	0.22840397520603
-1.11627750389445	0.188486954179556
0.00164167589473486	0.228880280797913
0.233731054513535	0.0184820781813819
-0.687540859199292	0.526350443855943
0.363815854245913	0.0714300036521611
1.1015137293434	0.785406632548045
-0.518160972299686	0.178669677595872
-0.770983249577585	0.889378222989979
0.133017591009453	-0.686168425233581
-0.748225141320811	0.166202398464174
1.18992371961929	0.016310457085815
0.146000690752178	-0.562795518315118
-0.585523947073426	3.32617403189039
0.407350128839324	-0.51325972555379
-1.88663138481065	0.389424645126969
-1.0426004778815	-0.542986486006945
-0.217971920345751	-0.280553152010429
0.16650743034801	0.912141890435098
0.69111139725599	0.151874258178436
-2.92592221569456	0.308584230733368
1.43705097945274	1.30745396915254
-0.632006478760346	0.00372891280102483
0.724455104242661	0.808495248952626
-0.977502129435239	0.313312170416657
1.10914166799164	-1.02482271367024
-0.731640681704568	-0.205311855275309
0.211465338825303	0.00903080361103902
0.261676698612507	-0.324556831421505
-0.933006114758129	-1.82800571497475
-0.668372111391452	-0.992889119964852
-0.448976385867649	-0.0495899186886757
-0.916139183328352	-0.0178430170721457
-1.08623515182792	0.454319472631898
0.46776958076756	-0.708377279509134
-0.80600934819015	-1.16093026109371
0.011678253549585	0.67324609981262
-1.53472325245186	1.53479386521634
-1.2655703257888	-0.717496066099936
-0.174863371720601	-0.9366332809865
0.644966320964036	0.378103418769939
-0.71858474071228	-1.18860440872765
-0.981133952936834	-0.270961558917065
1.26635863326337	0.143144406377027
-0.0459814250541193	1.07796817855511
-0.00514590606769354	-0.246886708819343
-0.612078386860902	-1.26524925437989
3.26947558796188	-1.73280136698205
-0.662213722091813	-0.358940818114841
-4.64715762653504	-1.19614785584734
-1.10430606536761	0.0411210493772087
-0.306359613551761	0.177940288872906
1.02745682016078	-0.190581554996194
0.644877349145195	0.0989291178870933
-0.742564593179668	0.165846166017671
-0.365869455309639	-0.743165845942279
0.0731872504020487	0.104506625019192
-0.854941268460555	-0.228219278957187
-0.0858386943553334	-1.49103753027077
0.0317564937613685	-0.195815851971206
-0.817952276243553	1.1495409681134
-8.64783331330323	3.72262230594876
-0.369849437507236	-0.205702847333303
-1.08807868451704	0.189689972083936
0.430049430925908	0.768531900064228
0.695561638359976	-2.37008671687872
0.690834551555935	1.01600351042841
-0.405870657567795	0.160783545195515
0.570297286012031	-0.6146545937612
-0.698682314171212	-0.173072713156953
-0.96164256933682	0.172782844689255
-2.01686069379604	0.322181395984854
-0.190221181415188	-0.0272306581080803
-0.0165119658567457	0.897518313004777
-0.260043926929843	0.326197296455277
-0.297611368662589	-0.891775627121875
-1.37737951561368	-1.68717668647705
-0.37099844488818	-0.409047905907323
-0.502942967859956	0.245089644216216
0.644490311748604	0.961532876040412
1.57825419255629	0.348666832476588
-1.01024706273982	0.230382721327534
0.841473965367982	0.256417362452575
0.572640489175023	-0.634384163871772
0.679842497766372	2.60065208125364
-0.693287262149301	1.04406284744793
0.482439622692733	0.429689130560426
-0.885414911572619	-0.199016531565827
-0.480335528793322	-0.199625301634651
-0.410251543052701	1.22403059749391
-0.396626141272148	1.01138771460116
2.51973733355606	1.11969862754204
-0.829421183799364	0.0722333650246975
-0.12646108374185	0.15471957087551
-0.225294424444502	0.14723761617946
-0.27539858812824	-0.270706458661536
0.14573228091539	0.156965388774803
-0.618543024702414	-0.0363661734638035
-0.0175865412473713	-1.07136083672652
-0.278658414489618	1.14866207144084
1.65262455153024	-2.03996548090547
-0.856493826674912	0.234814398386213
0.440639085923741	0.219592135682895
5.34732647468455	1.38598727213021
1.07078234142376	0.267853219816171
0.135056250792125	-5.79321070137735
-0.863385009879117	-0.0277643292540667
0.0550956053017945	-0.175590276796464
-1.2546394649288	-0.57632585787358
0.993797409950248	-1.83895912676683
-1.39853017124906	-0.182652949353112
1.83854624037642	0.679007036865248
-0.526186890873604	-3.05227398143958
1.90241195391886	-2.26631294886954
-0.621888033240769	0.0123588713336284
-0.715248090886078	-1.31433803851578
-0.73236949230165	-0.808369785091077
-0.143231088784753	-0.244364751916133
-0.151892425240801	0.612773932046444
-0.731236169631056	-0.878415375081043
-0.641066303650871	0.575387411987819
-0.823156446832431	-0.178247314153686
-0.0479187158732579	-0.382907786358648
-0.748460263304546	-0.845904674254595
-0.591798842346814	-0.333556565293356
-0.857126314273672	-0.254637391446235
-1.26837820645718	-0.406742897248777
0.229080050642164	-1.04176549410435
0.00233830144699817	1.43292808706195
2.44234652756359	0.114718389701693
0.538906811072694	0.0555506791822521
-0.951325085112834	-0.724587196743231
-0.285993382655897	-0.0322082030563344
-0.520950936504401	1.72367909109979
-0.627863913156056	0.125882190314698
0.493555548532679	1.54707732954655
1.66114132111426	0.385543803377024
-0.63149556390806	1.12227942603625
-1.19582412793684	-0.184761208502322
-0.822405052337338	-1.60981135853086
-4.06507981621918	3.33392889651716
1.07998725168803	1.20109805132199
-4.85499832280811	1.7657825684148
0.307090650554196	-0.239576955327852
-0.905375210731211	0.10033470248252
-0.635094361414841	-0.325549356586577
-0.24168114445853	-0.681307445636802
0.189459326318362	-0.0331580277345293
-0.59449686662253	0.462786287271838
-0.814899871952313	0.0497509676357597
0.990179740447921	-0.219827592628411
0.432656941856183	0.207231499803593
-0.250948653868989	0.549293154527855
3.43466818545136	-0.233743237667765
-0.5513595116626	0.214855437230162
-0.135823137173034	0.88334423867143
0.0747242776409237	0.912539160998212
2.06373435374703	0.827070036452509
-0.996198004563666	0.445211483264059
-0.303869709751236	0.204179730188813
-0.406830689637064	0.312872846456035
0.318093873990099	0.0256198380928157
0.277794486617688	0.112712102930271
-0.349053614669921	-0.316946973699822
-2.03347054426737	0.520346149163821
-1.15256128659239	0.324587080869748
0.3358549370419	-0.0750951547645914
-0.662344208760645	-1.07496429991434
1.98028444556993	-1.2142576251158
-0.589565425798245	0.47336723871388
0.202154097390397	0.136577465019207
3.2418200781906	-1.78910450604152
-0.69974872756919	0.223971295361968
1.58935641715779	0.831241814427685
-1.04602223027166	0.675074570327284
-0.575073725889742	0.324287390758118
-0.135215150955809	-0.883589797522433
0.120279255781552	0.22544147142794
-1.24106433593291	0.372290479919949
0.672262050004204	-3.41887612452218
0.494969212757189	1.42387101450888
-0.519635164518077	0.464000422406929
0.537210370063583	-0.333091996166043
-0.419068836283933	-0.488451695275401
-1.01931462039319	0.300453385766749
0.207618805107513	-1.80498733819079
1.16552531929339	0.0517956659150308
-0.970296286943805	0.721988503951685
0.0958374911758543	0.677712412032764
1.09212612103831	1.44092866651898
-0.67794737919646	0.124194509601706
1.718654180148	-0.688879357610506
2.27182993565228	0.619577617776576
-1.00129665920233	0.674825608768991
-0.518116498370322	0.390771767429151
0.23513853840507	1.4589875403491
-0.688097630202518	0.152515001395302
-0.320703335162586	0.504088506509932
-1.08832534896982	0.0218501014403357
0.146410188589421	-0.543900671973673
-0.0175155630457954	-0.269650805085634
0.283499646780311	-0.22939699657409
-0.346094337886622	-0.316804077099322
-1.41309819982615	-0.524671151670658
-0.874387567582475	-0.708398942386565
-0.189683517220165	0.0523537141588988
-0.808464866842683	-0.00803540664375548
0.351792828787658	0.439937835464982
-0.361794279304876	1.20792366369221
-0.0726333414831545	-0.00987503709534424
-0.632496910093571	-0.597466560847363
-1.55125907736859	1.07184750072965
1.53591983772039	-0.816512371122538
-1.08431504155949	0.48240167648977
0.683299609694323	0.319956310774026
-0.146734606485013	-1.10505647534537
1.91249989357152	1.31024131065263
-0.614063912302677	0.627326482150312
0.649129565733598	-0.220725065937456
-2.89655912224845	0.306395793881431
-0.690030701659965	0.0875921379017222
-0.486419586902518	0.698710366940324
-0.516783121308289	0.387335659917524
-1.57037493952254	-0.161160126563462
0.0914477933654969	-0.463797834584526
-0.190016172726482	-0.485678216335709
-0.941872351396264	-0.280582649180406
-0.435511781530352	0.251572272516713
0.934903625750714	-0.211679563538072
0.418817326651758	-0.510854334111953
0.314352399046498	0.00828120778814141
-2.59777740632587	2.05667730065213
-1.36950214566502	0.221899059441333
-0.903965489312267	0.276970743580309
-0.26547707018043	0.887529405687254
-1.28301419843356	-0.803858724404269
0.324145320560151	-0.0840477515223984
0.557640084389586	-0.753816546039474
-0.509323695964902	-0.51273460971675
0.514259259603423	-1.39444279620654
4.76768437167995	1.13061425275258
-0.0882269464687822	0.476700153205944
1.09739024435963	0.508900531454175
-1.26677338934325	-0.328802526928293
-0.673328165951503	-0.0656215910533625
-0.584548301360278	-0.345442993557146
0.837205906367726	0.169865077623679
-0.755864550169391	-0.786020157630156
0.207369706199045	-1.24971194524782
-0.264387271925529	1.00443425841921
-0.142377887563013	-0.442970905313551
0.956625972827368	-0.711919093671827
0.840469388352348	-0.717392982414533
-0.501294443441647	-0.636905736222986
-2.4326568545139	1.11172994862449
-1.3354332926774	-0.0187457139360135
0.279745904528656	-0.420850326011908
-1.04834400976877	-0.0805760598748951
-0.444522674073823	0.222946558356284
0.964770802948477	0.457507076264678
-0.154317961420473	-0.345992060075283
0.971232859848281	1.17988998299566
0.237348797410293	0.713841363370311
1.0579913719277	0.35883400247418
0.812789885167906	0.699044435011152
-0.193374476638423	-0.135461759772252
-0.664710760244637	1.0396540655608
-1.28204995906476	-0.127919979936307
0.625306414661407	-0.920414038814064
1.72194854346488	-2.58620474002206
-0.275140307070443	0.114239825206707
-3.11678811718386	-1.53424699404828
-0.850432884405468	0.0313273627729288
-0.275092125300254	-0.638343101521272
0.156318185225103	0.439504433604002
-0.44045719814717	0.443521076729589
-0.516638789517805	0.354060373292902
-1.39256971352915	-0.209454662046384
-0.40730089690585	0.322100751523764
-2.15022628721944	2.6816453304799
1.18343964639534	0.372520360265045
0.192209426815314	0.225853426433465
-0.161669380958097	0.530723286956193
-1.42182837644834	-2.56052477968307
-0.783667985378555	0.04685008453542
-1.12530031648054	0.879125331840064
0.0450667303224204	0.463211922327829
0.274547652011913	0.181933752214988
-1.40120151806233	0.137793531157653
-1.22724860132121	-0.201515299027083
0.256837513638402	-0.771527837951436
-0.0535265465241092	0.0682030915407817
-1.0411796963495	0.836850231784022
0.716472487687525	-0.789178351674961
-0.88571251017578	-0.217781424122032
3.43229146006985	-2.54969371047408
-0.833909269743072	0.360974081098317
0.215869132067245	0.260715060487543
0.948318557118644	-1.79666039004719
-1.04581208930084	-0.471017276450905
-0.097869129469417	0.46775414616705
1.28130790496618	0.683835276808331
5.71521401397653	1.68164703690791
-0.987926142135046	-0.156559035622259
0.901235090727148	0.0277054957962891
-1.34838633240721	0.971315439476093
-1.31846412583898	-0.120279546463541
0.466867596811871	-0.114262030581445
0.430353881327493	-0.702217792389453
0.13146020275906	-0.376540140649944
-0.40133394527489	-0.536772513653317
-1.03762855464212	0.466972896707336
0.444675795335811	2.0505506822737
-2.86773012416378	0.734003729725542
1.94270839069059	0.329420233908839
-0.283459184186715	0.515120836826106
-0.593555664498713	0.565836554576637
0.745311812384071	0.0459335560298881
-0.697200674030054	-1.11093761184561
-3.586244282869	-0.423201523289083
-0.42345165641664	-0.685702456689853
-0.700626874465481	1.26347027015865
-0.673732860459435	-1.76218406965132
-1.32494457061457	0.0993165489168146
0.844861800271326	0.897697533347269
3.50313264684517	-0.267412124489712
0.536519951564527	0.120139162273094
-1.03892768880351	-0.0347002376101386
1.06088925477095	0.758807996602747
-0.265366067335609	0.464136686771352
-1.13143681513691	2.28694302461157
-0.938070866999047	-0.949823211488926
1.02921839320026	0.460231696533323
0.848342441857528	-0.0418551859660862
-1.17498248333205	-0.284379339582876
-0.15244761193596	-0.215062605211418
-1.28849350080312	-0.150406522889507
5.66121744000325	-0.563729752365548
-0.0578392508146824	0.485516258853773
-0.279741385184643	-0.162859365670846
0.191638373123478	-1.099176825773
1.19881903973226	0.513764791793088
-0.96345153146894	-0.223604236953312
-1.37707862402639	0.293602362870629
-5.39281630648321	2.15475902825141
0.531497539123898	-0.187139891298991
0.452033013239215	0.106870394955872
-1.52993257930484	-0.269981434461456
-2.9239564607319	-2.35951098285441
0.266395543856517	-0.457321072658666
0.11447353942223	0.307408341413823
-0.84714785944267	0.247894048584582
-0.157048663178206	-1.14845858060732