1022.5624572602368971 0
473.7120943635364938 0
1040.0847582338287793 0
473.32255271558955201 0
-1011.8275488779565876 0
451.63483395349680904 0
-31.842140376855720518 0
1143.1383628603509806 0
-4.3613676142172295158 0
-1045.1969786797599227 0
1553.062079322489808 0
-804.59759201206998114 0
1559.1409595174991409 0
1051.1041612446258569 0
286.22962200434517399 0
491.05068678512799352 0
678.59663646196622722 0
-4.1749565174770850717 0
272.92419020145547393 0
-785.48295482379239729 0
-375.06031507538426695 0
-779.19718036400183792 0
-253.69354863381124687 0
-1022.5882944949595412 0
-671.86125670464252835 0
838.10491984275131472 0
4.5653961235847191347 0
0.018169838543654531771 0
-0.015171670097453099357 0
0.0078119587200594919896 0
-0.0048166198651233699257 0
0.025289811747645524198 0
0.00058118201799860214063 0
