0.030300222103449	0.188839794743368
0.0651073063929451	0.853100017263699
1.44679075696809	-0.111233610015769
-0.131470470867325	-1.6900881947076
0.0528625738237946	0.843625655344572
0.071418077416643	0.233396207909179
-1.15676076290905	-1.04480496096203
-0.866090531923608	1.32471653887598
0.122696725314011	-1.83117367147312
-1.61591231130247	-0.176955112540121
1.82939819482112	-1.58190062913388
1.5035329586919	1.96549804257399
0.030300222103449	0.188839794743368
0.0651073063929451	0.853100017263699
0.360090320063839	-0.485345119127874
0.27647774622382	0.853714320383703
0.0717627139470556	0.87316757704908
-0.0312897374287433	0.044613449770476
-1.02809538275166	-1.05523364442569
-0.855107751516828	1.197060725753
0.949709286921629	0.0543089268894564
-0.0075247921866344	-1.28737637672576
-0.289339910156857	-0.416596294369163
-0.0722163385494626	0.820769975943155
-0.030300222103449	-0.188839794743368
-0.0651073063929451	-0.853100017263699
1.44679075696809	-0.111233610015769
0.131470470867325	1.6900881947076
0.0528625738237946	0.843625655344572
-0.0714180774166427	-0.233396207909179
-1.15676076290905	-1.04480496096203
0.866090531923608	-1.32471653887598
0.122696725314011	-1.83117367147312
1.61591231130247	0.176955112540121
-0.0205993192408096	-1.18091962305732
-0.798750554132621	-0.0462457164208497
-0.030300222103449	-0.188839794743368
-0.0651073063929451	-0.853100017263699
0.360090320063839	-0.485345119127874
-0.27647774622382	-0.853714320383703
0.0717627139470556	0.87316757704908
0.0312897374287434	-0.0446134497704761
-1.02809538275166	-1.05523364442569
0.855107751516828	-1.197060725753
0.949709286921629	0.0543089268894564
0.00752479218663439	1.28737637672576
-0.0814727843286893	-0.822074389390871
0.0190945232721906	-0.299130667838765
-0.030300222103449	-0.188839794743368
-0.0651073063929451	-0.853100017263699
-7.1748510580055	-5.32229768209182
5.2915860669784	-7.20491507477579
-16.3960015468872	-22.6738576125756
-22.6615945738567	16.4021705686398
20.681168383328	23.2811570846092
23.2707487406112	-20.6877857803271
0.15279920491467	-0.0187633282285691
0.072314089682681	0.886852809000318
-0.0797737296015784	-0.864579972142105
-0.0543497334164144	0.141782424709538
0.030300222103449	0.188839794743368
0.0651073063929451	0.853100017263699
-7.1748510580055	-5.32229768209186
-5.29158606697844	7.20491507477579
-16.3960015468872	-22.6738576125757
22.6615945738568	-16.4021705686398
20.681168383328	23.2811570846094
-23.2707487406114	20.6877857803271
0.152799204914669	-0.0187633282285697
-0.0723140896826811	-0.886852809000318
-0.0943466046679373	-0.808237674779158
-0.0440345189178531	0.34040450124088
0.030300222103449	0.188839794743368
0.0651073063929451	0.853100017263699
0.360090320063839	-0.485345119127874
0.27647774622382	0.853714320383703
0.0717627139470556	0.87316757704908
-0.0312897374287432	0.044613449770476
-1.02809538275166	-1.05523364442569
-0.855107751516828	1.197060725753
0.949709286921629	0.0543089268894564
-0.00752479218663439	-1.28737637672576
0.0814727843286892	0.822074389390871
-0.0190945232721904	0.299130667838765
0.030300222103449	0.188839794743368
0.0651073063929451	0.853100017263699
1.44679075696809	-0.111233610015769
-0.131470470867325	-1.6900881947076
0.0528625738237946	0.843625655344572
0.0714180774166429	0.233396207909179
-1.15676076290905	-1.04480496096203
-0.866090531923608	1.32471653887598
0.12269672531401	-1.83117367147312
-1.61591231130247	-0.17695511254012
0.0205993192408098	1.18091962305732
0.79875055413262	0.0462457164208495
-0.030300222103449	-0.188839794743368
-0.0651073063929451	-0.853100017263699
0.360090320063839	-0.485345119127874
-0.27647774622382	-0.853714320383703
0.0717627139470556	0.87316757704908
0.0312897374287433	-0.0446134497704758
-1.02809538275166	-1.05523364442569
0.855107751516828	-1.197060725753
0.949709286921629	0.0543089268894565
0.0075247921866343	1.28737637672576
0.289339910156857	0.416596294369163
0.0722163385494625	-0.820769975943155
-0.030300222103449	-0.188839794743368
-0.0651073063929451	-0.853100017263699
1.44679075696809	-0.111233610015769
0.131470470867324	1.6900881947076
0.0528625738237947	0.843625655344572
-0.0714180774166426	-0.233396207909179
-1.15676076290905	-1.04480496096203
0.866090531923608	-1.32471653887598
0.12269672531401	-1.83117367147312
1.61591231130247	0.176955112540119
-1.82939819482112	1.58190062913388
-1.5035329586919	-1.96549804257399
-0.030300222103449	-0.188839794743368
-0.0651073063929451	-0.853100017263699
-7.17485105800548	-5.32229768209182
5.2915860669784	-7.20491507477577
-16.3960015468871	-22.6738576125756
-22.6615945738567	16.4021705686397
20.6811683833279	23.2811570846092
23.2707487406113	-20.687785780327
0.15279920491467	-0.0187633282285695
0.072314089682681	0.886852809000318
0.0943466046679374	0.808237674779158
0.0440345189178533	-0.340404501240881
0.030300222103449	0.188839794743368
0.0651073063929451	0.853100017263699
-7.17485105800552	-5.3222976820918
-5.29158606697838	7.2049150747758
-16.3960015468873	-22.6738576125756
22.6615945738566	-16.4021705686399
20.6811683833281	23.2811570846092
-23.2707487406112	20.6877857803272
0.15279920491467	-0.0187633282285688
-0.0723140896826809	-0.886852809000318
0.0797737296015783	0.864579972142105
0.0543497334164141	-0.141782424709538
-0.030300222103449	-0.188839794743368
-0.0651073063929451	-0.853100017263699
1.4455869148407	2.81341336165139
2.69692931629313	-1.48530722904394
-46.6451629640841	26.4964362633876
-26.4939389354512	-46.6518721665523
46.9468348086768	-34.6102876198602
34.6072761243633	46.9526903724844
0.0836416852122264	-0.127565717837557
-0.0827409133155609	-0.869397504368859
-0.0446271483537961	-0.804365247678745
-0.0736343170801726	-0.344518774637237
-0.030300222103449	-0.188839794743368
-0.0651073063929451	-0.853100017263699
1.44558691484066	2.81341336165138
2.69692931629312	-1.48530722904391
-46.6451629640841	26.4964362633869
-26.4939389354505	-46.6518721665524
46.9468348086769	-34.6102876198595
34.6072761243625	46.9526903724845
0.0836416852122258	-0.127565717837558
-0.082740913315561	-0.869397504368859
0.10383254885284	0.855656264335964
-0.121361262449168	0.227255702361751
0.030300222103449	0.188839794743368
0.0651073063929451	0.853100017263699
1.44558691484066	2.81341336165138
-2.69692931629312	1.48530722904391
-46.6451629640841	26.4964362633869
26.4939389354505	46.6518721665524
46.9468348086769	-34.6102876198595
-34.6072761243625	-46.9526903724845
0.0836416852122258	-0.127565717837558
0.082740913315561	0.869397504368859
-0.10383254885284	-0.855656264335964
0.121361262449168	-0.227255702361751
0.030300222103449	0.188839794743368
0.0651073063929451	0.853100017263699
1.44558691484069	2.81341336165139
-2.69692931629313	1.48530722904393
-46.645162964084	26.4964362633875
26.4939389354511	46.6518721665523
46.9468348086768	-34.6102876198601
-34.6072761243631	-46.9526903724844
0.0836416852122264	-0.127565717837557
0.082740913315561	0.869397504368859
0.0446271483537959	0.804365247678745
0.0736343170801733	0.344518774637237
-0.030300222103449	-0.188839794743368
-0.0651073063929451	-0.853100017263699
1.44374731619414	2.8143935437624
2.6978815710203	-1.48338912892943
-37.1527737003312	20.3187613273422
-20.3157354675159	-37.1613229363451
37.259328789889	-26.8132759833924
26.8095356194643	37.2668122608513
0.102223016241879	-0.187082728398851
0.0932969263324672	0.861647814931537
-0.100134046514162	-0.87638348742865
-0.162358523093226	0.163162933852909
-0.030300222103449	-0.188839794743368
-0.0651073063929451	-0.853100017263699
1.44374731619414	2.8143935437624
2.6978815710203	-1.48338912892943
-37.1527737003312	20.3187613273422
-20.3157354675159	-37.1613229363451
37.259328789889	-26.8132759833924
26.8095356194643	37.2668122608513
0.102223016241879	-0.187082728398851
0.0932969263324672	0.861647814931537
0.048262631351973	0.816614584042501
-0.069595266909947	-0.31400071117619
0.030300222103449	0.188839794743368
0.0651073063929451	0.853100017263699
1.44374731619415	2.81439354376238
-2.69788157102027	1.48338912892944
-37.1527737003309	20.3187613273423
20.3157354675159	37.1613229363449
37.2593287898887	-26.8132759833923
-26.8095356194642	-37.266812260851
0.10222301624188	-0.187082728398851
-0.0932969263324675	-0.861647814931537
-0.048262631351973	-0.816614584042501
0.069595266909947	0.314000711176191
0.030300222103449	0.188839794743368
0.0651073063929451	0.853100017263699
1.44374731619414	2.8143935437624
-2.6978815710203	1.48338912892943
-37.1527737003312	20.3187613273422
20.3157354675159	37.1613229363451
37.259328789889	-26.8132759833924
-26.8095356194643	-37.2668122608513
0.102223016241879	-0.187082728398851
-0.0932969263324672	-0.861647814931537
0.100134046514162	0.87638348742865
0.162358523093226	-0.163162933852909
0.030300222103449	0.188839794743368
0.0651073063929451	0.853100017263699
1.19817126448207	-0.339425597920879
-0.316998983184508	-1.47620325178324
0.0554330033397532	0.843792820937855
0.062762238993834	0.230886627081993
-1.12083600820139	-1.02148549321197
-0.837796728231827	1.29345550561396
0.961799301029177	-1.27186944985678
1.11898319489945	1.14796011741584
-1.2822923579261	0.880648631793574
0.792721404586964	1.50180622802507
0.030300222103449	0.188839794743368
0.0651073063929451	0.853100017263699
1.19817126448207	-0.339425597920879
-0.316998983184508	-1.47620325178324
0.0554330033397533	0.843792820937854
0.0627622389938338	0.230886627081993
-1.12083600820139	-1.02148549321197
-0.837796728231826	1.29345550561396
0.961799301029177	-1.27186944985678
1.11898319489945	1.14796011741584
-0.00428505537198945	-1.11244737581131
0.696999504651117	0.0810589289514809
-0.030300222103449	-0.188839794743368
-0.0651073063929451	-0.853100017263699
-7.1754550233198	-5.31809986470739
5.28739397547655	-7.20553861382473
-13.6740768933523	-17.08309416406
-17.0678184568087	13.682725700111
17.0900985730711	17.4735545650223
17.460714335224	-17.0991575301095
0.137328495476031	-0.00278697045591036
-0.0697131673380881	-0.884304425463581
-0.0875709438896061	-0.783777167060149
0.0189065065720562	-0.389875007314421
-0.030300222103449	-0.188839794743368
-0.0651073063929451	-0.853100017263699
-7.17545502331981	-5.31809986470738
5.28739397547654	-7.20553861382473
-13.6740768933524	-17.0830941640601
-17.0678184568087	13.682725700111
17.0900985730711	17.4735545650223
17.460714335224	-17.0991575301095
0.137328495476031	-0.00278697045591027
-0.0697131673380881	-0.884304425463581
0.0785679556946002	0.855045942023778
-0.0319015217156633	0.185391775727108
-0.030300222103449	-0.188839794743368
-0.0651073063929451	-0.853100017263699
0.173631735829643	-0.542509217642111
-0.211761141181268	-0.734137284234856
-0.752327419642326	-0.981851341686605
0.721681084014132	-0.938653886651775
0.103048093529995	0.882743258418931
0.187917574361057	-0.158048431749943
1.06528812310778	-0.0363281691063449
0.0725781493627764	1.37734152622274
0.251822821971616	0.29690281685322
0.0157619479632752	-0.856618312168696
-0.030300222103449	-0.188839794743368
-0.0651073063929451	-0.853100017263699
0.173631735829644	-0.542509217642111
-0.211761141181268	-0.734137284234856
-0.752327419642326	-0.981851341686605
0.721681084014132	-0.938653886651775
0.103048093529995	0.882743258418931
0.187917574361057	-0.158048431749943
1.06528812310778	-0.0363281691063449
0.0725781493627764	1.37734152622274
-0.0687482168147247	-0.792747172563157
-0.0184187233349836	-0.367288074685788
-0.030300222103449	-0.188839794743368
-0.0651073063929451	-0.853100017263699
1.10486776090597	-0.247615552630379
0.238297582916214	1.40516479031372
-0.871583596316213	-0.958811119110364
0.728654306270459	-1.06280729392167
0.100730158213319	0.830840701628708
0.0773245753357873	-0.290021423295647
0.289730561649521	-1.66881810755536
1.44397435988117	0.377273000587243
0.00629020159977786	-1.14711783631292
-0.752226349978578	-0.091037138464463
-0.030300222103449	-0.188839794743368
-0.0651073063929451	-0.853100017263699
1.10486776090597	-0.247615552630379
0.238297582916214	1.40516479031372
-0.871583596316212	-0.958811119110364
0.728654306270459	-1.06280729392167
0.100730158213319	0.830840701628708
0.0773245753357874	-0.290021423295647
0.28973056164952	-1.66881810755536
1.44397435988117	0.377273000587243
-1.3997364011019	1.26360050472444
-1.16337267138965	-1.57298912020869
0.030300222103449	0.188839794743368
0.0651073063929451	0.853100017263699
0.852438822856338	-0.474623178980582
-0.391869739890341	-1.18879338846478
-0.841577344021313	-0.937419306786703
-0.700617245270198	1.03857837274434
0.104806003217908	0.833745304742841
-0.0909745358036293	0.287075728725439
0.931473784128255	-1.10280969483658
0.950129546224182	1.14563667226115
0.00862196859931846	-1.08309812762001
0.653018960662073	0.108118407320434
0.030300222103449	0.188839794743368
0.0651073063929451	0.853100017263699
0.852438822856338	-0.474623178980582
-0.391869739890341	-1.18879338846478
-0.841577344021313	-0.937419306786703
-0.700617245270198	1.03857837274434
0.104806003217908	0.833745304742841
-0.0909745358036292	0.287075728725439
0.931473784128256	-1.10280969483658
0.950129546224183	1.14563667226115
-1.06762270425839	0.773870240383781
0.67097111276425	1.32265958076491
0.030300222103449	0.188839794743368
0.0651073063929451	0.853100017263699
-0.0306469757937039	-0.671689159515276
0.0726727516642459	0.559765380921501
-0.734293906169391	-0.964032126878686
-0.698746624269075	0.925396934639112
0.111647258100769	0.876699259108865
-0.188569833137894	0.194178124457461
0.849464735024458	0.0328572606181038
0.0274209029744571	1.21636576946392
-0.0543959878893072	-0.806456428634437
0.0516305293162163	0.336950599493297
0.030300222103449	0.188839794743368
0.0651073063929451	0.853100017263699
0.121586357012949	-0.580792838753301
0.191848697708181	0.687424094868418
0.0740459165641944	0.8701127988673
-0.0355204592318901	0.0890576260629419
-0.996406089855046	-1.04555898431039
-0.839814624034997	1.16756291123856
0.765162303925978	0.109372070229646
-0.0194268797265414	1.15419736093429
0.238803818277852	0.326812434923965
-0.0199285866037447	0.841962640083247
0.030300222103449	0.188839794743368
0.0651073063929451	0.853100017263699
-0.0306469757937042	-0.671689159515276
0.0726727516642455	0.559765380921501
-0.734293906169391	-0.964032126878686
-0.698746624269075	0.925396934639112
0.11164725810077	0.876699259108865
-0.188569833137894	0.194178124457461
0.849464735024458	0.0328572606181039
0.027420902974457	1.21636576946392
0.146030298015697	0.212923532351605
0.0351807384831562	0.857618297611744
0.030300222103449	0.188839794743368
0.0651073063929451	0.853100017263699
0.121586357012949	-0.580792838753301
0.191848697708181	0.687424094868419
0.0740459165641944	0.8701127988673
-0.0355204592318901	0.0890576260629417
-0.996406089855046	-1.04555898431039
-0.839814624034997	1.16756291123856
0.765162303925978	0.109372070229646
-0.0194268797265413	1.15419736093429
-0.0788942383317059	-0.830769689663144
-0.0156655873979341	0.273083278390022
0.030300222103449	0.188839794743368
0.0651073063929451	0.853100017263699
-7.1754550233198	-5.31809986470739
-5.28739397547655	7.20553861382472
-13.6740768933523	-17.0830941640601
17.0678184568087	-13.682725700111
17.0900985730711	17.4735545650223
-17.460714335224	17.0991575301095
0.137328495476031	-0.00278697045591048
0.0697131673380881	0.884304425463581
-0.0785679556946002	-0.855045942023778
0.0319015217156634	-0.185391775727108
0.030300222103449	0.188839794743368
0.0651073063929451	0.853100017263699
-7.17545502331982	-5.3180998647074
-5.28739397547656	7.20553861382474
-13.6740768933524	-17.0830941640601
17.0678184568087	-13.682725700111
17.0900985730711	17.4735545650224
-17.4607143352241	17.0991575301096
0.13732849547603	-0.00278697045591033
0.0697131673380881	0.884304425463581
0.0875709438896061	0.783777167060149
-0.0189065065720562	0.389875007314421
-0.030300222103449	-0.188839794743368
-0.0651073063929451	-0.853100017263699
1.19817126448208	-0.339425597920879
0.316998983184508	1.47620325178324
0.0554330033397532	0.843792820937854
-0.0627622389938343	-0.230886627081993
-1.12083600820139	-1.02148549321197
0.837796728231827	-1.29345550561396
0.961799301029177	-1.27186944985678
-1.11898319489945	-1.14796011741584
0.00428505537198984	1.11244737581131
-0.696999504651117	-0.0810589289514804
-0.030300222103449	-0.188839794743368
-0.0651073063929451	-0.853100017263699
1.19817126448208	-0.339425597920879
0.316998983184508	1.47620325178324
0.0554330033397533	0.843792820937854
-0.0627622389938338	-0.230886627081993
-1.12083600820139	-1.02148549321197
0.837796728231826	-1.29345550561396
0.961799301029176	-1.27186944985678
-1.11898319489945	-1.14796011741584
1.2822923579261	-0.880648631793575
-0.792721404586965	-1.50180622802507
0.030300222103449	0.188839794743368
0.0651073063929451	0.853100017263699
1.10486776090597	-0.247615552630379
-0.238297582916214	-1.40516479031372
-0.871583596316213	-0.958811119110364
-0.728654306270459	1.06280729392167
0.100730158213319	0.830840701628708
-0.0773245753357873	0.290021423295647
0.289730561649521	-1.66881810755536
-1.44397435988117	-0.377273000587243
1.3997364011019	-1.26360050472444
1.16337267138965	1.57298912020869
0.030300222103449	0.188839794743368
0.0651073063929451	0.853100017263699
1.10486776090597	-0.247615552630379
-0.238297582916214	-1.40516479031372
-0.871583596316213	-0.958811119110364
-0.728654306270459	1.06280729392167
0.100730158213319	0.830840701628708
-0.0773245753357875	0.290021423295647
0.289730561649521	-1.66881810755536
-1.44397435988117	-0.377273000587243
-0.00629020159977795	1.14711783631292
0.752226349978578	0.0910371384644631
0.030300222103449	0.188839794743368
0.0651073063929451	0.853100017263699
0.173631735829644	-0.542509217642111
0.211761141181268	0.734137284234856
-0.752327419642326	-0.981851341686605
-0.721681084014132	0.938653886651775
0.103048093529995	0.882743258418931
-0.187917574361057	0.158048431749943
1.06528812310778	-0.036328169106345
-0.0725781493627765	-1.37734152622274
0.0687482168147247	0.792747172563157
0.0184187233349835	0.367288074685788
0.030300222103449	0.188839794743368
0.0651073063929451	0.853100017263699
0.173631735829644	-0.542509217642111
0.211761141181268	0.734137284234856
-0.752327419642326	-0.981851341686605
-0.721681084014132	0.938653886651775
0.103048093529995	0.882743258418931
-0.187917574361057	0.158048431749943
1.06528812310778	-0.0363281691063451
-0.0725781493627765	-1.37734152622274
-0.251822821971616	-0.29690281685322
-0.0157619479632751	0.856618312168696
-0.030300222103449	-0.188839794743368
-0.0651073063929451	-0.853100017263699
0.121586357012949	-0.580792838753301
-0.191848697708181	-0.687424094868418
0.0740459165641945	0.8701127988673
0.0355204592318902	-0.0890576260629417
-0.996406089855046	-1.04555898431039
0.839814624034997	-1.16756291123856
0.765162303925978	0.109372070229646
0.0194268797265413	-1.15419736093429
0.0788942383317058	0.830769689663144
0.015665587397934	-0.273083278390022
-0.030300222103449	-0.188839794743368
-0.0651073063929451	-0.853100017263699
-0.0306469757937041	-0.671689159515276
-0.0726727516642456	-0.5597653809215
-0.734293906169391	-0.964032126878686
0.698746624269075	-0.925396934639112
0.11164725810077	0.876699259108865
0.188569833137895	-0.194178124457461
0.849464735024458	0.0328572606181038
-0.0274209029744571	-1.21636576946392
-0.146030298015697	-0.212923532351605
-0.0351807384831563	-0.857618297611744
-0.030300222103449	-0.188839794743368
-0.0651073063929451	-0.853100017263699
0.121586357012949	-0.580792838753301
-0.191848697708181	-0.687424094868418
0.0740459165641944	0.8701127988673
0.0355204592318899	-0.0890576260629417
-0.996406089855046	-1.04555898431039
0.839814624034997	-1.16756291123856
0.765162303925978	0.109372070229646
0.0194268797265414	-1.15419736093429
-0.238803818277852	-0.326812434923965
0.0199285866037447	-0.841962640083247
-0.030300222103449	-0.188839794743368
-0.0651073063929451	-0.853100017263699
-0.030646975793704	-0.671689159515276
-0.0726727516642457	-0.559765380921501
-0.734293906169391	-0.964032126878686
0.698746624269075	-0.925396934639112
0.11164725810077	0.876699259108865
0.188569833137894	-0.194178124457461
0.849464735024458	0.0328572606181038
-0.0274209029744571	-1.21636576946392
0.0543959878893073	0.806456428634437
-0.0516305293162162	-0.336950599493297
-0.030300222103449	-0.188839794743368
-0.0651073063929451	-0.853100017263699
0.852438822856338	-0.474623178980582
0.391869739890341	1.18879338846478
-0.841577344021313	-0.937419306786702
0.700617245270198	-1.03857837274434
0.104806003217908	0.833745304742841
0.0909745358036292	-0.287075728725439
0.931473784128256	-1.10280969483658
-0.950129546224182	-1.14563667226115
1.06762270425839	-0.773870240383781
-0.67097111276425	-1.32265958076491
-0.030300222103449	-0.188839794743368
-0.0651073063929451	-0.853100017263699
0.852438822856338	-0.474623178980582
0.391869739890341	1.18879338846478
-0.841577344021313	-0.937419306786702
0.700617245270198	-1.03857837274434
0.104806003217908	0.833745304742841
0.0909745358036294	-0.287075728725439
0.931473784128256	-1.10280969483658
-0.950129546224182	-1.14563667226115
-0.00862196859931858	1.08309812762001
-0.653018960662073	-0.108118407320434