-1.42060843574276	2.84044715548205
2.8114906878384	2.40737089766427
0.34225865632139	-1.82199454378965
-1.38583340695651	1.98346513646731
-1.4807520442299	-0.819190972674843
-0.837662893830664	2.6694329732608
1.52833489060115	2.30416732901425
-5.15516957447918	2.14430919969062
-1.40042582662943	0.437759019726627
-1.87492804654359	-1.4743632868033
0.0564039226603102	0.434431565255386
-0.708472489971727	-0.0618532461966277
-2.09175700695593	2.06058697575241
0.384397752352037	-2.37942064266167
10.0536261829459	-15.439694925362
-21.4907344993869	16.004052438113
0.856721019708861	0.757809545792323
-0.350690695368314	0.688643549553162
-0.880643987662828	-0.699954798727806
0.291454147889374	-0.634313288113725
-0.160637214709537	0.39619587977772
-0.547218708403211	-0.0593912073158826
2.80307379963529	-1.21374728574174
0.366009122188543	0.628697674842469
0.545295936004393	0.0548200731022994
0.886514135130859	0.742573094489221
0.578126216077506	-0.785089592628898
-0.887930880922424	0.0980463692500646
-0.456704475590423	-0.485593963850466
-0.355410135746237	-0.491280508875947
-0.396784796412225	0.210112390701239
0.398388476845481	2.54476225671855
0.142217518251552	-1.00316704164695
0.928542843712611	1.18647044930938
-0.128260970341598	1.83205527586558
-1.49941097698495	-0.901718812337905
-0.0836106545123893	1.18422017786357
-0.778435082536494	0.551809573166483
3.2288209705346	0.169297151311712
-0.401244881264359	1.09027254262404
-0.936479343637628	-1.10030478234438
-1.41509822866332	1.52058403050902
-0.973489378335465	-0.248257162193173
0.482761594403324	1.20334212736903
0.807618969111969	-0.510133399802386
-1.06545977350592	-0.438253194538357
-1.48207513345992	-2.18098804627106
2.00182631293546	-1.44279607258229
0.253154303787345	2.31111598203994
-2.55056412889194	1.02938286819358
0.712552603710048	3.98730481428756
-3.90562521233796	0.600058666834979
-0.338246799864052	0.549996216841316
-0.638152441699134	0.18839433485282
-2.76447441707031	0.642957984124874
-0.27089450600368	-0.042504810466916
0.202131704869919	-0.638468268787103
0.0171309966545499	0.265804462622153
-0.244187404963425	0.686727029004253
-0.635728759489349	-0.970772468053414
0.389503486140018	0.405813469280261
0.0635022743968786	0.061476573588105
2.93469150234215	2.03945923390255
-0.489204352440238	0.23798261057556
-0.519964240156392	-1.37964464527662
-2.0045817516203	1.11800712087055
-0.379877325657594	-0.0716603517541242
-0.377478549653692	0.772236765048875
-0.858094643892397	0.870129026160246
0.0432726760485495	1.20669538964663
-3.14559282422142	-4.20197184017976
-3.87423833805634	0.363699924717996
-0.146574098539065	-1.0004350039288
-0.0807244044690764	1.00564182107621
-0.220977258182265	1.15057476070268
-0.982577792310966	-1.07968866462239
0.460129406794673	0.684464398802285
0.0106601453359941	0.578254279540052
4.16064899219112	1.07950784916354
0.32960483414047	-0.0401163353693651
1.57855032994097	-0.156123713547225
-0.0851416096219644	1.28332203984084
1.37669784362917	0.1496658738447
-1.41173681966546	0.798995668806647
-0.669821546108424	1.13958282935958
-1.33638643215511	0.563184699808093
-2.93858632772512	0.00310164260229043
-2.08931756588803	-2.03268533884125
-1.11902177025941	-1.35685456982678
-1.77495341636019	1.67484990876636
-0.702207063071708	-0.122497734853551
-0.106740449740949	0.823242716031257
-0.726436663015663	0.92452126804468
0.349302284146664	1.09526438179929
-3.01535633226257	-3.24090863530139
-3.18338334738212	0.67752061223689
0.587458035483592	0.65251179052503
0.906051459356977	1.05584559982326
-0.46246483633551	0.207938806754946
-0.877405064577114	-0.715488513266387
0.0931943996622917	0.35324734381668
-0.225285520715674	0.0436058787643625
1.77211619820111	-1.31531801652461
-0.343533398596253	0.544574084252186
-0.127253260785172	-0.59043797285799
-1.65922631108239	1.39189437239024
0.1991792107497	0.506428000589176
-1.63422619438676	0.428309498751551
-0.036857761705057	0.668470366870509
-0.350425527326724	0.449275587264262
-5.59256734482114	1.06971839644579
-0.618325945825404	0.334321746097137
-1.50136525205198	-0.0801830233870528
-0.23174836250841	1.71513643712353
-1.16409947463192	0.433792202921209
-0.342173679746784	0.176743912678367
-0.564557562927243	0.302123769908155
-0.0846182432004604	0.0874865807700557
-3.25203060666016	-1.43732978326077
-1.62635802617593	0.316033180779114
-0.307369122027862	-0.308634501694407
0.471451969596321	0.235718992167642
0.502343311356012	-0.221440342741031
-0.469990014582262	-0.645254979318346
-0.0516428989727329	-0.160707273665482
-0.491050830775421	-0.303342647415801
1.23367884902601	1.46922811272926
0.426547217216729	1.19355133816861
-0.965443309355787	-0.762594735352088
-0.387065306476264	0.175516427624263
-0.153095625169389	0.906090850420468
-0.579585517605904	-0.292344537968515
-1.74217485363316	0.879248952231514
0.577155428999031	-0.650784330861837
3.60125148442805	-4.45910523172791
-8.9517912079586	-0.906053214306788
0.878751426138567	0.268253775065386
-1.56709286158194	-0.430767060016427
-0.111800686460141	0.0212649208170293
-0.465301681160309	0.0612734758599888
-0.187315991915048	0.410565433534126
-0.29309785910889	-1.25174037426671
4.41442806529905	-9.98289020989643
0.241790526465463	7.26585006640358
-1.83592097051405	-0.117389435551166
-0.162989093940447	2.1989515508478
-1.3524024437659	0.34011875480902
0.0446651765437736	0.097906398729316
-0.584084603922577	-0.0731408878750701
0.460091796522524	0.0541353859433575
-3.29330978400929	-1.82776783311312
-2.49712799208259	-0.145484555475013
0.898858105110573	-1.70227471486886
-2.82402076491052	-0.631929277763884
-0.339158677378677	0.155015155288789
-0.532778276869216	0.0382810614629185
2.14289662088966	0.547389254450001
0.156953624531574	1.88241076339575
1.8798315726858	-16.2043353387924
4.88302332240159	-6.85503871333461
-0.889463828234808	-0.927409808434958
0.765172811366207	-0.143994163880685
1.37407456945815	1.21508661398166
-0.889286686979137	0.151326693451769
-1.10509497233799	0.189475499006479
-0.774009537390537	0.0404165712036804
2.63583918063786	-0.0559762443442486
0.222362408496926	-1.89411771891566
-3.16048429545095	2.37792005617697
2.27984206848968	4.12986163540266
0.310789491441613	-1.51865623137575
-1.49327015922167	1.89625343592656
2.23186840610953	1.30673514934087
1.08301904121715	-1.27172308545238
0.560186033743684	3.92095892011494
3.70712821764441	-1.56480986535566
1.85742555938523	0.662338317937222
0.799857165604854	-0.208394640733804
0.781925749756733	0.147882757359495
-1.67349391115058	0.152828094819328
0.814850752985811	1.0476749529966
0.710675285071189	0.790197992742247
-1.52687840737224	-2.72103656577226
2.69931507488732	-0.262395820500313
-0.387871827145222	0.044412688029122
-0.757061742567333	0.394411180970757
0.720221830471352	0.120526024602741
0.979879898095561	0.983876945622523
-0.227411952476641	0.121274452329271
-0.689392901229574	0.0650262242719066
0.632881725712303	-1.38496346339667
0.463842809893522	-0.378492411283551
6.04405814862006	-2.13371596655032
1.40778062590728	5.70595330992455
0.356929718449058	0.354958970544829
-0.894831766303865	0.00128668386211899
-3.9717499929717	3.7165258871421
1.96421106309416	-4.1715928583286
-30.6251907540268	15.1704278125754
-89.515423845205	23.7891228080905
1.0836761114839	3.32334247917842
3.20058330906677	-0.0953530172938396
-0.546150066956128	-1.16268659159804
-0.28540098996243	1.01219853364639
1.47756181709118	-0.651468710252099
0.333446280710766	1.81367861698801
3.8667284012528	2.32976805932811
-3.91335029014778	-3.71230113771801
0.936033360822306	1.71094625913076
1.77355889203198	0.273823666160415
0.833532551715956	-1.18286959924681
-1.49597814863634	1.17232811030448
0.0853515272417803	-1.33285047758943
-0.828767863259796	2.00343648665823
1.6193395212788	-0.667056589480694
-7.79709152530926	2.40688236363309
2.36986274129455	-1.16226176862966
-1.93437710943591	-1.21694862127874
-0.024076361675105	-0.250958264502697
-0.703500207867268	0.54882530937506
1.67470291107664	1.0549358406009
-0.403794271675697	-0.136543744627111
-1.00361096253539	-9.38386027255668
8.17019752890513	-2.35381111361664
1.53414701120321	1.08180779170403
0.910602748099004	-0.419713363934414
-0.751106672421927	-0.986357674181111
0.143100393764295	0.450167472369132
-0.502127733210417	1.07233407122159
-1.24538617695057	-0.308326382931032
2.71909706437224	-0.235808800272615
2.41244115730716	1.09936704376889
0.0721853007823638	-0.0841272403519401
0.743682801372086	0.833544545706057
1.82687229015054	1.03429172949865
-1.84799404596087	-0.664725221352384
-1.72949797715259	-1.1821802635964
1.37958005892177	1.72297467728167
0.474705718861019	0.370039514137263
9.05250611043443	-1.69131196372896
-2.29531209725335	1.49076544879216
1.63773966504642	2.87610632954042
-1.81013286985029	0.331010704988688
0.501953545765687	-0.41584436270917
1.14713319513165	1.64969441881669
-1.30308826996796	1.56221071694241
-4.42757609854512	-0.286136495001487
2.96076196098846	-0.47149802980514