0.230302569376848	0.201757721688502
0.204337802735096	0.391768394810844
-0.947077141505588	0.209081761711398
0.0909715166644752	-0.474748977155081
0.536230280611758	0.229668538202145
0.496437872814601	-0.657375101910623
0.20076754091329	-0.405030533529408
0.320493025244492	0.114047352193532
0.794588783263578	0.381568934220034
0.14789058636133	-0.568677753459556
0.494304507793098	0.529358662475859
-0.318549121735369	0.707453920914743
-1.07422663260935	0.145440126613288
-0.262374912369032	0.414334519168805
-0.291313697126607	0.880683878103789
0.26299891021412	0.621514521862518
0.512200709034769	-0.676973659988024
0.131970290312547	-0.52013913468098
0.535742712484618	-0.0341827855180254
-1.96773670159189	-0.385816961573604
-0.0520939359736888	-0.287129771117036
0.306010244958088	0.211507927290756
0.119130767101964	-0.268601998875612
-1.22573876990574	0.785249113067596
0.311078083443371	2.0605542288377
-0.108184231757308	1.20901976812804
-1.02218401618908	-0.348718696293058
0.573147095250268	-2.14830547144698
-0.430366045780159	0.59343666236103
-0.746220701686489	-2.2575570493303
-1.9662675322812	1.28825278865033
-3.35001541352311	3.10558390444073
-3.86208828799441	-1.73856762277251
0.36691330213255	1.18016660455515
-0.729192342024915	-0.942192151500435
-0.469829609004309	-0.415569453036703
1.45033852479343	0.996602752880512
-1.22178303194023	-0.378263751747639
1.08761653414939	-1.04137520539971
0.791383986043374	-1.61167995453355
0.0447767525940945	-0.623554298083911
2.82826783116015	0.764279193274457
2.08697478659093	1.62103443563552
-0.252459171570854	-2.18249491416662
2.10211819259758	1.26849271464916
-0.278488319167936	0.229384744447457
0.240328583990165	1.05254015913026
1.41534202063587	1.20664964297859
-0.157956023743599	0.0616813008607122
0.729742122190961	-0.709874097183465
0.308546839681079	-0.669468712063427
0.718811031213006	0.0763297517901424
2.49735257593565	-4.61989383767182
0.678916730420945	0.170572301402588
0.542045319509513	-0.176306091218883
0.64924436567198	0.129331851155855
-0.566047846423791	-1.20469448072822
-1.32240111872675	-1.13147933926507
0.878409095547864	0.848930613418615
0.736842530226239	0.657534459865008
0.93123452246463	-0.804097590682315
0.333447772289718	-0.314386343716104
0.189992239092353	-0.146775146567391
2.74437640671056	0.737208831744731
0.210084621293158	0.243021138521061
0.32261606056852	0.435230517530708
-1.06931158177777	0.112742907017856
1.03324725140193	-0.354795040448537
-1.43057854575066	0.440659208696143
0.719491028296948	0.360647931899723
-0.434678705558381	-0.632742863418081
0.217767054576729	0.610593919460884
1.40003433957359	-0.0522269127263181
0.469601478698256	-1.04917622538776
-2.52875135286544	-3.24721006400307
-0.554409980846618	-2.18589636908919
0.552140768628819	-1.20034952369401
0.389002215084164	4.85923799555153
-4.30104093572963	-0.264384729243359
-0.118593861873504	0.454782040933707
2.89259629738793	0.68696028777653
1.09024335743022	4.3860167226352
-3.29703207246361	0.187960937826661
-2.94004679614496	-0.0837725192592422
1.29328351827774	-3.21714807008762
4.90525572306411	2.01686067516548
-3.77376685153391	0.79530613861132
0.476848156657169	2.00426034474567
-5.39591113386842	5.59998332260826
-0.848560363691072	-4.46989653125984
-0.915927696172216	0.515024160137664
0.743809989221097	0.750221894276349
3.8941894608298	0.318692934611889
-4.16223302430469	1.68350442496111
6.13222926757082	-6.62265636945989
-6.11354843682752	-4.90262923492915
-53.0680234090469	64.2655424561848
53.1769326438317	15.8244798555728
-4.47022210618327	1.72004406356004
-0.134438038986849	0.37848600398913
-0.272847498538197	0.286979458395201
-0.0196049893638466	2.23260015792553
-0.756572517369945	-0.405838457916322
-0.786673427791019	-0.142116586585834
0.449673558494881	-1.54791761023258
-0.232447422801903	-1.02456059698603
-0.0946085871562228	-2.21366711609239
-0.073318265134665	0.384098421690488
-5.48416950079107	3.76216114041006
-4.05130381439236	-4.14957590690067
-2.35957267976407	1.73058097947932
-1.69378045144591	-2.4859680885738
-1.30941817603783	0.270042565225011
-1.82448660837553	0.345229668732924
-0.622954706499383	0.701742716506368
-1.21100058980389	-2.00003902681271
1.71065704169762	0.721410677897541
-0.385817795112138	-1.67426981401923
-1.34917273065637	-2.56009358848114
2.17393559946562	2.87900125718009
-2.7039702262196	-1.94862622846176
-0.310411123926281	0.426631530841086
-0.994606878475499	0.282159990696089
0.220961505582236	0.265059825525586
-0.135481386007278	1.0834981868154
0.614582198359875	1.22063326804466
0.174237109992231	-0.320291752909279
-0.249048566355912	-0.361334650290544
0.642916030972748	-0.412628328250157
-1.67723099849833	-0.431272568763632
-0.944060823027885	0.260960580743745
-0.00392910126483453	0.482329819820063
0.0348172601669468	0.280012379590702
0.281012728767354	0.194935797584844
-0.0618778579342283	0.316310928199791
0.127511117271283	-0.711556453226121
1.08751662932871	0.351709666193216
-0.350319668939204	0.653410639557467
0.628875712883438	1.1403078820929
0.43931998517689	0.536533380055515
0.447671550994507	0.10365139475246
-0.500026094743782	-0.806611265603539
2.32659545409285	-0.0336434437105816
0.0366698754498346	-0.300284233523763
0.591822677638195	-0.59933189014303
-3.15188865381216	-0.037797807561668
-0.149780922615434	2.28724861524861
0.412615417307524	-0.0775081022724132
-1.28729483790239	-0.569106697336144
2.02709801787034	-1.00406722801996
-0.962121942757852	-1.61075071236028
0.233487073493967	0.891472033188492
2.56417309944629	0.897016736966061
-2.45512165582076	-0.715761876581918
0.361335677777731	0.0953992452792979
1.09654935135696	0.577003889090744
-0.589512599668901	1.32686005933673
1.09922324044547	0.0582851112609112
0.130019615240311	-0.145650173692417
-0.0570073396625448	0.493978409399397
1.01839799754856	0.795572829314777
1.03293676992058	-0.619481806766973
1.33484844984103	-1.80671143677003
2.70178768850503	-1.69364890458146
1.6205358217135	-0.914623914177641
-5.1925613195983	5.19114310619207
-4.86988732123625	-5.84120225387024
-0.316221543431442	1.2897962264222
3.46476264397807	3.06364504504075
-3.85412107056744	1.78657868646762
-1.15152569339633	-5.48645863393052
1.72072702471041	5.43936494604401
-3.79256913351908	0.113884286743936
4.6995818412481	2.72148241750329
-5.49482140037635	3.53217539364686
-3.8597663356254	-2.93394053031671
-0.550438580020049	-1.58602160613983
2.33741163596069	-0.95378925747607
-0.531665830661511	1.09880220479976
2.46100388253256	-0.00164770253574011
-3.29310485459144	-0.0589841515121803
1.97312631611695	-3.69335515690055
2.60336901859668	-0.0407284290716167
2.98459760002624	0.0896758527085907
-2.36564292102606	-1.42417282618131
0.874459731729453	1.11792350967775
1.98638616037356	3.58860120673545
5.25662590320008	-5.53270999218261
5.93075319806683	4.58031076198884
-0.0857824324894213	2.00381884163699
3.80802129220837	2.92839023584738
-0.915576280308716	0.193606010755621
0.353140962341301	-2.01835051442975
-1.32937937554552	2.50336932517823
-3.68104214033532	-3.93565845505108
-4.80292345183418	-2.70335715805824
-20.0806715966209	20.0169555258776
-18.3252089318725	-0.143488298484622
2.95662827764492	2.79018859342952
-1.77413092171429	0.842525875813778
-0.418796439573891	0.797414981519917
1.14907819494921	1.15707591759276
-1.4515844542505	3.62629575400927
-2.9046594328938	-3.54840153847603
3.74973392995564	2.10848180025842
1.17905094194865	2.82007404830552
9.74842201351371	-11.0994754852134
4.43320715441399	1.60266686961893
-4.66321619643412	-2.97377075290943
0.326021773265233	0.717915688350125
-1.44184381441886	0.554745559837974
-0.430953183053307	1.03899526595609
-0.329184413947133	1.1266742926724
0.397793139098785	1.38112548014779
-0.923404158170522	0.0792865095026332
-0.293452420656789	1.16593725658632
0.166638525360963	-0.670676409731379
-2.93622863406353	0.215416444576871
0.475021116039075	-1.61162880702241
1.91307150050915	0.596916295793171
-2.75776346600095	4.79290812684531
-4.38149718672273	-3.45711865354781
-0.306179638532574	0.839619384073812
3.05514801603127	1.85655433622847
3.42937105608868	1.20412126919098
-1.01272101453302	2.72065210626773
2.11525651282425	4.27266165478163
-3.04351221721185	1.71206466230837
4.67249179874611	2.87254120196763
-0.509578709394405	-5.73407069576518
3.42023677402944	0.363493197229111
0.00697650570425091	-0.00632599471682505
0.643739668565975	-0.126514178992888
2.22823925108002	1.68328648198745
1.51724749597386	-3.20256118862874
0.30696293800238	0.150435358258588
-1.29642376721926	-0.657928909415879
2.53363385147964	-0.621182611302739
-0.731379377775056	-2.12970231787532
0.106454352166053	-0.256360302151448
-3.165829440734	-2.4380756492723
-2.91246102258835	-1.66884514528046
-0.186483933098713	0.454873858920703
-1.08729698070522	0.390049655309913
0.147319093004208	0.606752898558832
-0.182480310401278	1.05975754716226
-9.1315726332062	-10.9615143424998
11.9184720636469	-9.98031898959321
-6.62702482742068	5.96332531897838
-4.81647361692034	-7.54280359418038
-1.96834550833584	-0.101922821791645
0.0450033926796871	0.0709846040419325
-1.56534775849051	-1.09401550737946
0.0511735836780531	0.343912483074812
0.28867963519134	0.332408598464022
0.00198747285028409	0.816201617307336
0.318243703094381	-0.56643269486054
-1.41912194393691	3.33475578087339
-2.66325212347438	-3.65007024994898
3.30069781588198	2.391183942499
1.36013935671009	1.79417823364413
0.582329217616911	0.170047923468059
-0.456176648249168	0.11424426858829
-4.72658937380429	-2.56533997946425
-0.151435022734194	0.125040592621789
0.284452267736254	-0.134222698614271
-0.245773836181177	-0.699224020394165
-0.729766712483463	-0.619043850924822
0.406155041150154	0.0143832838494913
0.165443760387328	0.636846447370307
0.718117477515682	0.6916867692076
0.734995379180981	-0.192723147530726
0.251706595075946	-0.0944494904248532
-1.45713429871453	-0.487638439062119
1.54060214824822	-0.207077378964595
-1.46662755082153	-0.0322189758321939
0.0723862909672041	-2.28554671335563
-1.39615174103839	0.451631801425596
0.780169605299383	2.20203583102959
-0.568251573249902	0.872594842430519
0.419350879789323	-2.27115449273265
1.61256426944668	-1.08401243483595
-0.65760577945579	0.560370717862475
2.81013901108905	1.80453624430362
-3.2681330986956	-2.18621364202341
2.54828136739773	1.462353762089
-4.52838983862438	-4.3501933310408
4.85029762888328	-4.92428083369336
0.202701963692142	0.482523893518676
3.83831882848614	-1.59294666679645
5.93046513880372	1.04967443232114
-0.00560610931695564	5.16404159608673
-2.04099666944718	2.4908054310728
-1.51874664303583	-2.65014492974018
-4.15648791228165	-1.05412432932149
-3.59955032901231	0.074119625989633
0.247735681581535	1.39313066829921
0.441711079676479	0.605377374730298
-0.0800137741133045	0.783827851864699
-0.667975098576838	0.412406352843923
0.24938465290075	-0.224935598784576
0.23896660314199	1.00128193428855
0.670450690232665	-0.18603658644278
0.202470060654722	-0.148625367648664
0.395437999182526	-0.304471824752016
1.01860242697339	1.42110744972122
-1.63702886363811	-0.240019448179063
0.438937576388721	0.325587446572441
-1.06957207847061	0.778296990968504
-0.0473512328109429	0.740565579996228
-0.586851926926907	-1.03668064886879
0.4738254825195	0.665514769373416
-0.266686488336184	-0.926752438887531
0.724431649046169	-0.321470246628913
-0.656246991451412	-0.556475642951564
0.546119994736453	0.854852857696524
-2.4789849075205	0.082557704113143
-2.62284117960623	-1.04069580213988
0.0148721229091586	1.49221078003918
-0.60630764077207	0.83856347787111
-0.970029015460806	-0.26119833134351
-0.607172381148925	0.232130188250466
-0.401585244976429	0.637332286331447
1.0923434541467	0.452091631084198
-0.436658214704012	0.476911202791644
0.595226573540593	1.18710735578724
0.328535238398862	0.76474860069228
-1.74099700337543	-0.829739039120112
-0.0419708351738051	0.545125004126789
2.66480191680886	0.0209465344599456
-2.31994320536472	-4.39732012557268
4.94062898966238	-2.75747620156082
0.10751396599913	0.823918926651015
3.79319347688145	-0.702757268187872
-9.98862760793866	-10.747009481647
11.721292080785	-10.8336738426212
-6.79468219861917	5.95271506590487
-4.79583907313291	-7.70946781213408
-3.72635418411131	-1.43471008826762
1.09801181500479	-0.259154667714561
-1.47204079576489	-1.18830807311938
0.0213027316250933	0.430258080190347
0.202768302656567	0.341401646314763
0.201514774722988	0.664507805290681
0.199523993031906	-0.481785064365537
-9.15799550672954	-10.9674250999049
11.9247930570531	-10.0057181874782
-6.63830458247066	5.96160153439641
-4.8144238207835	-7.55387167076821
0.470842623273514	0.33875096668653
0.118393960668086	0.104429255198957
-1.56206441311661	-1.09694270253819
0.0927314237410862	0.270926524906726
0.284975694282777	0.61835318588429
-0.679855308114398	1.10744564644652
0.354503501902951	-0.178962870153258
-0.0832662395688357	0.646278568599884
0.697198554927495	-1.42061123662591
0.855358273277939	-0.746514979149949
0.098992523483788	0.417445781132385
1.14054257822538	0.352815692798547
-2.00475917895475	-0.461380820659917
1.28079380861113	0.169330443990955
-0.566070892876994	0.039436511121433
0.63218811302144	-0.562617921390392
-1.19101103458517	0.856776323919067
1.29645913055069	-0.546515483841491
-0.162356816989146	-0.167619352702648
0.363750521773472	-0.705887617625789
-0.691320587875704	-0.570233957385037
0.234233653814304	0.328313268440084
-0.732230982607577	-0.611466955072968
1.28261155916673	-3.95741332781099
-0.577236044264811	1.91739108817376
1.2856880154866	1.42656884872139
-0.655715874511123	-0.323404694763361
0.360452838527199	0.149152405763392
1.56223520188366	1.00341564571989
-1.0660445295019	-0.568673594550327
1.08694402991288	-1.44241668404766
0.484363727736825	-1.36684402762198
1.43512997691495	-1.08821263562482
3.38949983966471	-1.3539324604942
4.03754678923192	0.913509151150771
1.31561451141404	-2.70922760089979
-0.584547750337071	0.923552514536645
-0.389888556901609	-0.182372866485694
-0.879861335971489	-0.0372534652733929
0.271641175146288	0.0465988968115012
0.976501358847529	0.479863154116949
0.713759722960813	-0.948575757975333
0.28385209373147	-0.400475089920003
0.158381995209149	-0.109542703677839
-1.54824225185615	0.612761613934075
0.994157614299775	0.172267016169204
0.219065347286699	0.475499745615112
-2.94029642262706	6.04052625879668
-1.88769623862329	-3.42569251758818
-0.854305534297902	0.500167139104249
0.815897638677473	0.765344585217576
3.46252762460693	-0.985392907848735
-2.16681678552365	2.94311253555032
-0.152823330378547	6.3562912620293
6.95874166836204	1.47304346433108
-4.48716059646856	59.0094495363238
37.4224513903818	-8.51089720744255
3.93707795772974	-2.50767526419769
-0.112066612946889	-0.0142678569829555
0.248085559418123	0.298932574747144
-1.69242376236928	0.671300203486612
0.245157258026351	-0.110257464181335
0.131683577700385	0.0392005508405466
0.371515463468186	-0.973299468028114
-0.497551566185346	0.110716067467624
-0.755510066717773	-0.468121669553682
0.918859841558297	-0.151739799972603
1.90306513732619	-3.37244113168607
-1.24631590717364	3.09646551532564
0.362259855555578	0.200286453197891
-0.527809146925049	-1.22486865430814
-1.30389687133322	-0.740955462053064
0.861476178879148	1.00606472493886
0.502835995345069	-0.18803731896569
0.625720926648033	-0.564895192432871
-0.326586060482235	-0.846375410327852
0.815701768575238	-0.427103437200719
2.88257473437459	0.864990685140889
0.876518895138732	-1.15019637773686
-0.688632246750239	-0.101333399306123
0.561751244866842	0.159990864259745
-0.578504449552905	-1.16616884718441
-1.26513016148704	-1.05961870487748
0.896914468150059	0.893133530110779
0.273749112315646	0.0191986946059692
0.800581997324846	-0.607150260008583
0.820029385962786	-0.214739281745426
0.2652701659965	0.504768250622973
2.7098007086051	0.620140012700563
-0.642901931602453	0.317916373736564
1.48392644333664	0.44193610091557
-0.955596463973626	0.411719522406683
-0.146306490198377	-1.19556894605354
2.15988171746422	0.347562593387986
-13.223364810349	-12.8340054232032
0.0343958507970189	-0.273839188834384
0.921310305523209	-0.968933695968045
55.2722442257531	23.3644052378759
-23.5812384832592	54.7494914992534
-0.0696131237891891	-0.100613614225454
249.835560351397	687.576328855159
108.187100900861	53.2943726062167
2.84502705129444	2.59679965412709
-1.5584106137611	0.614145250163299
-0.387502327441932	0.794408537737564
1.12727070274732	1.14974869862812
-2.77326101143073	-0.617295765430304
2.5247979408225	-3.57219266025044
3.22846801383276	-0.0674696527809587
1.24585043816167	0.739121602748206
9.22627445387073	-10.7395762698598
2.650490612458	-4.87102368459887
1.64479502879532	2.81368606569706
-0.784931490340988	0.0179482178676201
0.785523456283772	-0.602881151244619
-1.27393367642712	0.549080089127496
0.930535690499521	-0.0820386012277022
-0.629173184506711	-0.756836196998521
0.176466940879077	0.00610778338708984
1.38092343407292	-0.581358805510003
0.0858432099124469	-1.22743259739861
-1.37400903813929	-1.33446626081377
0.0537356055974476	-0.907617919704792
-0.164883650834925	-1.5760592722791
0.126970630884229	-0.328641298954146
-1.210962828322	0.799224367115532
0.228703072883157	2.23575697938195
-0.127471762689574	1.19586577419962
-0.87588877212457	-0.120726603484235
0.368343918548781	-1.8192823211816
-0.305735526682089	-0.109824466662457
-0.526777472381695	-2.47084913396961
-1.8286927504684	1.43647863799248
-5.17740671055623	2.75015999186402
-4.65829974254433	-3.334515071451
-0.612908381314216	0.549963098448769
-0.453828323311228	0.0237207993690247
-0.519709959686548	-0.334836451129081
-0.0118470537566048	0.57608767274028
0.576682243444276	-0.0979008309356984
0.729068482454227	-0.220178289113687
0.979881091672761	0.340287498484551
0.00511195173561452	0.767773534434323
-1.25232614818576	-0.43120936717105
-1.80838447857293	0.764962658119187
2.02756577354446	0.832707359209479
0.652389010593819	0.78002261387693
0.30554677738516	0.678297346141713
0.204003884117304	0.301113918250402
0.956122720471744	-0.230049173719036
-1.01008175345375	-0.496482560423235
0.715213239263821	-0.962311215870745
0.813390091513115	-0.93233870835969
0.42515702181139	-1.10254038377301
1.76925913076888	0.504265016221252
3.01968661688595	0.923672089047923
0.0777625903658385	-2.09919174034733
-3.11028355427625	-1.16120859698488
1.18862014238611	-3.8014966108132
-1.50721202641635	0.878984337055814
0.304558703588586	2.87694762353323
-0.11183518025896	0.464781694722502
0.111692451636117	-1.31104676306593
1.1141688735551	1.60346816644794
-3.01297523231607	1.47225665023049
3.89060159408605	2.52155397101129
-4.5260767985298	-16.6179045504282
5.70201669629268	10.0226149256004
2.39824597773139	1.15360306187746
-0.138559343204059	0.705884296964555
0.0158812694652368	1.1815874747602
1.4372535756215	1.22658740031981
0.32999964727646	1.32063655716083
-0.954287951904752	-0.0148071017275063
-0.239985410806942	1.25536998789456
0.203886829825915	-0.612800182188977
1.92325068787754	-5.63182043867503
1.54565722923383	-0.710000868878241
2.15132023424519	0.450832565008846
-0.964125793517344	2.1714016733505
-1.79392609616273	-1.87243206461262
-0.606356303965709	0.391726699944142
1.92589027930485	1.62512459622603
-3.22637031141604	-0.0308419202182397
1.75194618601105	-3.40820219717821
1.72986207429767	-0.0204374820615796
3.41740406758118	0.082043856080168
3.71480760124517	1.57750534323407
-0.316203956081332	2.37879290177552
1.93623804906842	3.52223989955407
0.561215825294695	-0.104821901436451
-0.652415600347501	-1.13584591095848
-1.54936897634617	-1.10012544598358
0.781631736957343	0.852073007558332
-0.765923683576495	-0.833455065409213
0.586748579730586	-0.095037295053936
1.52418777089708	-0.818510245821733
0.0406301205554646	-1.3267374991437
2.76218518234968	0.5695493599941
-0.472653387061155	0.23270427292227
-0.0765236137577296	-1.91247799850132
-0.687077123430745	-0.659109212469333
0.807399917745474	-0.504016288520486
-1.27427035048841	0.0477211164515506
-0.273160076354445	0.0110849500815488
0.327451516936833	0.0986112816552852
0.425563183950589	-0.785564514349494
-0.150576049291897	0.409138438013072
-0.68796324054113	-0.112446268166578
1.32804845216749	-1.59154805064517
-0.916677144281678	-3.026818242227
0.256200585343477	2.82628564746704
-0.295152042088345	0.508852629573991
-1.04985366551076	0.310948701826748
0.0429285605180885	0.389852327275894
-0.149013476514997	1.00127113573217
-3.37363939393376	-0.0688208444063112
1.87655683575181	-3.78807026942713
2.45224321679105	-0.373981593560336
3.13120419221203	0.356813630642402
-1.95995714827024	-0.301303206579033
0.0406953628040924	0.181249749079107
1.90917378178091	3.54933319061976
-4.03936726548484	-3.66408115938989
4.17010279445668	-4.44868257153479
0.161518577996051	0.626996455601964
3.9744524882287	-1.27550113459854
-1.94609565491814	-0.225296237973753
0.644795043126369	-2.69974506436786
-1.73224728902549	-0.289043255384184
1.2277515234693	-3.60290577310069
-3.77510415928493	-0.540740281770513
9.14826278431571	0.797725785928694
1.1599651014456	-5.32672439182131
-0.704183102386808	-3.3154643780992
3.95337277051171	-1.14867918680068
-0.145132772562805	0.954699872831217
3.05760894870115	-0.25406228912854
2.48921850245164	-0.0527490606549486
0.181042938346796	1.84812026011792
2.63331903347829	1.52444022014453
-0.38839102831842	2.34189270791922
-3.09215050197843	-2.13886151521427
-2.47120410622188	-3.37214040702241
2.91148051301144	-0.409787416108625
-0.168761247858243	0.411400720079437
-0.192520126955525	0.164685339449327
0.1293831832714	1.77745538578234
-0.732992229810312	-0.626821598571371
-0.935733969004994	-0.597795198678376
0.686518855550217	-2.01237622241984
-0.386253777319772	0.145133609059458
-0.260088628831996	-1.92695491039864
-0.0735849792266352	0.266317244069814
-1.9169320490401	3.98650419400154
-2.52033586076537	-1.45455660276559
0.177277763785968	6.0020091546224
-5.50643066943158	-0.434141447107171
0.0297146391266331	0.540375432250921
3.47067871713114	0.722687420273381
4.4185428454087	6.73348683939517
-5.70459841558259	3.61465660907692
-3.36422686786486	1.55079431216735
-0.397798533103262	-3.90820681271417
4.89578832110958	2.09409090122111
-2.71712290629891	-0.492875171557449
0.676013724984436	1.21383178080627
0.143795858722242	-1.23719544389596
-1.33328050346776	-0.423441163495146
-2.69572458516446	-0.884966928394554
0.498569655341013	0.637436352826535
-1.20352173148378	1.14422882872185
1.58765441545659	1.18703686199491
0.685400950292858	-0.223909106354824
0.220982037994155	-0.455176044294219
3.29530251650497	-0.194599165596008
-1.88956727634605	-0.178057725636622
0.328700593178377	-0.101287217498681
1.47703678484619	-1.14382427714202
0.226879785608176	0.352506330258288
-1.82695735735948	1.51411173553359
-0.0134888254541001	1.46065678502041
0.0146350684854576	-0.0747344023882182
1.31955858847052	-1.06588154202143
1.10676118099386	-0.00908662907589041
-0.139216852333847	0.314407919650615
-2.16605736114405	4.25580310585685
-0.276699716364351	-0.842617789894804
1.26236189153066	1.01397301244763
0.41730494222956	0.645271488742867
0.465320806307994	0.641667366007741
0.313077594873842	0.73945689470099
0.85358876330386	-0.188848883637411
-0.768955170078918	-0.426472518935438
1.02510836019691	-0.837022173077875
0.491020719261289	-0.74397138470108
0.873390148170605	-0.239008907687945
1.51892504020914	0.253182958889217
2.91654882461787	2.11497425359265
0.708790402465637	-0.664648653738035
1.66744730058438	4.22119747813748
-3.64631286764424	1.17921301965341
-0.041296488627409	0.0633375305893353
2.84658125075292	-0.492231691270845
1.51208207207816	-1.44093408991865
1.90382767896053	0.338003164500446
-3.2962684158719	-0.978673661971665
1.48782890310799	-3.80951921461743
3.70217840848355	2.10944614347728
-0.27168485841478	-7.14218369440037
-3.18146696126311	-0.464373839914452
-0.240694680810367	0.744812063720724
-1.17898463472935	0.159608301334506
-0.288303799667174	0.520559139067241
-0.323467414855292	0.94703543872736
-1.40339992103845	3.34176943271216
-2.66760287700111	-3.63290173960181
3.29338651809679	2.38184089410303
1.38875249125138	1.82041154344972
-2.10863715238472	-0.439379462427395
-0.0374846462869826	-0.0977203869492796
-4.7325118432588	-2.6015010655737
-0.106330852743243	0.164846356295099
-1.19177554308127	0.729481760948735
0.316329188908453	1.04352174666678
-0.0302466728095726	1.08302950089825
0.919393884758187	-0.807089156491032
2.30353581294579	-0.00367987350852209
0.692968696585236	0.867303258026193
-0.479449218317172	-0.184846510280844
-2.4055543548386	0.691113946131574
2.30318850910216	0.0729610616283139
0.517600693054401	1.13743370459298
0.415110911056555	0.372599241405142
1.04878743851294	-0.68227361295414
-2.80115472798844	0.965921524424714
0.866345230746941	1.24734937664946
0.187561075355555	-0.383588078966246
-0.917782120205274	-0.552682413219985
1.49401641186344	-0.994776216088551
-0.810247669862615	-1.25112217294306
-1.93949117352405	0.806162834710578
2.34395675589082	0.962454704567927
-1.96344823618728	-0.624366765424336
1.19155831594552	-0.96668233211881
0.995812717011244	1.42740341016047
-1.38713809468198	0.407004074951075
-0.304103920928391	0.075273132931889
-0.162069083599522	0.0323512026042394
-1.00770115434194	-1.10868714284834
1.57301484140842	-0.326960914007348
-0.489151654045972	-1.51651907373898
3.45420112716655	2.05963442572075
3.28691214423738	1.65302777645985
-2.02773528677252	-1.24884423561836
-0.421728762313237	0.120239118736707
-1.1054226351323	0.565590680511736
0.684545807784881	0.0881713312717802
0.157602659522506	1.1520302096654
-0.719082635614567	-0.355638255241808
1.1976292338325	-1.07179911097485
0.928037891291416	-1.17225829527183
1.00458161942623	-0.0939845021768226
-2.01690552688656	-0.402936881721304
2.55506983656352	0.726478380215392
1.38505470670215	-1.33269549750122
-0.416042307014283	-0.212165002605766
0.459570524623064	-0.264140650901831
-1.20455910492148	-0.0640308715034383
-0.195953395731991	-0.151057854915669
0.345087904501574	0.127411846915888
0.507088449253409	-0.574885653353595
0.0774797166937416	-0.464139199841071
0.515004895780926	0.0665069490161693
0.632759174488337	-0.797593394909433
0.0706190535937327	-0.643584616361739
0.371918714620197	0.408134516863665
-2.8179117802077	1.1439797118359
-0.925209098014905	-3.61608069395773
-0.981553211575911	0.794406707712043
1.61459030514502	2.5234750395215
-1.14693574762464	3.35196816045511
-2.67443967855953	-3.60797862069869
2.96879798501134	2.53244319616246
2.14182153046808	1.17399508033092
3.64136365636365	2.4749730520748
-2.30677963947719	-1.59941457124782
-4.792602236609	-2.38995967101597
-0.547408824687324	-0.428639684200711
0.00540747626463481	0.295951922063038
-2.17965454831675	0.238450237415769
0.298772132729942	0.462142287338164
-0.103654044382672	-0.512858618968553
-0.731417426902747	-0.561340786171976
1.2964589507402	-0.732715428943986
-0.473250280642833	-1.19820967670134
1.89755197062103	-1.10236043747058
2.18987819855534	0.00203357491685729
-1.43780097574688	-0.938419396630532
0.027933996967201	0.431551168138085
0.176390572305896	0.354953423988322
0.062144080527289	0.646065246851886
0.188530243087303	-0.443925561025122
0.936257165924006	7.8170430224968
-6.85901988132484	0.11927615520807
-4.04366403276738	1.16125884787946
0.12192578149787	-4.58934190603814
0.479178281831284	0.383635632043495
-0.253764830909754	-0.0442476049024041
1.27068943381324	1.19577969083388
-1.22254210345624	-0.607395983190989
1.32599096762429	-1.50057580277121
-0.820597941099638	0.822200375996968
2.09390329030887	-0.327769918931324
-0.755598010054148	0.125438753681728
0.671756938566517	-1.1532429250026
-0.153280363918569	-1.42241182185858
0.611959054139134	-0.024902493890343
-2.16197329072141	-0.455274494184108
3.49183008253542	1.25085631286021
-1.16271812050118	-1.0309969438602
0.355536492439771	4.48437919144202
-3.98433312178241	-0.283489917849582
-0.00785258871344712	0.433622291329845
3.23868981188597	0.769372674662581
-1.70758514803016	-1.05917868552469
1.57479390016904	-2.25082611511392
-0.655411765721153	-2.15474041366132
2.8959213564607	-2.08230551303143
4.00331352041105	1.44592633353523
6.37899717873713	4.3097068618454
2.38786317709842	-3.36553176100924
-0.834712316449458	-0.310007424661394
0.54252775650638	-0.774912294267585
-1.02414457051439	-0.0977104153826932
-0.591002559337459	-0.320984924057486
0.290360717862637	0.44743906328343
0.0289670673995263	0.309111689832098
0.358193765692225	0.611557907963402
0.52003100184463	-0.255972572580981
0.384408611214422	-1.25214679307631
-0.932579282704822	-0.87444629782797
1.42413403107005	0.193445998329163
0.324464124063496	0.729084847990829
0.216162093370798	0.310146239612399
0.358315867683706	-0.572175815772724
0.624171786169302	-0.427810640620332
0.665125775300161	-0.892299865702215
1.31550712950187	-0.603422214091461
-1.13827661456313	-0.295898973922878
0.423080280431806	-1.65800816887459
0.740350127007986	0.653244350850391
-1.02348631920067	-3.18171067388134
-1.80600057400989	0.170655427359638
0.208290523962063	0.245555168779962
0.153032661762321	0.374479346151395
-0.96551331055429	0.224396716876395
0.0840598558753239	-0.465642834833194
0.541238589640367	0.331966393965499
0.56867172759587	-0.577274707073173
0.0847481790922827	-0.308918968710983
0.329619153667299	-0.0890791394310068
0.71225068052396	0.42771305402488
0.140200497812032	-0.634702158686658
0.304339082470927	0.599111070032273
-1.03245223493148	-0.400197570218128
0.453712977128629	-1.92518045781766
-1.58791196965143	0.43558052825197
0.712877799110727	1.98749934900556
1.31097056151378	-0.13246952212734
-0.6853679605431	0.931336280247355
0.435593920373774	1.66152416261948
1.80249140664832	0.719715634615422
2.1765563434102	2.44864954785745
2.71774332399714	0.0408717275423941
2.73864026465416	-0.802672812980642
-0.283877826361678	0.525927598798646
-0.376901569697976	-0.0454137345961988
0.0412666655945621	0.596262413479728
-0.972579665406969	-0.0376791521616989
0.960999702407408	-0.443179565771774
1.92065537760507	-0.385986963455506
0.359954507885434	0.481711360150246
-0.280520989926851	-0.41899253897224
-0.418013507221326	0.0785191108678741
1.98465234772388	-2.22814171206311
0.179818226018702	0.976119437457205
-8.32677385568322	6.76727335695466
-6.48915507250952	-8.92135339166191
-0.279473936318549	1.88470627148669
3.98553947274649	4.65678454536541
-0.968341353671737	0.22692955235403
0.359773955143714	-2.0399232846302
-2.66883327156246	3.04408984167619
-4.24344033470655	-5.49171255391188
5.15174024511219	2.3287533810177
-33.0549818886794	22.9026856843985
-24.976470565479	-4.35041027460122
-0.162397659021933	1.54546618782517
-0.79201350837906	-0.14271233804635
-0.848430965854517	-0.0703122161542229
0.799598091500701	-0.270869969848688
0.703351744077854	0.0670853479966397
0.533709937824424	-0.465291209199834
-0.48518379764138	-0.710108938405298
0.763239926612078	-0.564150888104857
-0.503080525627915	2.35689316101742
1.40522149233882	-1.73464588954627
-0.802070664750049	0.228958666947172
1.038386970006	0.944325671822476
-0.627827590739045	-0.863373719891318
0.260581720926754	-0.623863704904885
1.40588855981848	0.976988156683908
0.838779471203954	-1.04655490037363
1.44213273926517	-0.338138335606663
-1.63311969351913	-0.998362022302704
1.26736598415185	-2.1168328680914
2.88080717070294	-0.680559488726401
-0.524837372041429	-3.54990526849667
-2.14681660117692	-0.738333183894977
-0.572406114391338	-0.196298142822044
0.387106917649857	-0.391753606437731
-1.23804581419261	-0.0886211343112988
-0.222755956621584	0.0158855800678624
0.428217085847067	0.145448568259838
0.749809991924034	-0.703297042086028
0.451265507935778	-0.0572547305523497
-0.00966936338742838	0.139942626019973
0.563295886569948	-1.03402281002851
-0.559820516762808	-0.572194005602881
0.826217097759004	0.958758138525301
1.15063114122964	1.42959410645793
-1.0070847056267	-0.558629569528097
0.137303402974721	0.156998800604357
1.43711308442199	1.20228692274407
1.37616838845029	1.80005390727767
-0.519539970292245	0.519667613414026
-0.961830864118874	0.0804163536614522
0.601519229436179	-1.19365001360445
3.70253454873492	-1.84113514441415
-2.04989248508381	0.518792555693877
-0.0258254457203182	1.07277900365618
0.291269135570063	3.49140332937132
-3.61696035188253	0.0195454458148353
-1.41884980499409	0.908222422409998
-1.7644894474634	1.52696145558907
-0.179278596800557	0.238269000825709
0.299723369875295	-1.29518510233732
-0.860575989088636	1.78972176297609
-3.05676030744063	-0.961160034674307
-3.26061976858097	-1.77372430352774
9.31594827461445	-11.032918494079
-3.5431306763642	10.3473740780174
6.08683751676555	0.332888313603499
-0.626566607588999	3.49179366283444
-0.822480493827634	1.03374596338391
0.768021234598794	1.35027523414991
-0.250514326410235	0.755907047307292
-0.191685720805911	-1.47539781792989
0.935229183193394	1.67621512953759
-4.14937583071445	2.64984873278287
-21.9397777770708	-20.4589714066526
-30.2962834738719	-64.5484201701454
14.7816132577212	16.0254031145059
-0.457962175507179	0.159689925950956
1.00960502475187	-0.485423698392412
-1.65086058291222	0.825410629144702
1.22727327086879	0.407504041210966
-0.00696017961075757	0.0682906651127685
0.520159967576254	-0.682911998958196
-0.1533464606378	-0.62349082187278
0.65561269072625	-0.0572039253414359
-1.84273057835024	-0.859078939210633
0.707111308806268	-0.69148482078
-0.0958133363021228	0.353881697658463
-0.804062820301878	1.04468135356297
0.0301971058898849	0.152312063058231
-0.882517994466581	-0.443898782776722
0.513589332999361	0.451266729856119
-0.695268406303317	-0.956435535959926
0.657654965008741	0.185712065439901
1.71157292343136	-0.715207205207407
0.0977715337302575	-1.38934889105996
-2.49009577999543	0.956244458190714
-1.46555157095843	0.199208665013568
0.111015200095181	-1.85209643447413
0.151302086901258	2.36676611966651
-0.770698836529175	-0.416220004579087
-0.540541403117913	0.0886178683263577
1.13362694946844	0.47686467806881
-1.47241045329956	-0.645514488181689
1.39274755448524	-0.845808788650886
1.0401443433337	-1.96353970605093
-0.505031523280851	-0.667190059233737
3.16468808376473	5.46842513621274
2.15781374961504	4.27920224452188
-0.511762620451796	-2.24204430236997
1.60431826487078	2.5419869967706
-1.66602230089379	-0.214646390341132
-0.292849938804022	0.547349870358509
1.27201505178611	1.12548684212377
2.21097105478958	-0.285443176914661
0.534338629124999	1.65174725651204
2.31022193386946	1.5475690811688
-0.488887933925657	1.95427896412899
8.4164695741268	-3.61815978039956
-4.34954734702977	-1.27834511896757
2.78349515720695	0.0573568217502133
1.5285473033554	-1.0944539237517
-0.0244207260391454	0.35040156253623
-1.74165310805203	1.62327851490204
0.0215690101890553	1.41818996370903
0.1500302170108	0.388798473206533
-0.0637815578428408	0.224858350026854
0.402136977100248	0.649623395971302
0.656695234589059	-0.310832507243574
-2.60826408849668	4.23584539218459
0.321815934068193	-0.770969103480312
1.54554021687302	-0.000840116318503622
0.0930457762865234	0.406943728915842
0.307797153505015	0.420164440124533
0.12357108788589	0.859088338868937
0.408120676662382	-0.459536751677446
-3.34427900110639	-0.0616081408084535
1.87217489845534	-3.76766423445616
2.48803455448967	-0.348225495848743
3.11182612365191	0.331232564797673
0.712502593510538	0.251823056194573
-0.0173482385700599	0.638834931969141
1.94543590678558	3.58670529994797
0.055036534775949	0.574421871282935
0.0111698725710231	0.179232105270395
-0.55863157456433	-0.389310134516705
0.190585788612423	-0.330846455425786
0.506050530053879	0.0457866238345156
0.675169777514399	-0.247937780358419
0.504333128275343	0.288437376994742
0.0583150288981965	0.285114424527628
0.205228018215363	0.610269227501058
-1.45896192927902	0.0419609428486121
1.34605900242461	0.960521243593476
1.95288932779695	3.31894008588559
-1.76974249733425	0.00661902021619415
-0.442833150673146	0.583753056435684
1.13702832114192	0.970341052960966
-3.35184993053693	-0.0633616269452558
2.29249361949526	-3.66145268497033
2.97622678234635	0.493994595136793
2.78888450283937	-0.580723959413961
14.7177602668064	-3.15845764532441
6.01286976737228	0.467562693983475
2.15816262091292	3.40800709053259
-0.18394184076638	0.494743549682207
-1.09045177919707	0.361096013607984
0.0834932276923543	0.601817641200018
-0.209765746934702	1.04419175678031
0.957949927598636	7.88993828838163
-6.93461030495182	0.140262262410858
-4.06002157939262	1.18781733873244
0.0948579036339137	-4.60852561310834
-1.96583577957271	-0.128942128277825
-0.120423855599092	-0.0629929436899699
1.27095866822102	1.18368079847047
-2.90077551496804	-3.21878219047216
3.77890059144678	-3.29309544949441
-0.0738201529386625	0.666539108176899
3.28054428119045	-0.973929552090566
-0.0510303077159366	6.87158825254077
-5.92212048227545	-0.907106464647255
-4.25880168200669	0.777800666889878
0.567060740251022	-4.77199255513894
-3.63706111045891	-1.08802493098438
-0.53746629395183	1.88258282386911
1.56364904316549	1.44556792259404
-0.111353828292842	0.13737312918465
0.445989443270911	-0.0956619059634707
1.11012962013462	1.34860236003759
0.438375493786855	-2.14520794224945
-0.371344425699881	-0.184885442071055
0.609614829579616	-2.10627192637213
0.762605401250221	0.364105733179089
-0.988163567814884	-0.608864806782101
0.138668698256822	-0.191469514635935
-3.36751584454782	4.10810867192926
-1.4793568776797	1.87363381431028
0.642170758514715	0.0708009432253898
0.616339822457076	0.752399704073553
-0.402089124280058	0.35132399326226
0.618229587309715	-0.562849035034468
-0.648008894206552	-0.581448393478313
0.0204973732493793	-0.448865837585955
1.20731206981263	-0.60240370579599
0.0235683377364278	-1.28452959706473
1.68207061414885	-0.10588493625496
1.36384291878662	-0.607443963947223
-0.518431366860906	-1.73495827396137
-0.414209334397729	-0.784390775175413
1.50234487594063	-0.364211167584527
-0.772563115313385	0.620960472812451
0.989152656412922	-0.515422317266858
0.14063215753986	-0.129180548133547
0.166574615693585	-0.54725653775034
-0.680657233075672	-0.293665626055954
0.116927881804224	0.65535386992206
-0.19719680413134	-2.30204306521575
-1.87694674312157	-5.70002989760253
0.435161984109867	2.39569479549442
-0.617388232442592	-0.947571467050113
1.82395189435053	-0.861965410336976
-0.814203793619317	0.929784617106615
1.75843968979546	-0.052799659266014
0.752982377026288	0.303310767454194
-0.221431665523687	-0.37467198653308
0.104798236336791	0.110933610952278
0.0816158437005482	1.18352221070933
-2.19437895193097	-1.78044607125588
-2.97205258158779	-0.962213156247354
2.42800187764118	1.13448052997984
-1.08866633783978	1.07181391752872
0.727087550628103	0.502335794233853
-1.76170072270957	-0.758841066475183
0.613663337442206	0.622432684954478
1.77629067407731	0.737821166809923
1.12823300795272	-1.84470885714698
0.456043821372968	-0.418733803684959
0.0429233913765716	-0.249961540975003
-3.06987192482818	-0.56849140080615
1.61338392111768	0.984404948342462
0.0765010716930608	0.328435326473908
0.688421911223522	4.1830157194024
-3.61943152073141	0.0019690764858109
-0.105042689997733	0.424070700950187
2.77324131319899	0.755937777610351
-2.09805152887788	1.35286818337622
-0.493272927691203	-2.52957376992286
-1.27101967595154	-0.454836428271153
2.55367364889563	-1.73919435551678
4.62394273199577	1.3255588715169
-0.161521998216203	5.72559449750379
3.10587162962615	2.02636540576076
-0.106571479324042	0.441087631761864
-0.119512053345023	0.102692901308688
-0.892824189464546	0.749691373342466
-0.0988329208357185	-0.613576784358426
-0.105559250411417	0.858501611652694
-0.0852216021726586	-0.321152862789865
-0.204155545991671	0.266926557248652
0.620241710721823	-0.441697174121631
0.0158280840865296	0.333431463619047
-0.612453537961627	-1.55387906297349
1.01258941440083	0.746474712682789
-0.225560987478511	0.0346874649062543
-1.15233210343411	0.417153893963452
1.05977398165162	0.187423215875092
0.129494827767341	1.38518945379951
-1.57774865079591	0.153473388789015
0.567373874402287	-1.53685672568852
-0.433065021763852	-0.0179742820112089
1.83965281536015	-0.156336953209625
-1.58352645464608	-0.595248305161753
1.26610977661417	1.90696170119546
1.37649373227728	1.57684089780275
-4.36747127057857	6.28602645814818
-5.92638010988672	-4.99165315250167
-0.0749781828827549	1.16579279959752
4.02644652937795	2.50068077973231
-0.322384241738157	-5.22271649720899
6.58683480501274	-0.958081597738735
2.83494380647086	4.44617301711614
-3.47943729063092	1.77515027468486
4.53537783113943	2.80650875082686
5.21016990461151	2.41046611404156
-0.0828016843448699	2.47398021898861
1.85798636396799	1.66784458513904
-0.835727072222955	-0.0097392183004138
0.099869855625868	0.669497096066308
1.3725876433625	1.16778258979966
-9.30329209750434	-10.9370525258756
11.8993136757643	-10.1536664865406
-6.6320917805563	5.97603688200742
-4.8272343930184	-7.547932701473
4.35723386752826	-4.04141397647938
0.176052418131706	-0.180535677861611
-1.54793172527673	-1.10497442977112
0.382550959422919	-2.06043570135092
2.83302848947241	-0.14669108191545
-0.398307017402072	1.27376598000379
2.57460051924456	0.434160136998935
-1.5386877623199	3.19220382594344
-2.59240638960189	-3.71924415967234
3.36500920459587	2.57722782636727
0.880402504441905	1.58688359938131
-2.54872432118588	-2.21520926697782
-1.46133674683855	0.960898282181911
-4.65703101237904	-2.5445357726163
3.29408922190133	4.89895237157603
-3.0790535833518	0.96096786796422
-0.618417538603304	0.695563560495078
1.0207850965919	0.995298528118186
0.0919932835681446	1.55084981029883
-0.883319385555393	-1.34791668874906
2.03496146989034	-0.537611309119102
1.12649835257191	4.40691702126378
29.0258705942815	-12.1168176966673
9.87535193403575	40.6971155016299
4.42749378980808	-9.87854758469429
0.252164701943156	0.654768017714089
-0.0888870974590849	0.663031564973291
-0.487216816905871	0.454446060638567
0.2494126244505	-0.156708430174057
0.26421198611146	1.06226935282899
0.498552759088179	-0.246515595147674
0.0848718108731622	-0.178628213801192
0.452973053217287	-0.321949062206865
0.708074438808234	1.32730026441024
-1.69790002741001	-0.437986194801403
0.376513742030609	0.377887455897106
0.0850672251833876	0.287639485667625
0.471021130917777	0.191812562410983
1.01684752397087	1.07796409632198
0.643147217095679	-1.14768308659058
-0.353874188063044	-0.957609483560217
2.29625602201007	-0.988705357417882
1.92323577526556	0.244895729676188
0.0701062136704676	0.71148841761446
0.430223572718594	-0.111775367170617
2.82628612772152	1.25123971771608
1.73738200242294	1.15109609542929
-0.627170401675919	0.155683371711611
-0.841439709826767	0.607340650874307
0.720612490677943	-0.680079581231122
0.249348829202606	1.0794401647778
0.677317269052499	-1.07903425680309
1.41579009686125	-0.503650393178986
-1.26444144079835	-0.887379148681248
1.09718390512616	-1.77104808622492
-1.58157922974212	-0.440359230918975
-1.21485647245296	-2.76425530780183
-1.77381006467855	-0.695364275003256
-0.554455082458859	1.89846434264746
1.860825691424	0.233677104609084
-2.82156189363035	-0.629424583443663
0.605976555448473	0.718575739849042
-1.86091919557136	0.744231251495275
1.20811257340945	1.81486769749834
0.740006869296242	-0.265798534354081
0.188969625813082	-0.507146447864267
-3.73442407548609	-0.0237403889979314
-2.12891806279446	-1.05416568518694
0.249727282702596	-0.184287757860623
0.295799831811589	7.72162219229969
-3.73736683938917	-1.80281957973239
-0.77551062904403	0.575731288383371
0.853591746420896	0.852856265730278
0.469620189926545	3.96458259849841
-3.02971881148474	-3.68171259852052
-1.84983848386634	-5.53321330527671
-4.74249547144419	3.69886114965754
53.2558043072254	43.8693319172608
-44.8599405191798	9.85075049377651
5.06052556229587	0.75701795982874
1.74720972114437	-1.8851307384029
1.01849781383454	1.12585095732388
-1.60008605893113	1.07773932117984
-0.118973544268229	1.33630152939028
-0.189180998677072	0.626021675059868
-1.38466657176229	-1.60991552428711
2.11636352990478	0.180846268369096
-0.508226240906512	-1.78119183926878
-0.875003250767066	7.36118233141224
1.2746151082434	4.04212647563732
-2.9511985937476	-1.39734606978106
1.73924690391409	1.10248802362808
0.961525493117064	-0.192398511131737
0.360134791041505	2.1920102516758
1.31701197274432	1.14948042498171
-0.934395505303115	0.0887351632953636
-0.0271902417396857	-1.95822367665208
0.477790649558819	0.356236544426033
-0.647889221714987	-2.22631531802117
0.737879807602475	-3.65606853477841
-4.98273149396136	0.939814349195961
-3.91381694791208	-3.0716643004849
1.73404471214659	1.80636737210725
-1.00907659207847	-0.0557496561394455
0.0296574492212717	0.585716951496431
1.38355958412254	1.15753232699501
1.11876718270916	7.68985964947506
-6.73182614340168	0.278349305076411
-4.10083692430264	1.1444785786654
0.13759872314281	-4.63718686840364
4.8729912003178	-3.61682522580916
-0.172979673027497	0.572734454786784
1.25518843957662	1.26839274234113
0.191776205220583	1.02079475747399
0.384274785809042	0.687367284033351
0.540203103553818	0.520281266216872
0.728728498172622	0.106563757849701
-1.14630885530437	-0.0348003942194427
0.553366655292965	-1.10411515437905
-0.221323586997215	0.111796838429549
1.52599980034583	-0.194644487673217
1.4849794069632	1.18115249455517
1.67324814866429	3.6923465008203
1.55680188437624	0.992951715227224
-0.964435035255104	-0.140244906478652
1.02079704425951	-1.05483772380916
-1.14312530682477	0.666180848923745
1.37271809248537	-0.041666421602921
0.296095294601145	0.730436347076534
0.24230525010699	-0.978354297005937
0.459848559352808	-1.01644524336359
0.695081329255587	0.576149711248357
-2.25979141216156	-0.810128009999627
-0.0839604678849275	1.64041521296759
0.804498159181809	-0.679389808760395
-3.54893098406329	-3.41245392243436
3.95585927353788	-3.94721709740666
-0.0239532827404458	0.628253119290903
3.43505695423595	-1.0490517168203
-0.850799477925705	2.54723499379439
-1.90793704667973	-1.52058198159222
-2.30121286988943	1.15276263368865
0.582991664107781	-2.65083107911767
-3.96528966436702	-0.835206594706908
0.748547968667471	5.67701693689256
3.38429628804822	1.48387394481005
-0.139019891206521	0.259770792869874
1.03755139520389	-0.37625236096814
-2.10017005793622	1.15182877102381
1.31966419615964	0.742775066909207
0.201506353177016	0.077832694200222
0.267285024564354	-1.0820039899303
0.0468048165912549	-0.0661646247004283
-0.792021648601263	-0.000877614219245308
-1.58350957939153	-0.523709784101108
1.48143997508638	-2.23068690290536
-0.236983389785576	2.76623081687096
1.5069315531792	-1.14249400308143
0.146783472125371	0.337867816205641
-1.79027619632931	1.54587606838905
0.0152346004022205	1.44239756107396
0.0384599735745333	0.134311455788745
0.587735436676304	-0.621468086815357
0.121069592030638	-0.520811892386669
0.643351377384978	0.0442558346416913
-2.38599749589811	4.33520150636014
0.26743323283672	-0.28149547139887
0.409414219750513	0.200554291057851
2.43189893912785	8.81071104430481
-4.98086933650916	-1.15133514239991
-0.781428876007309	0.63786255915413
0.828766034031934	0.922336331528707
1.5616286504322	4.78033016610464
-5.46075628308529	-3.38699327264823
8.32619104477262	4.84725283853283
5.29485931964227	-6.4164793035161
94.7797712910024	14.6890860487373
-41.8155426718245	38.9226204018626
-5.87653433351143	-0.722117246391597
-1.32461087868168	6.29620400099902
-5.86313367302217	-1.9516360601498
0.0227091245823631	0.757862734454346
3.76856234101431	1.36427445054065
-9.9436975977854	-12.1443369624485
13.1146404478961	-10.7692755401738
-6.65825069800223	5.80338809665882
-4.65151806822014	-7.56059841118171
4.68956540774432	2.22287382724791
1.29891517741445	0.835272517924159
-1.39502474067296	-1.0076612993779
1.39607154412649	-4.58459121408779
5.14213415457492	0.820887058717283
0.0993724576348175	1.37444392833067
3.8316190599753	0.77389061266576
-0.964311276369135	-3.43571560362475
4.86371300199654	-1.63769427921933
3.29012001194099	2.46282173847483
-1.57948827685837	2.07517345474767
-3.37918963804914	-2.60318541589219
4.46189633993044	1.10597833680031
0.629476338107681	2.51200985126397
-0.564613807313849	0.0250340812567413
-1.09900635395556	0.642142651859422
0.762975578440187	-0.298525727573179
0.283177765444056	1.13684949836601
-1.11446982253529	-0.352650122912129
1.04475517964474	-1.10964357958838
0.862520891748624	-1.39704303266971
0.425076956111759	-0.74619629184455
-2.00715792852976	-0.598000934353466
2.55092221277553	-0.0129624857324711
0.375148029996143	-2.26146798573284
-0.166335572418394	0.0298423597420753
1.20786185398739	-0.463142050235523
-1.68193604364175	1.20244346909034
1.42694506064982	0.656788010210371
-0.108283042545612	0.37321718968326
0.763455880427011	-1.30475622915813
1.09618295598857	-0.651018788697652
0.0812395967856114	0.601073982866157
-1.91501917859295	-0.806863013030619
-1.320867512322	-0.498323932632598
1.80243198300245	0.32404178380459
1.92278274052797	1.11030647428326
0.287795586577367	-0.058619247021514
0.555634181897746	1.38258733397039
1.42100952878773	1.14161003079668
0.5399552693259	-1.1404969561895
2.55157667095692	-0.282729203808145
1.16472600854926	1.02468950413212
-0.599989788033547	0.184077764538393
1.79537310739897	-3.77228671373022
1.91500214284193	0.449913398161173
0.793272969954788	1.36822842417491
-4.8558503767095	-3.43918724908001
3.92083469144019	-5.22786718908324
0.201182100751876	0.324038740738625
3.70899408916438	-2.11306693569888
0.937063673459996	-2.38440949369022
2.91636573804024	-0.173357198126588
-4.38805939881654	1.15446961527418
-0.5749735751487	-5.12984195125675
-3.71662449648978	-0.834662801236941
-3.22612236598936	-7.52375661610001
-3.91389070016459	0.226444097978936
0.0345096343664813	-0.162206431673729
1.05989550974646	-0.296356367934808
-1.28873214457169	2.18744570918684
2.41699860274414	0.483111454585316
0.421858302734381	-0.60774050337189
0.106482135796158	0.854379019185741
1.35204261580507	1.16521359783543
1.54488940119793	-0.671286437359698
-0.788182067945483	-0.592106632789679
2.15847036627993	-0.637101133374281
1.97198637004899	-1.20123716200921
0.925443770519473	0.019443268772363
-0.663884411954294	-1.31573218897952
-1.28320655684437	-1.43693118287321
0.884715570035934	0.75659759391254
-0.298414303120248	-0.620558631559712
0.643222416246454	-0.498697343494169
-0.519348629710087	-0.4696833546579
0.622142648076712	0.575971727120637
2.93412048037454	0.597945580564431
-1.36676325390972	-0.902492098707711
0.108033859230226	1.3469747069624
3.14488179521272	-3.07065221109961
3.64023646619064	2.40130928682968
-0.192421449562238	1.5846038208463
2.96958330395717	1.62889008820134
-2.18588574292082	1.44405107884948
-1.10047362165217	-3.87325473526336
1.80130329456033	3.15079295725956
-1.53247806545226	-0.592010907846484
-3.54810706812347	-3.46948846957566
-4.96705516937454	2.15442500096465
-4.14092209514346	-2.43978681593327
0.0357952974122601	1.19847223803631
-0.424238066901538	-0.0342869188376998
-0.824973044410444	-0.324733310193656
0.840900425941569	-0.256937435895264
-0.749952515246017	-0.607751601097892
0.295187518954797	-0.543040533582209
1.17697613443866	-0.79708439277982
0.0112878415108355	-1.29086510685696
0.0706184835560866	1.66765078980257
0.631672241270608	0.236565797180084
-0.527360521695938	-1.95476698544768
0.483757063747172	1.11934680096358
-0.58816928997749	0.47005369378865
-0.912371301511097	-0.168811550152951
0.480934725819673	-0.691922032995089
0.238800088440486	0.168495738796507
0.416750617063796	-0.422199388150969
-0.0295871896874387	-0.0364795359663562
0.406591036553455	0.0560534818309068
0.434056931639698	1.57647541611353
-1.00356541019617	-0.827217520561753
0.765531438346702	0.958428819874227
1.78621700505131	1.08995520094457
0.824651443108731	-0.272403799213665
0.577939708192344	2.16390312323684
1.35835479813994	1.18581746051821
-0.858872435729031	-0.286850052006823
0.614447132448797	-2.03415345682239
-0.458253033067377	0.818186935070485
-1.20851121383931	-2.21424500813887
0.795769703049962	-3.4414681872209
-4.06423072538921	3.83860062275923
-5.05082758078366	-0.612351835488606
1.28918219183862	1.27544648006881
-0.803791449304536	-0.37210731013759
0.456666358415504	0.19719879700529
1.57999351773918	1.19755527131105
-1.49101033102305	0.672924298943814
0.0397271480328283	-1.64478096511152
-0.612284798381808	0.0691165580772082
1.8048465558358	-0.688040504870198
2.83486051312552	-1.86585775475321
0.994299801907819	2.65564969888338
1.96348647114407	1.49480896406239
-0.957866815954465	0.454592332077827
-0.188366145359725	-1.19828840614374
1.78187796161708	1.07524336479676
-10.4690895871796	-15.0108602422021
0.0295239383871918	-0.276421062202989
0.913354390414116	-0.970899939134706
-45.0571666241105	-38.1717194703313
37.9485407305897	-45.57561983074
-0.0920447527136879	-0.083881420981878
-30.9476576933076	718.959339309264
-87.8515470783069	-79.9786437098457
0.436595581502027	1.05210023350762
-0.497762377698817	0.425975195399498
-0.876277092162661	-0.196963347681706
0.503828855578454	-0.639734375721928
0.367988846593591	0.101138449307738
0.501184643072427	-0.442598503847641
0.184076268307678	-0.0928797281652896
0.312507102860425	0.185916031729086
0.45024386059411	1.47095826524579
-0.880175511058404	-0.60269899234931
0.884106814722409	0.818619533880089
-0.937428689988642	0.287348989397824
0.30372485288003	-0.687348154253767
-1.19453378874694	0.251201545739002
0.551283242734696	-0.17646039769766
0.915796586903479	0.797825420726238
0.913634693630563	-0.968695615645441
0.345814791528874	-0.386464983015633
0.179381661900286	-0.144220353561033
-1.37614083129984	-0.97276556981489
0.330019966016201	0.938540088264078
0.264686203393435	0.379330569729351
0.209169691128292	0.199434337538246
0.378749024219893	0.244068276250843
-0.11196124265092	-0.166411716982462
0.162273154838845	-0.854066154044165
0.48219541321657	-0.36096775311584
0.457760124007625	-0.34980954355129
0.0419746712787638	-0.443739725129577
0.558989748809501	0.368494232960913
0.633319768024968	0.0837312452844247
-1.30883400662218	-1.30547259520132
0.605475862842105	0.543092164696792
0.322097739479488	-0.260719782437696
-0.57617787390658	-1.0206124096921
-1.79802362232687	-0.806557469214406
0.63660063089924	0.91155468025209
1.09423361839775	0.0616627367777273
0.498087245547654	-1.27264098421139
0.332649029087002	-0.449367378537979
-0.0258355507650008	-0.131972008352364
2.69099457275955	0.650621515514171
1.0165982524296	-0.423709407319382
0.0294180065436721	0.603383319903448
0.0929837505928736	0.967241383823238
-0.22061133115026	0.185382197007521
-0.652916957268709	-0.316979137704777
0.546387933898638	-0.226485604683234
0.462331689363706	0.705346129537781
0.743027728602675	-0.129822219533357
0.199347672787516	-0.0211864885058356
0.30982260823107	-0.286405454502815
0.131697018994757	1.33316839714708
-0.902219634974557	0.209977766042349
0.503031541662362	0.489472024406128
0.550596248422688	0.920855078569861
-0.424850932913352	0.639956720053097
-0.885491618990047	0.00387995507958839
0.286805369457665	-0.549897354123906
0.261440134254113	0.606385094397028
0.43519598242401	-0.112054957565526
0.102366715339143	0.113792490358386
0.400711022499575	-0.26933612075132
0.582443262810447	1.56790960376201
-1.12864764029209	-0.572477290942724
0.734929502093464	0.591510416060151
1.1687838586992	-1.10619430177563
0.359784385892951	-0.0811421835646657
-2.13574424240143	1.36900031624369
0.00535110263299647	1.43923286143068
-0.0601509859414132	0.0808714012572742
0.375618125637366	-1.24496654456067
-0.254240659091006	0.570283208684325
-1.5741843843439	-0.54824524962407
-1.11648833489875	3.90282565562252
3.67894606100847	-2.91450446091203
-1.91615886168695	4.80124696242065
-0.674572491839027	0.785188330518259
-0.796332695021875	-0.197149421144098
-0.646203233340477	0.107236433012293
-0.201638148462383	0.499766612490947
0.618094422993684	0.5228545215097
0.225258455695359	-0.79115878797455
0.406048363894755	-0.738800165295283
0.498298714863024	0.505475601118818
-1.83964095648846	-0.625292347344744
0.596099549914562	0.859227208493035
0.85652816283383	-0.0825184454195143
-0.375245042298305	1.21753394780856
-1.45342902503083	-0.315373122743438
-0.700807476166419	0.593514806400401
-0.859067572743524	0.957576293859825
-0.150113626359653	-0.174955003076155
1.54071844657027	-1.43049691485652
1.23621248188924	0.114941021542994
-0.326788581825591	0.218902715250383
-1.83335845039138	-1.03027408922643
-0.75839561731169	-1.89129996039353
1.01091306248127	1.326661068126