-0.000000036651165757422100551975 0
0.000000317582837366599919369015 0
-0.000271809824967695148629359680 0
0.000000304980429689931724585115 0
0.000000033976058083832158985567 0
0.001940876434586638827131666041 0
-0.000120455412970110241148956332 0
0.001933599764469150564250021773 0
-0.999996202900151565096109607111 0
0.000001211605416941000587990602 0
0.000005847330896888719843455806 0
-0.000759439772179516933356402397 0
0.000005836384148047228254141145 0
-0.000001206287757363353364887973 0
0.001718718295979632668460390654 0
-0.002618244139381861994991806952 0
0.001791926076948700341864850749 0
-0.999993201487739846733404647239 0
-0.000002383821878055625398504409 0
0.000000799518015269731555060820 0
-0.000830398583073072992129237679 0
0.000000811787542229869941161791 0
0.000002330006372296529676760302 0
-0.007418862763433562053372316569 0
0.006835515647139905372198231959 0
-0.001825903102724701172407395511 0
0.999947106349434400307529813290 0
233.415741526015438012109370902181 0
298.398923937435597508738283067942 0
252.059342764491645993985002860427 0
248.204700521501678167624049820006 0
204.743594125788035853474866598845 0
322.778382115453041478758677840233 0
263.382873438094975426793098449707 0
216.271377986598480447355541400611 0
