0.911916044565303    0.151411477146444
0.314083647890919    0.028658942598873
0.353471153410781    0.019933793620187
0.069717134178944    0.696676037354345
0.628532115602349    0.714803785671714
0.949925238466044    0.104272251462634
0.145062861940456    0.260553810605557
0.358964196100095    0.790777972921589
0.268189222718293    0.822655912553885
0.725932284883331    0.838636102438848
0.645284019431712    0.918189049321046
0.508476034901132    0.304895608059409
0.273795498351051    0.572248573021130
0.855874365530704    0.749376877711968
0.938083647001872    0.283862665255779
0.666741421981623    0.825318639955438
0.620587488184208    0.132500179038640
0.553266169457984    0.593836600565731