  -0.019422327722496                   0
  -0.007739773536341                   0
   0.008938520637635                   0
  -0.014090969617699                   0
   0.019601485557180                   0
   0.030258096133196                   0
   0.007419079426638                   0
   0.042276655581325                   0
  -0.007010168700969                   0
  -0.037863984545304                   0
   0.002942587403158                   0
   0.038635770105879                   0
   0.009400305212346                   0
  -0.015294920583129                   0
   0.054812424667506                   0
   0.018386283357481                   0
   0.058903868874217                   0
  -0.009373475713289                   0
  -0.018427346100853                   0
   0.011403304339793                   0